0.180
1.932
1.199
1.325
1.141
3.454
0.063
1.802
4.074
4.425
1.505
1.338
0.056
2.590
0.886
0.666
0.359
0.681
2.633
0.471
3.112
1.595
0.494
2.681
5.487
0.318
0.102
0.310
0.111
3.467
3.418
0.679
1.297
0.819
1.196
2.341
1.933
2.028
0.416
0.058
0.222
2.999
6.617
5.684
7.451
5.523
7.099
0.310
0.153
0.102
0.130
1.271
0.055
0.148
7.493
1.637
0.075
1.154
0.121
0.462
4.333
3.798
0.107
0.039
5.019
0.160
0.213
0.039
0.054
0.259
0.134
0.812
0.191
0.478
0.286
0.298
1.649
2.228
3.800
3.344
2.567
0.299
1.168
3.814
2.033
2.201
0.417
0.276
0.342
0.100
0.044
0.632
0.447
0.329
1.452
0.701
0.722
0.991
1.167
1.675
0.073
0.329
3.787
1.098
0.149
0.261
1.350
3.872
0.148
0.063
0.108
1.266
0.999
0.299
0.177
15.269
8.375
5.604
0.127
4.566
0.096
0.282
2.474
0.344
0.057
0.429
0.339
0.248
0.206
0.112
0.063
0.066
0.140
0.193
0.097
0.096
0.182
0.056
0.058
0.291
0.433
0.075
0.063
0.091
5.163
3.390
1.393
0.190
0.352
0.620
17.995
8.499
7.709
1.987
1.930
0.143
1.522
1.829
0.996
0.080
0.118
0.102
0.454
0.060
0.104
0.134
0.109
0.259
0.149
0.196
0.368
0.139
0.194
0.219
0.087
0.170
0.507
0.038
0.062
0.082
0.247
0.891
0.122
0.379
0.096
0.082
0.443
0.317
0.693
0.474
0.082
0.266
0.306
0.079
0.169
0.123
0.069
0.135
0.427
0.110
0.538
0.174
0.073
0.054
0.193
0.071
0.072
0.147
0.154
0.078
0.217
0.048
0.096
0.047
0.222
0.769
3.908
1.124
2.656
2.192
2.728
4.015
0.293
1.395
1.006
2.218
0.519
2.929
0.671
3.618
4.699
0.098
0.137
0.205
1.343
1.653
0.109
4.042
1.594
0.325
0.378
0.087
0.068
0.234
0.051
2.976
12.924
0.062
0.192
0.196
3.072
0.054
0.286
0.213
0.500
0.802
0.956
0.246
0.276
1.013
3.757
0.446
0.071
0.056
0.088
0.345
0.182
0.202
0.102
0.291
0.611
0.125
0.103
0.090
0.107
0.828
0.115
0.050
1.490
0.086
0.111
0.067
0.220
0.130
0.128
0.126
0.265
0.240
0.064
0.826
0.072
0.034
0.186
0.097
1.449
0.200
0.046
0.089
0.905
0.329
1.047
8.674
0.608
10.867
0.232
4.463
0.259
0.028
3.688
3.668
0.056
8.248
3.170
6.122
0.049
0.069
3.137
15.731
7.473
0.117
0.606
0.410
0.312
0.081
0.805
0.094
7.553
8.299
0.579
0.335
0.061
0.137
0.429
0.109
0.146
0.062
2.324
0.108
0.140
0.432
0.257
0.095
0.080
3.384
5.190
2.160
0.159
0.078
0.064
0.932
3.876
0.043
6.591
0.221
2.581
0.336
4.512
0.449
0.329
0.487
0.154
3.887
3.346
0.104
0.517
0.154
1.184
0.086
3.778
0.128
2.860
3.717
0.246
0.150
3.390
1.585
0.324
1.877
0.589
0.338
0.158
3.415
1.167
1.651
0.235
0.145
0.148
0.131
4.228
0.992
0.849
0.986
0.471
1.560
4.103
0.580
0.172
0.144
0.077
0.146
0.191
0.028
0.938
1.839
4.380
6.611
1.459
5.315
0.131
2.480
5.503
0.078
1.764
0.509
0.401
0.196
2.048
2.446
5.912
0.162
0.068
0.578
0.100
2.100
0.275
2.726
10.557
0.810
1.405
3.591
1.519
9.698
0.225
8.127
2.636
11.775
4.013
1.465
2.919
9.398
3.879
2.783
0.107
1.534
2.939
17.175
2.957
3.446
7.818
0.101
3.887
5.318
1.267
1.635
0.155
0.182
6.504
2.814
6.537
1.987
0.551
0.797
4.306
0.932
1.993
1.696
0.338
0.094
0.080
0.321
0.232
1.537
0.805
0.791
2.569
4.069
0.051
3.167
4.116
0.092
4.171
0.165
0.050
7.447
0.032
0.100
0.023
4.656
0.160
0.110
0.396
0.178
0.220
0.061
1.864
0.841
0.084
0.875
0.107
2.198
1.459
1.531
0.365
0.112
0.148
0.094
0.064
0.031
0.091
0.098
0.958
0.184
1.045
0.111
0.604
0.328
0.090
0.054
0.086
6.176
8.414
2.927
0.269
0.033
0.047
0.121
0.269
3.680
1.410
0.292
0.021
0.179
0.146
0.065
0.215
0.074
0.109
0.047
3.210
0.259
8.369
0.156
0.803
1.367
0.809
1.153
0.157
0.644
0.762
4.099
0.123
0.893
0.362
0.147
0.176
0.174
8.158
6.303
0.236
0.362
0.163
0.556
1.398
3.997
1.212
0.320
0.513
1.256
0.168
0.683
9.388
3.432
0.260
0.170
0.043
0.559
1.919
4.912
0.300
3.352
1.884
0.406
0.338
0.180
0.087
0.062
1.580
0.631
0.054
0.462
0.819
4.986
0.059
9.127
0.416
0.061
0.079
0.125
0.057
0.209
0.132
0.298
0.060
0.068
0.135
0.763
0.952
0.303
0.200
0.168
0.253
0.465
0.074
0.094
0.050
0.042
0.041
0.101
0.279
0.137
1.917
3.556
1.770
0.114
0.224
0.486
0.256
0.191
0.138
0.125
0.432
1.049
0.148
0.209
0.058
0.050
0.088
0.206
0.169
0.710
0.270
0.168
0.091
0.614
0.108
0.132
0.069
1.159
3.138
0.263
0.786
0.070
0.155
0.588
0.178
0.777
0.188
0.198
0.242
3.567
0.575
1.217
1.769
1.633
0.121
0.457
0.146
0.637
1.043
0.138
0.141
0.076
1.503
0.078
0.533
0.205
1.259
0.114
0.140
0.096
0.031
0.200
0.317
0.156
1.898
0.467
0.066
0.082
0.958
0.040
4.365
0.125
0.403
0.150
3.579
0.131
0.107
0.671
0.088
1.540
0.148
0.115
0.127
0.117
0.575
0.122
0.121
0.403
0.314
0.913
2.541
0.412
0.283
0.128
0.223
0.097
0.689
0.787
0.188
0.425
0.730
0.849
4.523
1.253
0.558
0.759
0.100
0.097
0.313
0.095
0.683
3.224
0.789
0.061
0.129
0.168
2.687
0.124
0.558
0.087
0.042
0.251
6.424
0.479
1.147
0.110
0.121
0.070
0.045
0.033
1.642
0.221
0.100
0.184
0.188
4.049
1.587
0.038
0.049
6.656
5.561
0.223
0.067
0.265
0.155
7.957
6.281
0.053
0.197
0.106
0.110
0.128
0.167
0.241
1.614
0.230
0.104
0.264
0.109
0.085
0.023
0.070
0.275
0.284
0.459
0.100
0.144
0.927
0.045
0.078
0.279
2.384
0.240
0.194
0.069
0.518
1.019
0.156
0.124
0.334
0.327
1.807
0.096
8.272
11.998
0.918
0.097
0.941
7.930
4.747
0.337
0.199
2.599
2.393
1.267
2.950
0.179
0.541
0.140
0.288
8.933
9.162
26.573
1.919
0.876
3.521
0.266
0.049
0.195
12.597
14.818
0.246
8.204
6.133
5.733
1.876
0.071
0.073
0.203
0
0.862
0.257
2.127
12.203
0.044
0.455
0
0.157
1.175
0.681
10.937
11.952
0.488
0.999
0.921
0.256
4.460
3.007
0.027
0.493
10.432
0.339
0.070
0.535
0.948
0.005
2.241
4.129
3.276
21.201
0.027
0.364
0.660
0.558
0.649
0.014
6.579
0.621
2.205
1.668
3.934
5.543
47.683
6.784
0.325
10.187
4.883
1.356
1.701
2.226
10.475
0.026
3.448
3.237
11.410
0.404
8.346
0.927
1.634
0.661
9.205
2.223
0.018
0.444
0.962
6.348
3.903
5.209
0.015
8.002
0.044
0.040
4.772
2.015
0
1.004
0.015
0.079
0.342
0.604
6.188
0.462
0.241
1.821
2.640
23.828
5.334
18.964
1.350
8.904
0.985
0.705
14.523
1.206
0.065
10.296
9.263
34.211
0.518
0.576
3.414
3.488
9.103
16.148
0.205
0.537
10.226
10.574
11.518
0.934
30.715
27.424
1.200
1.929
0.662
12.967
0.741
1.964
1.381
0.387
14.323
3.681
12.179
15.057
1.887
0.531
5.876
4.900
7.666
3.468
6.240
5.087
4.106
24.244
1.043
4.265
2.392
1.229
7.630
0.968
14.629
2.918
0.325
0.641
1.610
1.013
0.087
0.020
2.702
0.703
0.984
0.845
27.847
0.171
2.030
13.360
4.288
9.228
8.875
10.048
0.391
5.537
5.117
4.310
0.523
12.278
0.431
1.444
3.817
5.836
0.243
1.16120
