0 3
1 5
2 5
3 4
4 2
5 3
6 8
7 4
8 24
9 13
10 32
11 49
12 82
13 100
14 168
15 216
16 220
17 278
18 262
19 339
20 342
21 394
22 425
23 463
24 474
25 525
26 534
27 538
28 566
29 612
30 624
31 700
32 698
33 749
34 698
35 734
36 797
37 816
38 838
39 735
40 808
41 791
42 792
43 770
44 830
45 831
46 844
47 835
48 815
49 838
50 825
51 882
52 871
53 871
54 930
55 908
56 917
57 976
58 952
59 880
60 857
61 987
62 970
63 928
64 917
65 951
66 902
67 866
68 922
69 988
70 946
71 1078
72 1026
73 1060
74 1072
75 1059
76 1141
77 1067
78 1073
79 1145
80 1156
81 1110
82 1188
83 1142
84 1226
85 1274
86 1260
87 1415
88 1336
89 1398
90 1453
91 1439
92 1527
93 1520
94 1570
95 1652
96 1677
97 1784
98 1849
99 1874
100 1904
101 1984
102 1999
103 2124
104 2358
105 2497
106 2640
107 2878
108 2942
109 3232
110 3463
111 3737
112 3952
113 4423
114 4562
115 5166
116 5625
117 5982
118 6729
119 6950
120 7582
121 7957
122 8463
123 8872
124 9510
125 10165
126 10758
127 11562
128 12844
129 13644
130 14844
131 16308
132 17142
133 19211
134 20781
135 22423
136 24493
137 26534
138 28710
139 30851
140 33244
141 36028
142 38723
143 41746
144 44589
145 47445
146 50346
147 54076
148 57199
149 61236
150 65448
151 70143
152 74380
153 78881
154 84719
155 88700
156 94395
157 99189
158 105372
159 111146
160 117718
161 124503
162 131683
163 137563
164 145735
165 152868
166 160713
167 168308
168 176414
169 184370
170 195145
171 202140
172 212680
173 223005
174 232487
175 242724
176 253125
177 261462
178 270394
179 280041
180 289309
181 297367
182 307808
183 319594
184 329585
185 340436
186 354206
187 364803
188 375810
189 386363
190 401049
191 410669
192 422200
193 433796
194 445797
195 456474
196 465529
197 476434
198 484557
199 495651
200 503976
201 516261
202 526548
203 535636
204 544534
205 555490
206 562889
207 573248
208 581372
209 588213
210 595763
211 603442
212 608272
213 612835
214 622157
215 625191
216 628741
217 632168
218 638142
219 643155
220 647838
221 651816
222 659688
223 663398
224 664922
225 671684
226 672981
227 673885
228 675280
229 677088
230 676954
231 678780
232 675837
233 675189
234 676818
235 674371
236 675712
237 669329
238 668324
239 662594
240 659312
241 655697
242 650752
243 644778
244 635843
245 629183
246 623643
247 616557
248 610953
249 602357
250 591535
251 588626
252 578532
253 571011
254 560556
255 556355
256 544643
257 538820
258 529510
259 518921
260 510212
261 503090
262 494644
263 486610
264 477369
265 466868
266 459796
267 448676
268 440712
269 431851
270 422810
271 411267
272 401776
273 392273
274 380816
275 370001
276 360111
277 351276
278 341263
279 331592
280 322127
281 313806
282 302721
283 292410
284 283847
285 275639
286 265134
287 255421
288 247015
289 235964
290 226349
291 217870
292 208712
293 199795
294 191546
295 182809
296 175557
297 169235
298 161685
299 153858
300 147593
301 140491
302 134282
303 128375
304 122440
305 116757
306 110527
307 104203
308 99326
309 94154
310 88722
311 84243
312 79172
313 75294
314 69637
315 66198
316 62430
317 57101
318 54246
319 49709
320 46624
321 42811
322 40256
323 37106
324 34391
325 32263
326 29481
327 27054
328 25387
329 23515
330 21342
331 20331
332 18527
333 17287
334 16409
335 15013
336 14069
337 12790
338 11805
339 10663
340 9851
341 9114
342 8283
343 7857
344 7045
345 6314
346 5958
347 5364
348 4945
349 4489
350 4165
351 3743
352 3581
353 3401
354 3026
355 2765
356 2764
357 2381
358 2241
359 2007
360 1866
361 1708
362 1541
363 1449
364 1134
365 998
366 944
367 725
368 624
369 566
370 482
371 424
372 347
373 331
374 294
375 231
376 256
377 224
378 258
379 209
380 225
381 259
382 267
383 227
384 197
385 164
386 197
387 120
388 71
389 99
390 93
391 46
392 30
393 20
394 9
395 7
396 13
397 10
398 10
399 8
400 6
401 2
402 5
403 2
404 5
405 2
406 3
407 4
408 0
409 0
410 0
411 0
412 2
413 0
414 0
415 0
416 0
417 0
418 1
419 0
420 1
421 1
422 1
423 0
424 0
425 0
426 0
427 1
428 0
429 1
