0 14
1 9
2 5
3 12
4 5
5 5
6 11
7 12
8 28
9 17
10 43
11 54
12 85
13 112
14 167
15 217
16 227
17 295
18 285
19 342
20 371
21 434
22 467
23 517
24 554
25 602
26 621
27 686
28 706
29 771
30 820
31 846
32 932
33 997
34 943
35 1025
36 1023
37 1035
38 1045
39 1016
40 1023
41 1061
42 1025
43 1013
44 1036
45 1025
46 1114
47 1024
48 999
49 1081
50 1061
51 1105
52 1090
53 1033
54 1060
55 1092
56 1083
57 1138
58 1114
59 1063
60 1070
61 1140
62 1107
63 1096
64 1043
65 1069
66 1026
67 1004
68 1096
69 1079
70 1046
71 1103
72 1054
73 1069
74 1019
75 1014
76 1020
77 970
78 1001
79 1109
80 1020
81 1050
82 1016
83 946
84 1027
85 1060
86 964
87 1007
88 990
89 1021
90 981
91 982
92 1013
93 1019
94 960
95 964
96 1000
97 899
98 938
99 936
100 957
101 923
102 907
103 810
104 877
105 854
106 849
107 874
108 850
109 836
110 862
111 818
112 830
113 824
114 797
115 765
116 793
117 813
118 738
119 761
120 726
121 785
122 706
123 773
124 723
125 713
126 688
127 761
128 711
129 678
130 639
131 646
132 646
133 666
134 633
135 655
136 698
137 660
138 610
139 676
140 706
141 711
142 645
143 657
144 656
145 619
146 609
147 662
148 658
149 630
150 642
151 617
152 657
153 603
154 647
155 694
156 646
157 665
158 677
159 669
160 644
161 618
162 653
163 635
164 610
165 638
166 614
167 715
168 626
169 644
170 621
171 627
172 613
173 633
174 589
175 608
176 568
177 588
178 566
179 504
180 542
181 475
182 468
183 495
184 452
185 446
186 487
187 458
188 482
189 487
190 458
191 465
192 471
193 502
194 422
195 481
196 459
197 454
198 486
199 439
200 426
201 509
202 463
203 522
204 498
205 543
206 529
207 524
208 497
209 508
210 502
211 536
212 502
213 520
214 516
215 492
216 502
217 530
218 478
219 498
220 480
221 454
222 473
223 485
224 469
225 473
226 441
227 461
228 445
229 424
230 532
231 482
232 469
233 531
234 506
235 535
236 495
237 509
238 525
239 510
240 508
241 481
242 513
243 483
244 422
245 483
246 393
247 435
248 410
249 416
250 439
251 427
252 426
253 387
254 426
255 438
256 455
257 429
258 449
259 402
260 429
261 441
262 398
263 375
264 377
265 371
266 389
267 390
268 380
269 349
270 364
271 336
272 336
273 293
274 331
275 295
276 277
277 293
278 297
279 261
280 289
281 302
282 309
283 315
284 295
285 266
286 271
287 228
288 249
289 206
290 199
291 150
292 152
293 150
294 126
295 121
296 90
297 95
298 82
299 79
300 70
301 62
302 57
303 54
304 47
305 51
306 46
307 40
308 27
309 30
310 37
311 34
312 41
313 29
314 32
315 32
316 35
317 23
318 22
319 26
320 14
321 27
322 12
323 10
324 10
325 17
326 13
327 11
328 12
329 11
330 9
331 8
332 11
333 12
334 6
335 14
336 7
337 5
338 5
339 5
340 6
341 0
342 4
343 2
344 4
345 1
346 1
347 0
348 0
349 0
350 0
351 0
352 0
353 0
354 1
355 0
356 0
357 0
358 0
359 0
360 0
361 0
362 0
363 0
364 0
365 0
366 0
367 0
368 0
369 0
370 0
371 0
372 0
373 0
374 0
375 0
376 0
377 0
378 0
379 0
380 0
381 0
382 0
383 0
384 0
385 0
386 0
387 0
388 0
389 0
390 0
391 0
392 0
393 0
394 0
395 0
396 0
397 0
398 0
399 0
400 0
401 0
402 0
403 0
404 0
405 0
406 0
407 0
408 0
409 0
410 0
411 0
412 0
413 0
414 0
415 0
416 0
417 0
418 0
419 0
420 0
421 0
422 0
423 0
424 0
425 0
426 0
427 0
428 0
429 0
