0.000000000
0.000000000
0.000000000
0.005000000
0.014000000
0.015000000
0.015000000
0.018000000
0.020000000
0.021000000
0.023000000
0.023000000
0.026000000
0.027000000
0.027000000
0.028000000
0.028000000
0.031000000
0.031000000
0.032000000
0.033000000
0.033000000
0.034000000
0.038000000
0.038000000
0.039000000
0.039000000
0.040000000
0.040000000
0.041000000
0.042000000
0.042000000
0.043000000
0.043000000
0.044000000
0.044000000
0.044000000
0.045000000
0.045000000
0.046000000
0.047000000
0.047000000
0.047000000
0.048000000
0.049000000
0.049000000
0.049000000
0.050000000
0.050000000
0.050000000
0.050000000
0.051000000
0.051000000
0.053000000
0.054000000
0.054000000
0.054000000
0.054000000
0.054000000
0.055000000
0.056000000
0.056000000
0.056000000
0.056000000
0.057000000
0.057000000
0.058000000
0.058000000
0.058000000
0.059000000
0.060000000
0.060000000
0.061000000
0.061000000
0.061000000
0.061000000
0.062000000
0.062000000
0.062000000
0.062000000
0.063000000
0.063000000
0.063000000
0.063000000
0.064000000
0.064000000
0.064000000
0.065000000
0.065000000
0.066000000
0.066000000
0.067000000
0.067000000
0.068000000
0.068000000
0.068000000
0.069000000
0.069000000
0.069000000
0.069000000
0.070000000
0.070000000
0.070000000
0.070000000
0.071000000
0.071000000
0.071000000
0.072000000
0.072000000
0.073000000
0.073000000
0.073000000
0.074000000
0.074000000
0.075000000
0.075000000
0.076000000
0.077000000
0.078000000
0.078000000
0.078000000
0.078000000
0.078000000
0.079000000
0.079000000
0.079000000
0.080000000
0.080000000
0.080000000
0.081000000
0.082000000
0.082000000
0.082000000
0.082000000
0.084000000
0.085000000
0.086000000
0.086000000
0.086000000
0.087000000
0.087000000
0.087000000
0.087000000
0.087000000
0.088000000
0.088000000
0.088000000
0.089000000
0.090000000
0.090000000
0.091000000
0.091000000
0.091000000
0.092000000
0.094000000
0.094000000
0.094000000
0.094000000
0.095000000
0.095000000
0.096000000
0.096000000
0.096000000
0.096000000
0.096000000
0.096000000
0.097000000
0.097000000
0.097000000
0.097000000
0.097000000
0.098000000
0.098000000
0.100000000
0.100000000
0.100000000
0.100000000
0.100000000
0.100000000
0.101000000
0.101000000
0.102000000
0.102000000
0.102000000
0.102000000
0.103000000
0.104000000
0.104000000
0.104000000
0.106000000
0.107000000
0.107000000
0.107000000
0.107000000
0.107000000
0.108000000
0.108000000
0.108000000
0.109000000
0.109000000
0.109000000
0.109000000
0.109000000
0.110000000
0.110000000
0.110000000
0.110000000
0.111000000
0.111000000
0.111000000
0.112000000
0.112000000
0.114000000
0.114000000
0.115000000
0.115000000
0.117000000
0.117000000
0.118000000
0.121000000
0.121000000
0.121000000
0.121000000
0.121000000
0.122000000
0.122000000
0.123000000
0.123000000
0.124000000
0.124000000
0.125000000
0.125000000
0.125000000
0.125000000
0.126000000
0.127000000
0.127000000
0.128000000
0.128000000
0.128000000
0.128000000
0.129000000
0.130000000
0.130000000
0.131000000
0.131000000
0.131000000
0.132000000
0.132000000
0.134000000
0.134000000
0.135000000
0.135000000
0.137000000
0.137000000
0.137000000
0.138000000
0.138000000
0.139000000
0.140000000
0.140000000
0.140000000
0.140000000
0.141000000
0.143000000
0.144000000
0.144000000
0.145000000
0.146000000
0.146000000
0.146000000
0.146000000
0.147000000
0.147000000
0.148000000
0.148000000
0.148000000
0.148000000
0.148000000
0.148000000
0.149000000
0.149000000
0.150000000
0.150000000
0.153000000
0.154000000
0.154000000
0.154000000
0.155000000
0.155000000
0.155000000
0.156000000
0.156000000
0.156000000
0.157000000
0.157000000
0.158000000
0.159000000
0.160000000
0.160000000
0.162000000
0.163000000
0.165000000
0.167000000
0.168000000
0.168000000
0.168000000
0.168000000
0.169000000
0.169000000
0.170000000
0.170000000
0.171000000
0.172000000
0.174000000
0.174000000
0.176000000
0.177000000
0.178000000
0.178000000
0.179000000
0.179000000
0.180000000
0.180000000
0.182000000
0.182000000
0.182000000
0.184000000
0.184000000
0.186000000
0.188000000
0.188000000
0.188000000
0.190000000
0.191000000
0.191000000
0.191000000
0.192000000
0.193000000
0.193000000
0.194000000
0.194000000
0.195000000
0.196000000
0.196000000
0.196000000
0.197000000
0.198000000
0.199000000
0.200000000
0.200000000
0.200000000
0.202000000
0.203000000
0.205000000
0.205000000
0.205000000
0.206000000
0.206000000
0.209000000
0.209000000
0.213000000
0.213000000
0.215000000
0.217000000
0.219000000
0.220000000
0.220000000
0.221000000
0.221000000
0.222000000
0.222000000
0.223000000
0.223000000
0.224000000
0.225000000
0.230000000
0.232000000
0.232000000
0.234000000
0.235000000
0.236000000
0.240000000
0.240000000
0.241000000
0.241000000
0.242000000
0.243000000
0.246000000
0.246000000
0.246000000
0.247000000
0.248000000
0.251000000
0.253000000
0.256000000
0.256000000
0.257000000
0.257000000
0.259000000
0.259000000
0.259000000
0.259000000
0.260000000
0.261000000
0.263000000
0.264000000
0.265000000
0.265000000
0.266000000
0.266000000
0.269000000
0.269000000
0.270000000
0.275000000
0.275000000
0.276000000
0.276000000
0.279000000
0.279000000
0.282000000
0.283000000
0.284000000
0.286000000
0.286000000
0.288000000
0.291000000
0.291000000
0.292000000
0.293000000
0.298000000
0.298000000
0.299000000
0.299000000
0.300000000
0.303000000
0.306000000
0.310000000
0.310000000
0.312000000
0.313000000
0.314000000
0.317000000
0.317000000
0.318000000
0.320000000
0.321000000
0.324000000
0.325000000
0.325000000
0.325000000
0.327000000
0.328000000
0.329000000
0.329000000
0.329000000
0.329000000
0.334000000
0.335000000
0.336000000
0.337000000
0.338000000
0.338000000
0.338000000
0.339000000
0.339000000
0.342000000
0.342000000
0.344000000
0.345000000
0.352000000
0.359000000
0.362000000
0.362000000
0.364000000
0.365000000
0.368000000
0.378000000
0.379000000
0.387000000
0.391000000
0.396000000
0.401000000
0.403000000
0.403000000
0.404000000
0.406000000
0.410000000
0.412000000
0.416000000
0.416000000
0.417000000
0.425000000
0.427000000
0.429000000
0.429000000
0.431000000
0.432000000
0.432000000
0.433000000
0.443000000
0.444000000
0.446000000
0.447000000
0.449000000
0.454000000
0.455000000
0.457000000
0.459000000
0.462000000
0.462000000
0.462000000
0.465000000
0.467000000
0.471000000
0.471000000
0.474000000
0.478000000
0.479000000
0.486000000
0.487000000
0.488000000
0.493000000
0.494000000
0.500000000
0.507000000
0.509000000
0.513000000
0.517000000
0.518000000
0.518000000
0.519000000
0.523000000
0.531000000
0.533000000
0.535000000
0.537000000
0.538000000
0.541000000
0.551000000
0.556000000
0.558000000
0.558000000
0.558000000
0.559000000
0.575000000
0.575000000
0.576000000
0.578000000
0.579000000
0.580000000
0.588000000
0.589000000
0.604000000
0.604000000
0.606000000
0.608000000
0.611000000
0.614000000
0.620000000
0.621000000
0.631000000
0.632000000
0.637000000
0.641000000
0.644000000
0.649000000
0.660000000
0.661000000
0.662000000
0.666000000
0.671000000
0.671000000
0.679000000
0.681000000
0.681000000
0.683000000
0.683000000
0.689000000
0.693000000
0.701000000
0.703000000
0.705000000
0.710000000
0.722000000
0.730000000
0.741000000
0.759000000
0.762000000
0.763000000
0.769000000
0.777000000
0.786000000
0.787000000
0.789000000
0.791000000
0.797000000
0.802000000
0.803000000
0.805000000
0.805000000
0.809000000
0.810000000
0.812000000
0.819000000
0.819000000
0.826000000
0.828000000
0.841000000
0.845000000
0.849000000
0.849000000
0.862000000
0.875000000
0.876000000
0.886000000
0.891000000
0.893000000
0.905000000
0.913000000
0.918000000
0.921000000
0.927000000
0.927000000
0.932000000
0.932000000
0.934000000
0.938000000
0.941000000
0.948000000
0.952000000
0.956000000
0.958000000
0.958000000
0.962000000
0.968000000
0.984000000
0.985000000
0.986000000
0.991000000
0.992000000
0.996000000
0.999000000
0.999000000
1.004000000
1.006000000
1.013000000
1.013000000
1.019000000
1.043000000
1.043000000
1.045000000
1.047000000
1.049000000
1.098000000
1.124000000
1.141000000
1.147000000
1.153000000
1.154000000
1.159000000
1.161200000
1.167000000
1.167000000
1.168000000
1.175000000
1.184000000
1.196000000
1.199000000
1.200000000
1.206000000
1.212000000
1.217000000
1.229000000
1.253000000
1.256000000
1.259000000
1.266000000
1.267000000
1.267000000
1.271000000
1.297000000
1.325000000
1.338000000
1.343000000
1.350000000
1.350000000
1.356000000
1.367000000
1.381000000
1.393000000
1.395000000
1.398000000
1.405000000
1.410000000
1.444000000
1.449000000
1.452000000
1.459000000
1.459000000
1.465000000
1.490000000
1.503000000
1.505000000
1.519000000
1.522000000
1.531000000
1.534000000
1.537000000
1.540000000
1.560000000
1.580000000
1.585000000
1.587000000
1.594000000
1.595000000
1.610000000
1.614000000
1.633000000
1.634000000
1.635000000
1.637000000
1.642000000
1.649000000
1.651000000
1.653000000
1.668000000
1.675000000
1.696000000
1.701000000
1.764000000
1.769000000
1.770000000
1.802000000
1.807000000
1.821000000
1.829000000
1.839000000
1.864000000
1.876000000
1.877000000
1.884000000
1.887000000
1.898000000
1.917000000
1.919000000
1.919000000
1.929000000
1.930000000
1.932000000
1.933000000
1.964000000
1.987000000
1.987000000
1.993000000
2.015000000
2.028000000
2.030000000
2.033000000
2.048000000
2.100000000
2.127000000
2.160000000
2.192000000
2.198000000
2.201000000
2.205000000
2.218000000
2.223000000
2.226000000
2.228000000
2.241000000
2.324000000
2.341000000
2.384000000
2.392000000
2.393000000
2.446000000
2.474000000
2.480000000
2.541000000
2.567000000
2.569000000
2.581000000
2.590000000
2.599000000
2.633000000
2.636000000
2.640000000
2.656000000
2.681000000
2.687000000
2.702000000
2.726000000
2.728000000
2.783000000
2.814000000
2.860000000
2.918000000
2.919000000
2.927000000
2.929000000
2.939000000
2.950000000
2.957000000
2.976000000
2.999000000
3.007000000
3.072000000
3.112000000
3.137000000
3.138000000
3.167000000
3.170000000
3.210000000
3.224000000
3.237000000
3.276000000
3.344000000
3.346000000
3.352000000
3.384000000
3.390000000
3.390000000
3.414000000
3.415000000
3.418000000
3.432000000
3.446000000
3.448000000
3.454000000
3.467000000
3.468000000
3.488000000
3.521000000
3.556000000
3.567000000
3.579000000
3.591000000
3.618000000
3.668000000
3.680000000
3.681000000
3.688000000
3.717000000
3.757000000
3.778000000
3.787000000
3.798000000
3.800000000
3.814000000
3.817000000
3.872000000
3.876000000
3.879000000
3.887000000
3.887000000
3.903000000
3.908000000
3.934000000
3.997000000
4.013000000
4.015000000
4.042000000
4.049000000
4.069000000
4.074000000
4.099000000
4.103000000
4.106000000
4.116000000
4.129000000
4.171000000
4.228000000
4.265000000
4.288000000
4.306000000
4.310000000
4.333000000
4.365000000
4.380000000
4.425000000
4.460000000
4.463000000
4.512000000
4.523000000
4.566000000
4.656000000
4.699000000
4.747000000
4.772000000
4.883000000
4.900000000
4.912000000
4.986000000
5.019000000
5.087000000
5.117000000
5.163000000
5.190000000
5.209000000
5.315000000
5.318000000
5.334000000
5.487000000
5.503000000
5.523000000
5.537000000
5.543000000
5.561000000
5.604000000
5.684000000
5.733000000
5.836000000
5.876000000
5.912000000
6.122000000
6.133000000
6.176000000
6.188000000
6.240000000
6.281000000
6.303000000
6.348000000
6.424000000
6.504000000
6.537000000
6.579000000
6.591000000
6.611000000
6.617000000
6.656000000
6.784000000
7.099000000
7.447000000
7.451000000
7.473000000
7.493000000
7.553000000
7.630000000
7.666000000
7.709000000
7.818000000
7.930000000
7.957000000
8.002000000
8.127000000
8.158000000
8.204000000
8.248000000
8.272000000
8.299000000
8.346000000
8.369000000
8.375000000
8.414000000
8.499000000
8.674000000
8.875000000
8.904000000
8.933000000
9.103000000
9.127000000
9.162000000
9.205000000
9.228000000
9.263000000
9.388000000
9.398000000
9.698000000
10.048000000
10.187000000
10.226000000
10.296000000
10.432000000
10.475000000
10.557000000
10.574000000
10.867000000
10.937000000
11.410000000
11.518000000
11.775000000
11.952000000
11.998000000
12.179000000
12.203000000
12.278000000
12.597000000
12.924000000
12.967000000
13.360000000
14.323000000
14.523000000
14.629000000
14.818000000
15.057000000
15.269000000
15.731000000
16.148000000
17.175000000
17.995000000
18.964000000
21.201000000
23.828000000
24.244000000
26.573000000
27.424000000
27.847000000
30.715000000
34.211000000
47.683000000
