839
846
914
865
875
908
916
902
987
530
486
780
891
858
870
307
401
507
680
484
523
749
291
177
757
63
67
689
911
616
615
740
351
574
90
844
910
748
788
296
213
524
537
211
314
758
827
277
482
614
635
244
476
767
68
203
251
517
588
52
12
137
263
310
124
598
39
138
634
592
163
602
330
493
595
733
178
247
335
585
6
109
130
142
288
348
506
533
934
131
686
281
762
242
420
603
196
315
646
794
651
747
781
862
205
262
836
206
290
100
202
837
535
612
56
141
671
398
209
347
411
673
789
193
596
917
159
342
468
323
179
185
190
687
496
779
279
367
518
174
241
584
739
986
264
636
698
297
273
516
143
508
642
479
325
467
505
613
341
729
120
135
184
212
679
802
134
293
715
727
806
231
509
89
422
485
726
752
785
449
617
26
49
161
268
272
164
363
776
769
62
274
442
498
696
110
337
644
166
236
333
536
778
199
489
745
770
28
280
513
129
503
623
677
276
701
319
703
160
58
525
664
706
746
182
705
195
550
737
798
271
597
629
691
285
118
702
284
369
713
771
734
50
283
387
408
695
600
645
70
165
197
604
232
331
619
628
669
171
132
338
678
818
670
155
397
786
385
334
399
532
666
207
553
53
108
386
504
632
700
104
168
373
693
48
208
360
365
454
652
764
541
683
797
546
847
380
346
65
488
419
560
481
772
568
609
641
735
194
638
175
573
993
396
201
555
554
114
491
654
531
816
0
583
136
266
455
511
753
292
656
718
754
147
72
400
627
248
133
204
172
793
828
169
249
415
768
657
811
295
608
681
267
838
233
675
944
128
637
599
633
66
253
534
210
173
282
492
353
751
40
214
714
761
624
432
775
304
470
243
384
558
287
792
773
922
658
1010
257
372
831
180
127
741
610
626
855
340
841
69
167
306
539
572
105
649
777
286
763
191
826
522
526
640
424
782
87
258
618
790
121
712
783
74
252
819
139
269
529
222
75
601
81
113
578
607
192
27
47
322
728
708
187
682
25
565
469
376
239
884
982
800
515
93
101
299
358
799
329
355
810
379
466
582
126
861
88
918
123
265
148
16
552
559
871
502
170
240
183
959
1000
490
414
692
707
895
581
321
711
38
594
86
719
198
125
332
1006
339
630
140
186
903
261
92
357
162
845
665
784
59
589
921
611
685
19
392
189
73
743
625
359
852
859
22
254
176
413
566
364
795
938
226
1004
965
674
863
945
200
817
460
561
724
738
873
575
660
704
939
421
328
395
653
378
514
919
320
302
270
643
149
877
587
91
667
983
547
874
872
899
954
15
228
697
31
17
849
569
730
716
188
95
989
931
639
96
720
956
725
548
605
215
655
650
717
732
473
461
255
542
324
472
544
427
71
33
590
289
275
495
991
390
721
840
497
824
14
181
551
298
709
805
854
787
897
349
463
949
402
807
864
606
256
510
688
904
979
990
930
391
97
389
158
112
853
915
224
259
985
796
668
974
512
300
631
103
217
4
744
545
57
647
1011
98
382
82
848
366
34
2
952
933
564
661
977
723
567
676
111
452
814
51
32
3
11
234
106
928
887
543
958
146
223
562
428
528
1007
294
94
406
500
437
278
672
10
430
156
501
443
471
699
393
586
375
756
238
21
984
774
663
898
453
55
750
76
383
235
879
99
465
888
412
662
622
7
801
923
157
403
494
835
377
580
964
684
620
576
823
953
154
1
36
957
153
459
464
913
37
994
84
416
423
842
345
219
499
85
878
225
901
889
77
866
336
35
791
976
813
417
122
409
710
80
474
354
13
812
18
434
924
218
23
736
988
425
220
441
457
370
981
438
521
227
444
815
446
245
41
857
250
20
316
648
477
312
538
731
893
868
79
362
579
343
145
374
940
381
30
571
447
892
5
29
969
941
825
621
659
694
429
229
309
527
961
308
371
260
368
102
61
78
83
1008
107
350
440
361
450
906
216
880
563
436
221
237
755
475
8
549
394
972
478
867
480
388
975
996
462
1003
60
690
404
9
856
305
356
722
119
487
230
809
912
886
967
577
591
64
971
1002
144
344
907
407
451
926
24
410
45
1001
881
760
117
43
834
1009
966
418
313
833
519
920
970
766
557
905
742
456
458
876
352
405
42
759
883
46
483
44
318
54
326
978
968
152
448
808
765
909
433
556
832
311
803
327
896
540
116
520
151
301
998
929
820
942
593
821
900
997
936
570
439
431
999
885
946
935
860
890
426
947
303
850
894
948
435
851
804
962
843
1005
829
246
955
995
960
932
980
830
963
115
317
943
445
150
927
869
925
973
822
951
992
950
937
882
