291
323
479
482
507
530
733
781
839
844
846
847
858
862
865
870
891
902
908
910
914
915
916
917
307
360
401
495
512
680
780
816
874
875
897
977
987
991
63
67
138
177
247
290
310
337
592
646
686
748
757
770
788
817
837
911
934
982
1004
12
27
28
110
185
251
257
277
281
288
298
304
330
373
484
493
511
545
609
612
616
651
679
700
727
775
778
794
811
827
1000
6
26
39
40
49
52
53
56
68
89
90
96
100
108
109
120
124
130
131
132
134
135
136
137
141
142
143
159
163
164
165
167
168
171
174
178
179
184
186
190
192
193
194
196
197
199
201
202
203
205
206
207
210
211
212
213
214
233
236
241
242
243
244
253
262
263
264
266
267
271
272
273
274
276
279
280
283
284
285
292
293
295
296
297
306
314
315
325
331
333
335
339
341
342
347
348
351
365
367
369
372
384
387
392
398
400
408
411
454
467
468
470
476
485
486
488
489
491
496
498
503
504
505
508
509
513
515
516
517
518
523
524
525
533
535
536
537
539
541
546
554
555
568
574
584
585
588
595
596
597
598
602
603
613
614
615
623
624
625
628
632
634
635
636
641
642
643
644
652
656
658
669
670
671
673
674
675
677
678
683
687
689
695
696
698
701
702
715
726
734
735
739
740
745
747
749
751
752
753
754
758
762
767
769
776
779
785
786
789
819
826
828
831
836
838
861
873
37
50
65
209
420
422
506
559
619
729
928
944
986
60
72
118
160
166
183
248
424
703
725
746
802
845
855
939
58
66
123
129
145
161
173
175
195
200
208
319
334
363
399
419
442
553
572
573
600
617
650
705
709
772
798
810
904
931
959
48
62
81
87
101
104
114
127
128
133
155
172
182
191
215
231
239
240
249
265
268
282
340
349
353
380
385
386
415
449
455
481
502
532
550
594
599
604
618
629
637
638
640
645
654
664
666
681
706
713
714
737
738
764
771
797
841
25
180
397
471
627
773
806
993
17
147
169
204
338
358
396
472
531
534
583
633
657
693
712
768
793
818
866
75
95
125
355
560
608
691
761
783
792
4
74
105
140
170
232
252
261
287
322
329
346
359
413
432
492
521
529
630
649
708
743
763
23
93
187
222
238
379
522
526
544
626
805
921
70
121
269
605
741
777
782
799
903
956
149
364
578
601
610
718
790
795
31
88
226
254
286
558
607
877
1011
113
144
198
299
321
606
665
682
895
922
990
1010
47
139
357
565
611
719
730
872
888
918
16
19
33
69
148
258
305
391
552
581
871
82
162
176
189
302
376
378
393
421
466
547
582
707
859
126
146
332
406
469
589
667
728
884
924
930
59
73
181
255
460
510
840
864
901
2
217
653
692
760
21
228
270
320
414
428
711
800
899
1006
0
92
685
704
490
697
723
724
848
945
350
429
655
784
949
430
587
923
938
965
55
566
720
849
983
1002
86
461
863
289
328
395
410
716
835
38
412
551
473
514
852
575
661
919
36
112
561
569
91
324
542
639
721
979
84
259
590
660
1003
103
390
898
954
548
766
994
22
985
989
29
343
402
409
564
732
3
275
497
744
371
717
807
984
71
256
80
188
622
688
383
879
111
528
543
15
294
434
443
463
579
892
1
14
366
427
756
814
893
106
224
389
119
796
94
853
437
154
382
567
824
300
76
234
453
620
787
152
676
854
403
417
97
229
98
377
32
34
51
158
974
57
370
957
153
477
278
407
952
24
765
663
672
933
223
235
631
647
842
953
586
156
958
388
1007
452
699
77
327
887
501
759
375
668
440
11
480
823
447
500
562
576
474
774
801
157
10
913
8
220
662
99
7
464
577
326
940
684
889
438
465
857
722
750
499
20
225
345
906
494
856
85
219
867
425
591
448
416
41
580
459
878
964
122
423
475
354
374
444
710
35
79
18
967
78
812
813
381
815
218
230
445
791
457
394
556
941
1001
227
563
245
441
981
988
336
659
362
736
825
435
694
83
538
13
151
308
436
260
961
976
250
446
312
876
886
316
527
690
216
344
731
309
361
868
755
809
648
368
64
450
107
912
942
5
621
221
972
30
966
451
520
237
975
978
909
404
540
571
102
356
833
1008
971
456
462
117
996
905
880
549
969
61
45
998
885
487
478
557
742
936
317
352
418
519
881
834
883
926
896
970
1009
44
46
593
9
405
458
116
935
829
301
860
907
431
850
999
42
820
900
925
920
570
821
803
54
483
43
968
318
832
894
1005
313
303
955
311
822
433
946
997
808
929
439
890
851
804
246
115
843
426
869
962
948
995
980
960
963
932
947
927
830
150
943
951
973
950
937
992
882
