0 34
1 14
2 8
3 13
4 9
5 8
6 17
7 16
8 35
9 18
10 51
11 62
12 98
13 123
14 179
15 222
16 247
17 316
18 312
19 371
20 397
21 465
22 494
23 544
24 589
25 636
26 662
27 741
28 743
29 833
30 871
31 914
32 994
33 1052
34 1013
35 1090
36 1081
37 1099
38 1100
39 1083
40 1094
41 1139
42 1098
43 1080
44 1109
45 1096
46 1193
47 1111
48 1085
49 1178
50 1139
51 1178
52 1180
53 1125
54 1145
55 1181
56 1162
57 1224
58 1193
59 1152
60 1150
61 1215
62 1188
63 1179
64 1146
65 1151
66 1113
67 1103
68 1172
69 1177
70 1157
71 1201
72 1153
73 1170
74 1130
75 1114
76 1110
77 1075
78 1100
79 1241
80 1126
81 1154
82 1104
83 1060
84 1111
85 1169
86 1053
87 1105
88 1082
89 1125
90 1060
91 1081
92 1110
93 1106
94 1055
95 1063
96 1101
97 992
98 1031
99 1023
100 1051
101 1015
102 984
103 889
104 985
105 944
106 938
107 964
108 948
109 915
110 928
111 923
112 927
113 909
114 882
115 844
116 887
117 879
118 841
119 849
120 808
121 849
122 794
123 847
124 794
125 781
126 763
127 817
128 787
129 740
130 696
131 702
132 720
133 739
134 698
135 747
136 770
137 742
138 687
139 738
140 781
141 773
142 701
143 718
144 712
145 688
146 671
147 721
148 718
149 691
150 690
151 643
152 703
153 657
154 693
155 735
156 702
157 702
158 724
159 721
160 695
161 670
162 696
163 693
164 649
165 683
166 661
167 761
168 665
169 688
170 661
171 683
172 671
173 672
174 643
175 659
176 625
177 622
178 614
179 557
180 601
181 530
182 526
183 555
184 501
185 511
186 538
187 506
188 536
189 542
190 511
191 526
192 536
193 556
194 496
195 538
196 522
197 511
198 548
199 496
200 491
201 567
202 527
203 583
204 558
205 599
206 576
207 584
208 544
209 561
210 570
211 590
212 556
213 586
214 570
215 561
216 587
217 598
218 534
219 574
220 543
221 530
222 556
223 554
224 542
225 548
226 503
227 524
228 535
229 489
230 608
231 561
232 527
233 591
234 566
235 619
236 569
237 574
238 596
239 572
240 589
241 573
242 568
243 551
244 503
245 569
246 492
247 504
248 496
249 508
250 518
251 508
252 524
253 460
254 510
255 510
256 517
257 520
258 522
259 494
260 520
261 514
262 473
263 463
264 465
265 444
266 481
267 453
268 444
269 412
270 435
271 405
272 406
273 350
274 379
275 338
276 322
277 331
278 327
279 303
280 312
281 311
282 322
283 326
284 300
285 279
286 290
287 241
288 255
289 232
290 212
291 177
292 173
293 167
294 150
295 136
296 110
297 112
298 98
299 91
300 81
301 72
302 70
303 64
304 52
305 56
306 52
307 44
308 30
309 32
310 39
311 42
312 43
313 31
314 36
315 33
316 41
317 25
318 23
319 26
320 18
321 31
322 12
323 13
324 14
325 18
326 14
327 11
328 15
329 12
330 13
331 10
332 14
333 14
334 8
335 15
336 8
337 7
338 6
339 6
340 6
341 1
342 4
343 2
344 4
345 1
346 2
347 0
348 0
349 0
350 0
351 0
352 0
353 1
354 1
355 0
356 0
357 0
358 0
359 0
360 0
361 0
362 0
363 0
364 0
365 0
366 0
367 0
368 0
369 0
370 0
371 0
372 0
373 0
374 0
375 0
376 0
377 0
378 0
379 0
380 0
381 0
382 0
383 0
384 0
385 0
386 0
387 0
388 0
389 0
390 0
391 0
392 0
393 0
394 0
395 0
396 0
397 0
398 0
399 0
400 0
401 0
402 0
403 0
404 0
405 0
406 0
407 0
408 0
409 0
410 0
411 0
412 0
413 0
414 0
415 0
416 0
417 0
418 0
419 0
420 0
421 0
422 0
423 0
424 0
425 0
426 0
427 0
428 0
429 0
