0.000000000
0.000000000
0.000000000
0.005714286
0.015267176
0.015748031
0.015810277
0.018648019
0.019531250
0.021505376
0.025806452
0.026490066
0.026936027
0.027303754
0.027586207
0.030888031
0.032454361
0.032786885
0.032854209
0.033057851
0.034042553
0.034188034
0.037974684
0.039215686
0.039215686
0.039408867
0.040472175
0.041666667
0.042105263
0.042780749
0.043859649
0.043902439
0.043902439
0.043956044
0.044321330
0.044943820
0.045454545
0.045454545
0.047008547
0.047058824
0.048048048
0.048648649
0.049079755
0.049896050
0.050314465
0.052287582
0.052631579
0.052631579
0.054054054
0.054237288
0.054421769
0.054421769
0.055710306
0.056338028
0.056603774
0.056980057
0.057347670
0.057636888
0.058394161
0.058823529
0.060150376
0.061538462
0.061611374
0.061855670
0.061904762
0.062256809
0.062500000
0.062500000
0.062992126
0.064000000
0.064102564
0.064516129
0.064864865
0.064885496
0.065040650
0.065040650
0.065573770
0.065789474
0.066666667
0.066666667
0.067484663
0.067729084
0.068000000
0.068085106
0.068522484
0.069264069
0.070175439
0.070175439
0.070175439
0.070247934
0.070270270
0.070422535
0.070796460
0.070796460
0.070796460
0.070895522
0.071111111
0.071428571
0.071856287
0.071856287
0.072072072
0.072948328
0.073394495
0.073394495
0.073394495
0.073394495
0.074074074
0.074766355
0.074766355
0.074766355
0.076190476
0.076470588
0.077669903
0.078014184
0.078817734
0.079207921
0.080000000
0.080000000
0.080000000
0.080000000
0.080568720
0.081081081
0.081218274
0.082304527
0.082677165
0.082706767
0.083333333
0.085106383
0.086021505
0.086021505
0.086956522
0.086956522
0.086956522
0.086956522
0.086956522
0.087912088
0.088888889
0.089887640
0.090909091
0.093023256
0.093023256
0.093023256
0.094339623
0.094395280
0.095238095
0.095238095
0.095238095
0.095238095
0.095808383
0.096385542
0.097560976
0.097560976
0.097560976
0.098765432
0.098765432
0.099173554
0.100000000
0.100000000
0.100418410
0.100628931
0.101265823
0.101351351
0.101587302
0.101910828
0.102236422
0.102345416
0.102564103
0.102564103
0.102564103
0.102564103
0.102941176
0.103896104
0.105263158
0.105960265
0.106312292
0.106666667
0.106666667
0.106666667
0.107023411
0.108108108
0.108225108
0.108247423
0.108786611
0.109489051
0.109589041
0.110091743
0.110599078
0.111111111
0.111111111
0.111111111
0.111111111
0.111553785
0.111702128
0.111888112
0.112500000
0.112676056
0.112676056
0.114285714
0.115384615
0.115942029
0.116331096
0.116564417
0.117073171
0.117647059
0.118343195
0.118644068
0.121212121
0.121212121
0.121621622
0.121693122
0.121951220
0.122950820
0.123076923
0.123076923
0.124031008
0.125000000
0.125984252
0.126984127
0.126984127
0.127071823
0.128000000
0.128514056
0.128654971
0.129032258
0.129032258
0.129032258
0.131147541
0.131147541
0.132231405
0.133333333
0.133333333
0.133333333
0.133333333
0.133333333
0.133333333
0.135593220
0.137931034
0.137931034
0.137931034
0.137931034
0.138211382
0.138613861
0.138686131
0.138888889
0.140350877
0.141592920
0.142348754
0.142857143
0.142857143
0.142857143
0.142857143
0.142857143
0.145161290
0.145214521
0.145454545
0.146788991
0.147826087
0.148148148
0.148148148
0.148148148
0.148148148
0.148148148
0.148453608
0.149532710
0.150000000
0.150234742
0.150943396
0.150943396
0.152671756
0.153846154
0.153846154
0.154166667
0.154340836
0.156250000
0.156378601
0.156716418
0.156862745
0.157170923
0.157423971
0.157480315
0.158536585
0.158940397
0.160000000
0.160000000
0.160000000
0.161290323
0.161616162
0.164102564
0.164383562
0.164383562
0.165137615
0.165517241
0.166666667
0.168000000
0.169014085
0.169014085
0.169550173
0.170212766
0.170212766
0.171052632
0.171122995
0.171206226
0.172043011
0.173913043
0.173913043
0.177049180
0.177966102
0.178438662
0.179104478
0.179372197
0.180327869
0.180851064
0.181818182
0.181818182
0.183206107
0.184615385
0.184931507
0.186046512
0.186046512
0.186274510
0.186440678
0.186480186
0.188235294
0.188365651
0.189349112
0.190476190
0.191176471
0.191489362
0.193236715
0.193548387
0.193717277
0.193939394
0.194174757
0.194444444
0.195121951
0.195121951
0.196319018
0.197530864
0.198019802
0.200000000
0.200000000
0.203296703
0.205128205
0.205128205
0.206896552
0.207920792
0.208588957
0.208695652
0.209401709
0.210526316
0.210526316
0.210743802
0.211538462
0.212765957
0.213333333
0.213675214
0.214765101
0.216216216
0.218750000
0.218750000
0.219178082
0.220183486
0.222222222
0.222222222
0.222222222
0.222222222
0.223484848
0.224719101
0.228571429
0.231884058
0.233918129
0.234042553
0.235294118
0.235294118
0.238095238
0.240601504
0.242424242
0.242553191
0.244897959
0.244897959
0.245614035
0.247191011
0.250000000
0.252577320
0.253164557
0.255319149
0.257383966
0.257545272
0.258064516
0.258064516
0.258064516
0.259332024
0.261363636
0.261682243
0.263959391
0.265822785
0.266666667
0.266666667
0.266666667
0.266666667
0.267782427
0.269662921
0.270161290
0.270833333
0.271186441
0.272251309
0.273291925
0.275574113
0.276190476
0.277108434
0.279069767
0.279069767
0.280112045
0.280155642
0.283378747
0.283687943
0.287500000
0.289156627
0.290697674
0.291666667
0.291970803
0.291970803
0.292682927
0.293577982
0.294871795
0.294871795
0.296296296
0.298507463
0.298611111
0.300653595
0.302631579
0.304761905
0.309941520
0.310000000
0.310344828
0.312500000
0.313131313
0.315789474
0.317460317
0.320000000
0.325490196
0.329341317
0.329787234
0.329896907
0.330000000
0.333333333
0.335483871
0.336206897
0.336842105
0.337777778
0.338028169
0.338797814
0.340909091
0.343283582
0.343558282
0.343589744
0.345238095
0.345679012
0.346405229
0.347826087
0.347826087
0.353591160
0.355555556
0.362831858
0.365384615
0.366300366
0.366412214
0.368421053
0.369477912
0.378250591
0.386363636
0.387500000
0.390243902
0.392592593
0.392857143
0.393442623
0.395348837
0.396363636
0.402777778
0.406250000
0.409691630
0.410256410
0.411764706
0.418181818
0.425531915
0.425925926
0.427480916
0.431578947
0.431818182
0.436363636
0.439189189
0.441176471
0.443750000
0.444444444
0.454545455
0.456310680
0.460000000
0.460000000
0.462585034
0.462809917
0.463917526
0.465116279
0.467532468
0.469387755
0.470588235
0.475000000
0.475806452
0.476190476
0.477272727
0.478632479
0.480392157
0.481308411
0.483606557
0.488888889
0.490797546
0.491071429
0.494949495
0.500000000
0.506849315
0.510638298
0.513043478
0.513513514
0.515337423
0.517241379
0.521739130
0.522900763
0.531531532
0.533333333
0.536842105
0.538461538
0.539215686
0.540540541
0.540755467
0.545454545
0.552486188
0.556149733
0.556603774
0.560810811
0.562737643
0.571428571
0.575221239
0.577427822
0.578181818
0.579545455
0.580838323
0.583673469
0.587813620
0.589473684
0.591666667
0.602941176
0.606060606
0.615384615
0.615384615
0.617117117
0.625000000
0.628571429
0.634615385
0.637168142
0.641379310
0.647058824
0.651162791
0.653333333
0.664122137
0.666666667
0.671052632
0.671641791
0.672268908
0.674418605
0.680327869
0.681818182
0.683098592
0.684210526
0.691919192
0.692307692
0.704761905
0.706293706
0.710280374
0.714285714
0.727272727
0.728571429
0.728813559
0.734693878
0.736363636
0.763440860
0.776397516
0.779005525
0.792792793
0.795811518
0.796460177
0.798245614
0.798507463
0.800865801
0.801075269
0.817647059
0.819548872
0.823008850
0.827586207
0.829670330
0.839506173
0.841666667
0.844897959
0.849673203
0.854166667
0.856617647
0.866028708
0.869918699
0.871794872
0.872037915
0.875000000
0.876288660
0.881889764
0.892857143
0.897058824
0.901639344
0.904347826
0.905882353
0.911196911
0.913669065
0.931677019
0.938053097
0.938271605
0.942307692
0.949685535
0.952380952
0.953703704
0.960000000
0.960352423
0.964912281
0.969465649
0.976190476
0.979838710
0.983739837
0.984000000
0.989361702
1.000000000
1.000000000
1.005882353
1.012658228
1.020833333
1.022727273
1.029850746
1.044642857
1.047619048
1.049180328
1.059523810
1.063291139
1.100000000
1.108333333
1.115384615
1.120481928
1.132231405
1.143344710
1.145569620
1.148514851
1.156250000
1.158536585
1.166666667
1.169014085
1.176229508
1.182481752
1.193650794
1.200000000
1.202830189
1.221052632
1.226666667
1.228723404
1.230263158
1.231182796
1.251968504
1.258620690
1.263157895
1.277777778
1.288590604
1.293413174
1.294372294
1.300000000
1.312138728
1.314606742
1.315068493
1.319371728
1.338235294
1.353211009
1.357487923
1.358620690
1.390946502
1.395973154
1.398009950
1.398601399
1.407407407
1.413698630
1.431578947
1.439560440
1.445026178
1.491978610
1.508196721
1.508928571
1.514084507
1.514705882
1.522292994
1.537190083
1.540856031
1.541666667
1.542307692
1.542483660
1.554263566
1.564593301
1.565656566
1.582089552
1.589552239
1.594855305
1.611111111
1.615023474
1.616580311
1.635245902
1.636942675
1.641025641
1.641618497
1.652542373
1.654867257
1.655629139
1.663101604
1.663934426
1.673684211
1.690677966
1.712765957
1.714285714
1.765100671
1.776315789
1.793650794
1.808823529
1.809917355
1.829787234
1.856459330
1.857142857
1.877049180
1.877192982
1.898148148
1.905511811
1.918604651
1.927152318
1.933673469
1.934426230
1.935483871
1.938775510
1.940594059
1.963768116
1.968750000
1.992753623
2.014705882
2.020134228
2.030487805
2.052287582
2.080378251
2.100877193
2.103448276
2.131782946
2.133995037
2.142857143
2.165467626
2.196629213
2.200000000
2.221153846
2.226415094
2.232209738
2.305555556
2.322784810
2.358306189
2.359649123
2.364705882
2.365671642
2.387755102
2.392241379
2.397590361
2.400000000
2.473214286
2.478632479
2.480952381
2.521739130
2.563636364
2.591240876
2.600000000
2.637554585
2.645454545
2.671641791
2.687500000
2.719844358
2.732484076
2.740740741
2.763285024
2.778210117
2.786407767
2.823529412
2.828025478
2.860215054
2.920000000
2.922077922
2.924242424
2.943396226
2.954248366
2.967532468
2.980694981
3.009852217
3.011111111
3.014613779
3.032520325
3.033419023
3.113475177
3.198529412
3.210526316
3.221343874
3.228813559
3.233009709
3.269841270
3.278350515
3.307692308
3.346303502
3.346938776
3.360000000
3.384615385
3.428571429
3.448275862
3.452631579
3.459770115
3.483516484
3.492063492
3.495934959
3.520833333
3.527559055
3.555555556
3.587628866
3.590909091
3.633333333
3.657407407
3.673267327
3.681318681
3.682352941
3.687500000
3.703703704
3.755102041
3.756302521
3.769230769
3.792682927
3.805668016
3.819277108
3.838235294
3.876288660
3.879032258
3.880434783
3.897435897
3.938931298
3.964912281
4.000000000
4.008403361
4.045454545
4.063380282
4.095744681
4.098265896
4.106060606
4.109890110
4.127659574
4.147368421
4.185840708
4.198581560
4.208791209
4.272373541
4.304054054
4.306122449
4.313725490
4.318840580
4.335227273
4.337500000
4.355371901
4.376344086
4.401785714
4.449541284
4.469945355
4.478260870
4.482142857
4.500000000
4.597560976
4.608365019
4.635658915
4.660079051
4.673819742
4.704918033
4.754716981
4.780346821
4.834710744
4.900900901
4.933852140
4.946666667
5.000000000
5.005586592
5.009174312
5.025862069
5.248407643
5.290322581
5.301886792
5.314285714
5.318181818
5.331632653
5.357466063
5.505050505
5.538043478
5.548571429
5.604278075
5.720338983
5.732558140
5.741721854
5.750000000
5.883720930
5.918367347
5.928057554
6.133333333
6.185185185
6.207650273
6.245014245
6.264705882
6.291497976
6.362068966
6.367346939
6.402173913
6.490196078
6.597826087
6.666666667
6.901098901
6.923809524
6.947368421
6.982758621
7.012500000
7.025641026
7.122093023
7.451923077
7.473214286
7.509615385
7.555555556
7.630252101
7.652631579
7.666666667
7.735849057
7.875000000
7.984848485
8.058823529
8.094594595
8.174757282
8.305389222
8.354330709
8.392638037
8.414893617
8.451219512
8.500000000
8.518987342
8.679245283
8.840909091
8.909090909
8.952380952
9.103092784
9.121621622
9.147540984
9.172131148
9.206703911
9.250000000
9.258278146
9.341880342
9.386138614
9.448979592
9.463414634
9.727272727
9.807106599
9.823529412
10.048780490
10.222929940
10.433734940
10.471153850
10.475000000
10.903703700
10.938596490
11.207317070
11.644736840
11.654320990
11.796296300
11.903225810
12.008064520
12.090909090
12.268656720
12.416666670
12.481012660
12.597938140
12.992307690
13.095238100
13.376623380
13.681818180
14.324786320
14.545454550
14.635416670
15.077922080
15.151785710
15.985507250
16.200000000
17.892307690
18.015384620
19.040000000
20.413043480
21.660714290
24.125000000
24.250000000
26.739130430
27.848484850
30.234042550
31.784313730
34.404255320
50.081081080
