0 13
1 6
2 9
3 4
4 3
5 3
6 11
7 6
8 25
9 13
10 35
11 52
12 87
13 102
14 174
15 217
16 223
17 284
18 270
19 348
20 354
21 398
22 431
23 470
24 491
25 534
26 546
27 549
28 578
29 631
30 642
31 722
32 716
33 777
34 727
35 747
36 819
37 841
38 862
39 764
40 840
41 818
42 820
43 792
44 862
45 859
46 875
47 871
48 846
49 877
50 869
51 909
52 910
53 914
54 969
55 953
56 950
57 1026
58 993
59 930
60 904
61 1027
62 1005
63 979
64 962
65 1002
66 961
67 922
68 987
69 1039
70 1028
71 1150
72 1123
73 1148
74 1154
75 1167
76 1243
77 1156
78 1176
79 1282
80 1327
81 1261
82 1360
83 1316
84 1452
85 1552
86 1547
87 1735
88 1706
89 1841
90 1966
91 1958
92 2143
93 2193
94 2395
95 2500
96 2627
97 2863
98 3048
99 3328
100 3466
101 3725
102 3990
103 4383
104 4790
105 5066
106 5426
107 6112
108 6503
109 7073
110 8110
111 8595
112 9438
113 10567
114 11141
115 12567
116 13700
117 14394
118 16317
119 16947
120 18706
121 19885
122 21027
123 22780
124 24767
125 26488
126 28846
127 31054
128 34843
129 37162
130 40632
131 43950
132 47939
133 52173
134 57199
135 61713
136 66933
137 73370
138 79623
139 85682
140 92309
141 99176
142 107331
143 115003
144 123594
145 133069
146 141973
147 151829
148 162569
149 175456
150 187883
151 200815
152 215637
153 230645
154 245771
155 261610
156 278537
157 293950
158 312800
159 331407
160 350983
161 372116
162 393870
163 414617
164 436007
165 458905
166 483173
167 507401
168 535257
169 557485
170 589047
171 617531
172 649995
173 678136
174 707268
175 741230
176 774309
177 805390
178 839477
179 872812
180 907967
181 941071
182 978519
183 1015261
184 1049905
185 1086327
186 1126901
187 1164507
188 1202337
189 1241356
190 1286680
191 1320949
192 1363040
193 1405127
194 1446730
195 1482570
196 1523152
197 1561713
198 1593910
199 1636089
200 1671652
201 1709744
202 1746935
203 1781696
204 1813065
205 1848413
206 1882206
207 1913522
208 1945861
209 1973240
210 2002605
211 2035300
212 2058727
213 2084707
214 2110191
215 2134810
216 2158862
217 2177268
218 2198815
219 2216920
220 2237699
221 2249078
222 2268618
223 2282376
224 2291587
225 2303806
226 2315800
227 2322709
228 2334330
229 2343211
230 2344672
231 2348260
232 2348589
233 2348253
234 2347262
235 2338907
236 2336743
237 2322610
238 2319592
239 2307824
240 2293533
241 2281582
242 2263995
243 2248322
244 2224313
245 2207230
246 2182829
247 2160939
248 2143314
249 2121053
250 2092721
251 2076000
252 2046086
253 2020602
254 1988448
255 1963892
256 1931559
257 1903165
258 1874064
259 1837793
260 1805681
261 1772930
262 1737421
263 1707134
264 1672148
265 1636822
266 1600490
267 1564950
268 1527954
269 1495167
270 1456684
271 1421482
272 1383968
273 1348041
274 1308558
275 1277487
276 1239734
277 1203499
278 1168033
279 1133478
280 1094536
281 1063504
282 1027150
283 992076
284 956185
285 926002
286 891668
287 858185
288 826705
289 794059
290 762279
291 732324
292 701942
293 672749
294 647239
295 618263
296 593378
297 566483
298 544278
299 517970
300 494933
301 471157
302 449736
303 431490
304 409645
305 389616
306 371329
307 351911
308 335560
309 318844
310 301265
311 286184
312 270405
313 256217
314 240818
315 227162
316 213833
317 199800
318 189408
319 178041
320 167091
321 155361
322 146062
323 135915
324 127345
325 118950
326 110555
327 102864
328 95995
329 89485
330 82136
331 77571
332 72200
333 67061
334 63066
335 58877
336 54848
337 51137
338 47304
339 43854
340 40622
341 36972
342 34510
343 31652
344 28757
345 26234
346 24544
347 22117
348 20170
349 18638
350 17059
351 15559
352 14215
353 12973
354 11805
355 10680
356 9971
357 8876
358 8234
359 7496
360 6854
361 6266
362 5730
363 5380
364 4773
365 4300
366 4085
367 3524
368 3319
369 2923
370 2747
371 2441
372 2129
373 1861
374 1841
375 1549
376 1483
377 1385
378 1320
379 1176
380 1086
381 1018
382 1043
383 834
384 724
385 665
386 659
387 540
388 413
389 411
390 382
391 284
392 260
393 182
394 183
395 152
396 146
397 111
398 139
399 99
400 103
401 87
402 57
403 63
404 41
405 44
406 45
407 35
408 48
409 26
410 27
411 16
412 29
413 18
414 8
415 14
416 3
417 13
418 10
419 5
420 7
421 3
422 18
423 3
424 9
425 4
426 4
427 6
428 4
429 4
430 4
431 4
432 0
433 1
434 2
435 1
436 3
437 7
438 2
439 3
440 4
441 2
442 5
443 1
444 5
445 2
446 4
447 5
448 3
449 1
450 0
451 0
452 3
