0 35
1 13
2 7
3 14
4 7
5 7
6 17
7 19
8 35
9 18
10 51
11 61
12 98
13 121
14 177
15 222
16 248
17 315
18 311
19 368
20 395
21 460
22 495
23 538
24 585
25 637
26 657
27 736
28 741
29 824
30 865
31 913
32 986
33 1048
34 1008
35 1084
36 1072
37 1092
38 1096
39 1078
40 1088
41 1132
42 1088
43 1073
44 1101
45 1084
46 1182
47 1109
48 1074
49 1165
50 1131
51 1173
52 1165
53 1120
54 1140
55 1169
56 1158
57 1215
58 1194
59 1136
60 1141
61 1204
62 1185
63 1169
64 1135
65 1148
66 1113
67 1106
68 1172
69 1174
70 1154
71 1200
72 1154
73 1170
74 1121
75 1110
76 1113
77 1074
78 1103
79 1237
80 1135
81 1160
82 1115
83 1065
84 1118
85 1168
86 1066
87 1108
88 1095
89 1128
90 1065
91 1084
92 1132
93 1120
94 1074
95 1071
96 1110
97 1005
98 1026
99 1045
100 1060
101 1025
102 995
103 903
104 997
105 965
106 964
107 990
108 979
109 940
110 951
111 945
112 943
113 934
114 915
115 856
116 914
117 909
118 855
119 870
120 827
121 868
122 819
123 878
124 820
125 802
126 780
127 857
128 817
129 767
130 726
131 744
132 745
133 776
134 726
135 778
136 808
137 770
138 719
139 781
140 811
141 807
142 741
143 754
144 735
145 720
146 710
147 765
148 749
149 728
150 730
151 690
152 738
153 695
154 725
155 781
156 738
157 748
158 764
159 751
160 740
161 717
162 739
163 726
164 692
165 724
166 695
167 793
168 700
169 736
170 718
171 719
172 702
173 717
174 681
175 702
176 659
177 662
178 664
179 607
180 644
181 576
182 581
183 598
184 546
185 559
186 604
187 575
188 609
189 601
190 588
191 577
192 583
193 599
194 528
195 591
196 566
197 548
198 582
199 527
200 523
201 603
202 564
203 619
204 595
205 647
206 613
207 621
208 588
209 609
210 599
211 623
212 590
213 616
214 607
215 597
216 622
217 623
218 573
219 611
220 570
221 570
222 590
223 595
224 585
225 596
226 529
227 563
228 578
229 526
230 642
231 609
232 571
233 626
234 614
235 663
236 619
237 633
238 659
239 636
240 645
241 631
242 635
243 606
244 575
245 639
246 561
247 593
248 574
249 569
250 578
251 562
252 584
253 524
254 564
255 579
256 585
257 581
258 588
259 565
260 579
261 577
262 518
263 522
264 515
265 488
266 519
267 484
268 485
269 440
270 466
271 434
272 431
273 377
274 405
275 361
276 347
277 352
278 345
279 326
280 341
281 338
282 359
283 352
284 336
285 305
286 314
287 280
288 282
289 251
290 237
291 193
292 185
293 185
294 162
295 154
296 117
297 134
298 116
299 112
300 95
301 86
302 77
303 73
304 60
305 63
306 55
307 46
308 34
309 35
310 41
311 42
312 43
313 32
314 36
315 33
316 40
317 25
318 23
319 26
320 18
321 30
322 12
323 12
324 13
325 17
326 14
327 11
328 15
329 12
330 12
331 9
332 14
333 14
334 8
335 15
336 8
337 7
338 5
339 5
340 6
341 0
342 4
343 2
344 4
345 1
346 1
347 0
348 0
349 0
350 0
351 0
352 0
353 1
354 1
355 0
356 0
357 0
358 0
359 0
360 0
361 0
362 0
363 0
364 0
365 0
366 0
367 0
368 0
369 0
370 0
371 0
372 0
373 0
374 0
375 0
376 0
377 0
378 0
379 0
380 0
381 0
382 0
383 0
384 0
385 0
386 0
387 0
388 0
389 0
390 0
391 0
392 0
393 0
394 0
395 0
396 0
397 0
398 0
399 0
400 0
401 0
402 0
403 0
404 0
405 0
406 0
407 0
408 0
409 0
410 0
411 0
412 0
413 0
414 0
415 0
416 0
417 0
418 0
419 0
420 0
421 0
422 0
423 0
424 0
425 0
426 0
427 0
428 0
429 0
