0 8
1 5
2 5
3 4
4 2
5 3
6 10
7 4
8 24
9 13
10 34
11 49
12 86
13 101
14 171
15 216
16 223
17 280
18 265
19 344
20 350
21 395
22 430
23 468
24 481
25 531
26 540
27 543
28 571
29 622
30 636
31 718
32 712
33 768
34 721
35 742
36 815
37 837
38 853
39 756
40 830
41 813
42 816
43 784
44 853
45 853
46 866
47 863
48 839
49 867
50 862
51 902
52 901
53 907
54 956
55 940
56 943
57 1015
58 986
59 915
60 896
61 1017
62 993
63 963
64 950
65 994
66 950
67 908
68 969
69 1024
70 1002
71 1128
72 1094
73 1115
74 1126
75 1127
76 1204
77 1119
78 1123
79 1217
80 1246
81 1182
82 1271
83 1228
84 1331
85 1390
86 1369
87 1530
88 1473
89 1556
90 1607
91 1613
92 1710
93 1712
94 1814
95 1881
96 1942
97 2133
98 2157
99 2314
100 2330
101 2533
102 2590
103 2819
104 3139
105 3299
106 3503
107 3831
108 4015
109 4419
110 4938
111 5308
112 5744
113 6388
114 6704
115 7481
116 8284
117 8617
118 9738
119 10039
120 10983
121 11650
122 12458
123 13318
124 14369
125 15316
126 16353
127 17680
128 19780
129 20841
130 22908
131 24875
132 26473
133 28945
134 31116
135 33731
136 36368
137 39765
138 42908
139 46221
140 49478
141 53475
142 57984
143 62266
144 66724
145 71301
146 75936
147 81117
148 86631
149 93218
150 99369
151 106772
152 113242
153 121321
154 129448
155 135897
156 145045
157 152351
158 163007
159 171769
160 181473
161 191863
162 202938
163 213711
164 224649
165 235977
166 249305
167 261316
168 274878
169 287070
170 304493
171 318118
172 334558
173 350976
174 365927
175 383249
176 399854
177 413777
178 430502
179 444841
180 461198
181 477181
182 494906
183 513222
184 529371
185 547576
186 567225
187 585879
188 604654
189 622593
190 645386
191 663028
192 683389
193 705649
194 725235
195 744263
196 761610
197 780975
198 794833
199 813787
200 829805
201 848625
202 866589
203 881595
204 897925
205 916004
206 928298
207 946087
208 960512
209 972763
210 987865
211 1000477
212 1009964
213 1020387
214 1033752
215 1045007
216 1051226
217 1060070
218 1069363
219 1075934
220 1084707
221 1091236
222 1101735
223 1108527
224 1113018
225 1119891
226 1126563
227 1127209
228 1131290
229 1135287
230 1136715
231 1138740
232 1137977
233 1135340
234 1137047
235 1133475
236 1136149
237 1125856
238 1125639
239 1118517
240 1110328
241 1103770
242 1096397
243 1088547
244 1074999
245 1067621
246 1055986
247 1045868
248 1038883
249 1025670
250 1011070
251 1005270
252 990633
253 976631
254 961527
255 952398
256 935774
257 924372
258 910733
259 892523
260 879021
261 865188
262 848273
263 834368
264 817574
265 800331
266 785129
267 767917
268 750670
269 736484
270 718171
271 700966
272 682673
273 667118
274 647571
275 630584
276 614163
277 598699
278 582499
279 564274
280 549041
281 533661
282 515302
283 497479
284 481805
285 466948
286 449010
287 433377
288 417958
289 400868
290 385877
291 371854
292 356302
293 341036
294 327556
295 312579
296 301281
297 288779
298 277134
299 264482
300 253223
301 241368
302 230589
303 220818
304 209911
305 199532
306 189088
307 178362
308 169987
309 161297
310 152302
311 144198
312 136175
313 128586
314 120238
315 113710
316 106492
317 98858
318 94023
319 87228
320 81946
321 75677
322 71362
323 66195
324 61803
325 57568
326 52976
327 48872
328 45849
329 42332
330 38648
331 36780
332 34068
333 31591
334 29718
335 27536
336 25798
337 23840
338 21589
339 19766
340 18354
341 16764
342 15258
343 14209
344 12765
345 11463
346 10764
347 9688
348 8796
349 8028
350 7409
351 6534
352 6093
353 5661
354 5085
355 4642
356 4481
357 3853
358 3550
359 3318
360 3036
361 2785
362 2521
363 2360
364 1934
365 1693
366 1598
367 1314
368 1145
369 1044
370 921
371 830
372 681
373 633
374 607
375 468
376 488
377 447
378 433
379 358
380 382
381 379
382 381
383 328
384 277
385 247
386 251
387 175
388 120
389 139
390 146
391 67
392 59
393 53
394 34
395 32
396 36
397 30
398 23
399 24
400 20
401 18
402 17
403 17
404 13
405 19
406 17
407 19
408 24
409 14
410 14
411 5
412 14
413 4
414 4
415 5
416 0
417 6
418 4
419 0
420 1
421 1
422 1
423 0
424 0
425 0
426 0
427 1
428 0
429 1
