0 89
1 32
2 21
3 30
4 18
5 16
6 29
7 32
8 42
9 33
10 64
11 82
12 113
13 143
14 195
15 244
16 271
17 340
18 344
19 405
20 415
21 497
22 526
23 575
24 635
25 658
26 697
27 782
28 783
29 868
30 911
31 947
32 1030
33 1099
34 1050
35 1126
36 1112
37 1136
38 1142
39 1113
40 1138
41 1174
42 1133
43 1118
44 1146
45 1125
46 1227
47 1148
48 1118
49 1213
50 1179
51 1211
52 1210
53 1155
54 1184
55 1226
56 1198
57 1258
58 1222
59 1181
60 1180
61 1249
62 1219
63 1211
64 1173
65 1180
66 1150
67 1137
68 1217
69 1212
70 1191
71 1240
72 1185
73 1211
74 1164
75 1143
76 1149
77 1103
78 1140
79 1273
80 1182
81 1199
82 1150
83 1107
84 1147
85 1195
86 1102
87 1153
88 1126
89 1157
90 1100
91 1132
92 1162
93 1145
94 1104
95 1101
96 1141
97 1027
98 1069
99 1069
100 1088
101 1053
102 1027
103 929
104 1028
105 990
106 994
107 1024
108 1009
109 965
110 985
111 975
112 969
113 976
114 945
115 894
116 951
117 948
118 884
119 902
120 864
121 912
122 862
123 907
124 865
125 847
126 809
127 889
128 842
129 798
130 753
131 763
132 775
133 803
134 763
135 807
136 838
137 798
138 758
139 813
140 837
141 831
142 774
143 782
144 766
145 754
146 735
147 805
148 781
149 744
150 762
151 717
152 772
153 727
154 757
155 813
156 770
157 772
158 790
159 773
160 765
161 739
162 772
163 758
164 714
165 754
166 722
167 820
168 729
169 759
170 738
171 750
172 732
173 744
174 703
175 727
176 692
177 678
178 690
179 636
180 666
181 593
182 608
183 624
184 572
185 583
186 632
187 597
188 633
189 629
190 610
191 603
192 616
193 631
194 568
195 615
196 583
197 576
198 609
199 557
200 555
201 620
202 587
203 635
204 619
205 676
206 638
207 647
208 612
209 633
210 625
211 648
212 610
213 645
214 643
215 632
216 644
217 659
218 600
219 639
220 600
221 610
222 628
223 628
224 621
225 635
226 561
227 599
228 604
229 553
230 675
231 645
232 607
233 670
234 647
235 717
236 662
237 680
238 689
239 675
240 688
241 675
242 668
243 642
244 608
245 682
246 593
247 635
248 614
249 601
250 617
251 596
252 627
253 565
254 608
255 616
256 620
257 612
258 611
259 592
260 603
261 602
262 547
263 546
264 544
265 519
266 543
267 507
268 508
269 466
270 494
271 458
272 450
273 405
274 419
275 384
276 364
277 375
278 360
279 343
280 358
281 361
282 382
283 382
284 359
285 322
286 336
287 304
288 301
289 273
290 253
291 211
292 199
293 202
294 180
295 161
296 129
297 143
298 125
299 118
300 101
301 92
302 82
303 79
304 64
305 70
306 57
307 49
308 37
309 42
310 45
311 50
312 45
313 32
314 38
315 34
316 43
317 26
318 28
319 26
320 18
321 33
322 13
323 16
324 14
325 19
326 16
327 11
328 15
329 12
330 13
331 11
332 14
333 14
334 8
335 15
336 8
337 9
338 6
339 6
340 6
341 1
342 4
343 2
344 4
345 1
346 2
347 1
348 0
349 0
350 0
351 0
352 0
353 1
354 1
355 0
356 0
357 0
358 0
359 0
360 0
361 0
362 0
363 0
364 0
365 0
366 0
367 0
368 0
369 0
370 0
371 0
372 0
373 0
374 0
375 0
376 0
377 0
378 0
379 0
380 0
381 0
382 0
383 0
384 0
385 0
386 0
387 0
388 0
389 0
390 0
391 0
392 0
393 0
394 0
395 0
396 0
397 0
398 0
399 0
400 0
401 0
402 0
403 0
404 0
405 0
406 0
407 0
408 0
409 0
410 0
411 0
412 0
413 0
414 0
415 0
416 0
417 0
418 0
419 0
420 0
421 0
422 0
423 0
424 0
425 0
426 0
427 0
428 0
429 0
430 0
431 0
432 0
433 0
434 0
435 0
436 0
437 0
438 0
439 0
440 0
441 0
442 0
443 0
444 0
445 0
446 0
447 0
448 0
449 0
450 0
451 0
452 0
