0.000000002
2.599634621
1.933146314
1.832590218
1.389548043
5.938989146
0.068492219
2.777023714
5.322275532
7.904473231
2.078431117
1.801980024
0.076190468
4.269184238
1.00483087
0.871794768
0.403846128
0.82570019
3.504240779
0.542857141
4.05783107
1.787517311
0.645961158
3.482394247
5.829231831
0.463580406
0.140350877
0.333282
0.231884057
4.701357186
4.264264165
0.817639387
2.274796457
1.027903913
2.281983265
3.333892095
2.874728174
2.616872145
0.631578576
0.072727271
0.31372549
4.959732368
12.88054896
11.00949712
12.83757713
9.857989083
11.21324681
0.548667091
0.223463547
0.118518518
0.177464328
1.838181043
0.193221408
0.154730608
13.86841818
2.052795132
0.164948454
1.550310519
0.212493607
0.975030657
6.211835254
6.58778023
0.187276511
0.046920113
6.778597591
0.196965203
0.263632246
0.049999872
0.05734766
0.684652525
0.538333986
1.552225309
0.332402536
0.87254314
0.403627245
0.4446621
2.353750371
5.126945038
7.296897899
4.969561153
3.618780622
0.356441867
1.982295764
5.757619069
3.1389009
3.911520474
0.632300696
0.325839037
0.67930226
0.16981126
0.314714318
0.720587839
1.088852346
0.408363835
2.227548449
0.959531646
0.795047892
1.20831479
2.189022698
3.138888693
0.125984251
0.408936546
5.553563018
1.484213306
0.31067961
0.583822948
1.581826231
5.294427208
0.162438919
0.812030111
0.186666009
1.988722601
1.385833972
0.359374717
0.335664291
28.28201187
11.93801807
7.480221198
0.485597863
5.121232195
0.142857143
0.439381375
4.349952098
0.399999858
0.067510546
0.520547897
0.627415432
0.372092631
0.30125471
0.15060827
0.452663078
0.109589041
0.203708662
0.321426249
0.211265128
0.168421053
0.2
0.225963688
0.077851004
0.418848132
0.494845361
0.102564102
0.107982242
0.177779289
6.24958864
4.432421212
1.494822314
0.459770114
1.008739189
0.808349496
22.51922749
10.71230617
8.912872356
2.540509602
2.341259575
0.19590062
2.364595592
2.456473329
1.326922941
0.125984252
0.166666
0.293456367
0.730153193
0.251273199
0.280701754
0.172043011
0.191712416
0.454545446
0.32
0.275861935
0.516129032
0.163848701
0.226950354
0.358974359
0.09142857
0.199994395
0.685184109
0.042245421
0.271557702
0.118642661
0.35913224
1.034779473
0.328174088
0.417634425
0.122026255
0.105060713
0.624999981
0.515150555
0.887498153
0.579710144
0.135134883
0.32
0.470588235
0.112676056
0.19354656
0.225352106
0.190371479
0.16
0.633333303
0.188976221
0.736842105
0.205879979
0.082474226
0.130575822
0.233232159
0.118518518
0.081218273
0.228571428
0.350364177
0.173220121
0.761904762
0.172864485
0.222145752
0.082051276
0.347826087
0.917868128
5.273910837
1.280227051
3.975688054
3.164128073
3.893172608
5.78002218
0.560734321
2.858508742
1.848794381
3.633939663
0.598950636
4.194683496
0.914007465
5.437499309
6.59770081
0.183908045
0.235289123
0.368420782
2.401789984
2.346675712
0.163036784
5.860036316
1.78246098
0.359550562
0.516129032
0.201257069
0.08988764
0.352941174
0.176790625
4.194875494
18.74999688
0.077805093
0.255741555
0.385031297
5.111099063
0.107606133
0.309177093
0.24675321
0.581818181
1.176753512
1.673125135
0.28643284
0.340740125
1.481481472
5.947368128
0.707964535
0.083769632
0.333274508
0.111888111
0.581818182
0.280701754
0.23880597
0.411763914
0.30470488
0.732824426
0.177777778
0.117545367
0.13685655
0.124191896
1.621708792
0.213333333
0.058608049
1.849245703
0.140350877
0.122548358
0.068519637
0.329896907
0.262295082
0.181818182
0.161616162
0.418300648
0.285714278
0.130081291
1.315763588
0.073468805
0.035239987
0.262295082
0.106666666
2.481925023
0.888888889
0.182537137
0.153819087
0.93645665
0.733164207
1.273964496
16.43450146
0.795629234
15.86659141
0.265338983
4.903375238
0.362769839
0.037733992
6.124954819
6.568605678
0.166666608
11.59319906
4.681817824
12.59576013
0.281235543
0.118517101
4.774146381
25.8442643
10.58737674
0.219512163
1.029411327
0.55171663
0.627450838
0.089267271
1.192995864
0.231884058
8.25131032
8.818184127
0.728563782
0.401698739
0.103896098
0.152380952
0.645961216
0.156862744
0.22157213
0.145384086
2.752922885
0.126661014
0.260180721
0.47260979
0.288288288
0.128
0.133333333
4.888779239
7.884563507
3.53292793
0.31707312
0.399996846
0.072182118
1.133566177
5.869007195
0.122928606
8.860476513
0.244965612
3.618873126
0.520130771
6.981320824
0.843582786
0.45765466
0.988763532
0.246985916
5.545867755
4.937499979
0.122605282
0.599999998
0.172043011
1.610211952
0.167538695
6.97297235
0.227272725
3.911743328
6.16550544
0.271186441
0.174946558
5.374985865
2.258517872
0.434108088
5.094337554
0.824742265
0.485714268
0.229061525
5.660693925
1.624996462
3.494564983
0.31372549
0.193343118
0.263718597
0.253968254
6.983767416
1.78721115
1.396172038
1.337450973
0.666666667
1.786980487
7.433761356
1.140757023
0.285713975
0.646928723
0.313722393
0.234434214
0.333333333
0.03508438
1.39070362
2.578997372
7.238417429
13.64992944
1.62507516
6.803994962
0.140350877
2.955699067
7.139528319
0.087021913
2.478334309
0.6
0.631578944
0.251968504
4.015191742
3.915921138
8.451247225
0.292425348
0.243713801
0.965662494
0.164922318
3.418368184
0.317551282
4.076481277
17.96563644
1.783896841
1.481191051
4.466964301
1.999939683
12.96969674
0.416871793
17.97082673
4.505247198
15.53480823
6.949337686
2.541237114
4.507422716
13.04583424
11.96187953
3.727159903
0.211098187
2.657478051
3.851539498
25.03985027
5.778068743
5.313936393
8.680178133
0.282595479
4.281677566
6.157894701
1.669562538
2.290994406
0.210526316
0.217687074
10.58485102
3.409063665
8.437499517
2.813557923
1.075266497
1.491774365
7.267628708
1.734534676
3.415239756
2.92725301
0.75293938
0.156862745
0.083769633
0.741935479
0.5
1.745170906
0.929974636
0.907216326
3.425932926
5.658037355
0.075471694
3.692135428
6.603390158
0.101502947
5.213841494
0.267780133
0.055987738
21.83527064
0.118724015
0.168421053
0.181537973
11.60791451
0.222222222
0.137780739
0.537548119
0.258036029
0.227488146
0.075117362
2.377357952
0.895856457
0.111888112
1.20429282
0.4
3.144827456
2.897147928
2.324422347
0.376297059
0.124031008
0.213333333
0.148148148
0.107623286
0.033183915
0.115942029
0.129228477
1.176446468
0.189844213
1.189807097
0.380952381
1.026315771
0.342539488
0.131147541
0.065843611
0.125984251
10.12103262
13.40656061
3.670958424
0.324999998
0.046534733
0.051879792
0.124999998
0.577774709
5.35673268
2.282172888
0.347826086
0.022800561
0.336272911
0.189349111
0.078431371
0.289550311
0.083769633
0.156862745
0.054607436
4.999774569
0.484848485
15.65114278
0.159784029
1.466665755
1.690644593
0.860913459
1.282312929
0.271186441
0.785714261
1.129941713
7.879661979
0.294165196
1.150942229
0.55404272
0.227881785
0.238419935
0.184381666
12.56700199
8.210526128
0.560974208
0.522629423
0.30379745
1.266186961
1.587859893
4.415567153
1.57264955
0.847807562
1.145597869
1.469288929
0.296296296
1.300890753
10.5227271
4.373301243
0.289401021
0.22857106
0.046920671
0.964633751
3.150994529
5.621207541
0.664185445
3.818181785
2.322033187
0.457142825
0.376470468
0.237623757
0.101265823
0.076922951
1.902424357
0.999999986
0.067226883
1.113414675
1.051282034
7.545438085
0.070150895
15.49999886
0.427472978
0.093175782
0.304314188
0.183908046
0.230139617
0.367816092
0.300918478
0.540503356
0.074418602
0.13168059
0.215244645
0.841027497
1.126760562
0.412903217
0.308822823
0.265816149
0.29850725
0.562812193
0.084123627
0.108843537
0.16143159
0.106728613
0.110015236
0.196319006
0.363636151
0.230740415
3.362244195
4.502512217
2.212015971
0.31372549
0.533333333
0.727272727
0.524999716
0.243243243
0.175824176
0.179775277
0.576923071
1.380390877
0.197530864
0.219177924
0.079999997
0.080542851
0.114285714
0.366665995
1.021272292
0.993455533
0.336842105
0.173913043
0.164948453
0.704751122
0.258064516
0.30188561
0.080196901
1.551401075
6.168883513
0.399982825
0.878284994
0.07251836
0.204095661
0.920122294
0.199999998
0.926625719
0.275862069
0.3076923
0.484848485
4.655977981
1.276996198
1.525175901
2.347799728
2.95445095
0.196916353
0.642705581
0.379401171
1.230764187
1.310343483
0.202528523
0.212620802
0.230736447
2.399999991
0.10761485
0.666666667
0.271186441
1.548934531
0.122137404
0.19047619
0.130080999
0.044442423
0.290909091
0.418114022
0.206973173
3.059545386
0.564692925
0.132959519
0.097323365
1.333332684
0.359434626
6.387096748
0.38235292
0.499987017
0.195108948
4.322981317
0.140350589
0.144144144
0.865384404
0.222222222
2.357123177
0.148906125
0.15923362
0.144545349
0.15325988
0.656529236
0.181818158
0.212205626
0.4915222
0.444444444
0.995031275
3.065217225
0.58638741
0.354548066
0.245582716
0.394730387
0.2990652
0.982752426
1.329506253
0.214046605
0.792158646
0.909281756
1.266565094
5.842375441
1.886484958
1.358018868
1.001519264
0.144144144
0.136875887
1.032256384
0.122585405
0.774193548
5.602741551
1.266655924
0.069112752
0.164948454
0.172280457
3.909061108
0.164948449
0.607093432
0.102564102
0.046057192
0.447298398
9.594202619
0.549571382
1.406047085
0.120300731
0.191616759
0.08695652
0.081458641
0.076555294
3.111070503
0.333333333
0.225352113
0.22150806
0.309802188
5.567567522
2.009268528
0.041095771
0.051353514
7.182260768
6.22310233
0.32753033
0.086486486
0.399999628
0.258064515
8.837006497
6.709423294
0.19753086
0.657858843
0.148148148
0.148097212
0.150234738
0.304760456
0.293577523
1.982684685
0.28854728
0.135286836
0.525238052
0.132350799
0.101265822
0.032916262
0.106010443
0.499996337
0.37209302
0.59999776
0.438356143
0.163265306
1.074195485
0.064259914
0.134453781
0.311283777
3.979981253
0.328450179
0.299464401
0.093567244
0.907685296
1.281137827
0.229379017
0.237622352
0.565656062
0.852668876
3.236841588
0.222601806
16.34762096
25.22095952
1.137105411
0.435781324
1.361111038
14.15257291
6.6315777
0.456448472
0.260670194
3.804877041
3.906976096
2.054964596
5.022077947
0.192677961
0.598785214
0.150943216
0.592592593
15.65624935
14.16271319
39.67741764
2.878787855
1.024090813
4.567567478
0.41025641
0.057761417
0.253968254
20.7117019
20.36841296
0.269657997
14.14281885
8.117646695
7.951594849
2.121102865
0.09937888
0.09039548
0.230767637
0
1.040425257
0.433893263
3.21231599
20.78900251
0.065437295
0.52001892
0
0.198935828
1.632829334
1.050822983
13.55337105
16.71185038
0.549827559
1.549263747
1.192285423
0.304734297
6.605262763
5.366330411
0.031907636
0.564705855
15.74544032
0.423751856
0.090253113
0.675624976
1.226172495
0.005714286
3.919461236
5.418811617
3.655134657
32.78375433
0.027418413
0.461994851
1.065290308
0.593460547
0.654611913
0.017696332
10.53608233
0.687060502
4.067451809
2.036731425
10.66398269
15.42989503
88.23809466
9.901835519
0.905180305
16.53182843
7.113146339
2.194373765
2.279048397
3.105263081
23.27133038
0.028282617
4.165657699
4.187683954
17.01917455
0.779660747
14.99998641
0.99122929
3.044485936
1.009899843
14.71422129
2.716090217
0.020988257
0.631996953
1.315392411
7.851063555
5.105263135
8.414261939
0.015254371
11.97813793
0.044689395
0.066661225
7.017314342
2.527814203
0
1.232621513
0.015734505
0.13747486
0.606733363
1.038959568
9.77430447
0.524519353
0.520513597
2.182456188
2.950048877
32.16666458
7.999355051
29.74995897
1.448005298
11.87735287
1.098753968
0.849511093
21.32278308
1.886285266
0.065777642
18.01950389
11.15276814
41.4615376
0.758841659
0.674714757
3.918367057
4.999999246
14.01570947
23.82350457
0.248821644
0.683212907
15.33783637
20.88501411
15.99995782
1.121304959
52.29031977
41.79410491
1.873417903
2.517397448
1.328202905
19.41935336
1.161895059
2.604185435
2.023099741
0.534120668
23.60451236
4.880187071
25.20353524
36.1051773
3.96655801
1.092986261
8.161290272
5.557092959
12.74327668
6.492205283
10.58384915
8.305555385
5.419995129
34.23529355
1.308798692
6.622219891
4.563089708
1.263621807
9.458331919
1.397043813
26.01842515
4.106376191
0.539257729
1.059911217
2.228758103
1.389610393
0.124352198
0.020841789
3.364578546
1.415882955
1.052167839
0.853959015
48.36822899
0.283861077
2.241216944
22.39124813
9.365371011
16.26313614
11.30769229
12.87499995
0.425721733
6.326738111
6.32426434
4.433377992
0.540324179
20.05757936
0.836694374
1.916416471
6.717910861
9.552723045
0.625945584
1.417180348
