0.000000000
0.000000000
0.000000000
0.000000002
0.005714286
0.015254371
0.015734505
0.017696332
0.020841789
0.020988257
0.022800561
0.027418413
0.028282617
0.031907636
0.032916262
0.033183915
0.035084380
0.035239987
0.037733992
0.041095771
0.042245421
0.044442423
0.044689395
0.046057192
0.046534733
0.046920113
0.046920671
0.049999872
0.051353514
0.051879792
0.054607436
0.055987738
0.057347660
0.057761417
0.058608049
0.064259914
0.065437295
0.065777642
0.065843611
0.066661225
0.067226883
0.067510546
0.068492219
0.068519637
0.069112752
0.070150895
0.072182118
0.072518360
0.072727271
0.073468805
0.074418602
0.075117362
0.075471694
0.076190468
0.076555294
0.076922951
0.077805093
0.077851004
0.078431371
0.079999997
0.080196901
0.080542851
0.081218273
0.081458641
0.082051276
0.082474226
0.083769632
0.083769633
0.083769633
0.084123627
0.086486486
0.086956520
0.087021913
0.089267271
0.089887640
0.090253113
0.090395480
0.091428570
0.093175782
0.093567244
0.097323365
0.099378880
0.101265822
0.101265823
0.101502947
0.102564102
0.102564102
0.103896098
0.105060713
0.106010443
0.106666666
0.106728613
0.107606133
0.107614850
0.107623286
0.107982242
0.108843537
0.109589041
0.110015236
0.111888111
0.111888112
0.112676056
0.114285714
0.115942029
0.117545367
0.118517101
0.118518518
0.118518518
0.118642661
0.118724015
0.120300731
0.122026255
0.122137404
0.122548358
0.122585405
0.122605282
0.122928606
0.124031008
0.124191896
0.124352198
0.124999998
0.125984251
0.125984251
0.125984252
0.126661014
0.128000000
0.129228477
0.130080999
0.130081291
0.130575822
0.131147541
0.131680590
0.132350799
0.132959519
0.133333333
0.134453781
0.135134883
0.135286836
0.136856550
0.136875887
0.137474860
0.137780739
0.140350589
0.140350877
0.140350877
0.140350877
0.142857143
0.144144144
0.144144144
0.144545349
0.145384086
0.148097212
0.148148148
0.148148148
0.148906125
0.150234738
0.150608270
0.150943216
0.152380952
0.153259880
0.153819087
0.154730608
0.156862744
0.156862745
0.156862745
0.159233620
0.159784029
0.160000000
0.161431590
0.161616162
0.162438919
0.163036784
0.163265306
0.163848701
0.164922318
0.164948449
0.164948453
0.164948454
0.164948454
0.166666000
0.166666608
0.167538695
0.168421053
0.168421053
0.169811260
0.172043011
0.172043011
0.172280457
0.172864485
0.173220121
0.173913043
0.174946558
0.175824176
0.176790625
0.177464328
0.177777778
0.177779289
0.179775277
0.181537973
0.181818158
0.181818182
0.182537137
0.183908045
0.183908046
0.184381666
0.186666009
0.187276511
0.188976221
0.189349111
0.189844213
0.190371479
0.190476190
0.191616759
0.191712416
0.192677961
0.193221408
0.193343118
0.193546560
0.195108948
0.195900620
0.196319006
0.196916353
0.196965203
0.197530860
0.197530864
0.198935828
0.199994395
0.199999998
0.200000000
0.201257069
0.202528523
0.203708662
0.204095661
0.205879979
0.206973173
0.210526316
0.211098187
0.211265128
0.212205626
0.212493607
0.212620802
0.213333333
0.213333333
0.214046605
0.215244645
0.217687074
0.219177924
0.219512163
0.221508060
0.221572130
0.222145752
0.222222222
0.222222222
0.222601806
0.223463547
0.225352106
0.225352113
0.225963688
0.226950354
0.227272725
0.227488146
0.227881785
0.228571060
0.228571428
0.229061525
0.229379017
0.230139617
0.230736447
0.230740415
0.230767637
0.231884057
0.231884058
0.233232159
0.234434214
0.235289123
0.237622352
0.237623757
0.238419935
0.238805970
0.243243243
0.243713801
0.244965612
0.245582716
0.246753210
0.246985916
0.248821644
0.251273199
0.251968504
0.253968254
0.253968254
0.255741555
0.258036029
0.258064515
0.258064516
0.260180721
0.260670194
0.262295082
0.262295082
0.263632246
0.263718597
0.265338983
0.265816149
0.267780133
0.269657997
0.271186441
0.271186441
0.271186441
0.271557702
0.275861935
0.275862069
0.280701754
0.280701754
0.281235543
0.282595479
0.283861077
0.285713975
0.285714278
0.286432840
0.288288288
0.288547280
0.289401021
0.289550311
0.290909091
0.292425348
0.293456367
0.293577523
0.294165196
0.296296296
0.298507250
0.299065200
0.299464401
0.300918478
0.301254710
0.301885610
0.303797450
0.304314188
0.304704880
0.304734297
0.304760456
0.307692300
0.308822823
0.309177093
0.309802188
0.310679610
0.311283777
0.313722393
0.313725490
0.313725490
0.313725490
0.314714318
0.317073120
0.317551282
0.320000000
0.320000000
0.321426249
0.324999998
0.325839037
0.327530330
0.328174088
0.328450179
0.329896907
0.332402536
0.333274508
0.333282000
0.333333333
0.333333333
0.335664291
0.336272911
0.336842105
0.340740125
0.342539488
0.347826086
0.347826087
0.350364177
0.352941174
0.354548066
0.356441867
0.358974359
0.359132240
0.359374717
0.359434626
0.359550562
0.362769839
0.363636151
0.366665995
0.367816092
0.368420782
0.372092631
0.372093020
0.376297059
0.376470468
0.379401171
0.380952381
0.382352920
0.385031297
0.394730387
0.399982825
0.399996846
0.399999628
0.399999858
0.400000000
0.401698739
0.403627245
0.403846128
0.408363835
0.408936546
0.410256410
0.411763914
0.412903217
0.416871793
0.417634425
0.418114022
0.418300648
0.418848132
0.423751856
0.425721733
0.427472978
0.433893263
0.434108088
0.435781324
0.438356143
0.439381375
0.444444444
0.444662100
0.447298398
0.452663078
0.454545446
0.456448472
0.457142825
0.457654660
0.459770114
0.461994851
0.463580406
0.470588235
0.472609790
0.484848485
0.484848485
0.485597863
0.485714268
0.491522200
0.494845361
0.499987017
0.499996337
0.500000000
0.515150555
0.516129032
0.516129032
0.520018920
0.520130771
0.520513597
0.520547897
0.522629423
0.524519353
0.524999716
0.525238052
0.533333333
0.534120668
0.537548119
0.538333986
0.539257729
0.540324179
0.540503356
0.542857141
0.548667091
0.549571382
0.549827559
0.551716630
0.554042720
0.560734321
0.560974208
0.562812193
0.564692925
0.564705855
0.565656062
0.576923071
0.577774709
0.579710144
0.581818181
0.581818182
0.583822948
0.586387410
0.592592593
0.593460547
0.598785214
0.598950636
0.599997760
0.599999998
0.600000000
0.606733363
0.607093432
0.624999981
0.625945584
0.627415432
0.627450838
0.631578576
0.631578944
0.631996953
0.632300696
0.633333303
0.642705581
0.645961158
0.645961216
0.646928723
0.654611913
0.656529236
0.657858843
0.664185445
0.666666667
0.666666667
0.674714757
0.675624976
0.679302260
0.683212907
0.684652525
0.685184109
0.687060502
0.704751122
0.707964535
0.720587839
0.727272727
0.728563782
0.730153193
0.732824426
0.733164207
0.736842105
0.741935479
0.752939380
0.758841659
0.761904762
0.774193548
0.779660747
0.785714261
0.792158646
0.795047892
0.795629234
0.808349496
0.812030111
0.817639387
0.824742265
0.825700190
0.836694374
0.841027497
0.843582786
0.847807562
0.849511093
0.852668876
0.853959015
0.860913459
0.865384404
0.871794768
0.872543140
0.878284994
0.887498153
0.888888889
0.895856457
0.905180305
0.907216326
0.907685296
0.909281756
0.914007465
0.917868128
0.920122294
0.926625719
0.929974636
0.936456650
0.959531646
0.964633751
0.965662494
0.975030657
0.982752426
0.988763532
0.991229290
0.993455533
0.995031275
0.999999986
1.001519264
1.004830870
1.008739189
1.009899843
1.021272292
1.024090813
1.026315771
1.027903913
1.029411327
1.032256384
1.034779473
1.038959568
1.040425257
1.050822983
1.051282034
1.052167839
1.059911217
1.065290308
1.074195485
1.075266497
1.088852346
1.092986261
1.098753968
1.113414675
1.121304959
1.126760562
1.129941713
1.133566177
1.137105411
1.140757023
1.145597869
1.150942229
1.161895059
1.176446468
1.176753512
1.189807097
1.192285423
1.192995864
1.204292820
1.208314790
1.226172495
1.230764187
1.232621513
1.263621807
1.266186961
1.266565094
1.266655924
1.273964496
1.276996198
1.280227051
1.281137827
1.282312929
1.300890753
1.308798692
1.310343483
1.315392411
1.315763588
1.326922941
1.328202905
1.329506253
1.333332684
1.337450973
1.358018868
1.361111038
1.380390877
1.385833972
1.389548043
1.389610393
1.390703620
1.396172038
1.397043813
1.406047085
1.415882955
1.417180348
1.448005298
1.466665755
1.469288929
1.481191051
1.481481472
1.484213306
1.491774365
1.494822314
1.525175901
1.548934531
1.549263747
1.550310519
1.551401075
1.552225309
1.572649550
1.581826231
1.587859893
1.610211952
1.621708792
1.624996462
1.625075160
1.632829334
1.669562538
1.673125135
1.690644593
1.734534676
1.745170906
1.782460980
1.783896841
1.786980487
1.787211150
1.787517311
1.801980024
1.832590218
1.838181043
1.848794381
1.849245703
1.873417903
1.886285266
1.886484958
1.902424357
1.916416471
1.933146314
1.982295764
1.982684685
1.988722601
1.999939683
2.009268528
2.023099741
2.036731425
2.052795132
2.054964596
2.078431117
2.121102865
2.182456188
2.189022698
2.194373765
2.212015971
2.227548449
2.228758103
2.241216944
2.258517872
2.274796457
2.279048397
2.281983265
2.282172888
2.290994406
2.322033187
2.324422347
2.341259575
2.346675712
2.347799728
2.353750371
2.357123177
2.364595592
2.377357952
2.399999991
2.401789984
2.456473329
2.478334309
2.481925023
2.517397448
2.527814203
2.540509602
2.541237114
2.578997372
2.599634621
2.604185435
2.616872145
2.657478051
2.716090217
2.752922885
2.777023714
2.813557923
2.858508742
2.874728174
2.878787855
2.897147928
2.927253010
2.950048877
2.954450950
2.955699067
3.044485936
3.059545386
3.065217225
3.105263081
3.111070503
3.138888693
3.138900900
3.144827456
3.150994529
3.164128073
3.212315990
3.236841588
3.333892095
3.362244195
3.364578546
3.409063665
3.415239756
3.418368184
3.425932926
3.482394247
3.494564983
3.504240779
3.532927930
3.618780622
3.618873126
3.633939663
3.655134657
3.670958424
3.692135428
3.727159903
3.804877041
3.818181785
3.851539498
3.893172608
3.906976096
3.909061108
3.911520474
3.911743328
3.915921138
3.918367057
3.919461236
3.966558010
3.975688054
3.979981253
4.015191742
4.057831070
4.067451809
4.076481277
4.106376191
4.165657699
4.187683954
4.194683496
4.194875494
4.264264165
4.269184238
4.281677566
4.322981317
4.349952098
4.373301243
4.415567153
4.432421212
4.433377992
4.466964301
4.502512217
4.505247198
4.507422716
4.563089708
4.567567478
4.655977981
4.681817824
4.701357186
4.774146381
4.880187071
4.888779239
4.903375238
4.937499979
4.959732368
4.969561153
4.999774569
4.999999246
5.022077947
5.094337554
5.105263135
5.111099063
5.121232195
5.126945038
5.213841494
5.273910837
5.294427208
5.313936393
5.322275532
5.356732680
5.366330411
5.374985865
5.418811617
5.419995129
5.437499309
5.545867755
5.553563018
5.557092959
5.567567522
5.602741551
5.621207541
5.658037355
5.660693925
5.757619069
5.778068743
5.780022180
5.829231831
5.842375441
5.860036316
5.869007195
5.938989146
5.947368128
6.124954819
6.157894701
6.165505440
6.168883513
6.211835254
6.223102330
6.249588640
6.324264340
6.326738111
6.387096748
6.492205283
6.568605678
6.587780230
6.597700810
6.603390158
6.605262763
6.622219891
6.631577700
6.709423294
6.717910861
6.778597591
6.803994962
6.949337686
6.972972350
6.981320824
6.983767416
7.017314342
7.113146339
7.139528319
7.182260768
7.238417429
7.267628708
7.296897899
7.433761356
7.480221198
7.545438085
7.851063555
7.879661979
7.884563507
7.904473231
7.951594849
7.999355051
8.117646695
8.161290272
8.210526128
8.251310320
8.305555385
8.414261939
8.437499517
8.451247225
8.680178133
8.818184127
8.837006497
8.860476513
8.912872356
9.365371011
9.458331919
9.552723045
9.594202619
9.774304470
9.857989083
9.901835519
10.121032620
10.522727100
10.536082330
10.583849150
10.584851020
10.587376740
10.663982690
10.712306170
11.009497120
11.152768140
11.213246810
11.307692290
11.593199060
11.607914510
11.877352870
11.938018070
11.961879530
11.978137930
12.567001990
12.595760130
12.743276680
12.837577130
12.874999950
12.880548960
12.969696740
13.045834240
13.406560610
13.553371050
13.649929440
13.868418180
14.015709470
14.142818850
14.152572910
14.162713190
14.714221290
14.999986410
15.337836370
15.429895030
15.499998860
15.534808230
15.651142780
15.656249350
15.745440320
15.866591410
15.999957820
16.263136140
16.347620960
16.434501460
16.531828430
16.711850380
17.019174550
17.965636440
17.970826730
18.019503890
18.749996880
19.419353360
20.057579360
20.368412960
20.711701900
20.789002510
20.885014110
21.322783080
21.835270640
22.391248130
22.519227490
23.271330380
23.604512360
23.823504570
25.039850270
25.203535240
25.220959520
25.844264300
26.018425150
28.282011870
29.749958970
32.166664580
32.783754330
34.235293550
36.105177300
39.677417640
41.461537600
41.794104910
48.368228990
52.290319770
88.238094660
