0 0
1 0
2 0
3 0
4 0
5 0
6 0
7 0
8 0
9 0
10 0
11 0
12 0
13 0
14 0
15 0
16 0
17 0
18 0
19 0
20 0
21 0
22 0
23 0
24 0
25 0
26 0
27 0
28 0
29 0
30 0
31 0
32 0
33 0
34 0
35 0
36 0
37 0
38 0
39 0
40 0
41 0
42 0
43 0
44 0
45 0
46 0
47 0
48 0
49 0
50 0
51 0
52 0
53 0
54 0
55 0
56 0
57 0
58 0
59 0
60 0
61 0
62 0
63 0
64 0
65 0
66 0
67 0
68 0
69 0
70 1
71 1
72 0
73 1
74 1
75 1
76 0
77 3
78 1
79 0
80 1
81 1
82 0
83 0
84 0
85 2
86 0
87 1
88 1
89 6
90 1
91 3
92 1
93 0
94 0
95 0
96 2
97 2
98 1
99 4
100 1
101 0
102 6
103 2
104 2
105 1
106 0
107 0
108 3
109 2
110 2
111 2
112 1
113 7
114 5
115 2
116 3
117 2
118 0
119 0
120 3
121 4
122 2
123 0
124 3
125 4
126 6
127 4
128 2
129 2
130 4
131 1
132 2
133 3
134 1
135 2
136 4
137 1
138 2
139 1
140 3
141 3
142 2
143 4
144 3
145 2
146 2
147 2
148 1
149 1
150 2
151 2
152 2
153 2
154 1
155 2
156 1
157 1
158 1
159 1
160 1
161 2
162 1
163 2
164 1
165 1
166 1
167 0
168 1
169 0
170 2
171 0
172 0
173 0
174 0
175 1
176 1
177 0
178 0
179 1
180 1
181 0
182 0
183 0
184 0
185 0
186 1
187 0
188 0
189 3
190 1
191 0
192 2
193 0
194 2
195 0
196 2
197 0
198 0
199 0
200 1
201 0
202 1
203 0
204 0
205 2
206 0
207 1
208 1
209 0
210 1
211 1
212 0
213 1
214 0
215 1
216 0
217 1
218 1
219 0
220 0
221 1
222 1
223 0
224 1
225 0
226 2
227 3
228 0
229 0
230 0
231 1
232 3
233 2
234 2
235 2
236 2
237 1
238 2
239 2
240 2
241 1
242 2
243 0
244 4
245 1
246 0
247 2
248 1
249 3
250 2
251 4
252 3
253 2
254 4
255 1
256 5
257 1
258 4
259 1
260 0
261 4
262 1
263 3
264 2
265 2
266 3
267 2
268 2
269 2
270 0
271 3
272 3
273 0
274 1
275 1
276 4
277 1
278 1
279 0
280 1
281 0
282 0
283 0
284 0
285 0
286 0
287 1
288 0
289 0
290 0
291 1
292 0
293 0
294 0
295 1
296 1
297 0
298 0
299 0
300 0
301 0
302 0
303 0
304 0
305 1
306 0
307 1
308 0
309 0
310 0
311 0
312 0
313 0
314 0
315 0
316 0
317 0
318 0
319 0
320 0
321 0
322 0
323 0
324 0
325 0
326 0
327 0
328 0
329 0
330 0
331 0
332 0
333 0
334 0
335 0
336 0
337 0
338 0
339 0
340 0
341 0
342 0
343 0
344 0
345 0
346 0
347 0
348 0
349 0
350 0
351 0
352 0
353 0
354 0
355 0
356 0
357 0
358 0
359 0
360 0
361 0
362 0
363 0
364 0
365 0
366 0
367 0
368 0
369 0
370 0
371 0
372 0
373 0
374 0
