0 0
1 0
2 0
3 0
4 0
5 0
6 0
7 0
8 0
9 0
10 0
11 0
12 0
13 0
14 1
15 0
16 2
17 4
18 1
19 0
20 4
21 1
22 2
23 0
24 4
25 0
26 2
27 0
28 3
29 0
30 2
31 4
32 4
33 9
34 2
35 1
36 3
37 6
38 2
39 5
40 2
41 0
42 1
43 1
44 1
45 3
46 0
47 2
48 1
49 2
50 1
51 0
52 1
53 7
54 0
55 1
56 0
57 2
58 3
59 2
60 3
61 1
62 6
63 3
64 0
65 0
66 0
67 0
68 0
69 1
70 1
71 1
72 1
73 7
74 2
75 4
76 1
77 5
78 2
79 3
80 3
81 3
82 0
83 1
84 4
85 0
86 4
87 3
88 2
89 1
90 0
91 1
92 1
93 2
94 1
95 3
96 0
97 1
98 4
99 0
100 0
101 1
102 1
103 3
104 3
105 0
106 1
107 1
108 3
109 1
110 4
111 1
112 0
113 5
114 3
115 3
116 0
117 1
118 2
119 2
120 0
121 1
122 0
123 3
124 3
125 3
126 1
127 1
128 3
129 3
130 2
131 1
132 2
133 0
134 6
135 1
136 1
137 2
138 1
139 4
140 3
141 2
142 2
143 1
144 3
145 1
146 2
147 4
148 2
149 4
150 1
151 4
152 2
153 1
154 3
155 3
156 1
157 4
158 4
159 1
160 6
161 5
162 4
163 5
164 5
165 1
166 7
167 5
168 0
169 4
170 5
171 3
172 2
173 5
174 4
175 5
176 2
177 2
178 2
179 3
180 1
181 1
182 3
183 5
184 6
185 3
186 2
187 3
188 7
189 7
190 4
191 2
192 1
193 4
194 3
195 1
196 5
197 8
198 4
199 1
200 1
201 5
202 3
203 3
204 1
205 4
206 10
207 8
208 6
209 4
210 4
211 6
212 2
213 2
214 2
215 0
216 7
217 2
218 3
219 7
220 3
221 2
222 4
223 5
224 4
225 6
226 0
227 4
228 3
229 2
230 2
231 1
232 4
233 6
234 2
235 3
236 1
237 1
238 3
239 3
240 1
241 3
242 1
243 0
244 0
245 1
246 2
247 3
248 5
249 2
250 2
251 2
252 3
253 2
254 1
255 1
256 0
257 0
258 0
259 2
260 2
261 2
262 0
263 2
264 0
265 3
266 2
267 3
268 2
269 1
270 2
271 2
272 2
273 0
274 2
275 2
276 1
277 0
278 0
279 0
280 1
281 0
282 0
283 0
284 0
285 0
286 1
287 0
288 0
289 0
290 0
291 0
292 0
293 0
294 0
295 0
296 0
297 0
298 0
299 0
300 0
301 0
302 0
303 0
304 0
305 0
306 0
307 0
308 0
309 0
310 0
311 0
312 0
313 0
314 0
315 0
316 0
317 0
318 0
319 0
320 0
321 0
322 0
323 0
324 0
325 0
326 0
327 0
328 0
329 0
330 0
331 0
332 0
333 0
334 0
335 0
336 0
337 0
338 0
339 0
340 0
341 0
342 0
343 0
344 0
345 0
346 0
347 0
348 0
349 0
350 0
351 0
352 0
353 0
354 0
355 0
356 0
357 0
358 0
359 0
360 0
