0 0
1 0
2 0
3 0
4 0
5 0
6 0
7 0
8 0
9 0
10 0
11 0
12 0
13 0
14 0
15 0
16 0
17 0
18 0
19 0
20 0
21 0
22 0
23 0
24 0
25 2
26 0
27 0
28 1
29 0
30 0
31 0
32 0
33 0
34 0
35 0
36 1
37 0
38 0
39 0
40 0
41 0
42 1
43 0
44 0
45 2
46 2
47 1
48 2
49 2
50 1
51 1
52 1
53 1
54 0
55 0
56 0
57 1
58 3
59 0
60 0
61 1
62 1
63 1
64 0
65 2
66 1
67 1
68 1
69 2
70 1
71 2
72 0
73 1
74 3
75 1
76 1
77 1
78 0
79 1
80 1
81 1
82 0
83 1
84 1
85 0
86 2
87 0
88 0
89 1
90 0
91 1
92 0
93 0
94 2
95 0
96 1
97 0
98 2
99 0
100 3
101 4
102 3
103 2
104 3
105 2
106 1
107 4
108 0
109 2
110 1
111 0
112 1
113 0
114 0
115 2
116 0
117 0
118 2
119 1
120 2
121 3
122 2
123 2
124 0
125 3
126 0
127 1
128 1
129 1
130 0
131 0
132 1
133 2
134 5
135 4
136 5
137 2
138 1
139 1
140 2
141 1
142 2
143 5
144 0
145 1
146 3
147 5
148 7
149 8
150 8
151 4
152 15
153 5
154 11
155 13
156 3
157 9
158 19
159 5
160 12
161 6
162 10
163 11
164 3
165 9
166 11
167 8
168 13
169 7
170 11
171 12
172 17
173 10
174 16
175 8
176 11
177 16
178 19
179 11
180 14
181 6
182 6
183 7
184 8
185 15
186 12
187 12
188 11
189 20
190 13
191 10
192 10
193 12
194 11
195 6
196 6
197 6
198 2
199 4
200 5
201 8
202 7
203 3
204 13
205 4
206 5
207 10
208 12
209 5
210 9
211 2
212 4
213 7
214 1
215 2
216 6
217 4
218 3
219 7
220 8
221 2
222 6
223 10
224 9
225 13
226 6
227 4
228 9
229 11
230 15
231 10
232 9
233 10
234 6
235 7
236 5
237 7
238 4
239 1
240 1
241 2
242 1
243 1
244 2
245 1
246 1
247 1
248 0
249 1
250 0
251 2
252 1
253 1
254 0
255 1
256 1
257 0
258 0
259 1
260 0
261 0
262 2
263 1
264 1
265 2
266 0
267 0
268 4
269 2
270 1
271 3
272 3
273 2
274 0
275 2
276 0
277 2
278 1
279 0
280 1
281 0
282 3
283 4
284 3
285 1
286 0
287 1
288 0
289 1
290 3
291 1
292 4
293 0
294 3
295 1
296 1
297 1
298 0
299 1
300 3
301 1
302 0
303 0
304 1
305 0
306 0
307 1
308 0
309 2
310 0
311 0
312 1
313 0
314 0
315 0
316 0
317 1
318 0
319 0
320 0
321 2
322 0
323 1
324 0
325 0
326 0
327 0
328 0
329 0
330 0
331 2
332 0
333 1
334 0
335 0
336 0
337 0
338 0
339 0
340 0
341 0
342 0
343 0
344 0
345 0
346 0
347 0
