0 0
1 0
2 0
3 0
4 0
5 0
6 0
7 0
8 0
9 0
10 0
11 0
12 0
13 0
14 0
15 0
16 0
17 0
18 0
19 0
20 0
21 0
22 0
23 0
24 0
25 0
26 0
27 0
28 0
29 0
30 0
31 0
32 0
33 0
34 0
35 0
36 0
37 0
38 0
39 0
40 0
41 0
42 0
43 0
44 0
45 0
46 1
47 1
48 0
49 0
50 1
51 0
52 0
53 0
54 0
55 0
56 0
57 0
58 0
59 0
60 0
61 0
62 0
63 0
64 0
65 0
66 0
67 0
68 0
69 0
70 0
71 0
72 1
73 3
74 0
75 0
76 0
77 0
78 0
79 0
80 0
81 0
82 0
83 1
84 0
85 0
86 0
87 0
88 0
89 0
90 0
91 0
92 1
93 1
94 0
95 0
96 1
97 1
98 0
99 0
100 0
101 0
102 0
103 0
104 0
105 0
106 1
107 0
108 0
109 0
110 1
111 1
112 2
113 0
114 0
115 0
116 0
117 0
118 1
119 0
120 1
121 0
122 2
123 1
124 1
125 0
126 0
127 0
128 0
129 2
130 1
131 0
132 0
133 0
134 1
135 0
136 0
137 1
138 0
139 1
140 1
141 0
142 0
143 0
144 1
145 0
146 0
147 0
148 0
149 0
150 1
151 0
152 2
153 0
154 0
155 0
156 0
157 0
158 0
159 0
160 0
161 0
162 0
163 1
164 0
165 0
166 0
167 1
168 0
169 0
170 1
171 0
172 0
173 1
174 1
175 0
176 0
177 0
178 1
179 0
180 0
181 1
182 1
183 0
184 1
185 1
186 3
187 3
188 1
189 2
190 1
191 2
192 4
193 3
194 0
195 0
196 1
197 1
198 1
199 4
200 4
201 2
202 6
203 0
204 5
205 3
206 3
207 3
208 3
209 5
210 3
211 0
212 2
213 2
214 1
215 1
216 1
217 1
218 0
219 1
220 0
221 1
222 1
223 2
224 1
225 1
226 0
227 1
228 2
229 3
230 1
231 1
232 1
233 1
234 1
235 1
236 0
237 0
238 0
239 1
240 1
241 3
242 1
243 2
244 2
245 2
246 2
247 2
248 0
249 3
250 3
251 1
252 3
253 4
254 1
255 2
256 0
257 1
258 3
259 2
260 2
261 2
262 3
263 4
264 3
265 9
266 8
267 5
268 9
269 5
270 12
271 5
272 8
273 5
274 7
275 5
276 3
277 1
278 4
279 1
280 2
281 1
282 1
283 0
284 0
285 2
286 1
287 1
288 0
289 0
290 0
291 2
292 0
293 0
294 0
295 0
296 0
297 0
298 1
299 1
300 0
301 0
302 0
303 0
304 0
305 1
306 0
307 0
308 0
309 0
310 0
311 0
312 0
313 0
314 0
315 0
316 0
317 0
318 0
319 0
320 0
321 0
322 0
323 0
324 0
325 0
326 0
327 0
328 0
329 0
330 0
331 0
332 0
333 0
334 0
335 0
336 0
337 0
338 0
339 0
340 0
341 0
342 0
343 0
344 0
345 0
346 0
347 0
348 0
349 0
350 0
351 0
352 0
353 0
354 0
355 0
356 0
357 0
358 0
359 0
360 0
361 0
362 0
363 0
364 0
365 0
366 0
367 0
368 0
369 0
