0 0
1 0
2 0
3 0
4 0
5 0
6 0
7 0
8 0
9 0
10 0
11 0
12 0
13 0
14 0
15 0
16 0
17 0
18 0
19 0
20 2
21 2
22 6
23 1
24 7
25 7
26 5
27 5
28 6
29 4
30 9
31 11
32 9
33 8
34 10
35 12
36 15
37 7
38 4
39 13
40 11
41 9
42 6
43 5
44 6
45 12
46 12
47 9
48 12
49 10
50 9
51 9
52 22
53 12
54 7
55 5
56 3
57 7
58 7
59 8
60 15
61 9
62 5
63 4
64 6
65 7
66 8
67 4
68 13
69 10
70 11
71 5
72 11
73 11
74 11
75 7
76 9
77 4
78 12
79 7
80 10
81 4
82 7
83 5
84 7
85 5
86 5
87 11
88 10
89 7
90 8
91 6
92 10
93 10
94 8
95 7
96 6
97 5
98 3
99 6
100 6
101 4
102 7
103 4
104 7
105 6
106 6
107 8
108 4
109 4
110 8
111 6
112 6
113 7
114 6
115 6
116 4
117 10
118 9
119 7
120 5
121 2
122 5
123 10
124 5
125 2
126 2
127 6
128 6
129 3
130 1
131 4
132 4
133 9
134 3
135 4
136 3
137 7
138 3
139 1
140 5
141 0
142 2
143 5
144 5
145 6
146 2
147 3
148 4
149 7
150 2
151 4
152 3
153 1
154 5
155 6
156 3
157 4
158 4
159 5
160 2
161 5
162 0
163 2
164 1
165 3
166 2
167 4
168 0
169 0
170 0
171 0
172 1
173 0
174 0
175 2
176 2
177 0
178 0
179 1
180 2
181 1
182 1
183 1
184 0
185 2
186 2
187 3
188 2
189 1
190 2
191 2
192 2
193 0
194 1
195 2
196 1
197 1
198 1
199 2
200 1
201 0
202 0
203 1
204 2
205 1
206 1
207 0
208 0
209 0
210 1
211 2
212 0
213 2
214 0
215 0
216 0
217 1
218 0
219 1
220 0
221 1
222 0
223 0
224 0
225 1
226 2
227 1
228 0
229 2
230 2
231 4
232 0
233 1
234 0
235 1
236 2
237 0
238 0
239 1
240 1
241 1
242 1
243 2
244 3
245 3
246 2
247 1
248 4
249 0
250 4
251 2
252 1
253 2
254 0
255 0
256 0
257 0
258 0
259 0
260 0
261 0
262 1
263 0
264 0
265 0
266 0
267 0
268 0
269 1
270 1
271 0
272 0
273 0
274 0
275 0
276 0
277 0
278 1
279 0
280 0
281 1
282 0
283 0
284 0
285 0
286 1
287 0
288 1
289 0
290 1
291 0
292 0
293 0
294 2
295 1
296 0
297 0
298 1
299 0
300 0
301 0
302 0
303 0
304 0
305 0
306 0
307 0
308 0
309 0
310 0
311 0
312 0
313 0
314 0
315 0
316 0
317 0
318 0
319 0
320 0
321 0
322 0
323 0
324 0
325 0
326 0
327 0
328 0
329 0
330 0
331 0
332 0
333 0
334 0
335 0
336 0
337 0
338 0
339 0
340 0
341 0
342 0
343 0
344 0
345 0
346 0
347 0
348 0
349 0
350 0
351 0
352 0
353 0
354 0
355 0
356 0
357 0
358 0
359 0
360 0
361 0
362 0
363 0
364 0
365 0
366 0
367 0
368 0
