0 0
1 0
2 0
3 0
4 0
5 0
6 0
7 0
8 0
9 0
10 0
11 0
12 1
13 0
14 0
15 0
16 0
17 0
18 0
19 1
20 0
21 0
22 1
23 1
24 0
25 0
26 1
27 2
28 1
29 0
30 0
31 0
32 0
33 0
34 2
35 1
36 1
37 0
38 2
39 0
40 0
41 1
42 0
43 0
44 0
45 0
46 1
47 0
48 2
49 0
50 0
51 0
52 0
53 3
54 1
55 0
56 0
57 2
58 2
59 1
60 0
61 0
62 1
63 1
64 1
65 0
66 0
67 0
68 0
69 0
70 2
71 0
72 4
73 2
74 2
75 0
76 1
77 1
78 1
79 3
80 5
81 0
82 0
83 1
84 0
85 4
86 1
87 0
88 1
89 4
90 1
91 0
92 1
93 1
94 3
95 1
96 1
97 0
98 0
99 0
100 1
101 0
102 0
103 1
104 2
105 1
106 2
107 0
108 1
109 0
110 0
111 0
112 0
113 0
114 0
115 0
116 0
117 0
118 0
119 0
120 2
121 0
122 0
123 0
124 1
125 1
126 0
127 0
128 0
129 1
130 0
131 0
132 1
133 0
134 0
135 0
136 0
137 0
138 0
139 1
140 0
141 0
142 0
143 1
144 0
145 0
146 0
147 0
148 0
149 0
150 0
151 0
152 0
153 0
154 0
155 0
156 1
157 0
158 0
159 0
160 0
161 0
162 1
163 0
164 0
165 0
166 1
167 1
168 0
169 1
170 0
171 1
172 0
173 0
174 0
175 1
176 2
177 0
178 1
179 0
180 1
181 1
182 0
183 0
184 0
185 0
186 2
187 1
188 0
189 0
190 0
191 0
192 0
193 1
194 0
195 0
196 1
197 0
198 0
199 1
200 0
201 0
202 0
203 4
204 0
205 0
206 1
207 0
208 2
209 1
210 2
211 0
212 1
213 0
214 0
215 0
216 2
217 1
218 0
219 0
220 0
221 1
222 1
223 0
224 3
225 0
226 1
227 0
228 3
229 0
230 0
231 0
232 0
233 1
234 0
235 1
236 1
237 0
238 0
239 2
240 0
241 1
242 0
243 0
244 1
245 0
246 1
247 0
248 0
249 0
250 1
251 0
252 1
253 1
254 0
255 0
256 0
257 0
258 0
259 0
260 0
261 0
262 0
263 0
264 0
265 0
266 0
267 0
268 0
269 0
270 0
271 0
272 0
273 0
274 0
275 0
276 0
277 0
278 0
279 0
280 0
281 0
282 0
283 0
284 0
285 0
286 0
287 0
288 0
289 0
290 0
291 0
292 0
293 0
294 0
295 0
296 0
297 0
298 0
299 0
300 0
301 0
302 0
303 0
304 0
305 0
306 0
307 0
308 0
309 0
310 0
311 0
312 0
313 0
314 0
315 0
316 0
317 0
318 0
319 0
320 0
321 0
322 0
323 0
324 0
325 0
326 0
327 0
328 0
329 0
330 0
331 0
332 0
333 0
334 0
335 0
336 0
337 0
338 0
339 0
340 0
341 0
342 0
343 0
344 0
345 0
346 0
347 0
348 0
349 0
350 0
351 0
352 0
353 0
354 0
355 0
