0 0
1 0
2 0
3 0
4 0
5 0
6 0
7 1
8 2
9 0
10 0
11 2
12 0
13 1
14 0
15 0
16 2
17 0
18 1
19 1
20 2
21 4
22 3
23 2
24 3
25 1
26 5
27 2
28 2
29 2
30 3
31 5
32 3
33 1
34 3
35 2
36 2
37 0
38 1
39 5
40 3
41 4
42 2
43 2
44 1
45 3
46 3
47 2
48 6
49 0
50 2
51 1
52 2
53 2
54 3
55 2
56 3
57 3
58 4
59 3
60 3
61 4
62 1
63 5
64 0
65 3
66 0
67 1
68 3
69 5
70 5
71 4
72 4
73 5
74 10
75 1
76 4
77 1
78 5
79 2
80 4
81 3
82 2
83 4
84 3
85 2
86 6
87 6
88 3
89 4
90 2
91 3
92 4
93 6
94 7
95 1
96 6
97 7
98 6
99 7
100 6
101 3
102 4
103 4
104 5
105 7
106 0
107 3
108 3
109 3
110 2
111 4
112 3
113 4
114 3
115 0
116 4
117 4
118 2
119 4
120 5
121 5
122 2
123 5
124 4
125 1
126 4
127 3
128 0
129 3
130 2
131 1
132 1
133 8
134 1
135 5
136 3
137 6
138 1
139 6
140 6
141 1
142 5
143 3
144 6
145 5
146 9
147 7
148 4
149 4
150 1
151 3
152 6
153 4
154 6
155 0
156 2
157 4
158 6
159 4
160 0
161 2
162 3
163 4
164 6
165 2
166 2
167 6
168 4
169 8
170 8
171 6
172 3
173 3
174 8
175 5
176 3
177 5
178 5
179 2
180 6
181 3
182 7
183 3
184 1
185 5
186 4
187 3
188 3
189 3
190 1
191 2
192 1
193 2
194 3
195 3
196 3
197 6
198 5
199 2
200 2
201 1
202 3
203 1
204 3
205 3
206 1
207 4
208 3
209 3
210 5
211 4
212 2
213 3
214 6
215 3
216 0
217 6
218 4
219 1
220 3
221 4
222 6
223 3
224 4
225 0
226 1
227 3
228 2
229 4
230 4
231 7
232 7
233 2
234 4
235 6
236 4
237 5
238 9
239 3
240 10
241 6
242 8
243 9
244 3
245 6
246 5
247 1
248 5
249 4
250 2
251 3
252 4
253 1
254 1
255 2
256 0
257 0
258 0
259 0
260 0
261 0
262 0
263 1
264 1
265 1
266 1
267 0
268 3
269 2
270 0
271 0
272 0
273 0
274 0
275 1
276 1
277 1
278 3
279 3
280 0
281 1
282 1
283 0
284 0
285 0
286 0
287 0
288 1
289 0
290 1
291 1
292 1
293 0
294 0
295 0
296 0
297 0
298 0
299 0
300 1
301 1
302 0
303 0
304 0
305 0
306 0
307 0
308 0
309 0
310 0
311 0
312 0
313 0
314 0
315 0
316 0
317 0
318 0
319 0
320 0
321 0
322 0
323 0
324 0
325 0
326 0
327 0
328 0
329 0
330 0
331 0
332 0
333 0
334 0
335 0
336 0
337 0
338 0
339 0
340 0
341 0
342 0
343 0
344 0
345 0
346 0
