0 0
1 0
2 0
3 0
4 0
5 0
6 1
7 0
8 0
9 0
10 0
11 0
12 0
13 0
14 0
15 0
16 0
17 0
18 0
19 0
20 0
21 0
22 0
23 0
24 0
25 0
26 0
27 0
28 0
29 0
30 0
31 0
32 0
33 0
34 0
35 0
36 0
37 0
38 0
39 0
40 0
41 0
42 0
43 1
44 1
45 1
46 1
47 0
48 1
49 1
50 1
51 3
52 3
53 2
54 3
55 2
56 6
57 1
58 3
59 7
60 10
61 11
62 7
63 5
64 2
65 6
66 4
67 1
68 2
69 3
70 4
71 6
72 3
73 1
74 0
75 3
76 2
77 6
78 5
79 5
80 4
81 6
82 3
83 4
84 2
85 6
86 3
87 3
88 4
89 2
90 4
91 2
92 2
93 4
94 2
95 6
96 5
97 6
98 1
99 0
100 6
101 7
102 2
103 7
104 2
105 2
106 3
107 2
108 2
109 1
110 0
111 0
112 2
113 0
114 1
115 0
116 0
117 0
118 0
119 0
120 0
121 1
122 0
123 0
124 1
125 0
126 0
127 0
128 1
129 2
130 0
131 0
132 2
133 1
134 0
135 0
136 0
137 0
138 1
139 1
140 0
141 0
142 0
143 1
144 0
145 0
146 1
147 1
148 1
149 1
150 0
151 0
152 0
153 0
154 1
155 0
156 0
157 2
158 0
159 0
160 1
161 1
162 1
163 0
164 2
165 2
166 1
167 2
168 0
169 2
170 0
171 0
172 1
173 2
174 1
175 0
176 1
177 0
178 1
179 0
180 1
181 0
182 1
183 0
184 0
185 0
186 0
187 0
188 0
189 0
190 0
191 0
192 0
193 1
194 2
195 0
196 1
197 0
198 0
199 0
200 0
201 0
202 1
203 0
204 0
205 0
206 0
207 0
208 0
209 1
210 0
211 0
212 0
213 0
214 0
215 1
216 1
217 0
218 0
219 0
220 1
221 0
222 0
223 4
224 0
225 1
226 1
227 0
228 3
229 1
230 4
231 0
232 0
233 1
234 1
235 2
236 2
237 3
238 2
239 0
240 1
241 2
242 3
243 6
244 3
245 2
246 7
247 6
248 1
249 4
250 6
251 10
252 4
253 3
254 5
255 4
256 2
257 2
258 1
259 1
260 0
261 0
262 0
263 1
264 0
265 0
266 0
267 0
268 0
269 0
270 0
271 0
272 0
273 0
274 0
275 0
276 0
277 0
278 0
279 0
280 0
281 0
282 0
283 0
284 0
285 0
286 0
287 0
288 0
289 0
290 0
291 0
292 0
293 0
294 0
295 0
296 0
297 0
298 0
299 0
300 0
301 0
302 0
303 0
304 0
305 0
306 0
307 0
308 0
309 0
310 0
311 0
312 0
313 0
314 0
315 0
316 0
317 0
318 0
319 0
320 0
321 0
322 0
323 0
324 0
325 0
326 0
327 0
328 0
329 0
330 0
331 0
332 0
333 0
334 0
335 0
336 0
337 0
338 0
339 0
340 0
341 0
342 0
343 0
344 0
345 0
346 0
347 0
348 0
349 0
350 0
351 0
352 0
353 0
354 0
355 0
356 0
357 0
358 0
359 0
360 0
361 0
362 0
363 0
364 0
365 0
366 0
367 0
368 0
369 0
370 0
371 0
372 0
373 0
374 0
375 0
376 0
377 0
