0 0
1 0
2 0
3 1
4 0
5 0
6 0
7 0
8 0
9 0
10 0
11 0
12 0
13 0
14 0
15 0
16 0
17 0
18 0
19 0
20 0
21 0
22 0
23 0
24 2
25 0
26 0
27 0
28 0
29 0
30 0
31 0
32 0
33 1
34 0
35 0
36 0
37 0
38 0
39 0
40 0
41 1
42 2
43 0
44 0
45 0
46 1
47 0
48 0
49 2
50 2
51 2
52 2
53 0
54 1
55 5
56 0
57 1
58 0
59 2
60 0
61 1
62 2
63 0
64 1
65 0
66 2
67 1
68 0
69 2
70 1
71 0
72 2
73 0
74 0
75 1
76 0
77 0
78 1
79 0
80 0
81 1
82 0
83 1
84 0
85 2
86 1
87 0
88 0
89 0
90 0
91 1
92 0
93 1
94 0
95 0
96 0
97 0
98 1
99 0
100 2
101 1
102 2
103 1
104 0
105 4
106 1
107 0
108 2
109 1
110 0
111 0
112 0
113 1
114 0
115 1
116 1
117 0
118 1
119 1
120 1
121 0
122 0
123 0
124 0
125 1
126 2
127 0
128 3
129 1
130 0
131 2
132 0
133 1
134 1
135 1
136 2
137 1
138 2
139 1
140 0
141 1
142 1
143 0
144 2
145 0
146 1
147 0
148 0
149 1
150 1
151 0
152 0
153 0
154 0
155 0
156 2
157 0
158 1
159 1
160 0
161 2
162 1
163 1
164 0
165 3
166 1
167 2
168 2
169 3
170 1
171 1
172 1
173 0
174 0
175 2
176 2
177 3
178 2
179 0
180 0
181 5
182 2
183 3
184 4
185 2
186 7
187 1
188 3
189 3
190 9
191 8
192 8
193 5
194 5
195 3
196 5
197 6
198 4
199 4
200 7
201 4
202 5
203 2
204 8
205 5
206 11
207 4
208 5
209 4
210 8
211 6
212 7
213 9
214 8
215 5
216 7
217 18
218 9
219 6
220 11
221 6
222 6
223 11
224 6
225 2
226 12
227 13
228 18
229 11
230 27
231 24
232 26
233 31
234 31
235 35
236 26
237 28
238 25
239 33
240 42
241 50
242 35
243 37
244 20
245 26
246 15
247 15
248 17
249 16
250 22
251 11
252 12
253 6
254 5
255 6
256 6
257 3
258 3
259 0
260 1
261 1
262 1
263 1
264 1
265 1
266 1
267 3
268 1
269 0
270 0
271 1
272 0
273 0
274 0
275 0
276 0
277 0
278 0
279 0
280 0
281 0
282 0
283 0
284 0
285 0
286 0
287 0
288 0
289 0
290 0
291 0
292 0
293 0
294 0
295 0
296 0
297 0
298 0
299 0
300 0
301 0
302 0
303 0
304 0
305 0
306 0
307 0
308 0
309 0
310 0
311 0
312 0
313 0
314 0
315 0
316 0
317 0
318 0
319 0
320 0
321 0
322 0
323 0
324 0
325 0
326 0
327 0
328 0
329 0
330 0
331 0
332 0
333 0
334 0
335 0
336 0
337 0
338 0
339 0
340 0
341 0
342 0
343 0
344 0
345 0
346 0
347 0
348 0
349 0
350 0
351 0
352 0
353 0
354 0
355 0
356 0
357 0
358 0
359 0
360 0
361 0
362 0
363 0
364 0
365 0
366 0
367 0
368 0
369 0
370 0
371 0
372 0
373 0
374 0
375 0
376 0
377 0
378 0
379 0
380 0
381 0
382 0
383 0
384 0
385 0
386 0
387 0
388 0
389 0
390 0
391 0
392 0
393 0
