0 0
1 0
2 0
3 0
4 0
5 0
6 0
7 0
8 0
9 0
10 0
11 0
12 0
13 1
14 2
15 0
16 1
17 1
18 0
19 1
20 0
21 0
22 0
23 0
24 0
25 0
26 0
27 1
28 0
29 0
30 0
31 0
32 1
33 1
34 0
35 3
36 0
37 0
38 1
39 2
40 1
41 1
42 2
43 0
44 3
45 3
46 3
47 0
48 2
49 5
50 2
51 1
52 2
53 2
54 2
55 2
56 2
57 6
58 3
59 3
60 4
61 5
62 7
63 9
64 8
65 5
66 7
67 6
68 12
69 7
70 4
71 5
72 7
73 9
74 13
75 10
76 3
77 7
78 8
79 9
80 2
81 4
82 4
83 2
84 6
85 5
86 6
87 3
88 8
89 5
90 1
91 4
92 5
93 2
94 2
95 2
96 2
97 2
98 1
99 3
100 3
101 2
102 6
103 0
104 3
105 3
106 1
107 4
108 1
109 2
110 0
111 1
112 1
113 2
114 1
115 1
116 1
117 6
118 1
119 1
120 1
121 0
122 0
123 2
124 0
125 1
126 1
127 2
128 2
129 1
130 2
131 2
132 1
133 1
134 3
135 0
136 0
137 0
138 0
139 1
140 0
141 1
142 0
143 0
144 0
145 0
146 1
147 0
148 0
149 0
150 1
151 0
152 0
153 1
154 1
155 0
156 0
157 0
158 1
159 0
160 0
161 0
162 0
163 0
164 0
165 0
166 1
167 1
168 0
169 1
170 1
171 0
172 1
173 0
174 0
175 0
176 0
177 1
178 1
179 0
180 1
181 0
182 0
183 1
184 1
185 1
186 2
187 0
188 0
189 1
190 2
191 1
192 3
193 2
194 1
195 1
196 0
197 1
198 1
199 0
200 0
201 0
202 0
203 1
204 0
205 1
206 0
207 1
208 0
209 0
210 0
211 1
212 1
213 2
214 0
215 0
216 1
217 0
218 2
219 0
220 3
221 0
222 0
223 0
224 1
225 0
226 0
227 1
228 0
229 0
230 0
231 0
232 0
233 0
234 0
235 0
236 0
237 0
238 1
239 0
240 1
241 0
242 0
243 1
244 0
245 0
246 0
247 1
248 1
249 3
250 0
251 1
252 0
253 0
254 0
255 2
256 1
257 1
258 0
259 0
260 1
261 1
262 0
263 0
264 0
265 0
266 0
267 1
268 2
269 0
270 0
271 0
272 0
273 0
274 0
275 1
276 0
277 1
278 0
279 1
280 3
281 1
282 0
283 2
284 4
285 5
286 5
287 3
288 8
289 6
290 10
291 7
292 6
293 10
294 3
295 5
296 2
297 5
298 1
299 2
300 5
301 2
302 7
303 0
304 0
305 2
306 3
307 2
308 1
309 1
310 1
311 0
312 2
313 2
314 1
315 0
316 1
317 1
318 1
319 2
320 0
321 0
322 0
323 0
324 0
325 0
326 0
327 0
328 0
329 0
330 0
331 0
332 0
333 0
334 0
335 0
336 0
337 0
338 0
339 0
340 0
341 0
342 0
343 0
344 0
345 0
346 0
347 0
348 0
349 0
350 0
351 0
352 0
353 0
354 0
355 0
356 0
357 0
358 0
359 0
360 0
361 0
362 0
363 0
364 0
365 0
366 0
367 0
368 0
369 0
370 0
371 0
372 0
373 0
374 0
375 0
376 0
377 0
378 0
