0 0
1 0
2 0
3 0
4 0
5 0
6 0
7 0
8 0
9 0
10 0
11 0
12 0
13 0
14 0
15 0
16 0
17 0
18 0
19 0
20 0
21 1
22 0
23 0
24 0
25 0
26 0
27 1
28 1
29 0
30 0
31 0
32 0
33 1
34 0
35 0
36 0
37 0
38 1
39 0
40 0
41 0
42 0
43 1
44 0
45 0
46 0
47 1
48 0
49 1
50 0
51 0
52 0
53 1
54 1
55 2
56 1
57 1
58 0
59 0
60 0
61 1
62 1
63 0
64 1
65 1
66 0
67 1
68 0
69 1
70 0
71 0
72 0
73 1
74 1
75 0
76 4
77 1
78 1
79 2
80 0
81 0
82 1
83 0
84 0
85 1
86 0
87 2
88 1
89 0
90 4
91 1
92 2
93 0
94 0
95 0
96 0
97 0
98 1
99 3
100 0
101 0
102 1
103 0
104 0
105 1
106 1
107 0
108 0
109 0
110 0
111 1
112 0
113 0
114 0
115 0
116 0
117 1
118 1
119 2
120 1
121 0
122 1
123 0
124 0
125 1
126 1
127 0
128 1
129 1
130 1
131 1
132 2
133 1
134 0
135 0
136 1
137 0
138 1
139 0
140 0
141 3
142 0
143 0
144 1
145 1
146 0
147 1
148 1
149 3
150 6
151 3
152 0
153 0
154 0
155 0
156 0
157 0
158 0
159 1
160 1
161 0
162 0
163 1
164 0
165 1
166 0
167 2
168 0
169 0
170 0
171 0
172 1
173 0
174 0
175 0
176 0
177 0
178 2
179 2
180 1
181 0
182 2
183 0
184 0
185 1
186 0
187 0
188 0
189 1
190 0
191 0
192 0
193 0
194 0
195 0
196 1
197 2
198 0
199 0
200 0
201 1
202 1
203 1
204 0
205 2
206 2
207 2
208 0
209 2
210 0
211 2
212 0
213 2
214 2
215 0
216 1
217 0
218 0
219 1
220 0
221 2
222 3
223 0
224 3
225 1
226 3
227 2
228 4
229 3
230 3
231 4
232 5
233 2
234 3
235 6
236 2
237 5
238 9
239 4
240 7
241 8
242 7
243 6
244 7
245 9
246 7
247 8
248 6
249 9
250 6
251 5
252 2
253 4
254 4
255 2
256 1
257 3
258 3
259 2
260 2
261 1
262 1
263 1
264 0
265 0
266 0
267 0
268 0
269 0
270 0
271 0
272 0
273 0
274 0
275 0
276 0
277 0
278 0
279 0
280 0
281 0
282 0
283 0
284 0
285 0
286 0
287 0
288 0
289 0
290 0
291 0
292 0
293 0
294 0
295 0
296 0
297 0
298 0
299 0
300 0
301 0
302 0
303 0
304 0
305 0
306 0
307 0
308 0
309 0
310 0
311 0
312 0
313 0
314 0
315 0
316 0
317 0
318 0
319 0
320 0
321 0
322 0
323 0
324 0
325 0
326 0
327 0
328 0
329 0
330 0
331 0
332 0
333 0
334 0
335 0
