0 0
1 0
2 0
3 0
4 0
5 0
6 0
7 0
8 1
9 1
10 0
11 1
12 0
13 0
14 0
15 1
16 1
17 2
18 4
19 1
20 1
21 1
22 3
23 3
24 2
25 2
26 3
27 3
28 4
29 2
30 6
31 2
32 9
33 4
34 6
35 4
36 5
37 0
38 8
39 1
40 2
41 9
42 4
43 3
44 5
45 3
46 3
47 1
48 1
49 3
50 2
51 2
52 6
53 2
54 2
55 4
56 5
57 2
58 9
59 5
60 7
61 5
62 4
63 8
64 8
65 9
66 7
67 4
68 11
69 7
70 12
71 18
72 10
73 15
74 15
75 12
76 14
77 18
78 10
79 10
80 7
81 12
82 13
83 10
84 10
85 12
86 14
87 8
88 12
89 6
90 7
91 4
92 8
93 8
94 8
95 0
96 2
97 4
98 4
99 5
100 5
101 5
102 5
103 5
104 6
105 4
106 5
107 3
108 5
109 3
110 1
111 2
112 5
113 4
114 4
115 3
116 3
117 1
118 3
119 1
120 1
121 0
122 0
123 1
124 1
125 0
126 0
127 2
128 1
129 1
130 1
131 2
132 2
133 0
134 0
135 6
136 3
137 1
138 2
139 0
140 0
141 0
142 1
143 0
144 0
145 1
146 0
147 0
148 0
149 0
150 0
151 2
152 2
153 1
154 1
155 0
156 1
157 0
158 0
159 0
160 2
161 0
162 1
163 1
164 0
165 0
166 1
167 1
168 1
169 0
170 1
171 2
172 2
173 1
174 0
175 0
176 0
177 0
178 0
179 0
180 0
181 0
182 3
183 1
184 1
185 1
186 2
187 0
188 0
189 0
190 0
191 1
192 0
193 0
194 1
195 1
196 2
197 0
198 2
199 1
200 1
201 1
202 1
203 0
204 0
205 0
206 2
207 0
208 0
209 0
210 0
211 0
212 0
213 0
214 0
215 0
216 0
217 0
218 0
219 1
220 0
221 0
222 0
223 0
224 0
225 0
226 1
227 0
228 1
229 0
230 0
231 0
232 0
233 1
234 1
235 0
236 0
237 1
238 0
239 0
240 0
241 5
242 1
243 0
244 0
245 2
246 0
247 0
248 1
249 0
250 0
251 1
252 2
253 1
254 0
255 0
256 0
257 0
258 1
259 1
260 0
261 1
262 2
263 0
264 1
265 0
266 2
267 2
268 1
269 2
270 2
271 0
272 1
273 2
274 0
275 2
276 1
277 0
278 1
279 2
280 2
281 2
282 4
283 1
284 4
285 1
286 9
287 4
288 2
289 4
290 6
291 3
292 3
293 1
294 2
295 2
296 2
297 3
298 2
299 0
300 3
301 3
302 1
303 0
304 1
305 1
306 4
307 3
308 2
309 1
310 1
311 1
312 0
313 0
314 0
315 2
316 1
317 0
318 0
319 0
320 0
321 0
322 0
323 0
324 0
325 0
326 0
327 0
328 0
329 0
330 0
331 0
332 0
333 0
334 0
335 0
336 0
337 0
338 0
339 0
340 0
341 0
342 0
343 0
344 0
345 0
346 0
347 0
348 0
349 0
350 0
351 0
352 0
353 0
354 0
355 0
356 0
357 0
358 0
359 0
360 0
361 0
362 0
363 0
364 0
365 0
366 0
367 0
368 0
