0 0
1 0
2 0
3 0
4 0
5 0
6 0
7 0
8 0
9 0
10 0
11 0
12 0
13 0
14 0
15 0
16 0
17 0
18 0
19 0
20 0
21 0
22 1
23 0
24 0
25 0
26 0
27 0
28 0
29 0
30 0
31 0
32 0
33 0
34 0
35 0
36 1
37 0
38 0
39 1
40 0
41 1
42 0
43 1
44 0
45 0
46 0
47 0
48 2
49 2
50 0
51 2
52 0
53 1
54 2
55 1
56 0
57 1
58 1
59 0
60 1
61 1
62 0
63 1
64 1
65 2
66 0
67 1
68 1
69 2
70 1
71 1
72 2
73 1
74 1
75 3
76 4
77 1
78 0
79 0
80 0
81 1
82 1
83 3
84 0
85 2
86 0
87 1
88 2
89 6
90 5
91 7
92 3
93 7
94 2
95 3
96 4
97 4
98 2
99 0
100 0
101 2
102 1
103 0
104 2
105 6
106 3
107 4
108 4
109 4
110 2
111 6
112 6
113 8
114 4
115 8
116 12
117 12
118 7
119 14
120 3
121 7
122 7
123 6
124 3
125 4
126 7
127 6
128 4
129 5
130 8
131 6
132 10
133 15
134 10
135 14
136 17
137 12
138 10
139 9
140 22
141 19
142 14
143 10
144 10
145 14
146 13
147 13
148 13
149 6
150 8
151 8
152 8
153 11
154 18
155 11
156 10
157 6
158 11
159 12
160 10
161 6
162 10
163 4
164 4
165 4
166 1
167 3
168 4
169 2
170 2
171 5
172 4
173 2
174 2
175 6
176 2
177 3
178 3
179 3
180 6
181 1
182 0
183 1
184 2
185 1
186 0
187 0
188 1
189 0
190 2
191 4
192 6
193 2
194 2
195 4
196 3
197 3
198 1
199 1
200 0
201 0
202 0
203 2
204 0
205 1
206 1
207 0
208 2
209 1
210 2
211 0
212 0
213 0
214 0
215 0
216 1
217 0
218 1
219 1
220 0
221 0
222 0
223 0
224 0
225 1
226 1
227 2
228 0
229 1
230 1
231 0
232 0
233 0
234 0
235 1
236 0
237 1
238 0
239 0
240 1
241 0
242 1
243 1
244 0
245 1
246 0
247 0
248 0
249 0
250 1
251 0
252 0
253 0
254 0
255 0
256 0
257 0
258 0
259 0
260 0
261 0
262 0
263 0
264 0
265 0
266 0
267 0
268 0
269 0
270 0
271 0
272 0
273 0
274 0
275 0
276 0
277 0
278 0
279 0
280 0
281 0
282 0
283 0
284 0
285 0
286 0
287 0
288 0
289 0
290 0
291 0
292 0
293 0
294 0
295 0
296 0
297 0
298 0
299 0
300 0
301 0
302 0
303 0
304 0
305 0
306 0
307 0
308 0
309 0
310 0
311 0
312 0
313 0
314 0
315 0
316 0
317 0
318 0
319 0
320 0
321 0
322 0
323 0
324 0
325 0
326 0
327 0
328 0
329 0
330 0
331 0
332 0
333 0
334 0
335 0
336 0
337 0
338 0
339 0
340 0
341 0
342 0
343 0
344 0
345 0
346 0
347 0
348 0
349 0
350 0
351 0
352 0
353 0
354 0
355 0
356 0
357 0
358 0
359 0
360 0
361 0
362 0
363 0
364 0
365 0
366 0
367 0
368 0
369 0
370 0
