0 0
1 0
2 0
3 0
4 0
5 0
6 0
7 0
8 0
9 0
10 0
11 0
12 0
13 0
14 0
15 0
16 0
17 0
18 0
19 0
20 0
21 0
22 0
23 0
24 0
25 0
26 0
27 0
28 0
29 0
30 0
31 0
32 0
33 0
34 0
35 0
36 0
37 0
38 0
39 0
40 0
41 0
42 0
43 0
44 1
45 0
46 0
47 0
48 0
49 1
50 1
51 0
52 0
53 0
54 3
55 2
56 0
57 0
58 3
59 0
60 2
61 0
62 1
63 2
64 0
65 0
66 5
67 1
68 3
69 2
70 4
71 3
72 0
73 2
74 3
75 3
76 2
77 4
78 2
79 2
80 2
81 2
82 6
83 3
84 2
85 2
86 2
87 3
88 3
89 2
90 3
91 2
92 8
93 5
94 6
95 0
96 3
97 3
98 2
99 1
100 2
101 2
102 3
103 5
104 3
105 6
106 6
107 6
108 9
109 4
110 4
111 2
112 3
113 6
114 6
115 2
116 8
117 3
118 3
119 3
120 2
121 6
122 6
123 6
124 9
125 3
126 5
127 5
128 6
129 9
130 9
131 6
132 7
133 6
134 6
135 6
136 4
137 3
138 5
139 4
140 1
141 4
142 1
143 3
144 0
145 4
146 1
147 2
148 1
149 2
150 3
151 3
152 2
153 2
154 1
155 1
156 4
157 3
158 3
159 1
160 3
161 3
162 2
163 3
164 2
165 1
166 1
167 1
168 2
169 0
170 2
171 3
172 0
173 2
174 0
175 0
176 0
177 1
178 0
179 0
180 0
181 2
182 1
183 6
184 4
185 2
186 3
187 1
188 3
189 1
190 2
191 1
192 1
193 1
194 1
195 0
196 0
197 3
198 0
199 1
200 0
201 1
202 1
203 0
204 0
205 1
206 0
207 0
208 0
209 1
210 0
211 0
212 1
213 0
214 1
215 0
216 2
217 1
218 1
219 0
220 0
221 1
222 0
223 0
224 0
225 0
226 1
227 0
228 0
229 0
230 1
231 0
232 0
233 0
234 1
235 0
236 0
237 1
238 0
239 1
240 1
241 0
242 0
243 1
244 0
245 0
246 0
247 0
248 0
249 0
250 0
251 0
252 0
253 0
254 0
255 0
256 0
257 0
258 0
259 0
260 0
261 0
262 0
263 0
264 0
265 0
266 0
267 0
268 0
269 0
270 0
271 0
272 0
273 0
274 0
275 0
276 0
277 0
278 0
279 0
280 0
281 0
282 0
283 0
284 0
285 0
286 0
287 0
288 0
289 0
290 0
291 0
292 0
293 0
294 0
295 0
296 0
297 0
298 0
299 0
300 0
301 0
302 0
303 0
304 0
305 0
306 0
307 0
308 0
309 0
310 0
311 0
312 0
313 0
314 0
315 0
316 0
317 0
318 0
319 0
320 0
321 0
322 0
323 0
324 0
325 0
326 0
327 0
328 0
329 0
330 0
331 0
332 0
333 0
334 0
335 0
336 0
337 0
338 0
339 0
340 0
341 0
342 0
343 0
344 0
345 0
346 0
347 0
348 0
349 0
350 0
351 0
352 0
353 0
354 0
355 0
356 0
357 0
358 0
359 0
360 0
361 0
362 0
363 0
364 0
365 0
366 0
