0 0
1 0
2 0
3 0
4 0
5 0
6 0
7 0
8 0
9 0
10 0
11 0
12 0
13 0
14 0
15 0
16 0
17 1
18 0
19 1
20 0
21 0
22 0
23 0
24 0
25 0
26 0
27 0
28 0
29 1
30 0
31 0
32 0
33 0
34 0
35 0
36 0
37 0
38 0
39 0
40 0
41 0
42 0
43 1
44 0
45 0
46 0
47 0
48 1
49 0
50 0
51 1
52 0
53 1
54 0
55 0
56 1
57 2
58 0
59 1
60 0
61 0
62 1
63 0
64 1
65 0
66 0
67 1
68 0
69 0
70 0
71 0
72 0
73 1
74 0
75 0
76 1
77 0
78 0
79 2
80 0
81 2
82 0
83 0
84 0
85 1
86 0
87 2
88 1
89 2
90 2
91 0
92 0
93 0
94 1
95 1
96 1
97 1
98 1
99 1
100 1
101 1
102 1
103 1
104 0
105 2
106 0
107 3
108 0
109 0
110 1
111 3
112 0
113 3
114 3
115 1
116 1
117 1
118 3
119 2
120 2
121 3
122 0
123 2
124 1
125 2
126 2
127 1
128 10
129 1
130 3
131 3
132 4
133 2
134 1
135 2
136 3
137 2
138 0
139 0
140 2
141 0
142 0
143 2
144 3
145 2
146 1
147 1
148 4
149 4
150 4
151 4
152 4
153 5
154 3
155 7
156 4
157 6
158 3
159 2
160 4
161 0
162 1
163 2
164 1
165 1
166 2
167 3
168 2
169 4
170 4
171 1
172 4
173 3
174 4
175 4
176 0
177 1
178 4
179 3
180 2
181 4
182 1
183 4
184 2
185 2
186 6
187 6
188 5
189 2
190 6
191 2
192 4
193 3
194 3
195 2
196 1
197 2
198 4
199 1
200 5
201 5
202 2
203 2
204 3
205 0
206 3
207 0
208 2
209 0
210 2
211 0
212 0
213 0
214 0
215 0
216 0
217 0
218 0
219 0
220 0
221 0
222 0
223 0
224 0
225 0
226 0
227 0
228 0
229 0
230 0
231 0
232 0
233 0
234 0
235 0
236 0
237 0
238 0
239 0
240 0
241 0
242 0
243 0
244 0
245 0
246 0
247 0
248 0
249 0
250 0
251 0
252 0
253 0
254 0
255 0
256 0
257 0
258 0
259 0
260 0
261 0
262 0
263 0
264 0
265 0
266 0
267 0
268 0
269 0
270 0
271 0
272 0
273 0
274 0
275 0
276 0
277 0
278 0
279 0
280 0
281 0
282 0
283 0
284 0
285 0
286 0
287 0
288 0
289 0
290 0
291 0
292 0
293 0
294 0
295 0
296 0
297 0
298 0
299 0
300 0
301 0
302 0
303 0
304 0
305 0
306 0
307 0
308 0
309 0
310 0
311 0
312 0
313 0
314 0
315 0
316 0
317 0
318 0
319 0
320 0
321 0
322 0
323 0
324 0
325 0
326 0
327 0
328 0
329 0
330 0
331 0
332 0
333 0
334 0
335 0
336 0
337 0
338 0
339 0
340 0
341 0
342 0
343 0
344 0
345 0
346 0
347 0
348 0
349 0
350 0
351 0
352 0
353 0
354 0
