0 0
1 0
2 0
3 1
4 0
5 0
6 0
7 0
8 0
9 0
10 0
11 0
12 0
13 0
14 0
15 0
16 0
17 0
18 0
19 0
20 0
21 0
22 1
23 1
24 0
25 0
26 0
27 0
28 1
29 2
30 1
31 5
32 1
33 4
34 1
35 7
36 6
37 5
38 12
39 9
40 8
41 14
42 10
43 18
44 17
45 13
46 16
47 23
48 14
49 20
50 34
51 23
52 27
53 27
54 29
55 21
56 28
57 30
58 23
59 23
60 16
61 18
62 22
63 20
64 16
65 27
66 25
67 37
68 33
69 21
70 21
71 15
72 22
73 16
74 12
75 23
76 16
77 12
78 14
79 14
80 8
81 11
82 9
83 11
84 11
85 5
86 9
87 9
88 6
89 10
90 15
91 7
92 9
93 8
94 5
95 4
96 8
97 6
98 5
99 3
100 7
101 9
102 6
103 3
104 4
105 5
106 2
107 3
108 6
109 2
110 3
111 4
112 1
113 7
114 6
115 1
116 3
117 4
118 0
119 2
120 1
121 1
122 1
123 1
124 4
125 3
126 3
127 0
128 2
129 1
130 4
131 2
132 2
133 0
134 1
135 0
136 0
137 1
138 0
139 1
140 2
141 0
142 2
143 2
144 1
145 5
146 1
147 1
148 0
149 2
150 5
151 3
152 3
153 2
154 1
155 1
156 0
157 0
158 0
159 0
160 0
161 0
162 0
163 0
164 0
165 0
166 0
167 0
168 0
169 0
170 0
171 0
172 0
173 0
174 0
175 0
176 0
177 0
178 0
179 0
180 0
181 0
182 0
183 0
184 0
185 0
186 0
187 0
188 0
189 0
190 0
191 0
192 0
193 0
194 0
195 0
196 0
197 0
198 0
199 0
200 0
201 0
202 0
203 0
204 0
205 0
206 0
207 0
208 0
209 0
210 0
211 0
212 0
213 0
214 0
215 0
216 0
217 0
218 0
219 0
220 0
221 0
222 0
223 0
224 0
225 0
226 0
227 0
228 0
229 0
230 0
231 0
232 0
233 0
234 0
235 0
236 0
237 0
238 0
239 0
240 0
241 0
242 0
243 0
244 0
245 0
246 0
247 0
248 0
249 0
250 0
251 0
252 0
253 0
254 0
255 0
256 0
257 0
258 0
259 0
260 0
261 0
262 0
263 0
264 0
265 0
266 0
267 0
268 0
269 0
270 0
271 0
272 0
273 0
274 0
275 0
276 0
277 0
278 0
279 0
280 0
281 0
282 0
283 0
284 0
285 0
286 0
287 0
288 0
289 0
290 0
291 0
292 0
293 0
294 0
295 0
296 0
297 0
298 0
299 0
300 0
301 0
302 0
303 0
304 0
305 0
306 0
307 0
308 0
309 0
310 0
311 0
312 0
313 0
314 0
315 0
316 0
317 0
318 0
319 0
320 0
321 0
322 0
323 0
324 0
325 0
326 0
327 0
328 0
329 0
330 0
331 0
332 0
333 0
334 0
335 0
336 0
337 0
338 0
339 0
340 0
341 0
342 0
343 0
344 0
345 0
346 0
347 0
348 0
349 0
350 0
351 0
