0 0
1 0
2 0
3 0
4 0
5 0
6 0
7 0
8 0
9 0
10 0
11 0
12 0
13 0
14 0
15 0
16 0
17 0
18 0
19 0
20 0
21 0
22 0
23 0
24 0
25 0
26 0
27 0
28 1
29 1
30 1
31 0
32 0
33 0
34 0
35 0
36 0
37 1
38 1
39 0
40 1
41 2
42 1
43 1
44 0
45 1
46 0
47 2
48 1
49 0
50 1
51 0
52 2
53 0
54 2
55 0
56 1
57 0
58 0
59 1
60 0
61 0
62 2
63 2
64 2
65 4
66 1
67 2
68 1
69 1
70 1
71 0
72 0
73 0
74 2
75 0
76 1
77 2
78 1
79 0
80 1
81 3
82 0
83 1
84 1
85 0
86 1
87 1
88 0
89 1
90 1
91 0
92 0
93 0
94 0
95 2
96 1
97 0
98 0
99 1
100 0
101 4
102 2
103 1
104 0
105 0
106 1
107 1
108 0
109 1
110 0
111 0
112 1
113 1
114 2
115 3
116 1
117 1
118 1
119 0
120 1
121 0
122 1
123 0
124 1
125 3
126 0
127 0
128 0
129 1
130 0
131 1
132 0
133 4
134 1
135 1
136 2
137 2
138 1
139 0
140 1
141 0
142 3
143 1
144 0
145 1
146 2
147 1
148 3
149 2
150 1
151 0
152 0
153 2
154 0
155 5
156 1
157 1
158 2
159 0
160 0
161 3
162 0
163 2
164 0
165 1
166 0
167 1
168 1
169 1
170 5
171 3
172 2
173 4
174 3
175 4
176 5
177 2
178 3
179 2
180 1
181 1
182 1
183 1
184 0
185 3
186 1
187 4
188 1
189 1
190 2
191 1
192 1
193 5
194 2
195 0
196 0
197 0
198 4
199 3
200 1
201 1
202 0
203 2
204 0
205 0
206 0
207 1
208 2
209 4
210 3
211 0
212 2
213 1
214 6
215 0
216 1
217 5
218 5
219 2
220 1
221 3
222 1
223 1
224 0
225 0
226 1
227 0
228 0
229 0
230 0
231 0
232 0
233 0
234 0
235 0
236 0
237 0
238 0
239 0
240 0
241 0
242 0
243 0
244 0
245 0
246 0
247 0
248 0
249 0
250 0
251 0
252 0
253 0
254 0
255 0
256 0
257 0
258 0
259 0
260 0
261 0
262 0
263 0
264 0
265 0
266 0
267 0
268 0
269 0
270 0
271 0
272 0
273 0
274 0
275 0
276 0
277 0
278 0
279 0
280 0
281 0
282 0
283 0
284 0
285 0
286 0
287 0
288 0
289 0
290 0
291 0
292 0
293 0
294 0
295 0
296 0
297 0
298 0
299 0
300 0
301 0
302 0
303 0
304 0
305 0
306 0
307 0
308 0
309 0
310 0
311 0
312 0
313 0
314 0
315 0
316 0
317 0
318 0
319 0
320 0
321 0
322 0
323 0
324 0
325 0
326 0
327 0
328 0
329 0
330 0
331 0
332 0
333 0
334 0
335 0
336 0
337 0
338 0
339 0
340 0
341 0
342 0
343 0
344 0
345 0
346 0
347 0
348 0
349 0
350 0
351 0
352 0
353 0
354 0
355 0
356 0
357 0
358 0
359 0
360 0
361 0
362 0
363 0
364 0
365 0
366 0
367 0
368 0
369 0
370 0
371 0
372 0
373 0
374 0
375 0
376 0
377 0
378 0
379 0
