0 0
1 0
2 0
3 0
4 0
5 0
6 0
7 0
8 0
9 0
10 0
11 0
12 0
13 0
14 0
15 0
16 0
17 0
18 0
19 0
20 0
21 0
22 0
23 0
24 0
25 0
26 0
27 0
28 0
29 0
30 0
31 0
32 0
33 0
34 0
35 0
36 0
37 0
38 0
39 0
40 0
41 0
42 0
43 0
44 0
45 0
46 0
47 0
48 0
49 0
50 0
51 0
52 0
53 0
54 0
55 0
56 0
57 0
58 0
59 0
60 0
61 0
62 0
63 0
64 0
65 0
66 1
67 0
68 0
69 0
70 0
71 0
72 0
73 0
74 0
75 0
76 0
77 1
78 0
79 1
80 0
81 0
82 1
83 0
84 0
85 1
86 0
87 0
88 0
89 0
90 0
91 0
92 2
93 0
94 0
95 0
96 4
97 1
98 1
99 1
100 0
101 1
102 1
103 2
104 1
105 1
106 2
107 1
108 2
109 1
110 0
111 0
112 1
113 1
114 1
115 0
116 2
117 1
118 1
119 1
120 2
121 1
122 1
123 0
124 2
125 3
126 0
127 1
128 0
129 1
130 0
131 1
132 2
133 2
134 1
135 3
136 3
137 1
138 2
139 6
140 0
141 1
142 2
143 1
144 1
145 0
146 0
147 0
148 1
149 0
150 2
151 0
152 0
153 3
154 2
155 1
156 2
157 1
158 1
159 0
160 2
161 1
162 4
163 3
164 1
165 2
166 3
167 1
168 0
169 2
170 0
171 2
172 1
173 3
174 4
175 0
176 2
177 3
178 1
179 2
180 1
181 2
182 1
183 3
184 5
185 1
186 3
187 4
188 2
189 2
190 0
191 3
192 1
193 1
194 3
195 5
196 0
197 1
198 0
199 2
200 3
201 5
202 2
203 3
204 2
205 6
206 4
207 1
208 2
209 1
210 1
211 2
212 2
213 2
214 1
215 3
216 3
217 2
218 0
219 2
220 3
221 3
222 4
223 0
224 3
225 2
226 3
227 1
228 4
229 1
230 6
231 1
232 7
233 0
234 3
235 0
236 2
237 4
238 3
239 1
240 1
241 6
242 2
243 1
244 2
245 0
246 2
247 1
248 0
249 0
250 0
251 0
252 1
253 0
254 1
255 0
256 0
257 0
258 0
259 1
260 0
261 1
262 1
263 0
264 0
265 0
266 0
267 0
268 0
269 0
270 0
271 0
272 0
273 0
274 0
275 0
276 0
277 0
278 0
279 0
280 0
281 0
282 0
283 0
284 0
285 0
286 0
287 0
288 0
289 0
290 0
291 0
292 0
293 0
294 0
295 0
296 0
297 0
298 0
299 0
300 0
301 0
302 0
303 0
304 0
305 0
306 0
307 0
308 0
309 0
310 0
311 0
312 0
313 0
314 0
315 0
316 0
317 0
318 0
319 0
320 0
321 0
322 0
323 0
324 0
325 0
326 0
327 0
328 0
329 0
330 0
331 0
332 0
333 0
334 0
335 0
336 0
337 0
338 0
339 0
340 0
341 0
342 0
343 0
344 0
345 0
346 0
347 0
348 0
