0 0
1 0
2 0
3 0
4 0
5 0
6 0
7 0
8 0
9 0
10 0
11 0
12 0
13 0
14 0
15 0
16 0
17 1
18 0
19 0
20 0
21 0
22 0
23 0
24 0
25 0
26 0
27 0
28 0
29 0
30 0
31 0
32 0
33 0
34 0
35 0
36 1
37 0
38 0
39 0
40 0
41 0
42 0
43 0
44 0
45 0
46 0
47 0
48 0
49 0
50 0
51 0
52 0
53 1
54 0
55 0
56 0
57 0
58 0
59 1
60 1
61 0
62 0
63 0
64 1
65 0
66 0
67 1
68 1
69 1
70 2
71 3
72 5
73 1
74 1
75 2
76 1
77 3
78 1
79 1
80 0
81 5
82 2
83 0
84 4
85 3
86 3
87 2
88 4
89 2
90 2
91 3
92 2
93 5
94 1
95 2
96 2
97 3
98 2
99 7
100 2
101 5
102 2
103 2
104 4
105 2
106 5
107 3
108 6
109 1
110 5
111 6
112 11
113 2
114 6
115 5
116 6
117 5
118 5
119 1
120 3
121 2
122 2
123 5
124 2
125 4
126 1
127 2
128 2
129 1
130 4
131 4
132 5
133 2
134 2
135 3
136 1
137 2
138 2
139 1
140 0
141 3
142 2
143 5
144 2
145 2
146 2
147 3
148 2
149 2
150 3
151 4
152 1
153 2
154 1
155 2
156 0
157 2
158 0
159 2
160 4
161 4
162 0
163 1
164 2
165 1
166 3
167 4
168 2
169 1
170 2
171 3
172 2
173 3
174 3
175 3
176 3
177 1
178 2
179 1
180 1
181 1
182 1
183 1
184 0
185 0
186 1
187 1
188 1
189 0
190 1
191 0
192 1
193 1
194 0
195 0
196 0
197 1
198 0
199 3
200 0
201 0
202 0
203 2
204 1
205 0
206 0
207 1
208 0
209 0
210 0
211 1
212 0
213 1
214 0
215 1
216 1
217 0
218 0
219 0
220 0
221 0
222 0
223 2
224 2
225 1
226 0
227 1
228 1
229 0
230 1
231 1
232 1
233 0
234 1
235 0
236 1
237 5
238 4
239 2
240 4
241 4
242 3
243 6
244 1
245 2
246 2
247 4
248 4
249 5
250 1
251 3
252 2
253 4
254 1
255 4
256 4
257 1
258 3
259 4
260 4
261 1
262 3
263 5
264 1
265 2
266 2
267 0
268 1
269 1
270 2
271 1
272 2
273 1
274 0
275 1
276 1
277 0
278 1
279 0
280 1
281 0
282 0
283 0
284 0
285 0
286 0
287 0
288 0
289 0
290 0
291 0
292 0
293 0
294 0
295 0
296 0
297 0
298 0
299 0
300 0
301 0
302 0
303 0
304 0
305 0
306 0
307 0
308 0
309 0
310 0
311 0
312 0
313 0
314 0
315 0
316 0
317 0
318 0
319 0
320 0
321 0
322 0
323 0
324 0
325 0
326 0
327 0
328 0
329 0
330 0
331 0
332 0
333 0
334 0
335 0
336 0
337 0
338 0
339 0
340 0
341 0
342 0
343 0
344 0
345 0
346 0
347 0
348 0
349 0
350 0
351 0
352 0
353 0
354 0
355 0
356 0
357 0
358 0
359 0
360 0
361 0
362 0
