0 0
1 0
2 0
3 0
4 0
5 0
6 0
7 0
8 0
9 0
10 0
11 0
12 0
13 0
14 0
15 1
16 0
17 0
18 0
19 0
20 0
21 0
22 0
23 0
24 0
25 0
26 0
27 0
28 0
29 0
30 0
31 0
32 0
33 0
34 0
35 0
36 0
37 0
38 0
39 1
40 0
41 0
42 0
43 0
44 0
45 0
46 0
47 0
48 0
49 0
50 1
51 0
52 0
53 0
54 0
55 0
56 1
57 0
58 0
59 0
60 0
61 0
62 2
63 0
64 0
65 0
66 0
67 1
68 1
69 0
70 0
71 0
72 1
73 0
74 0
75 0
76 0
77 0
78 0
79 0
80 2
81 0
82 0
83 0
84 1
85 0
86 0
87 0
88 0
89 1
90 0
91 1
92 1
93 0
94 2
95 1
96 1
97 0
98 0
99 0
100 1
101 0
102 1
103 0
104 0
105 2
106 2
107 1
108 0
109 2
110 1
111 2
112 1
113 1
114 1
115 1
116 0
117 1
118 2
119 0
120 0
121 0
122 0
123 0
124 0
125 0
126 0
127 1
128 0
129 1
130 0
131 0
132 0
133 0
134 1
135 0
136 0
137 0
138 0
139 0
140 0
141 2
142 0
143 0
144 1
145 0
146 1
147 0
148 1
149 0
150 2
151 2
152 0
153 0
154 1
155 0
156 1
157 2
158 0
159 0
160 1
161 0
162 2
163 0
164 1
165 2
166 1
167 1
168 0
169 2
170 1
171 5
172 2
173 7
174 9
175 3
176 4
177 4
178 7
179 12
180 9
181 3
182 7
183 2
184 9
185 5
186 2
187 6
188 8
189 5
190 2
191 0
192 6
193 8
194 2
195 3
196 9
197 4
198 3
199 9
200 1
201 3
202 9
203 2
204 3
205 1
206 3
207 7
208 2
209 3
210 2
211 2
212 3
213 3
214 6
215 2
216 2
217 4
218 1
219 1
220 1
221 2
222 2
223 2
224 0
225 1
226 0
227 0
228 0
229 1
230 1
231 1
232 2
233 2
234 0
235 2
236 1
237 1
238 0
239 0
240 0
241 1
242 0
243 0
244 0
245 3
246 0
247 0
248 1
249 0
250 1
251 0
252 0
253 0
254 0
255 0
256 0
257 0
258 0
259 0
260 0
261 0
262 0
263 1
264 0
265 0
266 0
267 0
268 0
269 0
270 0
271 0
272 0
273 0
274 0
275 0
276 0
277 0
278 0
279 0
280 1
281 0
282 0
283 0
284 0
285 0
286 0
287 0
288 0
289 0
290 2
291 2
292 0
293 0
294 0
295 0
296 0
297 0
298 0
299 0
300 0
301 0
302 0
303 0
304 0
305 0
306 0
307 0
308 0
309 0
310 0
311 0
312 0
313 0
314 0
315 0
316 0
317 0
318 0
319 0
320 0
321 0
322 0
323 0
324 0
325 0
326 0
327 0
328 0
329 0
330 0
331 0
332 0
333 0
334 0
335 0
336 0
337 0
338 0
339 0
340 0
341 0
342 0
343 0
344 0
345 0
346 0
347 0
348 0
349 0
350 0
351 0
352 0
353 0
354 0
355 0
356 0
357 0
358 0
359 0
360 0
361 0
362 0
363 0
364 0
365 0
366 0
367 0
368 0
369 0
370 0
371 0
372 0
373 0
374 0
375 0
376 0
377 0
