0 0
1 0
2 0
3 0
4 0
5 0
6 0
7 0
8 0
9 0
10 0
11 0
12 0
13 0
14 0
15 0
16 0
17 0
18 0
19 0
20 0
21 0
22 0
23 0
24 0
25 0
26 0
27 0
28 0
29 0
30 0
31 0
32 1
33 0
34 0
35 0
36 0
37 0
38 0
39 0
40 0
41 0
42 0
43 0
44 0
45 1
46 0
47 2
48 1
49 1
50 0
51 0
52 0
53 2
54 0
55 2
56 0
57 2
58 3
59 3
60 5
61 5
62 1
63 5
64 5
65 5
66 5
67 7
68 5
69 8
70 9
71 10
72 6
73 4
74 4
75 5
76 3
77 2
78 1
79 8
80 6
81 5
82 2
83 7
84 7
85 5
86 7
87 4
88 5
89 8
90 3
91 2
92 3
93 4
94 6
95 5
96 6
97 3
98 4
99 7
100 8
101 2
102 3
103 3
104 3
105 3
106 2
107 4
108 3
109 5
110 3
111 3
112 4
113 6
114 2
115 3
116 4
117 3
118 1
119 3
120 4
121 6
122 3
123 0
124 5
125 4
126 2
127 2
128 5
129 0
130 1
131 1
132 2
133 2
134 1
135 1
136 1
137 1
138 1
139 1
140 0
141 1
142 1
143 1
144 1
145 1
146 0
147 1
148 1
149 1
150 3
151 3
152 0
153 0
154 1
155 3
156 0
157 2
158 0
159 1
160 1
161 0
162 0
163 1
164 0
165 1
166 1
167 1
168 0
169 1
170 1
171 0
172 0
173 1
174 0
175 0
176 0
177 0
178 1
179 0
180 0
181 0
182 0
183 3
184 0
185 2
186 2
187 0
188 1
189 0
190 0
191 1
192 1
193 0
194 0
195 1
196 1
197 0
198 1
199 0
200 0
201 0
202 0
203 0
204 0
205 0
206 0
207 0
208 0
209 0
210 0
211 0
212 0
213 1
214 0
215 1
216 0
217 0
218 0
219 2
220 0
221 0
222 0
223 0
224 1
225 0
226 0
227 0
228 0
229 0
230 1
231 0
232 1
233 1
234 2
235 0
236 0
237 0
238 0
239 0
240 0
241 0
242 1
243 0
244 0
245 0
246 0
247 0
248 0
249 0
250 0
251 0
252 0
253 0
254 0
255 0
256 0
257 0
258 0
259 0
260 0
261 0
262 0
263 0
264 0
265 0
266 0
267 0
268 0
269 0
270 0
271 0
272 0
273 0
274 0
275 0
276 0
277 0
278 0
279 0
280 0
281 0
282 0
283 0
284 0
285 0
286 0
287 0
288 0
289 0
290 0
291 0
292 0
293 0
294 0
295 0
296 0
297 0
298 0
299 0
300 0
301 0
302 0
303 0
304 0
305 0
306 0
307 0
308 0
309 0
310 0
311 0
312 0
313 0
314 0
315 0
316 0
317 0
318 0
319 0
320 0
321 0
322 0
323 0
324 0
325 0
326 0
327 0
328 0
329 0
330 0
331 0
332 0
333 0
334 0
335 0
336 0
337 0
338 0
339 0
340 0
