0 0
1 0
2 0
3 0
4 0
5 0
6 0
7 0
8 0
9 0
10 0
11 0
12 0
13 0
14 0
15 0
16 0
17 0
18 1
19 0
20 0
21 0
22 1
23 2
24 0
25 0
26 0
27 0
28 1
29 0
30 0
31 0
32 1
33 1
34 0
35 0
36 0
37 2
38 0
39 0
40 0
41 4
42 2
43 1
44 1
45 1
46 2
47 2
48 2
49 2
50 2
51 1
52 4
53 2
54 2
55 0
56 3
57 2
58 0
59 2
60 0
61 2
62 0
63 2
64 0
65 4
66 3
67 1
68 4
69 2
70 5
71 0
72 2
73 1
74 2
75 1
76 1
77 0
78 0
79 0
80 1
81 2
82 2
83 0
84 2
85 2
86 1
87 2
88 1
89 2
90 2
91 3
92 4
93 2
94 3
95 9
96 2
97 4
98 1
99 3
100 0
101 5
102 1
103 0
104 1
105 3
106 0
107 1
108 1
109 2
110 0
111 0
112 1
113 0
114 1
115 0
116 0
117 2
118 2
119 2
120 0
121 4
122 1
123 2
124 5
125 0
126 1
127 3
128 2
129 2
130 4
131 3
132 3
133 3
134 4
135 3
136 0
137 2
138 1
139 2
140 0
141 2
142 2
143 4
144 0
145 1
146 5
147 5
148 4
149 0
150 3
151 0
152 1
153 2
154 2
155 1
156 1
157 1
158 0
159 3
160 3
161 0
162 4
163 2
164 2
165 1
166 1
167 2
168 0
169 1
170 2
171 3
172 1
173 1
174 1
175 1
176 0
177 2
178 0
179 0
180 0
181 0
182 1
183 1
184 0
185 1
186 2
187 3
188 2
189 1
190 1
191 0
192 1
193 0
194 2
195 3
196 0
197 2
198 2
199 1
200 1
201 5
202 1
203 0
204 1
205 4
206 0
207 1
208 0
209 0
210 0
211 0
212 1
213 2
214 0
215 1
216 2
217 0
218 1
219 4
220 2
221 2
222 0
223 0
224 0
225 1
226 1
227 3
228 3
229 2
230 1
231 1
232 2
233 2
234 2
235 1
236 3
237 0
238 1
239 0
240 1
241 1
242 1
243 1
244 1
245 1
246 1
247 1
248 0
249 1
250 0
251 1
252 1
253 0
254 0
255 0
256 1
257 0
258 1
259 1
260 0
261 0
262 1
263 2
264 0
265 2
266 0
267 1
268 0
269 2
270 0
271 0
272 0
273 0
274 0
275 0
276 1
277 0
278 0
279 1
280 0
281 0
282 0
283 1
284 0
285 0
286 0
287 1
288 1
289 0
290 0
291 1
292 0
293 0
294 0
295 0
296 0
297 0
298 0
299 1
300 0
301 0
302 0
303 1
304 0
305 0
306 0
307 1
308 0
309 0
310 0
311 0
312 0
313 0
314 0
315 0
316 0
317 0
318 0
319 0
320 0
321 0
322 0
323 0
324 0
325 0
326 0
327 0
328 0
329 0
330 0
331 0
332 0
333 0
334 0
335 0
336 0
337 0
338 0
339 0
340 0
341 0
