0 0
1 0
2 0
3 0
4 0
5 0
6 0
7 0
8 0
9 0
10 0
11 0
12 0
13 0
14 0
15 0
16 0
17 0
18 0
19 0
20 0
21 0
22 0
23 0
24 0
25 0
26 0
27 0
28 0
29 0
30 0
31 0
32 0
33 0
34 1
35 0
36 0
37 0
38 0
39 0
40 0
41 0
42 0
43 0
44 0
45 0
46 0
47 0
48 0
49 2
50 0
51 0
52 1
53 0
54 1
55 1
56 1
57 2
58 0
59 5
60 2
61 1
62 1
63 1
64 1
65 1
66 2
67 4
68 1
69 1
70 2
71 1
72 1
73 3
74 0
75 0
76 3
77 5
78 2
79 3
80 2
81 6
82 3
83 1
84 2
85 4
86 1
87 1
88 2
89 3
90 5
91 2
92 2
93 2
94 5
95 4
96 3
97 0
98 3
99 2
100 5
101 4
102 3
103 1
104 3
105 2
106 3
107 2
108 2
109 0
110 4
111 2
112 3
113 3
114 3
115 0
116 0
117 1
118 1
119 1
120 3
121 1
122 1
123 2
124 1
125 2
126 3
127 5
128 6
129 2
130 4
131 0
132 3
133 2
134 3
135 4
136 2
137 1
138 3
139 6
140 4
141 1
142 4
143 1
144 3
145 2
146 0
147 2
148 2
149 2
150 2
151 2
152 3
153 4
154 3
155 2
156 2
157 3
158 2
159 0
160 3
161 3
162 0
163 2
164 2
165 3
166 0
167 2
168 4
169 2
170 3
171 2
172 3
173 4
174 2
175 2
176 1
177 2
178 3
179 1
180 2
181 1
182 1
183 1
184 1
185 1
186 0
187 1
188 2
189 2
190 1
191 1
192 0
193 1
194 1
195 2
196 1
197 0
198 4
199 0
200 0
201 1
202 2
203 1
204 1
205 3
206 3
207 0
208 2
209 3
210 1
211 1
212 2
213 4
214 3
215 4
216 2
217 3
218 2
219 3
220 2
221 4
222 3
223 1
224 1
225 2
226 0
227 3
228 0
229 1
230 0
231 1
232 0
233 0
234 0
235 0
236 0
237 0
238 0
239 0
240 0
241 0
242 0
243 1
244 0
245 0
246 0
247 0
248 0
249 0
250 0
251 0
252 0
253 0
254 0
255 0
256 0
257 0
258 0
259 0
260 0
261 0
262 0
263 0
264 0
265 0
266 0
267 0
268 0
269 0
270 0
271 0
272 0
273 0
274 0
275 0
276 0
277 0
278 0
279 0
280 0
281 0
282 0
283 0
284 0
285 0
286 0
287 0
288 0
289 0
290 0
291 0
292 0
293 0
294 0
295 0
296 0
297 0
298 0
299 0
300 0
301 0
302 0
303 0
304 0
305 0
306 0
307 0
308 0
309 0
310 0
311 0
312 0
313 0
314 0
315 0
316 0
317 0
318 0
319 0
320 0
321 0
322 0
323 0
324 0
325 0
326 0
327 0
328 0
329 0
330 0
331 0
332 0
333 0
334 0
335 0
336 0
337 0
338 0
339 0
340 0
341 0
342 0
343 0
344 0
345 0
346 0
347 0
348 0
349 0
350 0
351 0
352 0
353 0
354 0
355 0
356 0
357 0
358 0
359 0
360 0
361 0
