0 0
1 0
2 0
3 0
4 0
5 0
6 0
7 0
8 0
9 0
10 0
11 0
12 0
13 0
14 0
15 0
16 0
17 0
18 0
19 0
20 1
21 0
22 0
23 0
24 0
25 0
26 0
27 0
28 0
29 0
30 0
31 0
32 0
33 0
34 0
35 0
36 0
37 1
38 0
39 0
40 0
41 0
42 0
43 0
44 0
45 0
46 0
47 1
48 0
49 0
50 2
51 0
52 0
53 2
54 2
55 2
56 2
57 3
58 2
59 0
60 5
61 3
62 4
63 1
64 5
65 6
66 0
67 3
68 2
69 3
70 3
71 6
72 1
73 7
74 4
75 4
76 1
77 3
78 1
79 1
80 2
81 2
82 3
83 2
84 3
85 1
86 2
87 3
88 2
89 0
90 3
91 5
92 6
93 3
94 7
95 7
96 7
97 1
98 4
99 4
100 6
101 3
102 3
103 7
104 7
105 4
106 7
107 1
108 4
109 2
110 3
111 3
112 4
113 3
114 4
115 2
116 5
117 4
118 3
119 2
120 5
121 7
122 3
123 1
124 1
125 5
126 1
127 5
128 2
129 3
130 0
131 1
132 1
133 1
134 2
135 1
136 2
137 0
138 3
139 0
140 1
141 0
142 2
143 1
144 1
145 1
146 0
147 0
148 1
149 0
150 1
151 0
152 0
153 0
154 1
155 1
156 0
157 1
158 1
159 0
160 0
161 1
162 0
163 1
164 0
165 0
166 0
167 0
168 0
169 0
170 0
171 1
172 1
173 0
174 0
175 0
176 0
177 0
178 0
179 0
180 0
181 0
182 0
183 0
184 0
185 0
186 0
187 0
188 0
189 0
190 1
191 0
192 0
193 0
194 0
195 0
196 0
197 0
198 0
199 0
200 0
201 0
202 0
203 0
204 0
205 2
206 1
207 0
208 0
209 0
210 0
211 1
212 1
213 1
214 1
215 0
216 1
217 0
218 1
219 2
220 0
221 0
222 0
223 1
224 1
225 1
226 1
227 2
228 1
229 0
230 1
231 0
232 1
233 1
234 1
235 2
236 0
237 1
238 2
239 1
240 0
241 0
242 0
243 0
244 1
245 2
246 2
247 0
248 1
249 0
250 1
251 0
252 2
253 1
254 0
255 0
256 0
257 0
258 0
259 0
260 1
261 0
262 0
263 0
264 1
265 0
266 1
267 0
268 0
269 1
270 1
271 1
272 2
273 2
274 0
275 0
276 0
277 0
278 0
279 3
280 1
281 0
282 0
283 0
284 1
285 1
286 3
287 0
288 0
289 0
290 0
291 0
292 0
293 0
294 0
295 0
296 1
297 0
298 0
299 0
300 0
301 0
302 0
303 0
304 0
305 0
306 0
307 0
308 0
309 0
310 0
311 0
312 0
313 0
314 0
315 0
316 0
317 0
318 0
319 0
320 0
321 0
322 0
323 0
324 0
325 0
326 0
327 0
328 0
329 0
330 0
331 0
332 0
333 0
334 0
335 0
336 0
337 0
338 0
339 0
340 0
341 0
342 0
343 0
344 0
345 0
346 0
347 0
348 0
349 0
350 0
351 0
352 0
353 0
