0 0
1 0
2 0
3 0
4 0
5 0
6 0
7 0
8 0
9 0
10 0
11 0
12 0
13 0
14 0
15 0
16 0
17 0
18 0
19 0
20 0
21 0
22 0
23 0
24 0
25 0
26 0
27 3
28 2
29 3
30 3
31 0
32 2
33 1
34 0
35 5
36 3
37 2
38 5
39 2
40 4
41 3
42 3
43 9
44 5
45 5
46 2
47 1
48 3
49 3
50 1
51 3
52 2
53 1
54 4
55 6
56 2
57 7
58 5
59 5
60 3
61 0
62 3
63 1
64 5
65 0
66 7
67 3
68 4
69 2
70 7
71 3
72 5
73 1
74 4
75 4
76 2
77 4
78 3
79 1
80 4
81 5
82 3
83 0
84 5
85 3
86 2
87 4
88 5
89 5
90 7
91 7
92 6
93 4
94 3
95 7
96 1
97 1
98 3
99 3
100 0
101 2
102 0
103 1
104 0
105 0
106 0
107 0
108 0
109 2
110 0
111 0
112 0
113 0
114 0
115 1
116 1
117 0
118 0
119 0
120 0
121 0
122 2
123 2
124 0
125 0
126 0
127 0
128 1
129 1
130 1
131 2
132 0
133 0
134 0
135 0
136 0
137 0
138 0
139 0
140 0
141 0
142 0
143 0
144 0
145 0
146 0
147 0
148 0
149 0
150 0
151 0
152 0
153 0
154 0
155 0
156 0
157 0
158 0
159 0
160 0
161 0
162 0
163 0
164 0
165 0
166 0
167 0
168 0
169 0
170 0
171 0
172 0
173 0
174 0
175 0
176 0
177 0
178 0
179 0
180 0
181 0
182 0
183 0
184 0
185 0
186 0
187 0
188 0
189 0
190 0
191 0
192 0
193 0
194 0
195 0
196 0
197 0
198 0
199 0
200 0
201 0
202 0
203 0
204 0
205 0
206 0
207 0
208 0
209 0
210 0
211 0
212 0
213 0
214 0
215 0
216 0
217 0
218 0
219 0
220 0
221 0
222 0
223 0
224 0
225 0
226 0
227 0
228 0
229 0
230 0
231 0
232 0
233 0
234 0
235 0
236 0
237 0
238 0
239 0
240 0
241 0
242 0
243 0
244 0
245 0
246 0
247 0
248 0
249 0
250 0
251 0
252 0
253 0
254 0
255 0
256 0
257 0
258 0
259 0
260 0
261 0
262 0
263 0
264 0
265 0
266 0
267 0
268 0
269 0
270 0
271 0
272 0
273 0
274 0
275 0
276 0
277 0
278 0
279 0
280 0
281 0
282 0
283 0
284 0
285 0
286 0
287 0
288 0
289 0
290 0
291 0
292 0
293 0
294 0
295 0
296 0
297 0
298 0
299 0
300 0
301 0
302 0
303 0
304 0
305 0
306 0
307 0
308 0
309 0
310 0
311 0
312 0
313 0
314 0
315 0
316 0
317 0
318 0
319 0
320 0
321 0
322 0
323 0
324 0
325 0
326 0
327 0
328 0
329 0
330 0
