0 0
1 0
2 0
3 0
4 0
5 0
6 0
7 0
8 0
9 0
10 0
11 0
12 0
13 0
14 0
15 0
16 0
17 0
18 0
19 0
20 0
21 0
22 0
23 0
24 0
25 0
26 0
27 0
28 0
29 0
30 0
31 0
32 0
33 0
34 0
35 0
36 0
37 0
38 0
39 0
40 0
41 0
42 0
43 0
44 0
45 0
46 0
47 0
48 0
49 0
50 0
51 1
52 0
53 0
54 0
55 0
56 0
57 1
58 0
59 0
60 0
61 0
62 0
63 0
64 1
65 0
66 0
67 0
68 0
69 0
70 0
71 1
72 0
73 0
74 0
75 1
76 0
77 0
78 0
79 0
80 0
81 0
82 0
83 0
84 0
85 0
86 0
87 0
88 0
89 0
90 2
91 0
92 0
93 0
94 1
95 0
96 0
97 0
98 1
99 0
100 0
101 0
102 0
103 0
104 0
105 0
106 1
107 0
108 0
109 0
110 0
111 0
112 0
113 0
114 1
115 0
116 0
117 0
118 0
119 0
120 0
121 0
122 1
123 0
124 1
125 1
126 1
127 1
128 0
129 1
130 0
131 1
132 1
133 1
134 0
135 0
136 0
137 1
138 0
139 1
140 4
141 1
142 1
143 3
144 2
145 3
146 2
147 3
148 1
149 2
150 1
151 5
152 8
153 4
154 3
155 8
156 4
157 6
158 3
159 8
160 7
161 7
162 6
163 5
164 4
165 6
166 8
167 5
168 9
169 7
170 11
171 5
172 5
173 7
174 7
175 3
176 5
177 10
178 5
179 4
180 8
181 3
182 10
183 5
184 3
185 5
186 7
187 5
188 5
189 3
190 9
191 4
192 3
193 4
194 1
195 7
196 6
197 10
198 3
199 2
200 3
201 8
202 6
203 7
204 7
205 7
206 4
207 7
208 8
209 8
210 5
211 4
212 6
213 11
214 10
215 16
216 7
217 9
218 5
219 8
220 5
221 5
222 3
223 4
224 5
225 9
226 3
227 6
228 4
229 5
230 3
231 4
232 5
233 5
234 3
235 2
236 2
237 1
238 4
239 2
240 1
241 2
242 1
243 2
244 2
245 0
246 0
247 0
248 2
249 1
250 0
251 3
252 1
253 1
254 0
255 1
256 0
257 0
258 3
259 1
260 1
261 1
262 0
263 1
264 1
265 0
266 0
267 2
268 2
269 0
270 1
271 2
272 1
273 1
274 1
275 0
276 0
277 0
278 3
279 0
280 1
281 0
282 1
283 0
284 0
285 0
286 0
287 1
288 0
289 0
290 0
291 0
292 0
293 0
294 0
295 0
296 0
297 0
298 0
299 0
300 0
301 0
302 0
303 0
304 0
305 0
306 0
307 0
308 0
309 0
310 0
311 0
312 0
313 0
314 0
315 0
316 0
317 0
318 0
319 0
320 0
321 0
322 0
323 0
324 0
325 0
326 0
327 0
328 0
329 0
330 0
331 0
332 0
333 0
334 0
335 0
336 0
337 0
338 0
339 0
340 0
341 0
342 0
343 0
344 0
345 0
346 0
347 0
348 0
349 0
350 0
351 0
352 0
353 0
354 0
355 0
356 0
357 0
358 0
359 0
360 0
361 0
362 0
363 0
364 0
365 0
366 0
367 0
368 0
369 0
370 0
371 0
372 0
373 0
374 0
375 0
376 0
377 0
378 0
379 0
380 0
381 0
