0 0
1 0
2 0
3 0
4 0
5 0
6 0
7 0
8 0
9 0
10 0
11 0
12 0
13 0
14 0
15 0
16 0
17 0
18 0
19 0
20 0
21 0
22 0
23 0
24 0
25 0
26 0
27 1
28 0
29 0
30 0
31 0
32 0
33 0
34 2
35 0
36 0
37 2
38 1
39 1
40 0
41 2
42 0
43 2
44 2
45 3
46 3
47 6
48 1
49 0
50 1
51 2
52 5
53 4
54 2
55 2
56 4
57 2
58 1
59 1
60 1
61 2
62 0
63 1
64 1
65 0
66 0
67 0
68 1
69 0
70 1
71 0
72 0
73 0
74 1
75 0
76 1
77 0
78 0
79 3
80 4
81 1
82 3
83 0
84 0
85 1
86 1
87 3
88 5
89 7
90 3
91 6
92 2
93 3
94 0
95 3
96 4
97 3
98 5
99 0
100 5
101 2
102 3
103 3
104 3
105 4
106 6
107 3
108 1
109 4
110 4
111 2
112 1
113 2
114 2
115 3
116 0
117 2
118 1
119 2
120 2
121 3
122 1
123 7
124 4
125 3
126 2
127 0
128 1
129 1
130 2
131 0
132 2
133 0
134 2
135 3
136 2
137 4
138 6
139 1
140 2
141 3
142 4
143 3
144 5
145 4
146 2
147 2
148 3
149 3
150 2
151 1
152 2
153 3
154 3
155 3
156 3
157 4
158 4
159 2
160 2
161 2
162 3
163 1
164 2
165 3
166 2
167 1
168 4
169 5
170 3
171 9
172 3
173 0
174 1
175 5
176 3
177 2
178 2
179 2
180 3
181 0
182 2
183 2
184 3
185 1
186 2
187 2
188 0
189 1
190 1
191 1
192 1
193 2
194 2
195 0
196 0
197 0
198 3
199 0
200 1
201 0
202 1
203 1
204 0
205 1
206 2
207 3
208 0
209 0
210 2
211 3
212 0
213 1
214 1
215 3
216 0
217 1
218 1
219 0
220 0
221 0
222 0
223 0
224 0
225 1
226 1
227 0
228 0
229 0
230 2
231 0
232 1
233 0
234 1
235 0
236 0
237 1
238 0
239 0
240 0
241 0
242 0
243 0
244 0
245 0
246 0
247 1
248 0
249 0
250 0
251 0
252 1
253 0
254 0
255 0
256 0
257 1
258 0
259 0
260 0
261 0
262 0
263 0
264 0
265 0
266 0
267 0
268 0
269 0
270 0
271 0
272 0
273 0
274 0
275 0
276 1
277 0
278 0
279 0
280 0
281 0
282 0
283 0
284 0
285 0
286 0
287 0
288 0
289 0
290 0
291 0
292 0
293 0
294 0
295 0
296 0
297 0
298 0
299 0
300 0
301 0
302 0
303 0
304 0
305 0
306 0
307 0
308 0
309 0
310 0
311 0
312 0
313 0
314 0
315 0
316 0
317 0
318 0
319 0
320 0
321 0
322 0
323 0
324 0
325 0
326 0
327 0
328 0
329 0
330 0
331 0
332 0
333 0
334 0
335 0
336 0
337 0
338 0
339 0
340 0
341 0
342 0
