0 0
1 0
2 0
3 0
4 0
5 0
6 0
7 0
8 0
9 0
10 0
11 0
12 0
13 0
14 0
15 1
16 1
17 1
18 0
19 1
20 0
21 9
22 4
23 2
24 1
25 10
26 8
27 9
28 12
29 9
30 15
31 11
32 6
33 7
34 12
35 6
36 3
37 12
38 7
39 5
40 12
41 15
42 14
43 10
44 12
45 15
46 13
47 17
48 20
49 12
50 9
51 12
52 14
53 8
54 12
55 5
56 5
57 4
58 8
59 7
60 10
61 11
62 15
63 18
64 10
65 11
66 7
67 6
68 8
69 11
70 12
71 15
72 19
73 10
74 11
75 10
76 9
77 3
78 6
79 6
80 10
81 10
82 4
83 3
84 3
85 6
86 2
87 7
88 2
89 3
90 2
91 2
92 1
93 5
94 1
95 3
96 4
97 3
98 4
99 6
100 6
101 8
102 0
103 4
104 1
105 5
106 2
107 3
108 4
109 5
110 4
111 2
112 3
113 0
114 3
115 1
116 2
117 1
118 2
119 1
120 0
121 5
122 2
123 3
124 2
125 1
126 2
127 1
128 3
129 3
130 1
131 3
132 3
133 1
134 3
135 4
136 0
137 3
138 3
139 1
140 0
141 2
142 3
143 2
144 3
145 0
146 1
147 1
148 2
149 1
150 1
151 2
152 1
153 2
154 1
155 3
156 3
157 2
158 0
159 0
160 0
161 2
162 1
163 3
164 2
165 1
166 1
167 1
168 1
169 1
170 1
171 2
172 1
173 0
174 1
175 0
176 0
177 1
178 1
179 1
180 0
181 1
182 0
183 0
184 0
185 0
186 0
187 2
188 1
189 2
190 0
191 1
192 0
193 0
194 1
195 0
196 0
197 0
198 0
199 0
200 0
201 0
202 0
203 0
204 0
205 0
206 0
207 0
208 0
209 0
210 0
211 0
212 0
213 0
214 0
215 0
216 0
217 0
218 0
219 0
220 0
221 0
222 0
223 0
224 0
225 0
226 0
227 0
228 0
229 0
230 0
231 0
232 0
233 0
234 0
235 0
236 0
237 0
238 0
239 0
240 0
241 0
242 0
243 0
244 0
245 0
246 0
247 0
248 0
249 0
250 0
251 0
252 0
253 0
254 0
255 0
256 0
257 0
258 0
259 0
260 0
261 0
262 0
263 0
264 0
265 0
266 0
267 0
268 0
269 0
270 0
271 0
272 0
273 0
274 0
275 0
276 0
277 0
278 0
279 0
280 0
281 0
282 0
283 0
284 0
285 0
286 0
287 0
288 0
289 0
290 0
291 0
292 0
293 0
294 0
295 0
296 0
297 0
298 0
299 0
300 0
301 0
302 0
303 0
304 0
305 0
306 0
307 0
308 0
309 0
310 0
311 0
312 0
313 0
314 0
315 0
316 0
317 0
318 0
319 0
320 0
321 0
322 0
323 0
324 0
325 0
326 0
327 0
328 0
329 0
330 0
331 0
332 0
333 0
334 0
335 0
336 0
337 0
338 0
339 0
340 0
341 0
342 0
343 0
344 0
345 0
346 0
347 0
348 0
349 0
350 0
351 0
352 0
353 0
354 0
355 0
356 0
357 0
358 0
359 0
360 0
361 0
362 0
363 0
364 0
365 0
366 0
367 0
368 0
369 0
370 0
371 0
