0 0
1 0
2 0
3 0
4 0
5 0
6 0
7 0
8 0
9 0
10 0
11 0
12 0
13 0
14 0
15 0
16 0
17 0
18 0
19 0
20 0
21 0
22 0
23 0
24 0
25 0
26 0
27 0
28 0
29 0
30 0
31 0
32 0
33 0
34 0
35 0
36 0
37 0
38 0
39 0
40 0
41 0
42 0
43 0
44 0
45 1
46 1
47 0
48 0
49 0
50 0
51 1
52 0
53 0
54 0
55 0
56 0
57 0
58 0
59 0
60 1
61 0
62 0
63 0
64 0
65 2
66 0
67 0
68 0
69 3
70 0
71 0
72 1
73 3
74 0
75 0
76 0
77 0
78 2
79 0
80 1
81 3
82 0
83 0
84 1
85 0
86 0
87 0
88 0
89 0
90 3
91 2
92 1
93 1
94 1
95 2
96 1
97 0
98 1
99 4
100 2
101 0
102 0
103 0
104 0
105 3
106 0
107 0
108 1
109 0
110 1
111 1
112 0
113 0
114 0
115 1
116 1
117 0
118 0
119 2
120 1
121 0
122 1
123 1
124 3
125 1
126 0
127 1
128 0
129 0
130 0
131 1
132 1
133 1
134 1
135 2
136 3
137 1
138 2
139 1
140 2
141 2
142 5
143 3
144 3
145 2
146 2
147 5
148 5
149 4
150 4
151 2
152 6
153 3
154 5
155 5
156 10
157 7
158 1
159 17
160 7
161 10
162 4
163 6
164 3
165 4
166 5
167 4
168 2
169 3
170 4
171 6
172 6
173 2
174 3
175 4
176 2
177 5
178 2
179 1
180 2
181 0
182 0
183 3
184 1
185 2
186 2
187 0
188 7
189 2
190 0
191 2
192 3
193 3
194 2
195 2
196 5
197 6
198 4
199 4
200 11
201 12
202 3
203 6
204 3
205 2
206 6
207 6
208 8
209 3
210 7
211 5
212 5
213 8
214 4
215 8
216 7
217 1
218 5
219 6
220 2
221 4
222 2
223 3
224 7
225 2
226 2
227 5
228 2
229 3
230 2
231 3
232 4
233 3
234 3
235 2
236 3
237 4
238 4
239 3
240 3
241 3
242 6
243 2
244 4
245 4
246 3
247 5
248 5
249 8
250 4
251 4
252 2
253 11
254 5
255 8
256 5
257 4
258 4
259 6
260 3
261 8
262 8
263 7
264 5
265 4
266 5
267 4
268 5
269 5
270 7
271 7
272 1
273 5
274 12
275 10
276 12
277 4
278 13
279 13
280 14
281 9
282 6
283 8
284 3
285 10
286 6
287 4
288 5
289 5
290 2
291 0
292 1
293 2
294 1
295 3
296 1
297 0
298 0
299 1
300 0
301 0
302 1
303 0
304 0
305 0
306 0
307 0
308 0
309 0
310 0
311 0
312 0
313 0
314 0
315 0
316 0
317 0
318 0
319 0
320 0
321 0
322 0
323 0
324 0
325 0
326 0
327 0
328 0
329 0
330 0
331 0
332 0
333 0
334 0
335 0
336 0
337 0
338 0
339 0
340 0
341 0
342 0
343 0
344 0
345 0
346 0
