0 0
1 0
2 0
3 0
4 0
5 0
6 0
7 0
8 0
9 0
10 0
11 0
12 0
13 0
14 0
15 0
16 0
17 0
18 0
19 0
20 0
21 0
22 0
23 0
24 0
25 0
26 0
27 0
28 0
29 0
30 0
31 0
32 0
33 0
34 0
35 0
36 0
37 0
38 0
39 0
40 0
41 0
42 0
43 0
44 0
45 0
46 0
47 0
48 0
49 0
50 0
51 0
52 0
53 0
54 0
55 0
56 0
57 0
58 0
59 0
60 0
61 0
62 0
63 0
64 0
65 0
66 1
67 0
68 1
69 0
70 0
71 0
72 1
73 0
74 1
75 0
76 1
77 0
78 0
79 0
80 1
81 1
82 0
83 1
84 0
85 2
86 0
87 0
88 1
89 0
90 1
91 3
92 1
93 2
94 2
95 3
96 2
97 3
98 0
99 2
100 1
101 2
102 0
103 3
104 4
105 1
106 2
107 4
108 4
109 2
110 0
111 2
112 3
113 5
114 4
115 3
116 5
117 1
118 4
119 1
120 2
121 1
122 1
123 2
124 3
125 2
126 1
127 2
128 4
129 3
130 2
131 2
132 2
133 1
134 2
135 4
136 2
137 3
138 2
139 4
140 1
141 1
142 4
143 3
144 2
145 1
146 2
147 2
148 1
149 0
150 1
151 1
152 0
153 3
154 2
155 3
156 1
157 1
158 0
159 4
160 0
161 2
162 4
163 1
164 0
165 0
166 0
167 0
168 2
169 1
170 1
171 1
172 0
173 0
174 1
175 0
176 0
177 0
178 1
179 0
180 0
181 1
182 0
183 2
184 0
185 1
186 1
187 1
188 0
189 0
190 0
191 0
192 0
193 0
194 0
195 0
196 0
197 0
198 0
199 1
200 0
201 0
202 0
203 0
204 1
205 1
206 0
207 0
208 0
209 0
210 0
211 0
212 0
213 0
214 0
215 0
216 0
217 0
218 0
219 0
220 0
221 0
222 0
223 0
224 0
225 0
226 0
227 0
228 0
229 1
230 0
231 0
232 0
233 0
234 0
235 0
236 0
237 0
238 0
239 0
240 1
241 0
242 0
243 0
244 0
245 1
246 0
247 0
248 0
249 1
250 0
251 1
252 0
253 1
254 1
255 0
256 0
257 2
258 0
259 1
260 0
261 0
262 0
263 1
264 0
265 0
266 0
267 0
268 0
269 1
270 0
271 0
272 0
273 0
274 0
275 0
276 0
277 0
278 0
279 1
280 0
281 0
282 2
283 0
284 0
285 1
286 0
287 0
288 0
289 0
290 0
291 0
292 0
293 0
294 0
295 0
296 0
297 0
298 0
299 0
300 0
301 0
302 0
303 0
304 0
305 0
306 0
307 0
308 0
309 0
310 0
311 0
312 0
313 0
314 0
315 0
316 0
317 0
318 0
319 0
320 0
321 0
322 0
323 0
324 0
325 0
326 0
327 0
328 0
329 0
330 0
331 0
332 0
333 0
334 0
335 0
