0 0
1 1
2 0
3 0
4 0
5 0
6 0
7 0
8 0
9 0
10 1
11 0
12 0
13 1
14 1
15 0
16 0
17 0
18 1
19 0
20 0
21 0
22 0
23 0
24 0
25 0
26 0
27 1
28 0
29 0
30 4
31 2
32 1
33 2
34 1
35 7
36 2
37 1
38 3
39 3
40 3
41 4
42 8
43 7
44 8
45 3
46 1
47 2
48 2
49 2
50 3
51 1
52 1
53 2
54 2
55 3
56 3
57 3
58 6
59 3
60 2
61 3
62 1
63 1
64 2
65 6
66 2
67 2
68 1
69 1
70 4
71 1
72 2
73 5
74 1
75 4
76 1
77 5
78 3
79 2
80 3
81 2
82 1
83 4
84 1
85 1
86 2
87 5
88 1
89 1
90 2
91 1
92 1
93 0
94 0
95 1
96 1
97 2
98 1
99 1
100 0
101 1
102 2
103 2
104 1
105 2
106 1
107 0
108 1
109 1
110 4
111 4
112 1
113 2
114 2
115 0
116 0
117 1
118 0
119 2
120 1
121 2
122 2
123 1
124 2
125 1
126 3
127 1
128 5
129 2
130 2
131 1
132 6
133 7
134 4
135 6
136 9
137 5
138 3
139 7
140 4
141 6
142 1
143 3
144 2
145 2
146 0
147 4
148 0
149 3
150 3
151 0
152 1
153 2
154 1
155 2
156 0
157 2
158 0
159 0
160 0
161 1
162 0
163 0
164 0
165 1
166 0
167 0
168 0
169 1
170 0
171 0
172 0
173 1
174 0
175 0
176 0
177 1
178 0
179 0
180 0
181 0
182 1
183 0
184 0
185 1
186 0
187 2
188 0
189 1
190 3
191 3
192 4
193 2
194 1
195 0
196 2
197 1
198 0
199 0
200 0
201 1
202 1
203 1
204 0
205 0
206 0
207 1
208 0
209 0
210 0
211 0
212 0
213 0
214 0
215 0
216 0
217 0
218 0
219 0
220 0
221 0
222 0
223 0
224 0
225 0
226 0
227 0
228 0
229 0
230 0
231 0
232 0
233 0
234 0
235 0
236 0
237 0
238 0
239 0
240 1
241 0
242 0
243 0
244 0
245 0
246 0
247 0
248 0
249 0
250 0
251 0
252 0
253 0
254 0
255 0
256 0
257 0
258 0
259 0
260 0
261 0
262 0
263 0
264 0
265 0
266 0
267 0
268 0
269 0
270 0
271 0
272 0
273 0
274 0
275 0
276 0
277 0
278 0
279 0
280 0
281 0
282 0
283 0
284 0
285 0
286 0
287 0
288 0
289 0
290 0
291 0
292 0
293 0
294 0
295 0
296 0
297 0
298 0
299 0
300 0
301 0
302 0
303 0
304 0
305 0
306 0
307 0
308 0
309 0
310 0
311 0
312 0
313 0
314 0
315 0
316 0
317 0
318 0
319 0
320 0
321 0
322 0
323 0
324 0
325 0
326 0
327 0
328 0
329 0
330 0
331 0
332 0
333 0
334 0
335 0
336 0
337 0
338 0
339 0
340 0
341 0
342 0
343 0
344 0
345 0
346 0
347 0
348 0
349 0
350 0
351 0
352 0
353 0
354 0
355 0
356 0
357 0
358 0
359 0
