0 0
1 0
2 0
3 0
4 0
5 0
6 0
7 0
8 0
9 0
10 0
11 0
12 0
13 0
14 0
15 0
16 0
17 0
18 0
19 0
20 0
21 0
22 0
23 0
24 0
25 0
26 0
27 0
28 0
29 0
30 0
31 0
32 0
33 0
34 0
35 1
36 1
37 0
38 0
39 0
40 0
41 0
42 0
43 0
44 0
45 0
46 0
47 0
48 0
49 0
50 1
51 2
52 0
53 0
54 0
55 0
56 0
57 0
58 0
59 0
60 0
61 1
62 1
63 1
64 0
65 1
66 0
67 1
68 0
69 0
70 0
71 0
72 0
73 0
74 0
75 1
76 0
77 0
78 0
79 0
80 0
81 0
82 0
83 0
84 0
85 0
86 0
87 0
88 0
89 0
90 3
91 0
92 1
93 1
94 0
95 0
96 1
97 0
98 1
99 1
100 0
101 2
102 0
103 0
104 0
105 1
106 1
107 4
108 2
109 3
110 0
111 2
112 5
113 0
114 2
115 2
116 6
117 1
118 2
119 5
120 2
121 3
122 3
123 5
124 1
125 1
126 1
127 3
128 3
129 2
130 2
131 1
132 1
133 5
134 1
135 0
136 3
137 3
138 4
139 2
140 3
141 0
142 8
143 2
144 1
145 3
146 1
147 5
148 5
149 1
150 1
151 3
152 1
153 1
154 2
155 4
156 4
157 3
158 3
159 4
160 9
161 2
162 8
163 9
164 7
165 8
166 8
167 6
168 11
169 4
170 9
171 8
172 11
173 18
174 15
175 13
176 17
177 20
178 15
179 16
180 12
181 10
182 13
183 20
184 16
185 8
186 11
187 5
188 8
189 8
190 8
191 4
192 2
193 4
194 5
195 6
196 3
197 11
198 13
199 9
200 17
201 15
202 23
203 29
204 23
205 22
206 25
207 19
208 20
209 13
210 14
211 12
212 10
213 5
214 11
215 2
216 4
217 2
218 2
219 1
220 0
221 0
222 0
223 1
224 0
225 0
226 0
227 0
228 0
229 0
230 0
231 0
232 0
233 0
234 0
235 0
236 0
237 0
238 0
239 0
240 0
241 0
242 0
243 0
244 0
245 0
246 0
247 0
248 0
249 0
250 0
251 0
252 0
253 0
254 0
255 0
256 0
257 0
258 0
259 0
260 0
261 0
262 0
263 0
264 0
265 0
266 0
267 0
268 0
269 0
270 0
271 0
272 0
273 0
274 0
275 0
276 0
277 0
278 0
279 0
280 0
281 0
282 0
283 0
284 0
285 0
286 0
287 0
288 0
289 0
290 0
291 0
292 0
293 0
294 0
295 0
296 0
297 0
298 0
299 0
300 0
301 0
302 0
303 0
304 0
305 0
306 0
307 0
308 0
309 0
310 0
311 0
312 0
313 0
314 0
315 0
316 0
317 0
318 0
319 0
320 0
321 0
322 0
323 0
324 0
325 0
326 0
327 0
328 0
329 0
330 0
331 0
332 0
333 0
334 0
335 0
336 0
337 0
338 0
339 0
340 0
341 0
342 0
343 0
344 0
345 0
346 0
347 0
348 0
349 0
350 0
351 0
352 0
353 0
354 0
355 0
356 0
357 0
358 0
359 0
360 0
361 0
362 0
363 0
364 0
365 0
366 0
367 0
368 0
