0 0
1 0
2 0
3 0
4 0
5 0
6 0
7 0
8 0
9 0
10 0
11 1
12 0
13 0
14 0
15 0
16 1
17 0
18 0
19 0
20 0
21 0
22 0
23 0
24 0
25 0
26 1
27 0
28 0
29 0
30 1
31 1
32 2
33 3
34 1
35 2
36 3
37 1
38 4
39 1
40 3
41 6
42 11
43 4
44 9
45 8
46 3
47 7
48 4
49 8
50 5
51 7
52 5
53 7
54 5
55 8
56 4
57 1
58 2
59 6
60 10
61 8
62 6
63 4
64 6
65 8
66 4
67 6
68 8
69 4
70 3
71 7
72 6
73 8
74 6
75 4
76 7
77 5
78 10
79 9
80 9
81 4
82 8
83 7
84 6
85 6
86 4
87 11
88 13
89 10
90 10
91 8
92 8
93 14
94 11
95 8
96 11
97 12
98 16
99 14
100 14
101 7
102 4
103 13
104 10
105 16
106 14
107 5
108 8
109 7
110 7
111 9
112 10
113 8
114 6
115 4
116 6
117 7
118 3
119 5
120 0
121 11
122 1
123 8
124 3
125 5
126 12
127 10
128 14
129 8
130 8
131 11
132 9
133 9
134 9
135 5
136 4
137 5
138 3
139 4
140 8
141 2
142 2
143 1
144 3
145 2
146 2
147 0
148 1
149 2
150 2
151 6
152 1
153 2
154 5
155 6
156 4
157 3
158 5
159 1
160 8
161 7
162 13
163 13
164 6
165 11
166 21
167 14
168 6
169 13
170 12
171 7
172 16
173 19
174 21
175 31
176 35
177 34
178 33
179 29
180 40
181 35
182 25
183 48
184 24
185 17
186 12
187 16
188 5
189 8
190 10
191 7
192 3
193 5
194 2
195 2
196 3
197 1
198 4
199 2
200 3
201 3
202 2
203 5
204 3
205 1
206 0
207 3
208 3
209 2
210 1
211 6
212 3
213 5
214 0
215 0
216 0
217 0
218 0
219 0
220 0
221 0
222 0
223 0
224 0
225 0
226 0
227 0
228 0
229 0
230 0
231 0
232 0
233 0
234 0
235 0
236 0
237 0
238 0
239 0
240 0
241 0
242 0
243 0
244 0
245 0
246 0
247 0
248 0
249 0
250 0
251 0
252 0
253 0
254 0
255 0
256 0
257 0
258 0
259 0
260 0
261 0
262 0
263 0
264 0
265 0
266 0
267 0
268 0
269 0
270 0
271 0
272 0
273 0
274 0
275 0
276 0
277 0
278 0
279 0
280 0
281 0
282 0
283 0
284 0
285 0
286 0
287 0
288 0
289 0
290 0
291 0
292 0
293 0
294 0
295 0
296 0
297 0
298 0
299 0
300 0
301 0
302 0
303 0
304 0
305 0
306 0
307 0
308 0
309 0
310 0
311 0
312 0
313 0
314 0
315 0
316 0
317 0
318 0
319 0
320 0
321 0
322 0
323 0
324 0
325 0
326 0
327 0
328 0
329 0
330 0
331 0
332 0
333 0
334 0
335 0
336 0
337 0
338 0
339 0
340 0
341 0
342 0
343 0
344 0
345 0
346 0
347 0
348 0
349 0
350 0
351 0
352 0
353 0
354 0
355 0
356 0
357 0
358 0
359 0
360 0
361 0
362 0
363 0
364 0
365 0
366 0
367 0
368 0
369 0
370 0
371 0
372 0
373 0
