0 0
1 0
2 0
3 0
4 0
5 0
6 0
7 0
8 0
9 0
10 0
11 0
12 0
13 0
14 0
15 0
16 0
17 1
18 0
19 0
20 2
21 1
22 2
23 2
24 0
25 2
26 2
27 2
28 3
29 1
30 1
31 2
32 3
33 7
34 2
35 7
36 8
37 5
38 3
39 5
40 1
41 2
42 3
43 5
44 4
45 1
46 1
47 3
48 0
49 1
50 1
51 2
52 1
53 2
54 1
55 7
56 3
57 2
58 2
59 0
60 3
61 1
62 1
63 3
64 1
65 3
66 2
67 2
68 2
69 3
70 1
71 4
72 0
73 1
74 0
75 1
76 0
77 2
78 1
79 5
80 1
81 0
82 0
83 4
84 3
85 3
86 1
87 4
88 4
89 4
90 1
91 4
92 1
93 7
94 2
95 1
96 3
97 1
98 1
99 2
100 2
101 4
102 3
103 0
104 0
105 1
106 2
107 2
108 2
109 3
110 2
111 2
112 6
113 1
114 3
115 3
116 3
117 4
118 2
119 2
120 3
121 2
122 4
123 5
124 2
125 4
126 3
127 5
128 4
129 2
130 2
131 2
132 2
133 1
134 1
135 1
136 1
137 2
138 4
139 1
140 2
141 1
142 0
143 1
144 2
145 1
146 0
147 0
148 0
149 2
150 0
151 2
152 1
153 2
154 0
155 0
156 1
157 0
158 0
159 0
160 1
161 2
162 1
163 1
164 2
165 2
166 1
167 3
168 0
169 1
170 1
171 1
172 2
173 1
174 1
175 4
176 1
177 4
178 1
179 2
180 3
181 1
182 0
183 0
184 0
185 0
186 0
187 0
188 0
189 0
190 0
191 0
192 0
193 0
194 0
195 0
196 0
197 0
198 0
199 0
200 0
201 0
202 0
203 0
204 0
205 0
206 0
207 0
208 0
209 0
210 0
211 0
212 0
213 0
214 0
215 0
216 0
217 0
218 0
219 0
220 0
221 0
222 0
223 0
224 0
225 0
226 0
227 0
228 0
229 0
230 0
231 0
232 0
233 0
234 0
235 0
236 0
237 0
238 0
239 0
240 0
241 0
242 0
243 0
244 0
245 0
246 0
247 0
248 0
249 0
250 0
251 0
252 0
253 0
254 0
255 0
256 0
257 0
258 0
259 0
260 0
261 0
262 0
263 0
264 0
265 0
266 0
267 0
268 0
269 0
270 0
271 0
272 0
273 0
274 0
275 0
276 0
277 0
278 0
279 0
280 0
281 0
282 0
283 0
284 0
285 0
286 0
287 0
288 0
289 0
290 0
291 0
292 0
293 0
294 0
295 0
296 0
297 0
298 0
299 0
300 0
301 0
302 0
303 0
304 0
305 0
306 0
307 0
308 0
309 0
310 0
311 0
312 0
313 0
314 0
315 0
316 0
317 0
318 0
319 0
320 0
321 0
322 0
323 0
324 0
325 0
326 0
327 0
328 0
329 0
330 0
331 0
332 0
333 0
334 0
335 0
336 0
337 0
338 0
339 0
340 0
341 0
342 0
343 0
344 0
345 0
346 0
347 0
348 0
349 0
350 0
