0 0
1 0
2 0
3 0
4 0
5 0
6 0
7 0
8 0
9 0
10 0
11 0
12 0
13 0
14 0
15 0
16 0
17 0
18 0
19 0
20 0
21 0
22 0
23 1
24 0
25 0
26 0
27 0
28 0
29 0
30 0
31 0
32 0
33 0
34 0
35 0
36 0
37 0
38 0
39 0
40 0
41 0
42 0
43 0
44 0
45 0
46 0
47 0
48 0
49 0
50 0
51 0
52 0
53 0
54 0
55 0
56 0
57 0
58 0
59 0
60 1
61 1
62 2
63 6
64 1
65 1
66 7
67 3
68 3
69 2
70 2
71 3
72 3
73 10
74 5
75 1
76 4
77 1
78 1
79 4
80 3
81 3
82 3
83 7
84 5
85 2
86 5
87 4
88 6
89 3
90 4
91 5
92 9
93 5
94 11
95 8
96 8
97 5
98 9
99 10
100 8
101 12
102 8
103 4
104 4
105 3
106 5
107 5
108 4
109 2
110 2
111 6
112 3
113 6
114 4
115 5
116 6
117 6
118 2
119 4
120 6
121 8
122 1
123 3
124 5
125 1
126 2
127 6
128 2
129 3
130 6
131 1
132 1
133 5
134 2
135 3
136 2
137 1
138 3
139 2
140 2
141 1
142 2
143 2
144 0
145 1
146 1
147 0
148 0
149 0
150 0
151 0
152 0
153 0
154 0
155 0
156 0
157 0
158 0
159 0
160 1
161 0
162 0
163 0
164 0
165 0
166 0
167 0
168 0
169 0
170 0
171 1
172 0
173 0
174 0
175 0
176 0
177 0
178 0
179 0
180 0
181 0
182 0
183 0
184 0
185 1
186 1
187 0
188 1
189 0
190 1
191 0
192 0
193 0
194 0
195 0
196 0
197 0
198 0
199 0
200 0
201 0
202 1
203 0
204 0
205 1
206 0
207 0
208 0
209 0
210 0
211 0
212 0
213 0
214 0
215 0
216 0
217 0
218 0
219 0
220 0
221 0
222 0
223 0
224 0
225 0
226 0
227 0
228 0
229 0
230 0
231 2
232 0
233 0
234 0
235 0
236 0
237 0
238 1
239 0
240 0
241 0
242 0
243 0
244 0
245 0
246 0
247 0
248 0
249 0
250 0
251 0
252 0
253 0
254 1
255 1
256 0
257 0
258 2
259 0
260 0
261 1
262 0
263 0
264 0
265 0
266 0
267 0
268 0
269 2
270 0
271 0
272 2
273 0
274 0
275 0
276 0
277 0
278 0
279 0
280 0
281 0
282 0
283 0
284 0
285 1
286 0
287 0
288 0
289 0
290 0
291 0
292 0
293 0
294 0
295 0
296 0
297 0
298 1
299 0
300 0
301 0
302 0
303 0
304 0
305 0
306 0
307 0
308 0
309 0
310 0
311 0
312 0
313 0
314 0
315 0
316 0
317 0
318 0
319 0
320 0
321 0
322 0
323 1
324 0
325 0
326 0
327 0
328 0
329 0
330 0
331 0
332 0
333 0
334 0
335 0
336 0
337 0
338 0
339 0
340 0
341 0
342 0
343 0
344 0
345 0
346 0
347 0
348 0
349 0
350 0
351 0
352 0
353 0
354 0
355 0
356 0
357 0
