0 0
1 0
2 1
3 0
4 0
5 0
6 0
7 0
8 0
9 0
10 0
11 0
12 0
13 0
14 0
15 0
16 0
17 0
18 0
19 0
20 2
21 0
22 2
23 0
24 1
25 3
26 1
27 4
28 2
29 2
30 2
31 11
32 7
33 3
34 2
35 8
36 7
37 6
38 8
39 5
40 6
41 10
42 6
43 5
44 10
45 7
46 12
47 7
48 5
49 6
50 6
51 5
52 3
53 12
54 8
55 5
56 9
57 8
58 7
59 12
60 7
61 8
62 7
63 5
64 6
65 4
66 3
67 2
68 6
69 6
70 10
71 3
72 6
73 2
74 4
75 4
76 6
77 5
78 6
79 5
80 5
81 3
82 4
83 5
84 11
85 8
86 7
87 10
88 6
89 4
90 7
91 3
92 4
93 4
94 7
95 4
96 7
97 7
98 4
99 0
100 1
101 8
102 4
103 4
104 6
105 2
106 4
107 6
108 5
109 4
110 8
111 9
112 8
113 9
114 7
115 12
116 10
117 2
118 3
119 1
120 4
121 4
122 1
123 7
124 1
125 2
126 1
127 0
128 4
129 2
130 2
131 1
132 5
133 4
134 2
135 6
136 2
137 3
138 7
139 8
140 9
141 11
142 9
143 12
144 12
145 7
146 6
147 6
148 9
149 9
150 14
151 10
152 9
153 11
154 4
155 7
156 6
157 8
158 10
159 6
160 7
161 12
162 4
163 7
164 5
165 8
166 6
167 10
168 8
169 14
170 12
171 7
172 8
173 7
174 5
175 7
176 5
177 5
178 4
179 1
180 9
181 8
182 9
183 4
184 5
185 5
186 3
187 2
188 2
189 8
190 3
191 3
192 0
193 5
194 4
195 6
196 2
197 3
198 1
199 3
200 1
201 1
202 7
203 4
204 4
205 4
206 2
207 4
208 5
209 2
210 2
211 4
212 1
213 5
214 5
215 1
216 4
217 4
218 3
219 2
220 5
221 3
222 4
223 4
224 6
225 5
226 5
227 7
228 3
229 8
230 9
231 8
232 3
233 3
234 3
235 1
236 1
237 1
238 0
239 1
240 0
241 0
242 0
243 0
244 0
245 0
246 0
247 0
248 0
249 0
250 0
251 0
252 0
253 0
254 0
255 0
256 0
257 0
258 0
259 0
260 0
261 0
262 0
263 0
264 0
265 0
266 0
267 0
268 0
269 0
270 0
271 0
272 0
273 0
274 0
275 0
276 0
277 0
278 0
279 0
280 0
281 0
282 0
283 0
284 0
285 0
286 0
287 0
288 0
289 0
290 0
291 0
292 0
293 0
294 0
295 0
296 0
297 0
298 0
299 0
300 0
301 0
302 0
303 0
304 0
305 0
306 0
307 0
308 0
309 0
310 0
311 0
312 0
313 0
314 0
315 0
316 0
317 0
318 0
319 0
320 0
321 0
322 0
323 0
324 0
325 0
326 0
327 0
328 0
329 0
330 0
331 0
332 0
333 0
334 0
335 0
336 0
337 0
338 0
339 0
340 0
341 0
342 0
343 0
344 0
345 0
346 0
347 0
348 0
349 0
350 0
351 0
352 0
353 0
354 0
355 0
356 0
357 0
358 0
359 0
360 0
361 0
362 0
363 0
364 0
365 0
366 0
367 0
368 0
369 0
370 0
371 0
372 0
373 0
374 0
375 0
376 0
377 0
378 0
379 0
380 0
