0 0
1 0
2 0
3 0
4 0
5 0
6 0
7 0
8 0
9 0
10 0
11 0
12 0
13 0
14 1
15 0
16 0
17 3
18 1
19 1
20 1
21 2
22 3
23 0
24 0
25 2
26 4
27 4
28 5
29 2
30 0
31 3
32 6
33 7
34 6
35 5
36 6
37 5
38 4
39 3
40 5
41 10
42 5
43 9
44 9
45 3
46 4
47 2
48 7
49 10
50 4
51 6
52 1
53 2
54 6
55 6
56 6
57 6
58 5
59 4
60 3
61 7
62 7
63 12
64 4
65 7
66 5
67 5
68 5
69 7
70 4
71 3
72 5
73 3
74 2
75 4
76 7
77 4
78 1
79 6
80 5
81 1
82 3
83 6
84 4
85 5
86 6
87 7
88 5
89 2
90 2
91 9
92 5
93 3
94 7
95 6
96 7
97 4
98 2
99 2
100 4
101 4
102 3
103 3
104 3
105 4
106 1
107 3
108 3
109 3
110 3
111 6
112 4
113 0
114 2
115 3
116 3
117 1
118 1
119 4
120 1
121 1
122 4
123 6
124 3
125 2
126 3
127 3
128 5
129 3
130 3
131 7
132 7
133 0
134 3
135 5
136 5
137 1
138 4
139 8
140 2
141 2
142 4
143 0
144 3
145 0
146 4
147 2
148 2
149 3
150 5
151 2
152 3
153 4
154 2
155 3
156 1
157 4
158 1
159 2
160 0
161 1
162 0
163 3
164 1
165 1
166 1
167 0
168 0
169 1
170 2
171 1
172 0
173 2
174 3
175 2
176 3
177 2
178 1
179 3
180 2
181 1
182 1
183 2
184 1
185 3
186 2
187 3
188 4
189 3
190 1
191 2
192 5
193 2
194 2
195 4
196 2
197 2
198 4
199 1
200 4
201 3
202 2
203 3
204 2
205 2
206 4
207 3
208 2
209 2
210 2
211 3
212 3
213 8
214 1
215 2
216 3
217 1
218 1
219 5
220 1
221 1
222 1
223 5
224 0
225 7
226 4
227 4
228 1
229 9
230 3
231 7
232 3
233 5
234 1
235 5
236 3
237 3
238 4
239 3
240 1
241 1
242 0
243 0
244 0
245 0
246 0
247 1
248 1
249 0
250 0
251 0
252 0
253 0
254 0
255 0
256 0
257 2
258 1
259 1
260 1
261 0
262 1
263 0
264 0
265 1
266 0
267 0
268 4
269 0
270 0
271 1
272 2
273 1
274 1
275 1
276 0
277 0
278 0
279 1
280 0
281 1
282 0
283 0
284 0
285 0
286 0
287 0
288 0
289 0
290 0
291 0
292 0
293 0
294 1
295 0
296 0
297 0
298 0
299 0
300 0
301 0
302 0
303 0
304 0
305 0
306 0
307 0
308 0
309 0
310 0
311 0
312 0
313 0
314 0
315 0
316 0
317 0
318 0
319 0
320 0
321 0
322 0
323 0
324 0
325 0
326 0
327 0
328 0
329 0
330 0
331 0
332 0
333 0
334 0
335 0
336 0
337 0
338 0
339 0
340 0
341 0
342 0
343 0
344 0
345 0
346 0
347 0
348 0
349 0
350 0
351 0
352 0
353 0
354 0
355 0
356 0
357 0
358 0
359 0
360 0
361 0
362 0
363 0
364 0
365 0
366 0
367 0
368 0
369 0
370 0
371 0
372 0
373 0
374 0
375 0
376 0
377 0
378 0
379 0
380 0
381 0
382 0
383 0
384 0
385 0
