0 0
1 0
2 0
3 0
4 1
5 0
6 0
7 1
8 1
9 0
10 0
11 0
12 0
13 0
14 0
15 0
16 0
17 1
18 0
19 0
20 0
21 0
22 0
23 0
24 0
25 0
26 0
27 0
28 0
29 0
30 0
31 0
32 0
33 1
34 1
35 1
36 2
37 3
38 1
39 0
40 0
41 2
42 5
43 2
44 2
45 1
46 1
47 2
48 0
49 1
50 1
51 4
52 4
53 5
54 5
55 2
56 0
57 1
58 0
59 3
60 4
61 3
62 0
63 0
64 0
65 2
66 2
67 0
68 3
69 2
70 1
71 3
72 4
73 2
74 0
75 4
76 3
77 0
78 4
79 0
80 2
81 3
82 2
83 4
84 1
85 1
86 1
87 0
88 0
89 1
90 3
91 0
92 3
93 1
94 5
95 2
96 3
97 3
98 3
99 2
100 1
101 3
102 0
103 3
104 2
105 2
106 3
107 2
108 3
109 0
110 1
111 2
112 3
113 1
114 2
115 4
116 5
117 3
118 3
119 1
120 4
121 6
122 3
123 2
124 1
125 0
126 1
127 1
128 0
129 8
130 3
131 1
132 5
133 3
134 1
135 1
136 3
137 2
138 2
139 2
140 4
141 4
142 0
143 2
144 0
145 1
146 1
147 1
148 0
149 0
150 3
151 0
152 1
153 1
154 0
155 1
156 0
157 0
158 1
159 0
160 0
161 0
162 1
163 2
164 3
165 1
166 8
167 7
168 5
169 2
170 1
171 1
172 1
173 0
174 0
175 2
176 0
177 1
178 0
179 1
180 3
181 4
182 0
183 5
184 3
185 2
186 0
187 2
188 1
189 0
190 1
191 1
192 1
193 0
194 0
195 0
196 0
197 0
198 2
199 1
200 0
201 1
202 0
203 0
204 0
205 1
206 0
207 1
208 1
209 0
210 1
211 0
212 1
213 0
214 0
215 0
216 0
217 0
218 0
219 0
220 2
221 0
222 0
223 0
224 0
225 1
226 0
227 0
228 0
229 0
230 0
231 0
232 0
233 1
234 1
235 0
236 0
237 1
238 1
239 0
240 0
241 0
242 1
243 0
244 3
245 1
246 3
247 2
248 1
249 3
250 4
251 5
252 10
253 4
254 8
255 3
256 7
257 3
258 5
259 2
260 5
261 2
262 1
263 3
264 3
265 1
266 2
267 3
268 3
269 2
270 1
271 2
272 4
273 0
274 5
275 1
276 3
277 1
278 2
279 1
280 2
281 1
282 1
283 2
284 0
285 0
286 0
287 0
288 0
289 0
290 0
291 0
292 0
293 0
294 0
295 0
296 0
297 0
298 0
299 0
300 0
301 0
302 0
303 0
304 0
305 0
306 0
307 0
308 0
309 0
310 0
311 0
312 0
313 0
314 0
315 0
316 0
317 0
318 0
319 0
320 0
321 0
322 0
323 0
324 0
325 0
326 0
327 0
328 0
329 0
330 0
331 0
332 0
333 0
334 0
335 0
336 0
337 0
338 0
339 0
340 0
341 0
342 0
343 0
344 0
345 0
346 0
347 0
348 0
349 0
350 0
351 0
352 0
353 0
354 0
355 0
356 0
357 0
358 0
359 0
360 0
361 0
362 0
363 0
364 0
365 0
366 0
367 0
368 0
369 0
370 0
371 0
372 0
373 0
374 0
375 0
376 0
377 0
