0 0
1 0
2 0
3 0
4 0
5 1
6 0
7 1
8 0
9 0
10 0
11 0
12 0
13 1
14 0
15 0
16 1
17 1
18 0
19 3
20 1
21 1
22 0
23 4
24 7
25 1
26 2
27 3
28 6
29 5
30 4
31 2
32 4
33 6
34 4
35 6
36 3
37 4
38 5
39 4
40 5
41 2
42 4
43 6
44 1
45 1
46 1
47 4
48 2
49 5
50 5
51 4
52 5
53 5
54 6
55 12
56 8
57 5
58 5
59 11
60 11
61 7
62 11
63 7
64 11
65 7
66 14
67 2
68 3
69 2
70 5
71 8
72 3
73 5
74 3
75 11
76 5
77 6
78 8
79 11
80 11
81 14
82 17
83 16
84 5
85 8
86 9
87 10
88 7
89 3
90 4
91 5
92 3
93 5
94 5
95 6
96 5
97 5
98 6
99 5
100 5
101 13
102 5
103 5
104 6
105 8
106 7
107 4
108 5
109 2
110 6
111 3
112 9
113 3
114 6
115 2
116 4
117 3
118 4
119 3
120 0
121 1
122 1
123 6
124 0
125 7
126 1
127 1
128 4
129 2
130 3
131 3
132 2
133 3
134 2
135 1
136 0
137 2
138 2
139 2
140 3
141 1
142 1
143 2
144 4
145 2
146 1
147 1
148 2
149 5
150 2
151 1
152 4
153 0
154 1
155 0
156 0
157 0
158 1
159 0
160 1
161 0
162 1
163 1
164 2
165 1
166 0
167 1
168 0
169 1
170 0
171 0
172 1
173 1
174 0
175 2
176 0
177 0
178 0
179 1
180 0
181 0
182 0
183 0
184 1
185 0
186 1
187 0
188 0
189 0
190 0
191 0
192 0
193 0
194 0
195 1
196 2
197 2
198 0
199 0
200 2
201 0
202 0
203 1
204 0
205 0
206 0
207 0
208 0
209 0
210 0
211 0
212 0
213 0
214 0
215 0
216 0
217 0
218 0
219 0
220 0
221 0
222 0
223 1
224 1
225 0
226 1
227 0
228 1
229 0
230 0
231 0
232 0
233 0
234 0
235 0
236 0
237 0
238 0
239 0
240 0
241 0
242 1
243 0
244 1
245 1
246 3
247 0
248 1
249 0
250 0
251 1
252 0
253 1
254 0
255 0
256 1
257 0
258 1
259 0
260 1
261 0
262 0
263 0
264 0
265 0
266 0
267 0
268 0
269 1
270 0
271 1
272 0
273 0
274 0
275 0
276 0
277 0
278 0
279 0
280 0
281 0
282 0
283 0
284 0
285 0
286 0
287 0
288 0
289 0
290 0
291 0
292 0
293 0
294 0
295 0
296 0
297 0
298 0
299 0
300 0
301 0
302 0
303 0
304 0
305 0
306 0
307 0
308 0
309 0
310 0
311 0
312 0
313 0
314 0
315 0
316 0
317 0
318 0
319 0
320 0
321 0
322 0
323 0
324 0
325 0
326 0
327 0
328 0
329 0
330 0
331 0
332 0
333 0
334 0
335 0
336 0
337 0
338 0
339 0
340 0
341 0
342 0
343 0
344 0
345 0
346 0
347 0
348 0
349 0
350 0
351 0
352 0
353 0
354 0
355 0
356 0
357 0
358 0
359 0
360 0
361 0
362 0
