0 0
1 0
2 0
3 0
4 0
5 0
6 0
7 0
8 1
9 0
10 0
11 0
12 0
13 0
14 0
15 0
16 0
17 1
18 0
19 3
20 0
21 0
22 0
23 0
24 1
25 0
26 0
27 1
28 1
29 1
30 0
31 2
32 1
33 1
34 1
35 0
36 1
37 0
38 2
39 0
40 0
41 1
42 0
43 0
44 0
45 0
46 0
47 0
48 2
49 1
50 1
51 0
52 0
53 0
54 0
55 1
56 2
57 2
58 1
59 0
60 0
61 1
62 0
63 0
64 0
65 1
66 1
67 3
68 0
69 2
70 1
71 2
72 0
73 1
74 3
75 2
76 4
77 1
78 0
79 0
80 0
81 0
82 0
83 1
84 1
85 1
86 2
87 1
88 2
89 4
90 0
91 0
92 1
93 2
94 1
95 2
96 0
97 2
98 2
99 0
100 0
101 1
102 0
103 2
104 0
105 3
106 1
107 2
108 4
109 2
110 3
111 4
112 2
113 1
114 0
115 1
116 0
117 1
118 0
119 1
120 0
121 2
122 2
123 2
124 4
125 2
126 0
127 8
128 4
129 3
130 2
131 5
132 3
133 5
134 2
135 3
136 4
137 3
138 0
139 1
140 3
141 9
142 3
143 4
144 5
145 8
146 6
147 11
148 8
149 9
150 8
151 6
152 18
153 15
154 20
155 22
156 25
157 28
158 36
159 38
160 26
161 25
162 24
163 26
164 39
165 53
166 57
167 69
168 60
169 64
170 57
171 54
172 54
173 63
174 39
175 56
176 39
177 28
178 26
179 19
180 8
181 9
182 10
183 7
184 8
185 4
186 5
187 6
188 4
189 3
190 2
191 0
192 0
193 1
194 2
195 1
196 1
197 0
198 0
199 1
200 0
201 0
202 0
203 0
204 0
205 0
206 0
207 0
208 0
209 0
210 0
211 0
212 0
213 0
214 0
215 0
216 0
217 0
218 0
219 0
220 0
221 0
222 0
223 0
224 0
225 0
226 0
227 0
228 0
229 0
230 0
231 0
232 0
233 0
234 0
235 0
236 0
237 0
238 0
239 0
240 0
241 0
242 0
243 0
244 0
245 0
246 0
247 0
248 0
249 0
250 0
251 0
252 0
253 0
254 0
255 0
256 0
257 0
258 0
259 0
260 0
261 0
262 0
263 0
264 0
265 0
266 0
267 0
268 0
269 0
270 0
271 0
272 0
273 0
274 0
275 0
276 0
277 0
278 0
279 0
280 0
281 0
282 0
283 0
284 0
285 0
286 0
287 0
288 0
289 0
290 0
291 0
292 0
293 0
294 0
295 0
296 0
297 0
298 0
299 0
300 0
301 0
302 0
303 0
304 0
305 0
306 0
307 0
308 0
309 0
310 0
311 0
312 0
313 0
314 0
315 0
316 0
317 0
318 0
319 0
320 0
321 0
322 0
323 0
324 0
325 0
326 0
327 0
328 0
329 0
330 0
331 0
332 0
333 0
334 0
335 0
336 0
337 0
338 0
339 0
340 0
341 0
342 0
343 0
344 0
345 0
346 0
347 0
348 0
349 0
350 0
351 0
352 0
353 0
354 0
355 0
356 0
357 0
358 0
359 0
360 0
361 0
362 0
363 0
