0 0
1 0
2 0
3 0
4 0
5 0
6 0
7 0
8 0
9 0
10 0
11 0
12 0
13 0
14 0
15 0
16 0
17 0
18 0
19 0
20 0
21 0
22 0
23 0
24 0
25 0
26 1
27 2
28 1
29 0
30 1
31 2
32 2
33 3
34 3
35 2
36 1
37 4
38 8
39 8
40 4
41 8
42 5
43 4
44 4
45 6
46 6
47 6
48 5
49 3
50 4
51 2
52 10
53 2
54 2
55 3
56 7
57 3
58 4
59 9
60 5
61 6
62 5
63 6
64 6
65 4
66 5
67 5
68 5
69 3
70 3
71 1
72 5
73 2
74 7
75 0
76 1
77 1
78 6
79 1
80 3
81 3
82 1
83 1
84 8
85 2
86 0
87 1
88 2
89 1
90 3
91 2
92 3
93 3
94 1
95 1
96 1
97 0
98 2
99 2
100 1
101 1
102 3
103 0
104 1
105 4
106 0
107 1
108 2
109 1
110 0
111 4
112 1
113 3
114 1
115 2
116 3
117 2
118 1
119 1
120 0
121 0
122 1
123 1
124 2
125 0
126 2
127 3
128 1
129 1
130 1
131 2
132 1
133 0
134 1
135 1
136 1
137 1
138 1
139 1
140 1
141 1
142 3
143 2
144 2
145 1
146 2
147 0
148 1
149 0
150 3
151 1
152 1
153 3
154 2
155 2
156 1
157 4
158 1
159 0
160 0
161 5
162 2
163 1
164 0
165 1
166 0
167 2
168 1
169 1
170 1
171 3
172 2
173 1
174 1
175 4
176 1
177 0
178 0
179 0
180 0
181 1
182 1
183 2
184 1
185 1
186 1
187 2
188 3
189 2
190 1
191 0
192 0
193 1
194 0
195 3
196 4
197 0
198 0
199 1
200 2
201 1
202 0
203 1
204 1
205 0
206 0
207 0
208 0
209 1
210 1
211 1
212 0
213 1
214 1
215 0
216 0
217 0
218 0
219 0
220 0
221 1
222 2
223 0
224 0
225 0
226 0
227 0
228 2
229 0
230 2
231 3
232 0
233 1
234 0
235 0
236 0
237 0
238 0
239 1
240 1
241 0
242 0
243 0
244 0
245 0
246 0
247 0
248 1
249 0
250 0
251 0
252 0
253 0
254 0
255 0
256 0
257 0
258 0
259 0
260 0
261 0
262 0
263 0
264 0
265 0
266 0
267 0
268 0
269 0
270 0
271 0
272 0
273 0
274 0
275 0
276 0
277 0
278 0
279 0
280 0
281 0
282 0
283 0
284 0
285 0
286 0
287 0
288 0
289 0
290 0
291 0
292 0
293 0
294 0
295 0
296 0
297 0
298 0
299 0
300 0
301 0
302 0
303 0
304 0
305 0
306 0
307 0
308 0
309 0
310 0
311 0
312 0
313 0
314 0
315 0
316 0
317 0
318 0
319 0
320 0
321 0
322 0
323 0
324 0
325 0
326 0
327 0
328 0
329 0
330 0
331 0
332 0
333 0
334 0
335 0
336 0
337 0
338 0
339 0
340 0
341 0
342 0
343 0
344 0
345 0
346 0
347 0
348 0
349 0
350 0
351 0
352 0
353 0
354 0
355 0
356 0
357 0
358 0
359 0
360 0
361 0
362 0
363 0
364 0
365 0
366 0
367 0
368 0
369 0
