0 0
1 0
2 0
3 0
4 0
5 0
6 0
7 0
8 0
9 0
10 0
11 0
12 0
13 0
14 0
15 0
16 0
17 0
18 0
19 1
20 1
21 0
22 0
23 1
24 0
25 0
26 1
27 1
28 1
29 1
30 0
31 0
32 1
33 3
34 0
35 3
36 1
37 3
38 0
39 3
40 0
41 2
42 2
43 1
44 4
45 0
46 0
47 1
48 0
49 0
50 0
51 0
52 1
53 1
54 4
55 0
56 0
57 1
58 3
59 1
60 1
61 1
62 0
63 1
64 1
65 0
66 4
67 2
68 0
69 2
70 0
71 0
72 1
73 1
74 0
75 3
76 2
77 3
78 1
79 2
80 2
81 0
82 2
83 2
84 2
85 1
86 2
87 2
88 2
89 1
90 1
91 1
92 1
93 1
94 2
95 5
96 1
97 1
98 1
99 3
100 1
101 0
102 0
103 1
104 0
105 2
106 1
107 1
108 1
109 1
110 1
111 2
112 1
113 1
114 4
115 2
116 1
117 0
118 2
119 1
120 2
121 2
122 1
123 2
124 2
125 1
126 1
127 2
128 1
129 2
130 2
131 1
132 1
133 0
134 1
135 0
136 2
137 1
138 2
139 2
140 1
141 2
142 0
143 1
144 0
145 1
146 4
147 0
148 0
149 0
150 0
151 0
152 0
153 1
154 0
155 1
156 0
157 0
158 1
159 1
160 0
161 0
162 1
163 1
164 0
165 0
166 1
167 1
168 0
169 0
170 0
171 3
172 0
173 0
174 0
175 0
176 1
177 1
178 0
179 0
180 0
181 0
182 0
183 0
184 1
185 1
186 0
187 1
188 0
189 0
190 1
191 1
192 0
193 1
194 0
195 0
196 0
197 0
198 1
199 1
200 2
201 0
202 0
203 0
204 0
205 0
206 0
207 0
208 0
209 0
210 0
211 0
212 0
213 1
214 0
215 0
216 0
217 0
218 0
219 1
220 1
221 3
222 0
223 1
224 0
225 1
226 1
227 0
228 0
229 0
230 1
231 0
232 2
233 1
234 1
235 1
236 2
237 0
238 2
239 1
240 0
241 1
242 0
243 2
244 3
245 2
246 0
247 2
248 1
249 3
250 3
251 2
252 4
253 2
254 2
255 2
256 1
257 2
258 2
259 1
260 2
261 2
262 1
263 0
264 1
265 0
266 2
267 3
268 3
269 0
270 0
271 2
272 0
273 1
274 3
275 0
276 1
277 2
278 2
279 1
280 2
281 3
282 3
283 1
284 3
285 1
286 1
287 1
288 5
289 1
290 2
291 1
292 7
293 2
294 2
295 0
296 2
297 0
298 0
299 0
300 0
301 0
302 0
303 0
304 0
305 0
306 0
307 0
308 0
309 0
310 0
311 0
312 0
313 0
314 0
315 0
316 0
317 0
318 0
319 0
320 0
321 0
322 0
323 0
324 0
325 0
326 0
327 0
328 0
329 0
330 0
331 0
332 0
333 0
334 0
335 0
336 0
337 0
338 0
339 0
340 0
341 0
342 0
343 0
344 0
345 0
346 0
347 0
348 0
349 0
350 0
351 0
352 0
353 0
354 0
355 0
356 0
357 0
358 0
359 0
360 0
361 0
362 0
363 0
364 0
365 0
366 0
367 0
368 0
369 0
370 0
371 0
372 0
373 0
374 0
375 0
376 0
377 0
378 0
379 0
380 0
381 0
382 0
383 0
384 0
385 0
