0 0
1 0
2 0
3 0
4 0
5 0
6 0
7 0
8 0
9 0
10 0
11 0
12 0
13 0
14 0
15 0
16 0
17 0
18 0
19 0
20 0
21 0
22 0
23 0
24 0
25 0
26 0
27 0
28 0
29 0
30 0
31 0
32 0
33 0
34 1
35 0
36 0
37 0
38 1
39 1
40 0
41 0
42 3
43 1
44 2
45 1
46 2
47 2
48 2
49 1
50 4
51 6
52 4
53 3
54 4
55 5
56 7
57 2
58 7
59 5
60 4
61 6
62 1
63 6
64 0
65 6
66 3
67 5
68 5
69 2
70 6
71 3
72 2
73 1
74 1
75 1
76 4
77 3
78 2
79 1
80 4
81 4
82 4
83 1
84 0
85 1
86 3
87 1
88 1
89 2
90 6
91 5
92 3
93 1
94 2
95 3
96 1
97 2
98 4
99 1
100 0
101 1
102 2
103 2
104 4
105 1
106 2
107 0
108 2
109 1
110 0
111 0
112 0
113 2
114 0
115 2
116 1
117 3
118 2
119 1
120 1
121 2
122 1
123 1
124 4
125 1
126 0
127 1
128 1
129 0
130 1
131 3
132 2
133 2
134 0
135 0
136 3
137 0
138 2
139 0
140 2
141 1
142 1
143 0
144 0
145 1
146 1
147 2
148 0
149 0
150 0
151 1
152 1
153 0
154 2
155 1
156 0
157 0
158 1
159 2
160 2
161 0
162 2
163 1
164 0
165 2
166 0
167 1
168 0
169 1
170 0
171 1
172 0
173 1
174 0
175 0
176 0
177 0
178 1
179 2
180 0
181 1
182 2
183 1
184 0
185 3
186 1
187 1
188 0
189 2
190 0
191 2
192 0
193 1
194 0
195 3
196 3
197 1
198 2
199 2
200 1
201 3
202 1
203 0
204 1
205 1
206 0
207 1
208 2
209 1
210 0
211 0
212 0
213 0
214 1
215 0
216 2
217 3
218 3
219 1
220 0
221 0
222 0
223 1
224 1
225 0
226 1
227 1
228 1
229 0
230 0
231 0
232 0
233 0
234 1
235 0
236 0
237 0
238 0
239 0
240 0
241 0
242 0
243 0
244 0
245 0
246 0
247 0
248 0
249 0
250 0
251 0
252 0
253 0
254 0
255 0
256 0
257 0
258 0
259 0
260 0
261 0
262 0
263 0
264 0
265 0
266 0
267 0
268 0
269 0
270 0
271 0
272 0
273 0
274 0
275 0
276 0
277 0
278 0
279 0
280 0
281 0
282 0
283 0
284 0
285 0
286 0
287 0
288 0
289 0
290 0
291 0
292 0
293 0
294 0
295 0
296 0
297 0
298 0
299 0
300 0
301 0
302 0
303 0
304 0
305 0
306 0
307 0
308 0
309 0
310 0
311 0
312 0
313 0
314 0
315 0
316 0
317 0
318 0
319 0
320 0
321 0
322 0
323 0
324 0
325 0
326 0
327 0
328 0
329 0
330 0
331 0
332 0
333 0
334 0
335 0
336 0
337 0
338 0
339 0
340 0
341 0
342 0
343 0
344 0
345 0
346 0
347 0
348 0
349 0
350 0
351 0
352 0
353 0
354 0
355 0
356 0
357 0
358 0
359 0
360 0
361 0
362 0
363 0
364 0
365 0
366 0
367 0
368 0
369 0
370 0
371 0
