0 0
1 0
2 0
3 0
4 0
5 0
6 0
7 0
8 0
9 0
10 0
11 0
12 0
13 0
14 0
15 0
16 0
17 0
18 0
19 0
20 0
21 0
22 0
23 0
24 0
25 0
26 0
27 0
28 0
29 0
30 0
31 0
32 0
33 0
34 0
35 0
36 0
37 0
38 0
39 0
40 0
41 0
42 0
43 0
44 0
45 0
46 0
47 0
48 0
49 0
50 0
51 0
52 0
53 0
54 0
55 0
56 0
57 0
58 0
59 0
60 0
61 0
62 0
63 0
64 0
65 1
66 0
67 0
68 0
69 0
70 0
71 0
72 0
73 0
74 0
75 1
76 1
77 2
78 0
79 0
80 2
81 0
82 1
83 0
84 2
85 5
86 4
87 3
88 0
89 3
90 3
91 7
92 6
93 3
94 4
95 6
96 9
97 6
98 8
99 4
100 4
101 4
102 4
103 4
104 4
105 6
106 12
107 4
108 4
109 4
110 7
111 3
112 2
113 4
114 3
115 9
116 4
117 3
118 3
119 4
120 3
121 5
122 5
123 2
124 1
125 5
126 1
127 5
128 5
129 3
130 9
131 3
132 2
133 1
134 2
135 4
136 2
137 0
138 1
139 2
140 1
141 2
142 0
143 0
144 6
145 0
146 3
147 2
148 3
149 3
150 0
151 3
152 0
153 0
154 0
155 3
156 3
157 1
158 1
159 1
160 1
161 0
162 2
163 1
164 2
165 2
166 0
167 2
168 1
169 2
170 0
171 1
172 3
173 0
174 1
175 1
176 1
177 1
178 1
179 0
180 1
181 1
182 0
183 0
184 1
185 1
186 2
187 0
188 2
189 1
190 1
191 1
192 0
193 2
194 0
195 0
196 1
197 0
198 1
199 0
200 1
201 0
202 1
203 0
204 0
205 0
206 1
207 3
208 0
209 0
210 2
211 3
212 3
213 2
214 0
215 2
216 0
217 3
218 1
219 1
220 1
221 0
222 1
223 0
224 1
225 1
226 0
227 0
228 1
229 0
230 0
231 0
232 0
233 0
234 1
235 0
236 1
237 0
238 1
239 0
240 0
241 1
242 1
243 1
244 0
245 0
246 1
247 0
248 0
249 1
250 0
251 0
252 0
253 0
254 0
255 0
256 0
257 0
258 1
259 0
260 0
261 1
262 1
263 0
264 0
265 1
266 1
267 0
268 2
269 2
270 1
271 1
272 2
273 0
274 3
275 0
276 2
277 2
278 0
279 0
280 0
281 2
282 0
283 1
284 1
285 1
286 1
287 0
288 3
289 1
290 1
291 0
292 0
293 1
294 0
295 2
296 0
297 0
298 0
299 0
300 0
301 0
302 0
303 0
304 0
305 0
306 0
307 0
308 0
309 0
310 0
311 0
312 0
313 0
314 0
315 0
316 0
317 0
318 0
319 0
320 0
321 0
322 0
323 0
324 0
325 0
326 0
327 0
328 0
329 0
330 0
331 0
332 0
333 0
334 0
335 0
336 0
337 0
338 0
339 0
340 0
341 0
342 0
343 0
344 0
345 0
346 0
347 0
348 0
349 0
350 0
351 0
352 0
353 0
354 0
355 0
356 0
357 0
358 0
359 0
360 0
361 0
362 0
