0 0
1 0
2 0
3 0
4 0
5 0
6 0
7 0
8 0
9 0
10 0
11 0
12 0
13 0
14 0
15 0
16 0
17 1
18 0
19 1
20 0
21 0
22 0
23 0
24 2
25 0
26 1
27 1
28 2
29 1
30 1
31 0
32 1
33 4
34 5
35 2
36 4
37 2
38 0
39 6
40 1
41 3
42 4
43 1
44 5
45 4
46 1
47 3
48 7
49 4
50 10
51 4
52 5
53 6
54 4
55 7
56 3
57 1
58 4
59 5
60 4
61 2
62 8
63 4
64 4
65 2
66 1
67 2
68 6
69 7
70 2
71 2
72 1
73 6
74 0
75 2
76 2
77 4
78 3
79 5
80 3
81 1
82 3
83 1
84 3
85 4
86 3
87 0
88 5
89 2
90 0
91 0
92 1
93 4
94 2
95 0
96 3
97 3
98 0
99 3
100 4
101 4
102 1
103 0
104 2
105 1
106 1
107 2
108 1
109 0
110 3
111 1
112 1
113 1
114 1
115 2
116 1
117 1
118 1
119 0
120 1
121 1
122 0
123 0
124 1
125 1
126 0
127 1
128 0
129 0
130 1
131 1
132 0
133 0
134 0
135 1
136 3
137 0
138 2
139 0
140 1
141 0
142 0
143 0
144 1
145 0
146 0
147 0
148 1
149 0
150 0
151 1
152 0
153 2
154 0
155 2
156 1
157 0
158 2
159 5
160 1
161 4
162 1
163 3
164 2
165 2
166 4
167 0
168 2
169 3
170 3
171 2
172 4
173 1
174 1
175 0
176 1
177 1
178 2
179 0
180 1
181 0
182 1
183 5
184 0
185 0
186 1
187 0
188 1
189 1
190 1
191 0
192 0
193 0
194 4
195 0
196 0
197 0
198 0
199 1
200 1
201 0
202 3
203 0
204 2
205 1
206 0
207 0
208 0
209 0
210 1
211 2
212 0
213 0
214 0
215 0
216 2
217 0
218 0
219 0
220 0
221 1
222 1
223 1
224 0
225 1
226 1
227 1
228 0
229 0
230 2
231 0
232 0
233 0
234 0
235 0
236 0
237 0
238 1
239 0
240 0
241 0
242 0
243 0
244 0
245 0
246 0
247 0
248 0
249 0
250 0
251 0
252 0
253 0
254 0
255 1
256 0
257 0
258 0
259 0
260 0
261 0
262 0
263 0
264 0
265 0
266 0
267 0
268 0
269 0
270 0
271 1
272 0
273 0
274 2
275 0
276 0
277 0
278 1
279 0
280 1
281 0
282 0
283 0
284 0
285 2
286 1
287 0
288 0
289 0
290 2
291 1
292 2
293 0
294 1
295 1
296 0
297 1
298 0
299 0
300 0
301 0
302 0
303 0
304 0
305 0
306 0
307 1
308 1
309 0
310 0
311 1
312 0
313 1
314 1
315 0
316 0
317 0
318 0
319 0
320 0
321 0
322 0
323 0
324 0
325 0
326 0
327 0
328 0
329 0
330 0
331 0
332 0
333 0
334 0
335 0
336 0
337 0
338 0
339 0
340 0
341 0
342 0
343 0
344 0
345 0
346 0
347 0
348 0
349 0
350 0
351 0
352 0
353 0
354 0
355 0
356 0
357 0
358 0
359 0
360 0
361 0
362 0
363 0
364 0
365 0
366 0
367 0
368 0
369 0
370 0
371 0
372 0
373 0
374 0
375 0
376 0
377 0
378 0
379 0
380 0
381 0
382 0
383 0
384 0
