0 0
1 0
2 0
3 0
4 0
5 0
6 0
7 0
8 0
9 0
10 0
11 0
12 0
13 0
14 0
15 0
16 0
17 0
18 0
19 0
20 0
21 0
22 0
23 0
24 0
25 0
26 0
27 0
28 0
29 0
30 0
31 0
32 0
33 0
34 0
35 0
36 0
37 0
38 0
39 2
40 0
41 2
42 1
43 1
44 0
45 2
46 0
47 1
48 4
49 2
50 2
51 8
52 11
53 5
54 5
55 9
56 5
57 4
58 8
59 7
60 5
61 12
62 8
63 7
64 7
65 11
66 6
67 11
68 6
69 11
70 3
71 7
72 3
73 8
74 5
75 7
76 9
77 8
78 11
79 3
80 4
81 6
82 6
83 7
84 6
85 14
86 5
87 5
88 5
89 6
90 6
91 5
92 3
93 2
94 2
95 2
96 5
97 3
98 1
99 1
100 4
101 1
102 5
103 2
104 2
105 4
106 3
107 2
108 5
109 2
110 3
111 1
112 1
113 2
114 3
115 4
116 1
117 2
118 3
119 4
120 3
121 3
122 2
123 1
124 0
125 3
126 2
127 2
128 1
129 1
130 4
131 5
132 5
133 2
134 4
135 1
136 0
137 1
138 1
139 2
140 2
141 3
142 1
143 0
144 1
145 1
146 0
147 2
148 0
149 2
150 1
151 0
152 1
153 0
154 3
155 1
156 1
157 0
158 0
159 0
160 0
161 1
162 0
163 0
164 1
165 0
166 2
167 0
168 0
169 1
170 1
171 0
172 4
173 2
174 5
175 4
176 1
177 1
178 2
179 3
180 2
181 0
182 1
183 2
184 0
185 1
186 1
187 3
188 0
189 3
190 1
191 0
192 2
193 0
194 1
195 0
196 0
197 1
198 1
199 0
200 0
201 0
202 1
203 1
204 3
205 1
206 1
207 1
208 2
209 1
210 1
211 0
212 1
213 0
214 2
215 1
216 2
217 1
218 2
219 2
220 1
221 1
222 1
223 1
224 4
225 0
226 1
227 6
228 1
229 0
230 2
231 2
232 4
233 2
234 4
235 5
236 2
237 8
238 7
239 10
240 3
241 7
242 4
243 5
244 3
245 6
246 3
247 2
248 1
249 0
250 1
251 1
252 0
253 0
254 0
255 1
256 0
257 1
258 0
259 0
260 0
261 0
262 0
263 0
264 0
265 0
266 0
267 0
268 0
269 0
270 0
271 0
272 0
273 0
274 0
275 0
276 0
277 0
278 0
279 0
280 0
281 0
282 0
283 0
284 0
285 0
286 0
287 0
288 0
289 0
290 0
291 0
292 0
293 0
294 0
295 0
296 0
297 0
298 0
299 0
300 0
301 0
302 0
303 0
304 0
305 0
306 0
307 0
308 0
309 0
310 0
311 0
312 0
313 0
314 0
315 0
316 0
317 0
318 0
319 0
320 0
321 0
322 0
323 0
324 0
325 0
326 0
327 0
328 0
329 0
330 0
331 0
332 0
333 0
334 0
335 0
336 0
337 0
338 0
339 0
340 0
341 0
342 0
343 0
344 0
345 0
346 0
347 0
348 0
349 0
350 0
351 0
352 0
353 0
354 0
355 0
356 0
357 0
358 0
359 0
360 0
361 0
362 0
363 0
364 0
365 0
366 0
367 0
368 0
