0 0
1 0
2 0
3 0
4 0
5 0
6 0
7 0
8 0
9 0
10 0
11 0
12 0
13 0
14 0
15 1
16 0
17 2
18 2
19 1
20 1
21 5
22 2
23 3
24 5
25 5
26 4
27 4
28 4
29 1
30 5
31 3
32 3
33 3
34 2
35 3
36 3
37 5
38 2
39 0
40 1
41 1
42 1
43 4
44 2
45 3
46 3
47 2
48 2
49 6
50 3
51 3
52 3
53 3
54 1
55 2
56 1
57 4
58 2
59 1
60 1
61 4
62 2
63 1
64 3
65 1
66 4
67 5
68 2
69 0
70 2
71 3
72 2
73 3
74 3
75 2
76 2
77 1
78 7
79 3
80 2
81 2
82 4
83 3
84 3
85 4
86 5
87 2
88 2
89 4
90 2
91 2
92 2
93 1
94 0
95 1
96 1
97 4
98 2
99 3
100 2
101 1
102 2
103 0
104 2
105 2
106 5
107 1
108 1
109 1
110 3
111 2
112 1
113 0
114 0
115 0
116 0
117 0
118 2
119 0
120 0
121 0
122 1
123 2
124 0
125 1
126 0
127 0
128 0
129 0
130 1
131 0
132 0
133 1
134 0
135 1
136 0
137 0
138 0
139 1
140 0
141 1
142 0
143 1
144 2
145 1
146 0
147 0
148 2
149 0
150 0
151 0
152 0
153 0
154 0
155 1
156 0
157 0
158 0
159 0
160 0
161 0
162 0
163 0
164 0
165 0
166 0
167 0
168 0
169 0
170 0
171 0
172 0
173 0
174 0
175 0
176 0
177 0
178 0
179 0
180 0
181 0
182 0
183 0
184 0
185 0
186 0
187 0
188 0
189 0
190 0
191 0
192 0
193 0
194 0
195 0
196 0
197 0
198 0
199 0
200 0
201 0
202 0
203 0
204 0
205 0
206 0
207 0
208 0
209 0
210 0
211 0
212 0
213 0
214 0
215 0
216 0
217 0
218 0
219 0
220 0
221 0
222 0
223 0
224 0
225 0
226 0
227 0
228 0
229 0
230 0
231 0
232 0
233 0
234 0
235 0
236 0
237 0
238 0
239 0
240 0
241 0
242 0
243 0
244 0
245 0
246 0
247 0
248 0
249 0
250 0
251 0
252 0
253 0
254 0
255 0
256 0
257 0
258 0
259 0
260 0
261 0
262 0
263 0
264 0
265 0
266 0
267 0
268 0
269 0
270 0
271 0
272 0
273 0
274 0
275 0
276 0
277 0
278 0
279 0
280 0
281 0
282 0
283 0
284 0
285 0
286 0
287 0
288 0
289 0
290 0
291 0
292 0
293 0
294 0
295 0
296 0
297 0
298 0
299 0
300 0
301 0
302 0
303 0
304 0
305 0
306 0
307 0
308 0
309 0
310 0
311 0
312 0
313 0
314 0
315 0
316 0
317 0
318 0
319 0
320 0
321 0
322 0
323 0
324 0
325 0
326 0
327 0
328 0
329 0
330 0
331 0
332 0
333 0
334 0
335 0
336 0
337 0
338 0
339 0
340 0
341 0
342 0
343 0
344 0
345 0
346 0
347 0
