0 0
1 0
2 0
3 0
4 0
5 0
6 0
7 0
8 0
9 0
10 0
11 0
12 0
13 0
14 0
15 0
16 0
17 0
18 0
19 0
20 0
21 0
22 0
23 0
24 0
25 0
26 0
27 0
28 0
29 0
30 0
31 0
32 0
33 0
34 0
35 0
36 0
37 0
38 0
39 0
40 0
41 0
42 0
43 0
44 1
45 0
46 0
47 0
48 0
49 1
50 1
51 0
52 0
53 0
54 0
55 0
56 0
57 0
58 0
59 2
60 2
61 2
62 1
63 2
64 0
65 4
66 3
67 3
68 4
69 2
70 3
71 6
72 4
73 4
74 1
75 1
76 5
77 10
78 7
79 8
80 5
81 10
82 6
83 5
84 5
85 7
86 7
87 6
88 8
89 4
90 1
91 4
92 5
93 1
94 5
95 4
96 4
97 2
98 5
99 5
100 5
101 4
102 5
103 3
104 2
105 5
106 2
107 2
108 1
109 5
110 2
111 3
112 1
113 9
114 2
115 3
116 4
117 2
118 1
119 5
120 3
121 3
122 7
123 7
124 3
125 7
126 6
127 2
128 11
129 9
130 9
131 7
132 4
133 8
134 2
135 2
136 7
137 9
138 1
139 6
140 3
141 7
142 6
143 2
144 3
145 3
146 4
147 1
148 1
149 4
150 2
151 5
152 3
153 1
154 1
155 2
156 1
157 1
158 2
159 0
160 0
161 0
162 2
163 2
164 0
165 0
166 0
167 1
168 2
169 2
170 1
171 1
172 1
173 0
174 1
175 0
176 0
177 2
178 1
179 2
180 1
181 0
182 1
183 0
184 0
185 0
186 1
187 0
188 0
189 0
190 0
191 0
192 0
193 0
194 0
195 0
196 0
197 0
198 0
199 0
200 0
201 0
202 0
203 0
204 1
205 1
206 1
207 1
208 2
209 0
210 0
211 1
212 1
213 0
214 0
215 0
216 2
217 0
218 0
219 1
220 1
221 0
222 1
223 1
224 0
225 1
226 1
227 2
228 1
229 0
230 1
231 1
232 0
233 2
234 0
235 0
236 2
237 0
238 0
239 0
240 0
241 2
242 0
243 1
244 1
245 0
246 0
247 0
248 0
249 0
250 0
251 1
252 0
253 0
254 0
255 0
256 1
257 1
258 1
259 3
260 0
261 1
262 0
263 1
264 2
265 0
266 0
267 2
268 2
269 1
270 0
271 2
272 0
273 0
274 0
275 1
276 0
277 1
278 0
279 0
280 0
281 0
282 0
283 0
284 0
285 0
286 0
287 0
288 0
289 0
290 0
291 0
292 0
293 0
294 0
295 0
296 0
297 0
298 0
299 0
300 0
301 0
302 0
303 0
304 0
305 0
306 0
307 0
308 0
309 0
310 0
311 0
312 0
313 0
314 0
315 0
316 0
317 0
318 0
319 0
320 0
321 0
322 0
323 0
324 0
325 0
326 0
327 0
328 0
329 0
330 0
331 0
332 0
333 0
334 0
335 0
336 0
337 0
338 0
339 0
340 0
341 0
342 0
343 0
344 0
345 0
346 0
347 0
348 0
349 0
350 0
351 0
352 0
353 0
354 0
355 0
356 0
