0 0
1 0
2 0
3 0
4 0
5 0
6 0
7 0
8 0
9 0
10 0
11 0
12 0
13 2
14 0
15 0
16 0
17 0
18 1
19 0
20 0
21 0
22 0
23 0
24 0
25 0
26 0
27 0
28 1
29 0
30 1
31 2
32 1
33 0
34 2
35 0
36 1
37 1
38 2
39 1
40 1
41 3
42 0
43 2
44 0
45 1
46 1
47 2
48 2
49 0
50 3
51 2
52 1
53 4
54 2
55 2
56 3
57 3
58 2
59 1
60 1
61 2
62 3
63 2
64 1
65 3
66 2
67 1
68 3
69 4
70 3
71 4
72 4
73 5
74 2
75 0
76 3
77 3
78 0
79 4
80 1
81 2
82 2
83 2
84 0
85 7
86 5
87 2
88 3
89 1
90 2
91 1
92 1
93 6
94 1
95 2
96 3
97 0
98 1
99 2
100 1
101 1
102 2
103 5
104 5
105 1
106 6
107 3
108 0
109 1
110 1
111 0
112 1
113 6
114 0
115 2
116 2
117 2
118 1
119 1
120 2
121 0
122 2
123 2
124 1
125 3
126 1
127 2
128 3
129 0
130 1
131 1
132 0
133 2
134 3
135 3
136 1
137 1
138 1
139 4
140 4
141 3
142 3
143 4
144 4
145 3
146 3
147 1
148 4
149 3
150 3
151 1
152 1
153 2
154 0
155 4
156 1
157 0
158 0
159 1
160 1
161 0
162 0
163 0
164 0
165 0
166 1
167 0
168 0
169 0
170 0
171 0
172 0
173 0
174 0
175 0
176 0
177 0
178 0
179 0
180 0
181 0
182 0
183 0
184 0
185 0
186 0
187 0
188 0
189 0
190 0
191 0
192 0
193 0
194 0
195 0
196 0
197 0
198 0
199 0
200 0
201 0
202 0
203 0
204 0
205 0
206 0
207 0
208 0
209 0
210 0
211 0
212 0
213 0
214 0
215 0
216 0
217 1
218 0
219 0
220 0
221 0
222 0
223 0
224 0
225 0
226 0
227 0
228 0
229 0
230 0
231 0
232 0
233 0
234 0
235 0
236 0
237 0
238 0
239 0
240 0
241 0
242 0
243 0
244 0
245 0
246 0
247 0
248 0
249 0
250 0
251 0
252 0
253 0
254 0
255 0
256 0
257 0
258 0
259 0
260 0
261 0
262 0
263 0
264 0
265 0
266 0
267 0
268 0
269 0
270 0
271 0
272 0
273 0
274 0
275 0
276 0
277 0
278 0
279 0
280 0
281 0
282 0
283 0
284 0
285 0
286 0
287 0
288 0
289 0
290 0
291 0
292 0
293 0
294 0
295 0
296 0
297 0
298 0
299 0
300 0
301 0
302 0
303 0
304 0
305 0
306 0
307 0
308 0
309 0
310 0
311 0
312 0
313 0
314 0
315 0
316 0
317 0
318 0
319 0
320 0
321 0
322 0
323 0
324 0
325 0
326 0
327 0
328 0
329 0
330 0
331 0
332 0
333 0
334 0
335 0
336 0
337 0
338 0
339 0
340 0
341 0
342 0
343 0
344 0
345 0
346 0
347 0
348 0
349 0
350 0
351 0
352 0
353 0
354 0
355 0
356 0
357 0
358 0
359 0
360 0
361 0
362 0
