0 0
1 0
2 0
3 0
4 0
5 1
6 0
7 0
8 0
9 0
10 0
11 0
12 0
13 0
14 0
15 0
16 0
17 0
18 0
19 0
20 0
21 0
22 0
23 0
24 0
25 2
26 0
27 0
28 1
29 1
30 1
31 0
32 2
33 0
34 0
35 2
36 0
37 4
38 6
39 2
40 5
41 4
42 2
43 1
44 1
45 2
46 4
47 1
48 4
49 4
50 5
51 5
52 3
53 2
54 3
55 5
56 5
57 0
58 2
59 4
60 3
61 5
62 5
63 2
64 1
65 7
66 1
67 3
68 2
69 4
70 2
71 1
72 5
73 4
74 1
75 0
76 2
77 2
78 0
79 1
80 2
81 3
82 2
83 1
84 4
85 2
86 0
87 3
88 7
89 4
90 2
91 6
92 1
93 2
94 4
95 1
96 0
97 0
98 1
99 0
100 0
101 0
102 3
103 5
104 3
105 3
106 8
107 8
108 5
109 6
110 5
111 2
112 4
113 2
114 1
115 1
116 0
117 1
118 1
119 0
120 2
121 4
122 4
123 4
124 2
125 3
126 2
127 0
128 0
129 1
130 1
131 2
132 1
133 0
134 2
135 0
136 2
137 2
138 2
139 2
140 1
141 2
142 1
143 1
144 0
145 0
146 0
147 0
148 0
149 0
150 1
151 0
152 0
153 0
154 0
155 0
156 0
157 0
158 0
159 0
160 0
161 0
162 0
163 0
164 0
165 0
166 0
167 0
168 0
169 0
170 0
171 0
172 0
173 0
174 0
175 0
176 0
177 0
178 0
179 0
180 0
181 0
182 0
183 0
184 0
185 0
186 0
187 0
188 0
189 0
190 1
191 0
192 0
193 0
194 1
195 0
196 0
197 0
198 2
199 1
200 2
201 4
202 1
203 3
204 1
205 2
206 0
207 2
208 1
209 0
210 0
211 0
212 0
213 0
214 0
215 0
216 0
217 0
218 0
219 0
220 0
221 0
222 0
223 0
224 0
225 0
226 0
227 0
228 0
229 0
230 0
231 0
232 0
233 0
234 0
235 0
236 0
237 0
238 0
239 0
240 0
241 0
242 0
243 0
244 0
245 0
246 0
247 0
248 0
249 0
250 0
251 0
252 0
253 0
254 0
255 0
256 0
257 0
258 0
259 0
260 0
261 0
262 0
263 0
264 0
265 0
266 0
267 0
268 0
269 0
270 0
271 0
272 0
273 0
274 0
275 0
276 0
277 0
278 0
279 0
280 0
281 0
282 0
283 0
284 0
285 0
286 0
287 0
288 0
289 0
290 0
291 0
292 0
293 0
294 0
295 0
296 0
297 0
298 0
299 0
300 0
301 0
302 0
303 0
304 0
305 0
306 0
307 0
308 0
309 0
310 0
311 0
312 0
313 0
314 0
315 0
316 0
317 0
318 0
319 0
320 0
321 0
322 0
323 0
324 0
325 0
326 0
327 0
328 0
329 0
330 0
331 0
332 0
333 0
334 0
335 0
336 0
337 0
338 0
339 0
340 0
341 0
342 0
