0 0
1 0
2 0
3 0
4 0
5 0
6 0
7 0
8 0
9 0
10 0
11 0
12 0
13 0
14 0
15 0
16 0
17 1
18 0
19 1
20 0
21 0
22 1
23 0
24 0
25 0
26 0
27 1
28 2
29 0
30 0
31 2
32 2
33 2
34 2
35 0
36 5
37 3
38 4
39 2
40 3
41 2
42 3
43 3
44 4
45 3
46 3
47 3
48 5
49 3
50 2
51 2
52 9
53 7
54 2
55 4
56 4
57 2
58 2
59 3
60 3
61 3
62 5
63 3
64 1
65 3
66 4
67 1
68 3
69 5
70 3
71 5
72 2
73 6
74 4
75 3
76 1
77 3
78 4
79 8
80 1
81 1
82 3
83 1
84 1
85 0
86 0
87 1
88 2
89 2
90 1
91 2
92 2
93 7
94 4
95 3
96 6
97 3
98 2
99 3
100 3
101 3
102 3
103 1
104 1
105 1
106 0
107 4
108 3
109 2
110 1
111 0
112 1
113 2
114 4
115 1
116 1
117 4
118 1
119 1
120 1
121 4
122 4
123 2
124 3
125 3
126 4
127 2
128 4
129 5
130 3
131 3
132 2
133 0
134 3
135 1
136 3
137 1
138 0
139 0
140 0
141 1
142 0
143 1
144 2
145 2
146 5
147 3
148 0
149 3
150 2
151 1
152 2
153 1
154 1
155 1
156 1
157 2
158 3
159 1
160 2
161 1
162 3
163 1
164 2
165 0
166 0
167 1
168 0
169 0
170 0
171 2
172 3
173 0
174 0
175 2
176 2
177 4
178 1
179 1
180 0
181 2
182 1
183 1
184 2
185 1
186 3
187 0
188 1
189 2
190 1
191 0
192 2
193 1
194 0
195 1
196 0
197 1
198 0
199 0
200 1
201 2
202 1
203 1
204 1
205 1
206 0
207 1
208 0
209 0
210 1
211 0
212 3
213 2
214 1
215 4
216 1
217 5
218 3
219 4
220 0
221 2
222 4
223 6
224 2
225 4
226 4
227 1
228 6
229 1
230 2
231 0
232 1
233 0
234 0
235 1
236 0
237 1
238 0
239 0
240 0
241 0
242 0
243 0
244 0
245 0
246 0
247 0
248 0
249 0
250 0
251 0
252 0
253 0
254 0
255 0
256 0
257 0
258 0
259 0
260 0
261 0
262 0
263 0
264 0
265 0
266 0
267 0
268 0
269 0
270 0
271 0
272 0
273 0
274 0
275 0
276 0
277 0
278 0
279 0
280 0
281 0
282 0
283 0
284 0
285 0
286 0
287 0
288 0
289 0
290 0
291 0
292 0
293 0
294 0
295 0
296 0
297 0
298 0
299 0
300 0
301 0
302 0
303 0
304 0
305 0
306 0
307 0
308 0
309 0
310 0
311 0
312 0
313 0
314 0
315 0
316 0
317 0
318 0
319 0
320 0
321 0
322 0
323 0
324 0
325 0
326 0
327 0
328 0
329 0
330 0
331 0
332 0
333 0
334 0
335 0
336 0
337 0
338 0
339 0
340 0
341 0
342 0
343 0
344 0
345 0
346 0
347 0
348 0
349 0
350 0
351 0
352 0
