0 0
1 0
2 0
3 0
4 0
5 0
6 0
7 0
8 0
9 0
10 1
11 0
12 2
13 0
14 1
15 0
16 0
17 1
18 1
19 1
20 1
21 5
22 0
23 3
24 4
25 1
26 1
27 0
28 0
29 2
30 3
31 5
32 2
33 2
34 5
35 4
36 3
37 5
38 2
39 5
40 4
41 6
42 4
43 4
44 2
45 2
46 2
47 0
48 4
49 2
50 3
51 3
52 2
53 4
54 3
55 1
56 1
57 4
58 3
59 1
60 2
61 5
62 2
63 3
64 5
65 5
66 2
67 0
68 0
69 2
70 3
71 1
72 3
73 0
74 1
75 4
76 5
77 4
78 3
79 2
80 1
81 4
82 2
83 3
84 3
85 2
86 1
87 1
88 2
89 1
90 2
91 1
92 1
93 3
94 2
95 3
96 2
97 2
98 2
99 1
100 3
101 0
102 2
103 2
104 1
105 0
106 0
107 2
108 4
109 0
110 2
111 2
112 3
113 1
114 1
115 1
116 3
117 1
118 2
119 0
120 1
121 2
122 2
123 3
124 1
125 3
126 1
127 1
128 0
129 2
130 1
131 0
132 0
133 2
134 1
135 3
136 1
137 3
138 3
139 2
140 2
141 1
142 1
143 2
144 1
145 0
146 2
147 3
148 2
149 2
150 2
151 0
152 2
153 2
154 0
155 0
156 1
157 0
158 0
159 0
160 0
161 1
162 3
163 1
164 3
165 0
166 2
167 1
168 1
169 2
170 1
171 1
172 3
173 1
174 0
175 0
176 1
177 0
178 0
179 1
180 1
181 2
182 2
183 0
184 1
185 0
186 0
187 1
188 0
189 1
190 1
191 2
192 1
193 3
194 2
195 0
196 0
197 1
198 0
199 1
200 1
201 1
202 0
203 1
204 1
205 2
206 0
207 1
208 1
209 3
210 2
211 1
212 2
213 2
214 1
215 0
216 2
217 3
218 2
219 3
220 2
221 1
222 4
223 1
224 3
225 4
226 3
227 3
228 0
229 3
230 2
231 0
232 3
233 2
234 1
235 0
236 1
237 0
238 0
239 0
240 0
241 0
242 0
243 0
244 0
245 0
246 0
247 0
248 0
249 0
250 0
251 0
252 0
253 0
254 0
255 0
256 0
257 0
258 0
259 0
260 0
261 0
262 0
263 0
264 0
265 0
266 0
267 0
268 0
269 0
270 0
271 0
272 0
273 0
274 0
275 0
276 0
277 0
278 0
279 0
280 0
281 0
282 0
283 0
284 0
285 0
286 0
287 0
288 0
289 0
290 0
291 0
292 0
293 0
294 0
295 0
296 0
297 0
298 0
299 0
300 0
301 0
302 0
303 0
304 0
305 0
306 0
307 0
308 0
309 0
310 0
311 0
312 0
313 0
314 0
315 0
316 0
317 0
318 0
319 0
320 0
321 0
322 0
323 0
324 0
325 0
326 0
327 0
328 0
329 0
330 0
331 0
332 0
333 0
334 0
335 0
336 0
337 0
338 0
339 0
340 0
341 0
342 0
343 0
344 0
345 0
346 0
347 0
348 0
349 0
350 0
351 0
352 0
353 0
354 0
355 0
356 0
357 0
