0 0
1 0
2 0
3 0
4 0
5 0
6 1
7 0
8 0
9 0
10 0
11 0
12 2
13 1
14 1
15 2
16 1
17 1
18 1
19 1
20 2
21 1
22 2
23 1
24 0
25 2
26 1
27 1
28 1
29 4
30 0
31 2
32 0
33 2
34 0
35 1
36 3
37 2
38 1
39 0
40 1
41 3
42 1
43 0
44 1
45 1
46 1
47 3
48 2
49 4
50 0
51 1
52 1
53 5
54 0
55 2
56 0
57 2
58 2
59 0
60 1
61 2
62 0
63 0
64 0
65 0
66 0
67 0
68 1
69 0
70 1
71 1
72 0
73 0
74 1
75 3
76 3
77 3
78 0
79 2
80 3
81 2
82 3
83 0
84 1
85 0
86 3
87 1
88 2
89 2
90 1
91 0
92 0
93 0
94 3
95 1
96 3
97 1
98 3
99 1
100 3
101 0
102 2
103 1
104 3
105 1
106 0
107 2
108 2
109 2
110 1
111 1
112 1
113 4
114 3
115 5
116 6
117 4
118 3
119 2
120 3
121 3
122 0
123 0
124 1
125 1
126 1
127 2
128 1
129 2
130 5
131 2
132 4
133 6
134 4
135 3
136 4
137 5
138 3
139 3
140 1
141 6
142 1
143 2
144 1
145 4
146 2
147 2
148 4
149 3
150 5
151 5
152 3
153 13
154 8
155 4
156 1
157 1
158 3
159 3
160 4
161 1
162 3
163 8
164 3
165 7
166 6
167 5
168 4
169 9
170 3
171 7
172 11
173 4
174 7
175 8
176 12
177 9
178 3
179 3
180 2
181 3
182 1
183 2
184 7
185 8
186 2
187 9
188 7
189 7
190 7
191 9
192 8
193 13
194 14
195 13
196 20
197 22
198 13
199 21
200 14
201 24
202 26
203 31
204 37
205 47
206 29
207 33
208 34
209 28
210 34
211 21
212 20
213 23
214 13
215 10
216 8
217 7
218 5
219 3
220 1
221 1
222 0
223 1
224 1
225 0
226 1
227 1
228 1
229 0
230 0
231 0
232 0
233 0
234 0
235 0
236 0
237 0
238 0
239 0
240 0
241 0
242 0
243 0
244 0
245 0
246 0
247 0
248 0
249 0
250 0
251 0
252 0
253 0
254 0
255 0
256 0
257 0
258 0
259 0
260 0
261 0
262 0
263 0
264 0
265 0
266 0
267 0
268 0
269 0
270 0
271 0
272 0
273 0
274 0
275 0
276 0
277 0
278 0
279 0
280 0
281 0
282 0
283 0
284 0
285 0
286 0
287 0
288 0
289 0
290 0
291 0
292 0
293 0
294 0
295 0
296 0
297 0
298 0
299 0
300 0
301 0
302 0
303 0
304 0
305 0
306 0
307 0
308 0
309 0
310 0
311 0
312 0
313 0
314 0
