0 0
1 0
2 0
3 0
4 0
5 0
6 0
7 0
8 0
9 0
10 0
11 0
12 0
13 1
14 0
15 0
16 0
17 0
18 0
19 0
20 0
21 0
22 0
23 0
24 0
25 0
26 0
27 0
28 0
29 0
30 1
31 0
32 0
33 2
34 1
35 1
36 1
37 1
38 0
39 2
40 0
41 2
42 1
43 1
44 2
45 0
46 0
47 0
48 3
49 1
50 1
51 0
52 0
53 0
54 0
55 1
56 0
57 0
58 0
59 1
60 1
61 1
62 0
63 0
64 1
65 0
66 0
67 0
68 0
69 1
70 1
71 1
72 0
73 0
74 0
75 0
76 3
77 0
78 0
79 1
80 0
81 0
82 1
83 0
84 0
85 0
86 0
87 0
88 0
89 1
90 0
91 0
92 1
93 0
94 0
95 0
96 0
97 0
98 0
99 0
100 0
101 0
102 0
103 0
104 0
105 1
106 0
107 0
108 0
109 0
110 0
111 1
112 0
113 0
114 1
115 1
116 0
117 0
118 0
119 0
120 0
121 0
122 1
123 0
124 0
125 0
126 0
127 0
128 0
129 0
130 1
131 1
132 0
133 1
134 1
135 1
136 0
137 1
138 0
139 0
140 0
141 0
142 1
143 1
144 1
145 1
146 0
147 1
148 0
149 0
150 0
151 1
152 0
153 0
154 2
155 1
156 0
157 1
158 0
159 0
160 0
161 1
162 0
163 0
164 0
165 0
166 0
167 0
168 0
169 1
170 1
171 1
172 0
173 0
174 0
175 0
176 1
177 0
178 0
179 0
180 0
181 0
182 0
183 0
184 0
185 0
186 0
187 0
188 0
189 0
190 0
191 0
192 0
193 1
194 0
195 0
196 0
197 0
198 0
199 0
200 0
201 0
202 1
203 0
204 0
205 0
206 0
207 0
208 0
209 1
210 0
211 0
212 2
213 0
214 0
215 0
216 0
217 2
218 1
219 1
220 0
221 1
222 1
223 1
224 1
225 4
226 0
227 3
228 4
229 3
230 14
231 10
232 6
233 12
234 9
235 14
236 8
237 7
238 4
239 6
240 10
241 7
242 9
243 12
244 7
245 15
246 11
247 10
248 11
249 8
250 10
251 11
252 8
253 9
254 10
255 13
256 10
257 11
258 8
259 10
260 9
261 13
262 9
263 7
264 6
265 11
266 15
267 9
268 10
269 14
270 16
271 12
272 16
273 14
274 16
275 12
276 12
277 12
278 12
279 11
280 11
281 9
282 6
283 15
284 8
285 11
286 4
287 7
288 8
289 6
290 4
291 2
292 3
293 1
294 2
295 0
296 0
297 1
298 0
299 0
300 0
301 1
302 0
303 0
304 0
305 0
306 0
307 0
308 0
309 0
310 0
311 0
312 0
313 0
314 0
315 0
316 0
317 0
318 0
319 0
320 0
321 0
322 0
323 0
324 0
325 0
326 0
327 0
328 0
329 0
330 0
331 0
332 0
333 0
334 0
335 0
336 0
337 0
338 0
339 0
340 0
341 0
342 0
343 0
344 0
345 0
346 0
347 0
348 0
349 0
350 0
351 0
352 0
353 0
354 0
355 0
356 0
357 0
358 0
359 0
360 0
361 0
362 0
363 0
364 0
365 0
366 0
367 0
368 0
369 0
370 0
371 0
372 0
