0 0
1 0
2 0
3 0
4 0
5 0
6 0
7 0
8 0
9 0
10 0
11 0
12 0
13 0
14 0
15 0
16 0
17 0
18 0
19 0
20 0
21 0
22 0
23 0
24 0
25 0
26 0
27 0
28 0
29 0
30 0
31 0
32 0
33 0
34 0
35 0
36 0
37 0
38 0
39 0
40 0
41 0
42 0
43 0
44 0
45 1
46 0
47 0
48 1
49 0
50 1
51 0
52 1
53 0
54 0
55 2
56 2
57 2
58 1
59 0
60 4
61 0
62 1
63 0
64 0
65 0
66 0
67 1
68 1
69 2
70 0
71 1
72 0
73 0
74 1
75 0
76 0
77 0
78 0
79 0
80 0
81 0
82 1
83 1
84 0
85 2
86 0
87 1
88 1
89 1
90 1
91 1
92 1
93 1
94 0
95 1
96 2
97 0
98 1
99 1
100 2
101 2
102 0
103 2
104 0
105 0
106 0
107 4
108 4
109 1
110 2
111 0
112 0
113 1
114 2
115 1
116 1
117 0
118 0
119 1
120 1
121 0
122 2
123 0
124 0
125 2
126 0
127 3
128 3
129 1
130 2
131 2
132 1
133 2
134 1
135 0
136 0
137 1
138 1
139 1
140 1
141 0
142 1
143 1
144 0
145 0
146 2
147 2
148 1
149 2
150 0
151 1
152 4
153 0
154 1
155 2
156 0
157 4
158 1
159 0
160 3
161 2
162 1
163 0
164 0
165 3
166 1
167 1
168 0
169 2
170 1
171 1
172 2
173 6
174 2
175 1
176 0
177 0
178 1
179 1
180 0
181 1
182 1
183 0
184 1
185 3
186 3
187 0
188 1
189 4
190 3
191 1
192 1
193 2
194 0
195 1
196 1
197 3
198 2
199 1
200 0
201 0
202 0
203 1
204 0
205 2
206 0
207 2
208 0
209 1
210 3
211 5
212 4
213 2
214 3
215 4
216 3
217 8
218 4
219 2
220 3
221 4
222 4
223 5
224 6
225 5
226 8
227 11
228 9
229 8
230 7
231 14
232 12
233 13
234 10
235 9
236 8
237 8
238 9
239 5
240 1
241 4
242 4
243 2
244 1
245 0
246 1
247 2
248 1
249 0
250 1
251 2
252 1
253 4
254 1
255 2
256 1
257 0
258 0
259 0
260 0
261 3
262 1
263 0
264 1
265 0
266 1
267 0
268 0
269 0
270 1
271 1
272 0
273 0
274 0
275 0
276 0
277 0
278 0
279 0
280 1
281 0
282 0
283 0
284 0
285 0
286 0
287 0
288 0
289 0
290 0
291 0
292 0
293 0
294 0
295 0
296 0
297 0
298 0
299 0
300 0
301 0
302 0
303 0
304 0
305 0
306 0
307 0
308 0
309 0
310 0
311 0
312 0
313 0
314 0
315 0
316 0
317 0
318 0
319 0
320 0
321 0
322 0
323 0
324 0
325 0
326 0
327 0
328 0
329 0
330 0
331 0
332 0
333 0
334 0
335 0
336 0
337 0
338 0
339 0
340 0
341 0
342 0
343 0
344 0
345 0
346 0
347 0
348 0
349 0
350 0
351 0
352 0
353 0
354 0
355 0
356 0
357 0
358 0
359 0
360 0
361 0
362 0
363 0
364 0
365 0
366 0
367 0
368 0
369 0
370 0
371 0
372 0
373 0
374 0
375 0
376 0
377 0
378 0
379 0
380 0
381 0
382 0
383 0
384 0
385 0
386 0
387 0
388 0
389 0
390 0
391 0
392 0
393 0
394 0
395 0
396 0
