0 0
1 0
2 0
3 0
4 0
5 0
6 0
7 0
8 0
9 0
10 0
11 0
12 0
13 1
14 0
15 1
16 1
17 0
18 0
19 1
20 2
21 1
22 0
23 0
24 0
25 0
26 3
27 2
28 1
29 2
30 2
31 3
32 2
33 2
34 3
35 1
36 1
37 0
38 1
39 1
40 0
41 4
42 3
43 2
44 0
45 3
46 0
47 2
48 0
49 3
50 4
51 2
52 3
53 1
54 2
55 2
56 2
57 6
58 4
59 5
60 5
61 7
62 6
63 3
64 7
65 2
66 6
67 7
68 6
69 6
70 3
71 6
72 6
73 4
74 1
75 3
76 2
77 4
78 6
79 4
80 4
81 2
82 2
83 4
84 2
85 2
86 1
87 0
88 4
89 5
90 2
91 2
92 1
93 3
94 1
95 2
96 4
97 2
98 0
99 4
100 2
101 4
102 1
103 4
104 1
105 4
106 3
107 1
108 1
109 4
110 3
111 4
112 3
113 2
114 0
115 2
116 2
117 2
118 3
119 4
120 3
121 4
122 7
123 3
124 4
125 3
126 2
127 7
128 0
129 1
130 4
131 2
132 3
133 3
134 4
135 3
136 2
137 3
138 4
139 3
140 2
141 2
142 2
143 2
144 1
145 4
146 2
147 3
148 2
149 1
150 1
151 2
152 2
153 2
154 2
155 0
156 3
157 0
158 2
159 3
160 0
161 1
162 1
163 3
164 2
165 0
166 0
167 2
168 1
169 1
170 2
171 1
172 5
173 0
174 1
175 0
176 0
177 1
178 1
179 0
180 0
181 2
182 1
183 1
184 2
185 2
186 0
187 0
188 0
189 2
190 2
191 3
192 1
193 4
194 0
195 3
196 0
197 1
198 0
199 0
200 0
201 1
202 0
203 0
204 0
205 0
206 2
207 1
208 3
209 1
210 2
211 3
212 2
213 3
214 2
215 1
216 3
217 2
218 1
219 2
220 2
221 2
222 2
223 7
224 1
225 5
226 1
227 4
228 1
229 3
230 1
231 3
232 0
233 1
234 0
235 0
236 0
237 0
238 1
239 1
240 2
241 0
242 0
243 0
244 0
245 0
246 0
247 0
248 0
249 0
250 0
251 0
252 0
253 0
254 0
255 0
256 0
257 0
258 0
259 0
260 0
261 0
262 0
263 0
264 0
265 0
266 0
267 0
268 0
269 0
270 0
271 0
272 0
273 0
274 0
275 0
276 0
277 0
278 0
279 0
280 0
281 0
282 0
283 0
284 0
285 0
286 0
287 0
288 0
289 0
290 0
291 0
292 0
293 0
294 0
295 0
296 0
297 0
298 0
299 0
300 0
301 0
302 0
303 0
304 0
305 0
306 0
307 0
308 0
309 0
310 0
311 0
312 0
313 0
314 0
315 0
316 0
317 0
318 0
319 0
320 0
321 0
322 0
323 0
324 0
325 0
326 0
327 0
328 0
329 0
330 0
331 0
332 0
333 0
334 0
335 0
336 0
337 0
338 0
339 0
340 0
341 0
342 0
343 0
344 0
345 0
346 0
347 0
348 0
349 0
350 0
351 0
352 0
353 0
354 0
355 0
356 0
357 0
358 0
359 0
360 0
361 0
362 0
363 0
364 0
365 0
366 0
367 0
368 0
369 0
370 0
371 0
372 0
373 0
374 0
375 0
376 0
377 0
378 0
379 0
380 0
381 0
382 0
383 0
384 0
385 0
386 0
387 0
388 0
389 0
390 0
391 0
392 0
393 0
394 0
395 0
396 0
397 0
398 0
399 0
400 0
401 0
402 0
403 0
404 0
