0 0
1 0
2 0
3 0
4 0
5 0
6 0
7 0
8 0
9 1
10 0
11 0
12 0
13 0
14 0
15 0
16 0
17 0
18 0
19 0
20 0
21 0
22 0
23 0
24 0
25 0
26 0
27 0
28 0
29 0
30 0
31 0
32 0
33 0
34 0
35 0
36 0
37 0
38 1
39 0
40 2
41 0
42 0
43 0
44 0
45 0
46 0
47 2
48 1
49 1
50 1
51 0
52 0
53 1
54 0
55 0
56 1
57 0
58 1
59 0
60 0
61 2
62 2
63 0
64 1
65 1
66 2
67 1
68 3
69 1
70 0
71 2
72 0
73 1
74 3
75 5
76 0
77 1
78 1
79 0
80 1
81 3
82 0
83 3
84 2
85 2
86 3
87 0
88 2
89 2
90 0
91 1
92 3
93 5
94 1
95 1
96 1
97 1
98 1
99 2
100 2
101 3
102 0
103 2
104 2
105 2
106 1
107 0
108 2
109 1
110 0
111 1
112 0
113 0
114 1
115 1
116 2
117 1
118 1
119 1
120 1
121 0
122 3
123 1
124 2
125 3
126 2
127 5
128 3
129 6
130 3
131 6
132 5
133 8
134 3
135 4
136 6
137 4
138 7
139 0
140 4
141 4
142 4
143 5
144 9
145 3
146 4
147 3
148 4
149 0
150 3
151 0
152 1
153 1
154 1
155 4
156 3
157 3
158 2
159 2
160 1
161 2
162 2
163 1
164 1
165 2
166 3
167 2
168 1
169 1
170 0
171 0
172 0
173 0
174 0
175 2
176 0
177 0
178 0
179 0
180 0
181 0
182 1
183 0
184 0
185 0
186 2
187 1
188 0
189 0
190 0
191 0
192 1
193 1
194 1
195 2
196 0
197 0
198 0
199 0
200 0
201 0
202 2
203 0
204 0
205 1
206 0
207 1
208 2
209 0
210 1
211 1
212 0
213 1
214 0
215 0
216 0
217 4
218 1
219 0
220 1
221 2
222 2
223 1
224 1
225 2
226 0
227 0
228 1
229 3
230 0
231 2
232 0
233 4
234 1
235 2
236 3
237 5
238 3
239 0
240 2
241 4
242 4
243 4
244 5
245 9
246 11
247 5
248 6
249 5
250 6
251 7
252 10
253 3
254 1
255 4
256 4
257 6
258 4
259 7
260 4
261 6
262 4
263 4
264 7
265 4
266 5
267 8
268 7
269 2
270 3
271 2
272 6
273 5
274 5
275 4
276 1
277 2
278 2
279 1
280 0
281 2
282 0
283 2
284 0
285 0
286 1
287 1
288 1
289 2
290 0
291 0
292 2
293 2
294 4
295 4
296 0
297 1
298 2
299 5
300 1
301 0
302 1
303 0
304 0
305 0
306 0
307 0
308 0
309 0
310 0
311 0
312 0
313 0
314 0
315 0
316 0
317 0
318 0
319 0
320 0
321 0
322 0
323 0
324 0
325 0
326 0
327 0
328 0
329 0
330 0
331 0
332 0
333 0
334 0
335 0
336 0
337 0
338 0
339 0
340 0
341 0
342 0
343 0
344 0
345 0
346 0
347 0
348 0
349 0
350 0
351 0
352 0
353 0
354 0
355 0
356 0
357 0
358 0
