0 0
1 0
2 0
3 0
4 0
5 0
6 0
7 0
8 0
9 0
10 0
11 0
12 0
13 0
14 0
15 0
16 1
17 0
18 0
19 1
20 0
21 0
22 1
23 1
24 0
25 3
26 3
27 7
28 2
29 3
30 3
31 4
32 4
33 1
34 5
35 5
36 3
37 7
38 4
39 2
40 3
41 2
42 9
43 8
44 6
45 3
46 3
47 6
48 3
49 5
50 7
51 4
52 4
53 6
54 5
55 2
56 6
57 3
58 5
59 7
60 13
61 4
62 9
63 1
64 6
65 4
66 2
67 5
68 4
69 1
70 2
71 5
72 3
73 2
74 2
75 3
76 1
77 1
78 5
79 0
80 1
81 2
82 1
83 4
84 2
85 0
86 2
87 1
88 2
89 2
90 2
91 1
92 1
93 1
94 2
95 1
96 2
97 2
98 7
99 7
100 4
101 4
102 0
103 3
104 2
105 2
106 0
107 1
108 1
109 2
110 2
111 1
112 0
113 3
114 2
115 1
116 0
117 3
118 1
119 1
120 1
121 1
122 0
123 2
124 0
125 4
126 1
127 1
128 2
129 2
130 1
131 0
132 0
133 0
134 1
135 0
136 1
137 0
138 1
139 0
140 1
141 0
142 1
143 1
144 2
145 1
146 1
147 1
148 0
149 0
150 0
151 1
152 0
153 0
154 1
155 0
156 1
157 0
158 0
159 2
160 3
161 1
162 1
163 0
164 4
165 1
166 2
167 1
168 1
169 0
170 0
171 0
172 0
173 1
174 0
175 2
176 0
177 1
178 2
179 0
180 0
181 2
182 4
183 0
184 2
185 0
186 1
187 1
188 0
189 1
190 0
191 0
192 0
193 0
194 0
195 1
196 1
197 2
198 5
199 0
200 1
201 4
202 2
203 0
204 2
205 1
206 1
207 2
208 1
209 0
210 2
211 1
212 0
213 0
214 0
215 0
216 0
217 0
218 1
219 0
220 1
221 0
222 0
223 0
224 0
225 0
226 0
227 0
228 0
229 0
230 0
231 0
232 0
233 0
234 0
235 0
236 0
237 0
238 0
239 0
240 0
241 0
242 0
243 0
244 1
245 0
246 0
247 0
248 0
249 0
250 0
251 0
252 2
253 1
254 1
255 1
256 0
257 0
258 0
259 0
260 0
261 0
262 0
263 0
264 0
265 0
266 0
267 0
268 1
269 1
270 0
271 0
272 0
273 2
274 1
275 0
276 0
277 0
278 1
279 0
280 1
281 0
282 0
283 1
284 0
285 2
286 0
287 0
288 0
289 0
290 0
291 0
292 0
293 0
294 0
295 0
296 0
297 0
298 0
299 0
300 0
301 0
302 0
303 0
304 0
305 0
306 0
307 0
308 0
309 0
310 0
311 0
312 0
313 0
314 0
315 0
316 0
317 0
318 0
319 0
320 0
321 0
322 0
323 0
324 0
325 0
326 0
327 0
328 0
329 0
330 0
331 0
332 0
333 0
334 0
335 0
336 0
337 0
338 0
339 0
340 0
341 0
342 0
343 0
344 0
345 0
346 0
347 0
348 0
349 0
350 0
351 0
352 0
353 0
