0 0
1 0
2 0
3 0
4 0
5 0
6 0
7 0
8 0
9 1
10 0
11 0
12 1
13 0
14 3
15 1
16 0
17 1
18 0
19 2
20 2
21 1
22 0
23 1
24 2
25 6
26 4
27 1
28 0
29 0
30 3
31 4
32 0
33 0
34 3
35 2
36 0
37 3
38 1
39 0
40 2
41 0
42 2
43 0
44 1
45 1
46 0
47 1
48 0
49 0
50 2
51 1
52 1
53 1
54 1
55 1
56 0
57 4
58 1
59 2
60 0
61 5
62 0
63 4
64 0
65 1
66 0
67 4
68 0
69 1
70 0
71 1
72 2
73 0
74 0
75 0
76 2
77 0
78 0
79 0
80 1
81 2
82 2
83 2
84 5
85 5
86 5
87 2
88 1
89 2
90 1
91 0
92 1
93 0
94 2
95 2
96 1
97 0
98 2
99 1
100 1
101 1
102 2
103 0
104 6
105 0
106 2
107 4
108 4
109 2
110 2
111 1
112 2
113 0
114 1
115 2
116 2
117 3
118 0
119 5
120 0
121 2
122 6
123 5
124 2
125 3
126 2
127 2
128 6
129 6
130 3
131 3
132 2
133 2
134 3
135 5
136 2
137 7
138 6
139 3
140 4
141 7
142 5
143 4
144 2
145 4
146 2
147 5
148 3
149 3
150 3
151 0
152 7
153 9
154 6
155 11
156 5
157 7
158 2
159 2
160 4
161 3
162 4
163 5
164 8
165 5
166 2
167 7
168 6
169 6
170 1
171 4
172 4
173 6
174 8
175 4
176 7
177 7
178 6
179 7
180 5
181 4
182 1
183 4
184 3
185 4
186 1
187 6
188 5
189 5
190 6
191 8
192 11
193 8
194 8
195 15
196 11
197 12
198 18
199 8
200 7
201 9
202 7
203 13
204 16
205 11
206 17
207 17
208 15
209 28
210 23
211 27
212 24
213 28
214 24
215 28
216 26
217 28
218 23
219 27
220 27
221 24
222 23
223 13
224 8
225 7
226 11
227 5
228 3
229 2
230 1
231 0
232 0
233 0
234 0
235 0
236 0
237 0
238 0
239 0
240 0
241 0
242 0
243 0
244 0
245 0
246 0
247 0
248 0
249 0
250 0
251 0
252 0
253 0
254 0
255 0
256 0
257 0
258 0
259 0
260 0
261 0
262 0
263 0
264 0
265 0
266 0
267 0
268 0
269 0
270 0
271 0
272 0
273 0
274 0
275 0
276 0
277 0
278 0
279 0
280 0
281 0
282 0
283 0
284 0
285 0
286 0
287 0
288 0
289 0
290 0
291 0
292 0
293 0
294 0
295 0
296 0
297 0
298 0
299 0
300 0
301 0
302 0
303 0
304 0
305 0
306 0
307 0
308 0
309 0
310 0
311 0
312 0
313 0
314 0
315 0
316 0
317 0
