0 0
1 0
2 0
3 0
4 0
5 0
6 0
7 0
8 0
9 0
10 0
11 0
12 0
13 0
14 0
15 0
16 0
17 0
18 0
19 0
20 0
21 0
22 0
23 0
24 0
25 0
26 0
27 0
28 0
29 0
30 0
31 0
32 0
33 0
34 0
35 0
36 0
37 0
38 0
39 0
40 0
41 0
42 0
43 0
44 0
45 1
46 0
47 0
48 0
49 1
50 1
51 2
52 0
53 1
54 1
55 4
56 5
57 3
58 1
59 2
60 0
61 1
62 1
63 2
64 2
65 1
66 0
67 1
68 3
69 1
70 1
71 2
72 2
73 2
74 0
75 1
76 4
77 3
78 1
79 2
80 4
81 3
82 1
83 2
84 4
85 2
86 4
87 3
88 4
89 1
90 4
91 0
92 4
93 1
94 2
95 3
96 1
97 2
98 3
99 4
100 5
101 2
102 1
103 3
104 1
105 2
106 0
107 1
108 2
109 1
110 1
111 3
112 3
113 3
114 2
115 1
116 2
117 1
118 2
119 7
120 4
121 1
122 1
123 1
124 1
125 2
126 1
127 1
128 5
129 5
130 0
131 2
132 2
133 3
134 0
135 1
136 4
137 5
138 4
139 1
140 4
141 2
142 2
143 3
144 2
145 1
146 3
147 1
148 0
149 1
150 0
151 1
152 0
153 1
154 1
155 0
156 0
157 1
158 0
159 2
160 2
161 0
162 2
163 2
164 0
165 3
166 1
167 1
168 4
169 2
170 0
171 2
172 1
173 2
174 3
175 0
176 4
177 2
178 3
179 0
180 1
181 2
182 0
183 3
184 2
185 3
186 1
187 2
188 2
189 3
190 1
191 2
192 0
193 1
194 1
195 4
196 1
197 3
198 2
199 1
200 3
201 5
202 4
203 9
204 2
205 5
206 12
207 10
208 8
209 8
210 4
211 7
212 2
213 6
214 9
215 8
216 1
217 7
218 11
219 6
220 5
221 13
222 4
223 4
224 7
225 4
226 5
227 5
228 4
229 5
230 0
231 2
232 2
233 0
234 3
235 4
236 2
237 6
238 0
239 4
240 1
241 4
242 1
243 1
244 0
245 1
246 2
247 2
248 0
249 1
250 3
251 2
252 2
253 3
254 0
255 2
256 3
257 5
258 4
259 5
260 9
261 6
262 7
263 6
264 4
265 6
266 8
267 6
268 3
269 1
270 7
271 7
272 1
273 1
274 2
275 1
276 0
277 0
278 0
279 0
280 1
281 1
282 0
283 1
284 0
285 0
286 0
287 0
288 0
289 0
290 0
291 0
292 0
293 0
294 0
295 0
296 0
297 0
298 0
299 0
300 0
301 0
302 0
303 0
304 0
305 0
306 0
307 0
308 0
309 0
310 0
311 0
312 0
313 0
314 0
315 0
316 0
317 0
318 0
319 0
320 0
321 0
322 0
323 0
324 0
325 0
326 0
327 0
328 0
329 0
330 0
331 0
332 0
333 0
334 0
335 0
336 0
337 0
338 0
339 0
340 0
341 0
342 0
343 0
344 0
345 0
346 0
347 0
348 0
349 0
350 0
351 0
352 0
353 0
354 0
355 0
356 0
357 0
358 0
359 0
360 0
361 0
362 0
363 0
364 0
365 0
366 0
367 0
368 0
369 0
370 0
371 0
372 0
373 0
374 0
375 0
376 0
377 0
378 0
