0 0
1 0
2 0
3 0
4 0
5 0
6 0
7 0
8 0
9 0
10 0
11 0
12 0
13 0
14 0
15 0
16 0
17 0
18 0
19 0
20 0
21 0
22 0
23 0
24 0
25 0
26 1
27 0
28 0
29 1
30 0
31 0
32 0
33 0
34 0
35 2
36 1
37 2
38 0
39 0
40 0
41 1
42 1
43 0
44 1
45 1
46 1
47 0
48 3
49 1
50 1
51 1
52 2
53 1
54 2
55 0
56 1
57 5
58 1
59 3
60 0
61 3
62 0
63 3
64 1
65 1
66 1
67 3
68 0
69 2
70 5
71 7
72 1
73 3
74 3
75 2
76 1
77 3
78 1
79 1
80 0
81 3
82 0
83 0
84 1
85 0
86 1
87 1
88 1
89 1
90 5
91 0
92 0
93 2
94 2
95 0
96 2
97 1
98 0
99 0
100 4
101 1
102 1
103 4
104 1
105 2
106 0
107 2
108 0
109 2
110 0
111 1
112 1
113 0
114 2
115 2
116 0
117 0
118 1
119 4
120 0
121 3
122 0
123 1
124 0
125 1
126 2
127 0
128 1
129 2
130 1
131 1
132 0
133 1
134 1
135 1
136 2
137 1
138 1
139 0
140 4
141 1
142 1
143 0
144 0
145 2
146 0
147 2
148 0
149 2
150 0
151 4
152 0
153 0
154 1
155 3
156 1
157 1
158 2
159 0
160 0
161 0
162 1
163 1
164 0
165 1
166 0
167 4
168 1
169 1
170 0
171 1
172 1
173 2
174 1
175 1
176 1
177 0
178 2
179 2
180 2
181 2
182 1
183 1
184 1
185 1
186 1
187 0
188 0
189 3
190 2
191 2
192 0
193 1
194 1
195 0
196 1
197 0
198 1
199 2
200 1
201 0
202 1
203 1
204 1
205 0
206 2
207 3
208 0
209 1
210 1
211 2
212 5
213 2
214 1
215 3
216 3
217 2
218 1
219 3
220 3
221 2
222 4
223 0
224 4
225 1
226 3
227 0
228 3
229 7
230 2
231 0
232 3
233 6
234 4
235 5
236 2
237 5
238 6
239 6
240 5
241 6
242 6
243 5
244 4
245 4
246 1
247 5
248 10
249 4
250 7
251 7
252 7
253 1
254 8
255 3
256 4
257 5
258 9
259 5
260 9
261 3
262 3
263 4
264 2
265 2
266 0
267 3
268 1
269 0
270 0
271 0
272 0
273 0
274 0
275 1
276 0
277 0
278 0
279 0
280 0
281 0
282 0
283 0
284 0
285 0
286 0
287 0
288 0
289 0
290 0
291 0
292 0
293 0
294 0
295 0
296 0
297 0
298 0
299 0
300 0
301 0
302 0
303 0
304 0
305 0
306 0
307 0
308 0
309 0
310 0
311 0
312 0
313 0
314 0
315 0
316 0
317 0
318 0
319 0
320 0
321 0
322 0
323 0
324 0
325 0
326 0
327 0
328 0
329 0
330 0
331 0
332 0
333 0
334 0
335 0
336 0
337 0
338 0
339 0
340 0
341 0
342 0
343 0
344 0
345 0
346 0
347 0
348 0
349 0
350 0
351 0
352 0
353 0
354 0
355 0
356 0
357 0
358 0
359 0
360 0
361 0
362 0
363 0
364 0
365 0
366 0
367 0
368 0
369 0
370 0
371 0
372 0
373 0
374 0
375 0
376 0
377 0
378 0
379 0
380 0
381 0
382 0
383 0
384 0
385 0
