0 0
1 0
2 0
3 0
4 0
5 0
6 0
7 0
8 0
9 0
10 0
11 0
12 0
13 0
14 0
15 0
16 0
17 0
18 0
19 0
20 0
21 0
22 0
23 0
24 0
25 1
26 0
27 0
28 0
29 0
30 0
31 0
32 0
33 0
34 0
35 0
36 0
37 0
38 0
39 0
40 0
41 0
42 0
43 0
44 0
45 0
46 0
47 0
48 0
49 0
50 1
51 0
52 0
53 0
54 0
55 0
56 0
57 0
58 0
59 0
60 0
61 0
62 0
63 0
64 0
65 1
66 0
67 1
68 0
69 1
70 0
71 0
72 0
73 0
74 0
75 1
76 0
77 0
78 1
79 2
80 1
81 0
82 0
83 0
84 0
85 1
86 0
87 4
88 0
89 0
90 0
91 1
92 0
93 0
94 1
95 0
96 0
97 0
98 0
99 0
100 1
101 0
102 0
103 0
104 0
105 1
106 0
107 1
108 0
109 0
110 2
111 1
112 2
113 1
114 1
115 2
116 2
117 1
118 1
119 0
120 2
121 2
122 1
123 1
124 0
125 2
126 0
127 1
128 2
129 3
130 2
131 2
132 1
133 1
134 4
135 4
136 5
137 2
138 5
139 4
140 2
141 6
142 1
143 2
144 4
145 5
146 3
147 4
148 3
149 2
150 3
151 1
152 3
153 3
154 7
155 10
156 2
157 7
158 2
159 3
160 3
161 1
162 6
163 1
164 2
165 1
166 3
167 0
168 1
169 4
170 3
171 1
172 3
173 4
174 8
175 3
176 4
177 10
178 2
179 2
180 0
181 5
182 4
183 0
184 2
185 6
186 1
187 1
188 3
189 8
190 3
191 4
192 6
193 10
194 8
195 5
196 4
197 8
198 10
199 3
200 2
201 8
202 3
203 3
204 3
205 4
206 6
207 6
208 3
209 6
210 8
211 6
212 12
213 6
214 5
215 7
216 12
217 13
218 9
219 10
220 8
221 6
222 10
223 14
224 5
225 14
226 11
227 13
228 16
229 12
230 12
231 16
232 15
233 7
234 5
235 8
236 8
237 5
238 3
239 3
240 3
241 4
242 6
243 5
244 3
245 5
246 0
247 4
248 2
249 7
250 1
251 2
252 0
253 3
254 3
255 1
256 1
257 0
258 0
259 2
260 2
261 1
262 2
263 1
264 4
265 2
266 0
267 1
268 1
269 2
270 3
271 3
272 2
273 4
274 3
275 1
276 2
277 5
278 3
279 1
280 1
281 3
282 3
283 0
284 1
285 5
286 3
287 0
288 4
289 1
290 7
291 5
292 4
293 0
294 3
295 6
296 3
297 0
298 0
299 2
300 1
301 5
302 2
303 2
304 1
305 3
306 0
307 2
308 1
309 0
310 2
311 2
312 0
313 0
314 1
315 0
316 4
317 1
318 0
319 0
320 0
321 1
322 0
323 0
324 0
325 0
326 0
327 0
328 0
329 0
330 0
331 0
332 0
333 0
334 0
335 0
336 0
337 0
338 0
339 0
340 0
341 0
342 0
343 0
344 0
345 0
346 0
347 0
348 0
349 0
350 0
351 0
352 0
353 0
354 0
355 0
356 0
357 0
358 0
359 0
360 0
361 0
362 0
363 0
364 0
