0 0
1 0
2 0
3 0
4 0
5 0
6 0
7 0
8 0
9 0
10 0
11 0
12 1
13 0
14 0
15 1
16 0
17 0
18 0
19 1
20 0
21 0
22 0
23 0
24 1
25 0
26 1
27 1
28 1
29 3
30 3
31 4
32 3
33 3
34 4
35 2
36 9
37 8
38 9
39 11
40 7
41 21
42 14
43 12
44 17
45 11
46 15
47 10
48 13
49 9
50 8
51 8
52 9
53 7
54 5
55 7
56 6
57 7
58 5
59 6
60 4
61 5
62 5
63 7
64 1
65 4
66 10
67 6
68 6
69 5
70 6
71 7
72 2
73 0
74 8
75 1
76 7
77 5
78 3
79 4
80 6
81 7
82 11
83 13
84 6
85 5
86 9
87 8
88 11
89 14
90 10
91 15
92 12
93 7
94 16
95 9
96 14
97 12
98 17
99 9
100 16
101 11
102 6
103 9
104 11
105 4
106 10
107 11
108 8
109 5
110 9
111 5
112 2
113 6
114 4
115 3
116 5
117 5
118 9
119 1
120 2
121 5
122 2
123 4
124 1
125 2
126 1
127 4
128 2
129 6
130 3
131 5
132 2
133 3
134 2
135 8
136 6
137 9
138 8
139 9
140 9
141 8
142 12
143 9
144 7
145 8
146 6
147 8
148 6
149 5
150 5
151 7
152 4
153 4
154 0
155 6
156 3
157 6
158 3
159 4
160 3
161 2
162 3
163 5
164 1
165 2
166 8
167 10
168 2
169 1
170 6
171 3
172 3
173 3
174 3
175 0
176 4
177 1
178 1
179 0
180 1
181 1
182 2
183 3
184 0
185 0
186 0
187 2
188 1
189 1
190 1
191 1
192 1
193 1
194 1
195 2
196 1
197 2
198 3
199 1
200 0
201 1
202 0
203 2
204 0
205 1
206 3
207 1
208 1
209 1
210 2
211 0
212 2
213 0
214 1
215 1
216 0
217 0
218 1
219 1
220 0
221 2
222 2
223 0
224 2
225 1
226 1
227 1
228 1
229 0
230 3
231 1
232 2
233 2
234 0
235 2
236 1
237 1
238 3
239 1
240 4
241 3
242 2
243 0
244 0
245 6
246 5
247 5
248 2
249 2
250 4
251 1
252 6
253 2
254 5
255 3
256 3
257 4
258 7
259 6
260 6
261 13
262 6
263 5
264 3
265 2
266 0
267 4
268 12
269 10
270 6
271 5
272 6
273 3
274 13
275 6
276 8
277 10
278 6
279 8
280 6
281 4
282 7
283 6
284 4
285 6
286 6
287 5
288 1
289 5
290 4
291 4
292 7
293 3
294 2
295 3
296 2
297 4
298 1
299 0
300 0
301 0
302 0
303 0
304 2
305 0
306 2
307 0
308 0
309 0
310 0
311 0
312 0
313 0
314 0
315 0
316 0
317 0
318 0
319 0
320 0
321 0
322 0
323 0
324 0
325 0
326 0
327 0
328 0
329 0
330 0
331 0
332 0
333 0
334 0
335 0
336 0
337 0
338 0
339 0
340 0
341 0
342 0
343 0
344 0
345 0
346 0
347 0
348 0
349 0
350 0
351 0
352 0
353 0
354 0
355 0
356 0
357 0
358 0
359 0
360 0
361 0
362 0
363 0
364 0
365 0
366 0
367 0
368 0
369 0
370 0
371 0
372 0
373 0
374 0
375 0
376 0
377 0
378 0
379 0
