0 0
1 0
2 0
3 0
4 0
5 0
6 0
7 0
8 0
9 0
10 0
11 1
12 1
13 1
14 2
15 1
16 0
17 2
18 1
19 0
20 1
21 2
22 0
23 1
24 0
25 0
26 2
27 2
28 1
29 0
30 0
31 0
32 1
33 3
34 2
35 1
36 0
37 0
38 1
39 1
40 0
41 3
42 1
43 0
44 2
45 1
46 2
47 1
48 0
49 0
50 1
51 0
52 2
53 1
54 2
55 0
56 1
57 0
58 1
59 2
60 2
61 0
62 2
63 1
64 1
65 0
66 1
67 2
68 0
69 2
70 1
71 0
72 2
73 1
74 0
75 1
76 1
77 2
78 3
79 3
80 4
81 0
82 2
83 2
84 1
85 3
86 2
87 1
88 1
89 2
90 0
91 1
92 0
93 2
94 3
95 4
96 1
97 2
98 1
99 1
100 0
101 0
102 1
103 1
104 0
105 2
106 1
107 5
108 4
109 2
110 4
111 1
112 0
113 1
114 2
115 0
116 0
117 2
118 3
119 0
120 1
121 2
122 3
123 0
124 3
125 2
126 2
127 2
128 4
129 0
130 0
131 1
132 4
133 5
134 1
135 1
136 2
137 2
138 1
139 0
140 0
141 3
142 1
143 2
144 4
145 2
146 3
147 4
148 2
149 3
150 3
151 1
152 4
153 2
154 1
155 2
156 5
157 4
158 2
159 0
160 2
161 0
162 2
163 2
164 1
165 0
166 1
167 1
168 0
169 1
170 0
171 0
172 1
173 0
174 0
175 0
176 0
177 2
178 0
179 2
180 0
181 0
182 1
183 1
184 1
185 1
186 0
187 1
188 4
189 0
190 2
191 2
192 0
193 1
194 0
195 1
196 2
197 1
198 3
199 1
200 2
201 3
202 3
203 1
204 5
205 2
206 3
207 3
208 0
209 2
210 0
211 0
212 1
213 3
214 2
215 1
216 0
217 0
218 2
219 3
220 2
221 1
222 1
223 2
224 3
225 1
226 4
227 4
228 4
229 1
230 5
231 3
232 0
233 2
234 4
235 5
236 1
237 4
238 4
239 4
240 7
241 4
242 2
243 5
244 0
245 1
246 4
247 2
248 5
249 1
250 2
251 3
252 2
253 2
254 2
255 0
256 1
257 1
258 2
259 1
260 2
261 1
262 2
263 3
264 2
265 3
266 1
267 1
268 0
269 2
270 3
271 1
272 2
273 0
274 2
275 3
276 2
277 2
278 2
279 0
280 1
281 0
282 1
283 0
284 0
285 0
286 0
287 0
288 0
289 0
290 0
291 0
292 0
293 0
294 0
295 0
296 0
297 0
298 0
299 0
300 0
301 0
302 0
303 0
304 0
305 0
306 0
307 0
308 0
309 0
310 0
311 0
312 0
313 0
314 0
315 0
316 0
317 0
318 0
319 0
320 0
321 0
322 0
323 0
324 0
325 0
326 0
327 0
328 0
329 0
330 0
331 0
332 0
333 0
334 0
335 0
336 0
337 0
338 0
339 0
340 0
341 0
342 0
343 0
344 0
345 0
346 0
347 0
348 0
349 0
350 0
351 0
352 0
353 0
354 0
355 0
356 0
357 0
358 0
359 0
360 0
361 0
362 0
363 0
364 0
365 0
366 0
367 0
368 0
369 0
370 0
