0 0
1 0
2 0
3 1
4 1
5 0
6 0
7 0
8 0
9 0
10 0
11 1
12 0
13 1
14 2
15 3
16 3
17 0
18 6
19 5
20 4
21 6
22 2
23 4
24 5
25 6
26 5
27 4
28 4
29 8
30 4
31 3
32 2
33 7
34 3
35 8
36 5
37 6
38 4
39 5
40 5
41 4
42 8
43 4
44 5
45 3
46 5
47 2
48 3
49 1
50 2
51 4
52 5
53 1
54 2
55 7
56 1
57 4
58 5
59 3
60 8
61 6
62 6
63 5
64 3
65 7
66 4
67 4
68 5
69 4
70 3
71 3
72 5
73 2
74 1
75 1
76 2
77 4
78 3
79 4
80 5
81 3
82 4
83 2
84 4
85 3
86 4
87 3
88 4
89 6
90 1
91 4
92 2
93 2
94 4
95 3
96 1
97 2
98 0
99 3
100 1
101 1
102 1
103 1
104 2
105 3
106 6
107 2
108 1
109 2
110 2
111 1
112 5
113 8
114 1
115 2
116 4
117 2
118 2
119 0
120 2
121 2
122 2
123 3
124 2
125 1
126 4
127 2
128 5
129 5
130 5
131 5
132 4
133 6
134 3
135 6
136 4
137 6
138 4
139 5
140 3
141 1
142 2
143 2
144 2
145 1
146 0
147 1
148 0
149 0
150 0
151 0
152 0
153 0
154 0
155 0
156 0
157 0
158 2
159 0
160 0
161 4
162 1
163 0
164 0
165 0
166 0
167 2
168 0
169 0
170 0
171 0
172 1
173 0
174 0
175 1
176 0
177 0
178 0
179 0
180 0
181 0
182 1
183 1
184 0
185 1
186 1
187 0
188 0
189 0
190 0
191 0
192 1
193 0
194 0
195 1
196 0
197 0
198 0
199 1
200 1
201 0
202 0
203 1
204 0
205 0
206 1
207 0
208 0
209 1
210 0
211 2
212 0
213 0
214 0
215 1
216 0
217 0
218 0
219 0
220 1
221 0
222 0
223 1
224 0
225 0
226 0
227 0
228 0
229 0
230 0
231 0
232 0
233 0
234 0
235 2
236 0
237 0
238 0
239 0
240 0
241 1
242 1
243 2
244 0
245 1
246 0
247 0
248 1
249 0
250 0
251 1
252 2
253 2
254 1
255 6
256 3
257 3
258 1
259 4
260 2
261 2
262 1
263 1
264 1
265 3
266 2
267 4
268 4
269 1
270 2
271 1
272 4
273 3
274 1
275 1
276 3
277 2
278 2
279 1
280 1
281 1
282 0
283 1
284 1
285 1
286 1
287 0
288 1
289 2
290 0
291 2
292 1
293 1
294 1
295 2
296 1
297 1
298 0
299 0
300 2
301 0
302 0
303 0
304 0
305 2
306 0
307 0
308 1
309 1
310 0
311 1
312 1
313 1
314 0
315 1
316 0
317 0
318 1
319 0
320 1
321 1
322 0
323 1
324 1
325 1
326 0
327 1
328 4
329 3
330 3
331 0
332 3
333 2
334 3
335 2
336 1
337 2
338 2
339 1
340 1
341 0
342 0
343 0
344 0
345 0
346 0
347 0
348 0
349 0
350 0
351 0
352 0
353 0
354 0
355 0
356 0
357 0
358 0
359 0
360 0
361 0
362 0
363 0
364 0
365 0
366 0
367 0
368 0
369 0
370 0
371 0
372 0
373 0
