0 0
1 0
2 0
3 0
4 0
5 0
6 0
7 1
8 0
9 0
10 0
11 0
12 0
13 0
14 0
15 1
16 0
17 0
18 0
19 0
20 0
21 0
22 1
23 1
24 0
25 0
26 2
27 0
28 0
29 2
30 0
31 0
32 2
33 1
34 3
35 0
36 1
37 1
38 1
39 2
40 1
41 1
42 2
43 2
44 5
45 1
46 1
47 3
48 1
49 3
50 2
51 3
52 3
53 4
54 2
55 3
56 4
57 3
58 1
59 2
60 0
61 2
62 1
63 3
64 1
65 2
66 0
67 3
68 6
69 2
70 5
71 3
72 2
73 1
74 1
75 1
76 0
77 1
78 2
79 3
80 1
81 1
82 2
83 0
84 3
85 3
86 2
87 2
88 3
89 2
90 2
91 0
92 3
93 1
94 3
95 2
96 3
97 1
98 3
99 1
100 5
101 2
102 1
103 0
104 0
105 1
106 0
107 2
108 0
109 1
110 0
111 2
112 0
113 1
114 1
115 1
116 0
117 2
118 0
119 1
120 0
121 1
122 1
123 0
124 0
125 0
126 1
127 1
128 1
129 0
130 0
131 0
132 1
133 0
134 0
135 1
136 0
137 1
138 1
139 0
140 0
141 0
142 0
143 0
144 1
145 0
146 0
147 0
148 0
149 0
150 1
151 1
152 1
153 1
154 0
155 0
156 0
157 1
158 0
159 0
160 0
161 1
162 0
163 0
164 0
165 0
166 0
167 0
168 0
169 0
170 1
171 1
172 0
173 0
174 0
175 0
176 0
177 0
178 0
179 0
180 0
181 1
182 0
183 0
184 0
185 2
186 0
187 0
188 2
189 0
190 0
191 2
192 1
193 2
194 2
195 1
196 1
197 0
198 1
199 1
200 1
201 0
202 0
203 0
204 1
205 1
206 0
207 0
208 1
209 0
210 1
211 1
212 0
213 1
214 1
215 0
216 1
217 1
218 0
219 0
220 1
221 0
222 1
223 1
224 0
225 0
226 1
227 0
228 2
229 0
230 0
231 3
232 2
233 1
234 1
235 1
236 0
237 1
238 1
239 0
240 1
241 0
242 0
243 1
244 1
245 1
246 0
247 0
248 1
249 0
250 0
251 0
252 4
253 2
254 2
255 2
256 3
257 3
258 2
259 1
260 1
261 1
262 1
263 0
264 5
265 1
266 3
267 2
268 2
269 1
270 0
271 3
272 3
273 3
274 2
275 2
276 3
277 1
278 1
279 0
280 0
281 3
282 3
283 0
284 3
285 1
286 0
287 0
288 0
289 0
290 0
291 0
292 0
293 0
294 0
295 0
296 0
297 0
298 0
299 0
300 0
301 0
302 0
303 0
304 0
305 0
306 0
307 0
308 0
309 0
310 0
311 0
312 0
313 0
314 0
315 0
316 0
317 0
318 0
319 0
320 0
321 0
322 0
323 0
324 0
325 0
326 0
327 0
328 0
329 0
330 0
331 0
332 0
333 0
334 0
335 0
336 0
337 0
338 0
339 0
340 0
341 0
342 0
343 0
344 0
345 0
346 0
347 0
348 0
349 0
350 0
351 0
352 0
353 0
354 0
355 0
356 0
357 0
358 0
359 0
360 0
361 0
362 0
363 0
364 0
365 0
366 0
367 0
368 0
369 0
370 0
371 0
372 0
373 0
374 0
375 0
376 0
377 0
378 0
379 0
380 0
381 0
382 0
383 0
384 0
385 0
386 0
