0 0
1 0
2 0
3 0
4 0
5 0
6 0
7 0
8 0
9 0
10 0
11 0
12 0
13 0
14 0
15 0
16 1
17 0
18 0
19 1
20 0
21 0
22 0
23 0
24 0
25 0
26 0
27 0
28 0
29 0
30 0
31 1
32 0
33 0
34 1
35 1
36 0
37 1
38 0
39 1
40 1
41 1
42 0
43 0
44 1
45 0
46 0
47 0
48 0
49 0
50 0
51 1
52 0
53 0
54 0
55 0
56 0
57 0
58 2
59 0
60 2
61 0
62 0
63 0
64 1
65 0
66 0
67 0
68 1
69 0
70 0
71 0
72 1
73 1
74 1
75 0
76 0
77 0
78 0
79 1
80 0
81 0
82 0
83 0
84 0
85 0
86 1
87 0
88 0
89 0
90 0
91 0
92 1
93 0
94 0
95 1
96 0
97 0
98 0
99 1
100 1
101 1
102 0
103 0
104 1
105 0
106 1
107 1
108 1
109 0
110 1
111 1
112 0
113 1
114 1
115 0
116 0
117 0
118 1
119 1
120 0
121 1
122 1
123 2
124 0
125 1
126 0
127 0
128 0
129 1
130 0
131 1
132 0
133 1
134 0
135 1
136 2
137 1
138 0
139 1
140 0
141 0
142 0
143 0
144 0
145 0
146 0
147 0
148 0
149 1
150 0
151 0
152 1
153 1
154 1
155 1
156 2
157 2
158 0
159 0
160 1
161 0
162 3
163 2
164 2
165 0
166 1
167 2
168 0
169 1
170 2
171 1
172 2
173 4
174 5
175 7
176 6
177 9
178 7
179 7
180 5
181 5
182 2
183 3
184 4
185 1
186 0
187 0
188 0
189 0
190 0
191 0
192 0
193 0
194 0
195 0
196 1
197 2
198 0
199 0
200 0
201 2
202 2
203 0
204 3
205 0
206 0
207 1
208 2
209 0
210 1
211 3
212 1
213 2
214 1
215 3
216 3
217 0
218 0
219 1
220 2
221 1
222 0
223 0
224 0
225 1
226 1
227 2
228 0
229 1
230 1
231 1
232 1
233 2
234 2
235 2
236 3
237 2
238 4
239 3
240 3
241 7
242 5
243 6
244 4
245 6
246 5
247 7
248 9
249 6
250 3
251 4
252 4
253 6
254 4
255 3
256 3
257 4
258 2
259 1
260 2
261 3
262 3
263 7
264 7
265 3
266 5
267 0
268 0
269 2
270 2
271 2
272 1
273 3
274 2
275 3
276 0
277 1
278 1
279 2
280 0
281 0
282 0
283 1
284 1
285 0
286 0
287 1
288 0
289 1
290 1
291 0
292 1
293 1
294 0
295 0
296 0
297 0
298 0
299 0
300 0
301 1
302 0
303 0
304 2
305 1
306 0
307 2
308 0
309 0
310 0
311 1
312 0
313 1
314 0
315 0
316 0
317 0
318 0
319 0
320 0
321 0
322 0
323 0
324 0
325 0
326 0
327 0
328 0
329 0
330 0
331 0
332 0
333 0
334 0
335 0
336 0
337 0
338 0
339 0
340 0
341 0
342 0
343 0
344 0
345 0
346 0
347 0
348 0
349 0
350 0
351 0
352 0
353 0
354 0
355 0
356 0
357 0
358 0
359 0
360 0
361 0
362 0
363 0
364 0
365 0
366 0
367 0
368 0
369 0
370 0
371 0
372 0
373 0
374 0
375 0
376 0
377 0
378 0
379 0
380 0
381 0
382 0
383 0
384 0
385 0
386 0
387 0
