0 0
1 0
2 0
3 0
4 0
5 0
6 0
7 0
8 0
9 0
10 0
11 0
12 0
13 1
14 1
15 0
16 2
17 0
18 1
19 0
20 1
21 2
22 0
23 0
24 2
25 0
26 2
27 0
28 2
29 4
30 2
31 0
32 3
33 2
34 1
35 0
36 4
37 0
38 0
39 2
40 2
41 3
42 3
43 1
44 3
45 5
46 3
47 6
48 3
49 4
50 8
51 5
52 7
53 9
54 3
55 6
56 8
57 4
58 12
59 3
60 7
61 9
62 8
63 5
64 2
65 7
66 3
67 5
68 5
69 8
70 6
71 9
72 8
73 4
74 5
75 7
76 13
77 7
78 3
79 4
80 4
81 7
82 4
83 5
84 0
85 1
86 3
87 8
88 8
89 9
90 8
91 8
92 16
93 11
94 13
95 19
96 22
97 18
98 25
99 12
100 11
101 8
102 11
103 3
104 3
105 3
106 3
107 9
108 2
109 6
110 8
111 19
112 22
113 18
114 10
115 18
116 13
117 13
118 14
119 15
120 14
121 17
122 14
123 14
124 29
125 17
126 21
127 19
128 18
129 10
130 9
131 4
132 8
133 7
134 11
135 16
136 23
137 13
138 12
139 16
140 20
141 15
142 17
143 7
144 9
145 8
146 9
147 7
148 9
149 6
150 5
151 6
152 10
153 3
154 3
155 6
156 12
157 11
158 11
159 7
160 10
161 4
162 4
163 3
164 3
165 1
166 6
167 7
168 5
169 3
170 15
171 9
172 8
173 5
174 9
175 11
176 11
177 7
178 2
179 7
180 10
181 12
182 8
183 6
184 4
185 7
186 4
187 10
188 5
189 15
190 15
191 13
192 13
193 10
194 6
195 2
196 3
197 1
198 1
199 1
200 1
201 1
202 2
203 3
204 2
205 1
206 3
207 0
208 0
209 5
210 0
211 0
212 1
213 2
214 0
215 6
216 4
217 1
218 0
219 1
220 0
221 1
222 0
223 0
224 0
225 0
226 0
227 0
228 1
229 0
230 1
231 1
232 2
233 1
234 0
235 3
236 0
237 0
238 0
239 0
240 0
241 0
242 0
243 0
244 0
245 4
246 4
247 3
248 1
249 0
250 0
251 0
252 0
253 0
254 1
255 1
256 0
257 1
258 4
259 0
260 0
261 0
262 0
263 0
264 0
265 0
266 0
267 0
268 0
269 0
270 0
271 0
272 0
273 0
274 0
275 0
276 0
277 0
278 0
279 0
280 0
281 0
282 0
283 0
284 0
285 0
286 0
287 0
288 0
289 0
290 0
291 0
292 0
293 0
294 0
295 0
296 0
297 0
298 0
299 0
300 0
301 0
302 0
303 0
304 0
305 0
306 0
307 0
308 0
309 0
310 0
311 0
312 0
313 0
314 0
315 0
316 0
317 0
318 0
319 0
320 0
321 0
322 0
323 0
324 0
325 0
326 0
327 0
328 0
329 0
330 0
331 0
332 0
333 0
334 0
