0 0
1 0
2 0
3 0
4 0
5 0
6 0
7 0
8 0
9 0
10 0
11 0
12 0
13 0
14 0
15 0
16 0
17 3
18 4
19 2
20 2
21 3
22 3
23 6
24 7
25 9
26 4
27 5
28 8
29 11
30 10
31 11
32 14
33 14
34 3
35 14
36 11
37 7
38 9
39 17
40 10
41 10
42 8
43 7
44 7
45 4
46 8
47 5
48 4
49 2
50 1
51 8
52 9
53 0
54 4
55 4
56 10
57 4
58 4
59 2
60 6
61 5
62 2
63 4
64 1
65 2
66 2
67 1
68 6
69 1
70 5
71 1
72 1
73 4
74 4
75 3
76 2
77 3
78 1
79 3
80 2
81 5
82 1
83 3
84 1
85 0
86 2
87 3
88 0
89 3
90 0
91 1
92 3
93 0
94 1
95 1
96 2
97 0
98 3
99 0
100 2
101 0
102 4
103 1
104 3
105 0
106 3
107 4
108 2
109 2
110 0
111 3
112 0
113 0
114 0
115 1
116 0
117 1
118 1
119 2
120 1
121 2
122 3
123 0
124 0
125 0
126 0
127 0
128 1
129 1
130 0
131 0
132 0
133 1
134 0
135 1
136 0
137 0
138 0
139 0
140 0
141 1
142 0
143 2
144 0
145 1
146 0
147 1
148 0
149 0
150 0
151 0
152 0
153 1
154 0
155 0
156 0
157 0
158 0
159 0
160 0
161 0
162 1
163 0
164 0
165 0
166 0
167 0
168 0
169 0
170 1
171 0
172 1
173 0
174 0
175 0
176 0
177 0
178 0
179 0
180 0
181 0
182 0
183 0
184 0
185 0
186 0
187 0
188 0
189 1
190 0
191 0
192 0
193 0
194 0
195 0
196 0
197 0
198 1
199 0
200 0
201 0
202 0
203 0
204 0
205 0
206 0
207 0
208 0
209 0
210 0
211 0
212 0
213 0
214 0
215 0
216 1
217 0
218 0
219 0
220 0
221 0
222 0
223 0
224 0
225 0
226 0
227 0
228 0
229 0
230 0
231 0
232 1
233 0
234 0
235 0
236 0
237 0
238 0
239 0
240 0
241 0
242 0
243 0
244 0
245 0
246 0
247 0
248 0
249 0
250 0
251 0
252 0
253 0
254 0
255 0
256 0
257 0
258 0
259 0
260 0
261 0
262 0
263 0
264 0
265 0
266 0
267 0
268 0
269 0
270 0
271 0
272 0
273 0
274 0
275 0
276 0
277 0
278 0
279 0
280 0
281 0
282 0
283 0
284 0
285 0
286 0
287 0
288 0
289 0
290 0
291 0
292 0
293 0
294 0
295 0
296 0
297 0
298 0
299 0
300 0
301 0
302 0
303 0
304 0
305 0
306 0
307 0
308 0
309 0
310 0
311 0
312 0
313 0
314 0
315 0
316 0
317 0
318 0
319 0
320 0
321 0
322 0
323 0
324 0
325 0
326 0
327 0
328 0
329 0
330 0
331 0
332 0
333 0
334 0
335 0
336 0
337 0
338 0
339 0
340 0
341 0
342 0
343 0
344 0
345 0
346 0
347 0
348 0
349 0
350 0
351 0
352 0
353 0
354 0
355 0
356 0
357 0
358 0
359 0
360 0
361 0
362 0
363 0
364 0
365 0
366 0
367 0
368 0
369 0
370 0
371 0
372 0
373 0
374 0
375 0
376 0
377 0
378 0
379 0
380 0
381 0
382 0
383 0
384 0
385 0
386 0
387 0
388 0
389 0
390 0
391 0
392 0
393 0
394 0
395 0
396 0
397 0
398 0
399 0
400 0
401 0
402 0
