0 0
1 0
2 0
3 0
4 0
5 0
6 0
7 0
8 0
9 0
10 0
11 0
12 0
13 0
14 0
15 1
16 0
17 0
18 0
19 0
20 1
21 0
22 0
23 0
24 0
25 0
26 0
27 0
28 0
29 0
30 0
31 0
32 1
33 0
34 0
35 1
36 0
37 1
38 0
39 0
40 2
41 2
42 5
43 0
44 2
45 4
46 3
47 4
48 4
49 3
50 2
51 10
52 5
53 5
54 10
55 11
56 8
57 11
58 4
59 5
60 10
61 5
62 10
63 9
64 10
65 5
66 7
67 9
68 15
69 8
70 11
71 8
72 13
73 11
74 7
75 13
76 11
77 13
78 15
79 11
80 15
81 19
82 9
83 9
84 11
85 9
86 9
87 6
88 10
89 11
90 6
91 5
92 7
93 15
94 7
95 14
96 4
97 8
98 3
99 4
100 3
101 14
102 2
103 5
104 12
105 8
106 2
107 5
108 1
109 2
110 6
111 4
112 1
113 3
114 4
115 1
116 4
117 4
118 1
119 1
120 0
121 3
122 2
123 2
124 3
125 1
126 2
127 2
128 3
129 1
130 0
131 2
132 5
133 2
134 2
135 0
136 1
137 1
138 1
139 3
140 2
141 1
142 2
143 1
144 1
145 6
146 2
147 3
148 2
149 0
150 3
151 2
152 0
153 0
154 1
155 0
156 0
157 1
158 1
159 1
160 0
161 0
162 2
163 0
164 3
165 1
166 0
167 2
168 1
169 4
170 1
171 1
172 1
173 0
174 0
175 1
176 0
177 1
178 0
179 0
180 1
181 2
182 0
183 0
184 0
185 0
186 0
187 0
188 0
189 0
190 0
191 0
192 0
193 0
194 0
195 0
196 2
197 1
198 0
199 0
200 0
201 2
202 0
203 2
204 0
205 2
206 1
207 0
208 1
209 0
210 0
211 0
212 1
213 0
214 2
215 0
216 0
217 0
218 1
219 2
220 0
221 0
222 0
223 0
224 1
225 0
226 0
227 0
228 0
229 1
230 1
231 2
232 1
233 3
234 0
235 2
236 2
237 3
238 1
239 3
240 2
241 5
242 3
243 8
244 3
245 8
246 4
247 6
248 4
249 12
250 8
251 5
252 6
253 6
254 5
255 2
256 3
257 6
258 4
259 3
260 3
261 5
262 5
263 2
264 4
265 6
266 7
267 4
268 4
269 6
270 6
271 4
272 1
273 7
274 9
275 4
276 2
277 4
278 2
279 3
280 4
281 5
282 1
283 3
284 4
285 6
286 4
287 2
288 3
289 2
290 2
291 1
292 2
293 1
294 2
295 3
296 3
297 4
298 5
299 0
300 4
301 1
302 0
303 4
304 5
305 2
306 1
307 0
308 1
309 1
310 2
311 1
312 0
313 0
314 1
315 0
316 0
317 0
318 0
319 1
320 0
321 0
322 0
323 0
324 0
325 1
326 0
327 0
328 0
329 0
330 0
331 0
332 0
333 0
334 0
335 0
336 0
337 0
338 0
339 0
340 0
341 0
342 0
343 0
344 0
345 0
346 0
347 0
348 0
349 0
350 0
351 0
352 0
353 0
354 0
355 0
356 0
357 0
358 0
359 0
360 0
361 0
362 0
363 0
364 0
365 0
366 0
367 0
368 0
369 0
370 0
371 0
372 0
373 0
374 0
375 0
376 0
377 0
378 0
379 0
380 0
381 0
382 0
383 0
