0 0
1 0
2 0
3 0
4 0
5 0
6 0
7 0
8 1
9 0
10 0
11 0
12 0
13 0
14 0
15 0
16 0
17 0
18 0
19 0
20 0
21 1
22 2
23 2
24 0
25 0
26 1
27 1
28 3
29 1
30 1
31 1
32 2
33 4
34 2
35 2
36 2
37 2
38 3
39 6
40 4
41 4
42 2
43 4
44 2
45 2
46 3
47 2
48 1
49 2
50 2
51 1
52 0
53 3
54 2
55 1
56 3
57 4
58 5
59 0
60 4
61 4
62 4
63 6
64 1
65 3
66 1
67 1
68 1
69 0
70 1
71 2
72 2
73 0
74 4
75 2
76 7
77 2
78 3
79 1
80 3
81 4
82 1
83 5
84 2
85 5
86 6
87 5
88 3
89 4
90 2
91 0
92 1
93 2
94 0
95 1
96 4
97 1
98 2
99 2
100 0
101 0
102 0
103 1
104 1
105 2
106 2
107 3
108 5
109 4
110 5
111 6
112 3
113 5
114 2
115 5
116 4
117 3
118 3
119 1
120 0
121 1
122 0
123 2
124 1
125 2
126 5
127 2
128 6
129 3
130 3
131 0
132 0
133 4
134 2
135 1
136 0
137 1
138 4
139 1
140 1
141 5
142 4
143 0
144 1
145 3
146 1
147 5
148 3
149 4
150 3
151 4
152 3
153 1
154 3
155 3
156 0
157 1
158 2
159 4
160 2
161 3
162 10
163 7
164 4
165 5
166 11
167 6
168 2
169 4
170 5
171 3
172 4
173 5
174 4
175 7
176 7
177 2
178 5
179 2
180 5
181 4
182 5
183 3
184 4
185 5
186 1
187 1
188 2
189 2
190 1
191 3
192 1
193 2
194 0
195 2
196 1
197 3
198 2
199 1
200 1
201 2
202 1
203 1
204 1
205 5
206 0
207 1
208 0
209 1
210 2
211 2
212 1
213 3
214 3
215 0
216 3
217 1
218 2
219 1
220 3
221 4
222 4
223 5
224 4
225 6
226 3
227 1
228 1
229 1
230 3
231 0
232 1
233 2
234 1
235 3
236 3
237 0
238 4
239 1
240 0
241 3
242 1
243 0
244 3
245 0
246 1
247 3
248 0
249 1
250 0
251 0
252 1
253 1
254 0
255 1
256 2
257 0
258 1
259 0
260 0
261 0
262 0
263 0
264 1
265 0
266 0
267 1
268 0
269 0
270 0
271 0
272 0
273 0
274 0
275 0
276 0
277 0
278 0
279 0
280 0
281 0
282 0
283 0
284 0
285 0
286 0
287 0
288 0
289 0
290 0
291 0
292 0
293 0
294 0
295 0
296 0
297 0
298 0
299 0
300 0
301 0
302 0
303 0
304 0
305 0
306 0
307 0
308 0
309 0
310 0
311 0
312 0
313 0
314 0
315 0
316 0
317 0
318 0
319 0
320 0
321 0
322 0
323 0
324 0
325 0
326 0
327 0
328 0
329 0
330 0
331 0
332 0
333 0
334 0
335 0
336 0
337 0
338 0
339 0
340 0
341 0
342 0
343 0
344 0
345 0
346 0
347 0
348 0
349 0
350 0
351 0
352 0
353 0
354 0
355 0
356 0
357 0
358 0
359 0
360 0
361 0
362 0
363 0
364 0
365 0
366 0
367 0
368 0
369 0
370 0
371 0
372 0
