0 0
1 0
2 0
3 0
4 0
5 0
6 0
7 0
8 0
9 0
10 0
11 1
12 1
13 0
14 1
15 0
16 1
17 1
18 0
19 1
20 0
21 5
22 1
23 1
24 2
25 0
26 1
27 4
28 4
29 1
30 4
31 1
32 6
33 1
34 4
35 4
36 5
37 1
38 6
39 1
40 5
41 2
42 0
43 6
44 3
45 3
46 8
47 3
48 1
49 3
50 7
51 3
52 1
53 2
54 4
55 3
56 2
57 4
58 7
59 1
60 5
61 2
62 5
63 4
64 4
65 6
66 2
67 4
68 3
69 9
70 4
71 3
72 6
73 8
74 5
75 4
76 4
77 5
78 4
79 11
80 3
81 5
82 5
83 6
84 2
85 4
86 2
87 4
88 5
89 2
90 2
91 5
92 4
93 4
94 5
95 5
96 5
97 4
98 5
99 4
100 2
101 5
102 6
103 3
104 3
105 1
106 4
107 2
108 2
109 3
110 5
111 3
112 7
113 4
114 3
115 6
116 8
117 3
118 10
119 2
120 6
121 6
122 8
123 1
124 3
125 0
126 2
127 2
128 2
129 1
130 2
131 4
132 3
133 2
134 3
135 7
136 3
137 4
138 2
139 5
140 3
141 2
142 2
143 3
144 2
145 3
146 1
147 4
148 1
149 4
150 3
151 2
152 4
153 4
154 2
155 2
156 4
157 6
158 0
159 5
160 5
161 3
162 2
163 3
164 6
165 0
166 4
167 5
168 2
169 1
170 1
171 6
172 3
173 1
174 4
175 4
176 1
177 2
178 1
179 3
180 3
181 2
182 2
183 4
184 4
185 4
186 4
187 2
188 3
189 7
190 2
191 6
192 3
193 6
194 11
195 10
196 9
197 12
198 14
199 14
200 6
201 18
202 3
203 14
204 10
205 11
206 10
207 10
208 8
209 10
210 10
211 14
212 2
213 4
214 14
215 4
216 11
217 2
218 5
219 9
220 7
221 10
222 6
223 6
224 8
225 5
226 10
227 14
228 7
229 17
230 16
231 13
232 12
233 10
234 6
235 21
236 19
237 14
238 16
239 15
240 15
241 8
242 13
243 21
244 15
245 15
246 16
247 19
248 20
249 13
250 16
251 23
252 18
253 11
254 16
255 22
256 20
257 29
258 24
259 19
260 22
261 21
262 14
263 5
264 5
265 5
266 3
267 4
268 4
269 3
270 0
271 3
272 2
273 3
274 0
275 1
276 0
277 1
278 2
279 0
280 1
281 1
282 0
283 0
284 0
285 0
286 0
287 0
288 0
289 0
290 1
291 0
292 0
293 0
294 0
295 0
296 0
297 0
298 0
299 0
300 0
301 0
302 0
303 0
304 0
305 0
306 0
307 0
308 0
309 0
310 0
311 0
312 0
313 0
314 0
315 0
316 0
317 0
318 0
319 0
320 0
321 0
322 0
323 0
324 0
325 0
326 0
327 0
328 0
329 0
330 0
331 0
332 0
333 0
334 0
335 0
336 0
337 0
338 0
339 0
340 0
341 0
342 0
343 0
344 0
345 0
346 0
347 0
348 0
349 0
350 0
351 0
352 0
353 0
354 0
355 0
356 0
357 0
358 0
359 0
360 0
361 0
362 0
363 0
364 0
365 0
366 0
367 0
368 0
369 0
370 0
371 0
372 0
373 0
