0 0
1 0
2 0
3 0
4 0
5 0
6 0
7 0
8 0
9 0
10 0
11 0
12 0
13 1
14 1
15 1
16 0
17 0
18 1
19 1
20 1
21 0
22 3
23 1
24 1
25 1
26 0
27 1
28 2
29 0
30 1
31 3
32 1
33 0
34 1
35 3
36 3
37 3
38 2
39 1
40 0
41 2
42 4
43 4
44 5
45 2
46 11
47 7
48 7
49 5
50 6
51 6
52 5
53 5
54 5
55 11
56 5
57 6
58 3
59 5
60 5
61 10
62 10
63 10
64 17
65 16
66 17
67 26
68 22
69 13
70 14
71 34
72 25
73 42
74 38
75 43
76 39
77 24
78 21
79 25
80 23
81 23
82 31
83 29
84 28
85 19
86 24
87 30
88 30
89 36
90 26
91 30
92 30
93 31
94 38
95 35
96 22
97 39
98 25
99 16
100 14
101 14
102 14
103 19
104 26
105 30
106 22
107 21
108 21
109 30
110 17
111 16
112 7
113 12
114 14
115 13
116 7
117 13
118 8
119 9
120 9
121 11
122 9
123 17
124 7
125 8
126 9
127 6
128 7
129 12
130 5
131 10
132 7
133 10
134 6
135 7
136 12
137 10
138 9
139 13
140 7
141 9
142 13
143 7
144 4
145 4
146 5
147 9
148 6
149 6
150 11
151 4
152 11
153 5
154 10
155 9
156 9
157 12
158 14
159 10
160 5
161 3
162 4
163 5
164 1
165 1
166 2
167 1
168 0
169 1
170 1
171 2
172 3
173 0
174 2
175 0
176 2
177 2
178 3
179 1
180 1
181 0
182 0
183 0
184 1
185 1
186 0
187 0
188 0
189 0
190 0
191 0
192 2
193 0
194 0
195 0
196 0
197 0
198 1
199 0
200 0
201 0
202 0
203 0
204 0
205 1
206 1
207 0
208 0
209 0
210 1
211 0
212 1
213 0
214 0
215 0
216 0
217 0
218 0
219 0
220 0
221 0
222 0
223 0
224 0
225 0
226 0
227 0
228 0
229 0
230 0
231 0
232 0
233 0
234 0
235 0
236 0
237 0
238 0
239 0
240 0
241 0
242 0
243 0
244 0
245 0
246 0
247 0
248 0
249 0
250 0
251 0
252 0
253 0
254 0
255 0
256 0
257 0
258 0
259 0
260 0
261 0
262 0
263 0
264 0
265 0
266 0
267 0
268 0
269 0
270 0
271 0
272 0
273 0
274 0
275 0
276 0
277 0
278 0
279 0
280 0
281 0
282 0
283 0
284 0
285 0
286 0
287 0
288 0
289 0
290 0
291 0
292 0
293 0
294 0
295 0
296 0
297 0
298 0
299 0
300 0
301 0
302 0
303 0
304 0
305 0
306 0
307 0
308 0
309 0
310 0
311 0
312 0
313 0
314 0
315 0
316 0
317 0
318 0
319 0
320 0
321 0
322 0
323 0
324 0
325 0
326 0
327 0
