0 0
1 0
2 0
3 0
4 0
5 0
6 0
7 0
8 0
9 0
10 0
11 0
12 0
13 1
14 0
15 0
16 0
17 0
18 0
19 0
20 0
21 0
22 1
23 0
24 0
25 0
26 0
27 0
28 1
29 1
30 0
31 0
32 2
33 0
34 1
35 0
36 2
37 1
38 1
39 1
40 4
41 2
42 0
43 1
44 1
45 2
46 2
47 1
48 2
49 0
50 2
51 2
52 2
53 2
54 0
55 1
56 2
57 2
58 0
59 1
60 1
61 1
62 1
63 1
64 0
65 2
66 2
67 0
68 2
69 1
70 0
71 0
72 3
73 2
74 2
75 2
76 6
77 0
78 0
79 0
80 1
81 3
82 0
83 2
84 0
85 4
86 1
87 5
88 4
89 3
90 2
91 2
92 2
93 4
94 1
95 1
96 3
97 1
98 3
99 0
100 0
101 2
102 4
103 0
104 0
105 1
106 0
107 1
108 0
109 2
110 1
111 0
112 3
113 2
114 4
115 2
116 0
117 2
118 2
119 2
120 3
121 1
122 3
123 2
124 2
125 4
126 3
127 2
128 0
129 0
130 1
131 2
132 1
133 3
134 1
135 1
136 0
137 1
138 2
139 3
140 4
141 0
142 0
143 0
144 0
145 0
146 1
147 0
148 0
149 1
150 2
151 3
152 1
153 0
154 2
155 1
156 1
157 2
158 1
159 1
160 2
161 2
162 3
163 3
164 1
165 4
166 3
167 2
168 5
169 3
170 3
171 2
172 0
173 6
174 4
175 7
176 4
177 1
178 2
179 4
180 2
181 3
182 3
183 2
184 0
185 1
186 2
187 2
188 1
189 0
190 0
191 1
192 0
193 1
194 1
195 2
196 1
197 0
198 1
199 0
200 1
201 2
202 1
203 2
204 2
205 1
206 2
207 3
208 0
209 0
210 2
211 2
212 4
213 2
214 4
215 3
216 0
217 2
218 5
219 4
220 2
221 4
222 4
223 3
224 2
225 1
226 4
227 4
228 6
229 0
230 5
231 7
232 6
233 8
234 6
235 8
236 6
237 8
238 6
239 8
240 11
241 5
242 14
243 11
244 4
245 5
246 3
247 4
248 7
249 8
250 14
251 9
252 10
253 11
254 14
255 23
256 22
257 24
258 27
259 26
260 30
261 32
262 33
263 27
264 19
265 27
266 20
267 10
268 19
269 11
270 6
271 8
272 5
273 3
274 2
275 2
276 5
277 1
278 1
279 4
280 0
281 1
282 0
283 0
284 1
285 1
286 1
287 0
288 1
289 0
290 0
291 0
292 1
293 0
294 0
295 0
296 1
297 0
298 0
299 0
300 0
301 0
302 0
303 0
304 0
305 0
306 0
307 0
308 0
309 0
310 0
311 0
312 0
313 0
314 0
315 0
316 0
317 0
318 0
319 0
320 0
321 0
322 0
323 0
324 0
325 0
326 0
327 0
328 0
329 0
330 0
331 0
332 0
333 0
334 0
335 0
336 0
337 0
338 0
339 0
340 0
341 0
342 0
343 0
344 0
345 0
346 0
347 0
348 0
349 0
350 0
351 0
352 0
353 0
354 0
355 0
356 0
357 0
358 0
359 0
360 0
361 0
362 0
363 0
364 0
365 0
366 0
