0 0
1 0
2 1
3 0
4 0
5 0
6 0
7 0
8 1
9 0
10 0
11 1
12 0
13 0
14 0
15 0
16 0
17 0
18 1
19 0
20 1
21 0
22 0
23 2
24 1
25 0
26 0
27 2
28 5
29 1
30 2
31 1
32 5
33 5
34 0
35 3
36 1
37 5
38 1
39 5
40 6
41 5
42 4
43 2
44 4
45 2
46 6
47 8
48 4
49 4
50 6
51 3
52 6
53 8
54 5
55 7
56 3
57 9
58 2
59 5
60 2
61 3
62 4
63 5
64 8
65 4
66 8
67 6
68 8
69 7
70 5
71 9
72 9
73 1
74 3
75 5
76 3
77 3
78 3
79 2
80 0
81 0
82 1
83 1
84 6
85 3
86 2
87 0
88 0
89 3
90 5
91 2
92 4
93 3
94 9
95 5
96 4
97 7
98 7
99 4
100 4
101 3
102 7
103 3
104 1
105 1
106 3
107 3
108 1
109 2
110 3
111 3
112 2
113 5
114 1
115 2
116 3
117 2
118 3
119 2
120 3
121 2
122 2
123 1
124 4
125 3
126 5
127 3
128 1
129 2
130 1
131 1
132 2
133 2
134 0
135 2
136 3
137 0
138 1
139 1
140 0
141 2
142 0
143 2
144 1
145 0
146 0
147 1
148 1
149 0
150 2
151 0
152 0
153 1
154 0
155 1
156 0
157 1
158 0
159 1
160 1
161 1
162 0
163 2
164 1
165 3
166 0
167 3
168 1
169 1
170 0
171 1
172 1
173 1
174 0
175 1
176 0
177 0
178 1
179 1
180 1
181 2
182 0
183 0
184 1
185 0
186 0
187 0
188 2
189 1
190 1
191 2
192 2
193 0
194 1
195 2
196 1
197 0
198 2
199 1
200 1
201 0
202 0
203 1
204 0
205 1
206 0
207 0
208 1
209 0
210 0
211 0
212 0
213 0
214 0
215 0
216 0
217 0
218 0
219 0
220 1
221 1
222 1
223 0
224 0
225 0
226 1
227 0
228 0
229 0
230 0
231 0
232 0
233 0
234 0
235 1
236 0
237 0
238 0
239 1
240 0
241 1
242 2
243 0
244 3
245 5
246 3
247 3
248 5
249 5
250 6
251 3
252 2
253 5
254 5
255 3
256 3
257 0
258 4
259 0
260 2
261 1
262 9
263 8
264 5
265 3
266 5
267 4
268 5
269 5
270 9
271 10
272 4
273 4
274 6
275 6
276 7
277 3
278 11
279 6
280 7
281 9
282 9
283 10
284 7
285 8
286 11
287 7
288 10
289 4
290 4
291 6
292 7
293 10
294 7
295 9
296 7
297 8
298 9
299 10
300 5
301 9
302 6
303 9
304 9
305 4
306 10
307 5
308 6
309 7
310 9
311 7
312 10
313 9
314 11
315 11
316 7
317 8
318 7
319 7
320 3
321 7
322 2
323 0
324 0
325 1
326 1
327 0
328 0
329 1
330 0
331 0
332 0
333 0
334 0
335 0
336 0
337 0
338 0
339 0
340 0
341 0
342 0
343 0
344 0
345 0
346 0
347 0
348 0
349 0
350 0
351 0
352 0
353 0
354 0
355 0
356 0
357 0
358 0
359 0
360 0
361 0
362 0
363 0
364 0
365 0
366 0
367 0
368 0
369 0
370 0
371 0
372 0
373 0
374 0
375 0
376 0
377 0
378 0
379 0
380 0
381 0
382 0
383 0
