0 0
1 0
2 0
3 0
4 0
5 0
6 0
7 0
8 1
9 0
10 0
11 0
12 2
13 3
14 0
15 2
16 1
17 3
18 0
19 0
20 1
21 1
22 1
23 0
24 0
25 4
26 1
27 0
28 3
29 1
30 4
31 2
32 5
33 5
34 8
35 1
36 3
37 12
38 4
39 3
40 3
41 3
42 2
43 4
44 1
45 4
46 5
47 5
48 4
49 7
50 7
51 13
52 7
53 7
54 8
55 9
56 2
57 11
58 2
59 5
60 9
61 7
62 4
63 7
64 3
65 5
66 6
67 4
68 5
69 5
70 2
71 8
72 6
73 5
74 3
75 5
76 2
77 2
78 3
79 4
80 7
81 7
82 3
83 3
84 6
85 3
86 4
87 10
88 6
89 6
90 4
91 3
92 3
93 3
94 7
95 0
96 2
97 1
98 4
99 2
100 4
101 2
102 2
103 2
104 1
105 2
106 1
107 0
108 2
109 3
110 4
111 2
112 1
113 3
114 1
115 0
116 3
117 5
118 4
119 4
120 0
121 1
122 1
123 1
124 2
125 1
126 1
127 2
128 0
129 0
130 1
131 1
132 2
133 1
134 2
135 0
136 1
137 1
138 1
139 2
140 4
141 2
142 1
143 2
144 2
145 3
146 4
147 3
148 0
149 0
150 0
151 3
152 1
153 1
154 3
155 6
156 0
157 1
158 0
159 3
160 0
161 1
162 1
163 0
164 1
165 0
166 2
167 2
168 1
169 1
170 3
171 1
172 1
173 2
174 1
175 1
176 4
177 1
178 3
179 1
180 1
181 0
182 1
183 4
184 0
185 1
186 0
187 0
188 1
189 2
190 3
191 8
192 4
193 3
194 1
195 1
196 2
197 0
198 1
199 3
200 1
201 1
202 4
203 0
204 1
205 0
206 2
207 2
208 0
209 2
210 2
211 2
212 4
213 0
214 1
215 2
216 0
217 1
218 4
219 1
220 1
221 1
222 0
223 0
224 0
225 0
226 1
227 0
228 0
229 0
230 0
231 0
232 0
233 0
234 0
235 0
236 0
237 0
238 0
239 0
240 0
241 0
242 0
243 0
244 0
245 0
246 0
247 0
248 0
249 0
250 0
251 0
252 0
253 0
254 0
255 0
256 0
257 0
258 0
259 0
260 0
261 0
262 0
263 0
264 0
265 0
266 0
267 0
268 0
269 0
270 0
271 0
272 0
273 0
274 0
275 0
276 0
277 0
278 0
279 0
280 0
281 0
282 0
283 0
284 0
285 0
286 0
287 0
288 0
289 0
290 0
291 0
292 0
293 0
294 0
295 0
296 0
297 0
298 0
299 0
300 0
301 0
302 0
303 0
304 0
305 0
306 0
307 0
308 0
309 0
310 0
311 0
312 0
313 0
314 0
315 0
316 0
317 0
318 0
319 0
320 0
321 0
322 0
323 0
324 0
325 0
326 0
327 0
328 0
329 0
330 0
331 0
332 0
333 0
334 0
335 0
336 0
337 0
338 0
339 0
340 0
341 0
342 0
343 0
344 0
345 0
346 0
347 0
348 0
349 0
