0 0
1 0
2 0
3 0
4 0
5 0
6 0
7 0
8 0
9 0
10 0
11 0
12 0
13 0
14 0
15 0
16 0
17 0
18 0
19 0
20 0
21 0
22 0
23 0
24 0
25 0
26 0
27 0
28 0
29 0
30 0
31 0
32 0
33 0
34 1
35 0
36 0
37 0
38 1
39 0
40 0
41 1
42 2
43 2
44 0
45 2
46 3
47 1
48 0
49 2
50 3
51 3
52 5
53 5
54 0
55 8
56 2
57 5
58 5
59 7
60 4
61 3
62 14
63 4
64 2
65 4
66 2
67 7
68 6
69 5
70 4
71 1
72 12
73 4
74 5
75 4
76 3
77 3
78 5
79 7
80 3
81 2
82 6
83 0
84 2
85 4
86 5
87 7
88 2
89 4
90 3
91 4
92 6
93 4
94 3
95 3
96 5
97 6
98 1
99 3
100 2
101 5
102 3
103 4
104 0
105 5
106 5
107 3
108 7
109 6
110 4
111 8
112 5
113 5
114 5
115 4
116 3
117 6
118 1
119 1
120 3
121 4
122 5
123 8
124 4
125 1
126 6
127 4
128 5
129 4
130 5
131 8
132 4
133 5
134 8
135 5
136 7
137 3
138 1
139 6
140 4
141 4
142 3
143 5
144 2
145 10
146 5
147 3
148 3
149 1
150 3
151 1
152 2
153 4
154 4
155 5
156 2
157 5
158 0
159 6
160 5
161 3
162 6
163 3
164 2
165 7
166 3
167 6
168 4
169 4
170 7
171 3
172 4
173 5
174 4
175 2
176 3
177 10
178 5
179 4
180 4
181 9
182 3
183 3
184 1
185 1
186 7
187 5
188 4
189 2
190 2
191 5
192 6
193 3
194 1
195 2
196 3
197 2
198 2
199 3
200 2
201 5
202 5
203 3
204 3
205 7
206 2
207 8
208 9
209 5
210 7
211 6
212 4
213 2
214 4
215 6
216 5
217 5
218 5
219 4
220 8
221 1
222 6
223 2
224 0
225 4
226 3
227 3
228 1
229 2
230 0
231 8
232 3
233 3
234 4
235 1
236 2
237 1
238 4
239 6
240 9
241 6
242 7
243 6
244 7
245 2
246 3
247 2
248 3
249 5
250 4
251 3
252 7
253 7
254 5
255 5
256 11
257 17
258 10
259 14
260 20
261 8
262 14
263 11
264 18
265 17
266 13
267 15
268 6
269 9
270 8
271 7
272 2
273 3
274 4
275 3
276 1
277 2
278 0
279 1
280 0
281 0
282 2
283 0
284 1
285 0
286 0
287 0
288 1
289 0
290 0
291 0
292 0
293 0
294 0
295 0
296 0
297 0
298 0
299 0
300 0
301 0
302 0
303 0
304 0
305 0
306 0
307 0
308 0
309 0
310 0
311 0
312 0
313 0
314 0
315 0
316 0
317 0
318 0
319 0
320 0
321 0
322 0
323 0
324 0
325 0
326 0
327 0
328 0
329 0
330 0
331 0
332 0
333 0
334 0
335 0
336 0
337 0
338 0
339 0
340 0
341 0
342 0
343 0
344 0
345 0
346 0
347 0
348 0
349 0
350 0
351 0
352 0
353 0
354 0
355 0
356 0
357 0
358 0
359 0
360 0
361 0
362 0
363 0
364 0
365 0
366 0
367 0
368 0
369 0
370 0
371 0
372 0
373 0
374 0
375 0
376 0
377 0
378 0
379 0
380 0
381 0
382 0
