0 0
1 0
2 0
3 0
4 0
5 0
6 0
7 0
8 0
9 0
10 0
11 0
12 0
13 0
14 0
15 0
16 0
17 0
18 0
19 1
20 0
21 1
22 1
23 2
24 1
25 1
26 1
27 0
28 1
29 1
30 2
31 0
32 1
33 0
34 0
35 1
36 0
37 0
38 2
39 3
40 1
41 0
42 0
43 0
44 0
45 1
46 1
47 1
48 0
49 0
50 4
51 1
52 2
53 2
54 0
55 3
56 3
57 0
58 0
59 4
60 3
61 2
62 1
63 0
64 3
65 1
66 2
67 0
68 1
69 0
70 1
71 2
72 1
73 2
74 2
75 2
76 2
77 1
78 0
79 0
80 1
81 4
82 1
83 2
84 1
85 1
86 1
87 1
88 2
89 3
90 1
91 2
92 3
93 2
94 0
95 1
96 1
97 0
98 1
99 2
100 1
101 0
102 1
103 1
104 1
105 0
106 1
107 1
108 3
109 1
110 1
111 0
112 1
113 2
114 4
115 0
116 1
117 1
118 0
119 0
120 1
121 2
122 2
123 2
124 2
125 0
126 2
127 1
128 1
129 0
130 1
131 0
132 1
133 1
134 1
135 0
136 0
137 2
138 1
139 1
140 0
141 2
142 0
143 1
144 4
145 0
146 0
147 3
148 2
149 3
150 0
151 1
152 0
153 0
154 0
155 1
156 1
157 2
158 2
159 2
160 1
161 1
162 0
163 0
164 0
165 3
166 0
167 0
168 1
169 3
170 1
171 1
172 5
173 2
174 1
175 1
176 1
177 1
178 1
179 2
180 2
181 0
182 0
183 1
184 3
185 0
186 0
187 4
188 2
189 2
190 2
191 2
192 3
193 3
194 4
195 3
196 4
197 0
198 5
199 5
200 4
201 3
202 0
203 0
204 3
205 2
206 2
207 1
208 2
209 2
210 4
211 2
212 0
213 2
214 0
215 1
216 0
217 4
218 0
219 0
220 3
221 1
222 1
223 1
224 0
225 0
226 0
227 0
228 0
229 0
230 0
231 1
232 0
233 0
234 0
235 0
236 0
237 0
238 0
239 0
240 1
241 0
242 1
243 0
244 0
245 1
246 0
247 0
248 0
249 0
250 0
251 0
252 0
253 0
254 0
255 0
256 0
257 0
258 0
259 0
260 0
261 0
262 0
263 0
264 0
265 0
266 0
267 0
268 0
269 0
270 0
271 0
272 0
273 0
274 0
275 0
276 0
277 0
278 0
279 0
280 0
281 0
282 0
283 0
284 0
285 0
286 0
287 0
288 0
289 0
290 0
291 0
292 0
293 0
294 0
295 0
296 0
297 0
298 0
299 0
300 0
301 0
302 0
303 0
304 0
305 0
306 0
307 0
308 0
309 0
310 0
311 0
312 0
313 0
314 0
315 0
316 0
317 0
318 0
319 0
320 0
321 0
322 0
323 0
324 0
325 0
326 0
327 0
328 0
329 0
330 0
331 0
332 0
333 0
334 0
335 0
336 0
337 0
338 0
339 0
340 0
341 0
342 0
343 0
344 0
345 0
346 0
347 0
348 0
349 0
350 0
351 0
352 0
353 0
354 0
355 0
356 0
357 0
358 0
359 0
360 0
