0 0
1 0
2 0
3 0
4 0
5 0
6 0
7 0
8 0
9 0
10 0
11 0
12 0
13 0
14 0
15 1
16 0
17 0
18 0
19 0
20 0
21 0
22 0
23 0
24 0
25 0
26 0
27 0
28 0
29 0
30 0
31 0
32 1
33 3
34 0
35 0
36 5
37 1
38 0
39 0
40 1
41 3
42 1
43 1
44 1
45 1
46 0
47 0
48 0
49 0
50 0
51 0
52 0
53 0
54 1
55 0
56 0
57 0
58 1
59 0
60 0
61 0
62 0
63 1
64 1
65 0
66 2
67 1
68 1
69 1
70 0
71 3
72 0
73 3
74 2
75 1
76 0
77 1
78 0
79 0
80 2
81 1
82 2
83 1
84 0
85 0
86 0
87 0
88 0
89 0
90 0
91 0
92 2
93 1
94 0
95 1
96 4
97 1
98 0
99 4
100 3
101 2
102 2
103 0
104 0
105 1
106 1
107 2
108 2
109 3
110 3
111 4
112 2
113 1
114 1
115 1
116 4
117 6
118 5
119 4
120 5
121 5
122 0
123 2
124 0
125 0
126 2
127 1
128 3
129 2
130 0
131 0
132 1
133 1
134 1
135 2
136 2
137 2
138 1
139 3
140 2
141 1
142 2
143 0
144 0
145 1
146 1
147 4
148 1
149 0
150 1
151 1
152 0
153 1
154 1
155 0
156 1
157 1
158 0
159 4
160 0
161 0
162 0
163 2
164 0
165 0
166 0
167 0
168 1
169 0
170 0
171 0
172 0
173 1
174 0
175 0
176 0
177 1
178 0
179 0
180 0
181 0
182 0
183 1
184 0
185 0
186 1
187 0
188 0
189 1
190 0
191 1
192 1
193 1
194 1
195 0
196 0
197 1
198 1
199 0
200 0
201 2
202 0
203 0
204 2
205 0
206 2
207 3
208 2
209 0
210 2
211 0
212 1
213 2
214 3
215 2
216 4
217 4
218 5
219 4
220 3
221 5
222 6
223 8
224 5
225 7
226 3
227 1
228 1
229 7
230 4
231 1
232 1
233 5
234 7
235 7
236 5
237 2
238 3
239 7
240 5
241 7
242 8
243 5
244 9
245 5
246 7
247 9
248 7
249 10
250 13
251 8
252 7
253 9
254 8
255 6
256 10
257 12
258 13
259 9
260 9
261 19
262 7
263 11
264 11
265 19
266 16
267 10
268 18
269 16
270 27
271 7
272 17
273 16
274 22
275 21
276 13
277 16
278 14
279 9
280 16
281 8
282 7
283 5
284 8
285 3
286 3
287 0
288 0
289 0
290 1
291 0
292 0
293 0
294 0
295 0
296 0
297 0
298 0
299 0
300 0
301 0
302 0
303 0
304 0
305 0
306 0
307 0
308 0
309 0
310 0
311 0
312 0
313 0
314 0
315 0
316 0
317 0
318 0
319 0
320 0
321 0
322 0
323 0
324 0
325 0
326 0
327 0
328 0
329 0
330 0
331 0
332 0
333 0
334 0
335 0
336 0
337 0
338 0
339 0
340 0
341 0
342 0
343 0
344 0
345 0
346 0
347 0
348 0
349 0
350 0
351 0
352 0
353 0
354 0
355 0
