0 0
1 0
2 0
3 1
4 0
5 0
6 0
7 0
8 0
9 0
10 0
11 0
12 0
13 0
14 0
15 0
16 0
17 0
18 1
19 0
20 0
21 0
22 0
23 1
24 0
25 0
26 1
27 0
28 0
29 0
30 0
31 0
32 1
33 1
34 0
35 1
36 0
37 3
38 2
39 2
40 2
41 2
42 1
43 2
44 0
45 4
46 2
47 3
48 4
49 2
50 0
51 0
52 4
53 1
54 1
55 3
56 1
57 2
58 1
59 0
60 1
61 2
62 0
63 1
64 2
65 2
66 3
67 0
68 0
69 1
70 2
71 2
72 1
73 3
74 2
75 0
76 3
77 0
78 3
79 2
80 2
81 3
82 2
83 0
84 3
85 1
86 2
87 1
88 0
89 2
90 0
91 2
92 3
93 3
94 1
95 0
96 1
97 1
98 0
99 2
100 3
101 4
102 0
103 1
104 5
105 5
106 1
107 4
108 5
109 0
110 2
111 3
112 1
113 6
114 2
115 3
116 3
117 4
118 4
119 2
120 2
121 2
122 2
123 1
124 1
125 4
126 1
127 1
128 5
129 1
130 2
131 4
132 0
133 2
134 1
135 1
136 3
137 0
138 3
139 3
140 7
141 0
142 6
143 5
144 6
145 2
146 7
147 3
148 5
149 5
150 10
151 4
152 1
153 3
154 2
155 2
156 4
157 2
158 2
159 4
160 4
161 7
162 6
163 2
164 6
165 5
166 5
167 6
168 4
169 3
170 3
171 4
172 6
173 10
174 8
175 5
176 3
177 2
178 10
179 7
180 8
181 3
182 2
183 2
184 5
185 2
186 5
187 5
188 4
189 2
190 4
191 3
192 3
193 9
194 6
195 7
196 7
197 5
198 8
199 3
200 5
201 8
202 5
203 3
204 4
205 6
206 8
207 8
208 8
209 3
210 5
211 3
212 1
213 5
214 6
215 4
216 11
217 4
218 8
219 5
220 8
221 3
222 6
223 5
224 3
225 7
226 1
227 7
228 6
229 2
230 5
231 4
232 4
233 4
234 0
235 4
236 2
237 1
238 2
239 2
240 1
241 2
242 1
243 2
244 0
245 3
246 3
247 1
248 1
249 1
250 3
251 2
252 1
253 0
254 1
255 1
256 2
257 0
258 3
259 1
260 0
261 1
262 2
263 0
264 1
265 0
266 1
267 1
268 0
269 0
270 0
271 0
272 0
273 3
274 1
275 0
276 0
277 0
278 0
279 0
280 0
281 0
282 0
283 0
284 0
285 0
286 0
287 0
288 0
289 0
290 0
291 0
292 0
293 0
294 0
295 0
296 0
297 0
298 0
299 0
300 0
301 0
302 0
303 0
304 0
305 0
306 0
307 0
308 0
309 0
310 0
311 0
312 0
313 0
314 0
315 0
316 0
317 0
318 0
319 0
320 0
321 0
322 0
323 0
324 0
325 0
326 0
327 0
328 0
329 0
330 0
331 0
332 0
333 0
334 0
335 0
336 0
337 0
338 0
339 0
340 0
341 0
342 0
343 0
344 0
345 0
346 0
347 0
348 0
349 0
350 0
351 0
352 0
353 0
354 0
355 0
356 0
357 0
358 0
359 0
