0 0
1 0
2 0
3 0
4 0
5 0
6 0
7 0
8 0
9 0
10 0
11 0
12 0
13 0
14 0
15 0
16 0
17 0
18 0
19 0
20 0
21 0
22 0
23 0
24 0
25 0
26 0
27 0
28 0
29 0
30 2
31 1
32 1
33 1
34 0
35 0
36 2
37 2
38 0
39 0
40 1
41 1
42 0
43 0
44 0
45 0
46 0
47 0
48 0
49 0
50 0
51 0
52 0
53 0
54 0
55 0
56 0
57 0
58 0
59 1
60 0
61 0
62 1
63 0
64 0
65 0
66 0
67 1
68 0
69 0
70 0
71 0
72 0
73 1
74 0
75 0
76 0
77 0
78 0
79 0
80 2
81 0
82 1
83 2
84 2
85 1
86 2
87 2
88 1
89 0
90 1
91 0
92 0
93 1
94 3
95 0
96 0
97 0
98 0
99 1
100 0
101 2
102 0
103 1
104 3
105 2
106 6
107 3
108 2
109 0
110 1
111 5
112 6
113 3
114 4
115 1
116 5
117 7
118 5
119 1
120 3
121 5
122 6
123 4
124 3
125 2
126 4
127 3
128 3
129 3
130 1
131 4
132 1
133 1
134 1
135 3
136 1
137 1
138 3
139 4
140 0
141 2
142 3
143 3
144 0
145 0
146 1
147 1
148 2
149 0
150 0
151 2
152 0
153 2
154 3
155 0
156 1
157 0
158 1
159 1
160 3
161 0
162 3
163 2
164 1
165 0
166 1
167 1
168 0
169 0
170 0
171 0
172 0
173 0
174 1
175 0
176 1
177 0
178 0
179 0
180 0
181 0
182 0
183 1
184 1
185 0
186 0
187 0
188 0
189 0
190 0
191 0
192 0
193 0
194 0
195 0
196 0
197 1
198 0
199 0
200 0
201 0
202 0
203 0
204 0
205 0
206 0
207 0
208 0
209 0
210 0
211 0
212 0
213 0
214 0
215 0
216 0
217 0
218 0
219 0
220 0
221 0
222 0
223 0
224 0
225 0
226 0
227 0
228 0
229 0
230 0
231 0
232 0
233 0
234 0
235 0
236 0
237 0
238 0
239 0
240 0
241 0
242 0
243 0
244 0
245 0
246 0
247 0
248 0
249 0
250 0
251 0
252 0
253 0
254 0
255 0
256 0
257 0
258 0
259 0
260 0
261 0
262 0
263 0
264 0
265 0
266 0
267 0
268 0
269 0
270 0
271 0
272 0
273 0
274 0
275 0
276 0
277 0
278 0
279 0
280 0
281 0
282 0
283 0
284 0
285 0
286 0
287 0
288 0
289 0
290 0
291 0
292 0
293 0
294 0
295 0
296 0
297 0
298 0
299 0
300 0
301 0
302 0
303 0
304 0
305 0
306 0
307 0
308 0
309 0
310 0
311 0
312 0
313 0
314 0
315 0
316 0
317 0
318 0
319 0
320 0
321 0
322 0
323 0
324 0
325 0
326 0
327 0
328 0
329 0
