0 0
1 0
2 0
3 0
4 0
5 0
6 0
7 0
8 0
9 0
10 0
11 0
12 0
13 0
14 0
15 0
16 1
17 2
18 0
19 1
20 1
21 1
22 2
23 2
24 2
25 2
26 0
27 1
28 1
29 1
30 2
31 2
32 2
33 0
34 4
35 5
36 1
37 2
38 3
39 5
40 3
41 0
42 3
43 2
44 3
45 1
46 1
47 2
48 2
49 1
50 2
51 6
52 5
53 3
54 3
55 2
56 4
57 4
58 7
59 7
60 1
61 2
62 9
63 9
64 6
65 4
66 3
67 2
68 2
69 3
70 4
71 1
72 4
73 1
74 1
75 2
76 2
77 2
78 4
79 1
80 2
81 2
82 0
83 1
84 2
85 0
86 1
87 2
88 3
89 3
90 7
91 6
92 5
93 6
94 3
95 6
96 5
97 5
98 7
99 5
100 8
101 4
102 4
103 3
104 2
105 2
106 5
107 2
108 1
109 1
110 0
111 0
112 0
113 0
114 0
115 0
116 0
117 2
118 0
119 1
120 1
121 0
122 0
123 1
124 0
125 2
126 0
127 0
128 1
129 2
130 0
131 1
132 1
133 1
134 0
135 2
136 0
137 3
138 0
139 1
140 3
141 2
142 1
143 4
144 1
145 0
146 2
147 3
148 1
149 2
150 1
151 3
152 2
153 2
154 0
155 0
156 1
157 0
158 0
159 0
160 0
161 2
162 2
163 0
164 1
165 0
166 1
167 1
168 2
169 1
170 1
171 0
172 1
173 1
174 0
175 0
176 0
177 1
178 0
179 1
180 1
181 1
182 0
183 0
184 3
185 0
186 2
187 2
188 0
189 0
190 0
191 0
192 1
193 0
194 0
195 1
196 1
197 0
198 0
199 1
200 0
201 0
202 0
203 1
204 1
205 3
206 2
207 4
208 4
209 1
210 2
211 5
212 0
213 3
214 0
215 0
216 0
217 0
218 0
219 0
220 0
221 0
222 0
223 1
224 0
225 1
226 0
227 2
228 1
229 1
230 2
231 0
232 0
233 0
234 1
235 2
236 1
237 0
238 0
239 0
240 0
241 0
242 0
243 0
244 0
245 0
246 0
247 0
248 0
249 0
250 0
251 0
252 0
253 0
254 0
255 0
256 0
257 0
258 0
259 0
260 0
261 0
262 0
263 0
264 0
265 0
266 0
267 0
268 0
269 0
270 0
271 0
272 0
273 0
274 0
275 0
276 0
277 0
278 0
279 0
280 0
281 0
282 0
283 0
284 0
285 0
286 0
287 0
288 0
289 0
290 0
291 0
292 0
293 0
294 0
295 0
296 0
297 0
298 0
299 0
300 0
301 0
302 0
303 0
304 0
305 0
306 0
307 0
308 0
309 0
310 0
311 0
312 0
313 0
314 0
315 0
316 0
317 0
318 0
319 0
320 0
321 0
322 0
323 0
324 0
325 0
326 0
327 0
328 0
329 0
330 0
331 0
332 0
333 0
334 0
335 0
