0 0
1 0
2 0
3 0
4 0
5 0
6 0
7 0
8 0
9 0
10 5
11 1
12 3
13 7
14 6
15 9
16 4
17 8
18 8
19 4
20 6
21 3
22 2
23 4
24 7
25 4
26 2
27 7
28 3
29 8
30 4
31 4
32 12
33 9
34 6
35 15
36 9
37 3
38 9
39 13
40 13
41 13
42 6
43 8
44 5
45 7
46 3
47 0
48 0
49 0
50 2
51 3
52 5
53 3
54 5
55 6
56 9
57 7
58 15
59 7
60 5
61 13
62 13
63 12
64 6
65 5
66 8
67 6
68 10
69 6
70 4
71 4
72 5
73 4
74 0
75 4
76 0
77 2
78 1
79 0
80 1
81 3
82 3
83 1
84 1
85 1
86 3
87 4
88 5
89 3
90 8
91 5
92 6
93 4
94 8
95 8
96 7
97 5
98 2
99 6
100 4
101 2
102 5
103 3
104 5
105 2
106 4
107 4
108 1
109 3
110 4
111 1
112 1
113 1
114 3
115 1
116 1
117 2
118 4
119 3
120 4
121 1
122 3
123 2
124 1
125 1
126 3
127 5
128 6
129 2
130 4
131 6
132 2
133 2
134 4
135 6
136 1
137 2
138 8
139 10
140 8
141 16
142 5
143 3
144 10
145 4
146 4
147 6
148 10
149 5
150 5
151 7
152 4
153 1
154 4
155 8
156 6
157 9
158 4
159 4
160 3
161 7
162 8
163 5
164 7
165 4
166 4
167 8
168 7
169 8
170 4
171 8
172 3
173 3
174 0
175 4
176 8
177 3
178 5
179 6
180 5
181 3
182 4
183 11
184 10
185 8
186 6
187 3
188 8
189 11
190 13
191 9
192 9
193 4
194 5
195 11
196 4
197 6
198 7
199 10
200 11
201 9
202 11
203 14
204 7
205 14
206 12
207 9
208 21
209 10
210 21
211 16
212 21
213 18
214 13
215 13
216 7
217 6
218 9
219 15
220 9
221 14
222 10
223 6
224 7
225 13
226 13
227 4
228 7
229 2
230 11
231 5
232 6
233 4
234 5
235 6
236 4
237 1
238 4
239 1
240 1
241 0
242 4
243 1
244 1
245 2
246 1
247 1
248 0
249 0
250 1
251 1
252 0
253 0
254 0
255 0
256 0
257 0
258 0
259 0
260 0
261 0
262 0
263 0
264 0
265 0
266 0
267 0
268 0
269 0
270 0
271 0
272 0
273 0
274 0
275 0
276 0
277 0
278 0
279 0
280 0
281 0
282 0
283 0
284 0
285 0
286 0
287 0
288 0
289 0
290 0
291 0
292 0
293 0
294 0
295 0
296 0
297 0
298 0
299 0
300 0
301 0
302 0
303 0
304 0
305 0
306 0
307 0
308 0
309 0
310 0
311 0
312 0
313 0
314 0
315 0
316 0
317 0
318 0
319 0
320 0
321 0
322 0
323 0
324 0
325 0
326 0
327 0
328 0
329 0
330 0
331 0
332 0
333 0
334 0
335 0
336 0
337 0
338 0
339 0
340 0
341 0
342 0
343 0
344 0
345 0
346 0
347 0
348 0
349 0
350 0
351 0
352 0
353 0
354 0
355 0
