0 0
1 0
2 0
3 0
4 0
5 0
6 0
7 0
8 0
9 0
10 0
11 0
12 0
13 0
14 0
15 0
16 0
17 0
18 0
19 0
20 0
21 0
22 0
23 0
24 0
25 0
26 0
27 0
28 0
29 0
30 0
31 0
32 0
33 0
34 0
35 0
36 0
37 0
38 0
39 0
40 0
41 0
42 0
43 0
44 0
45 1
46 0
47 0
48 0
49 1
50 0
51 0
52 0
53 0
54 2
55 1
56 3
57 3
58 2
59 3
60 4
61 5
62 3
63 1
64 5
65 4
66 2
67 5
68 7
69 3
70 4
71 3
72 4
73 5
74 2
75 3
76 10
77 4
78 4
79 8
80 5
81 10
82 2
83 5
84 8
85 5
86 4
87 6
88 5
89 9
90 6
91 6
92 4
93 7
94 1
95 1
96 7
97 4
98 5
99 3
100 1
101 1
102 3
103 5
104 6
105 3
106 1
107 1
108 3
109 5
110 8
111 4
112 2
113 2
114 4
115 4
116 5
117 4
118 3
119 2
120 3
121 2
122 2
123 0
124 2
125 5
126 7
127 2
128 2
129 4
130 3
131 2
132 4
133 3
134 7
135 6
136 4
137 5
138 2
139 3
140 1
141 3
142 4
143 1
144 1
145 3
146 3
147 3
148 1
149 6
150 4
151 4
152 2
153 1
154 0
155 6
156 4
157 1
158 5
159 0
160 3
161 1
162 2
163 2
164 1
165 2
166 1
167 1
168 3
169 2
170 2
171 2
172 3
173 2
174 1
175 1
176 3
177 1
178 1
179 0
180 1
181 2
182 1
183 1
184 2
185 3
186 2
187 0
188 2
189 0
190 1
191 0
192 1
193 1
194 0
195 0
196 0
197 1
198 0
199 2
200 1
201 0
202 1
203 0
204 0
205 1
206 1
207 0
208 0
209 1
210 1
211 0
212 0
213 0
214 0
215 0
216 2
217 0
218 2
219 1
220 1
221 0
222 0
223 0
224 0
225 0
226 0
227 0
228 0
229 0
230 0
231 1
232 0
233 0
234 0
235 0
236 0
237 0
238 0
239 0
240 0
241 1
242 0
243 0
244 0
245 0
246 0
247 2
248 0
249 0
250 0
251 0
252 0
253 0
254 0
255 0
256 1
257 0
258 0
259 0
260 0
261 0
262 1
263 1
264 0
265 1
266 0
267 0
268 0
269 0
270 2
271 2
272 1
273 2
274 0
275 2
276 1
277 0
278 4
279 0
280 1
281 1
282 0
283 1
284 1
285 1
286 0
287 1
288 0
289 1
290 0
291 2
292 0
293 0
294 0
295 2
296 0
297 0
298 0
299 0
300 0
301 0
302 1
303 0
304 0
305 0
306 0
307 0
308 0
309 0
310 0
311 0
312 0
313 0
314 0
315 0
316 0
317 0
318 0
319 0
320 0
321 0
322 0
323 0
324 0
325 0
326 0
327 0
328 0
329 0
330 0
331 0
332 0
333 0
334 0
335 0
336 0
337 0
338 0
339 0
340 0
341 0
342 0
