0 0
1 0
2 0
3 0
4 0
5 0
6 0
7 0
8 0
9 0
10 0
11 0
12 0
13 0
14 1
15 1
16 0
17 1
18 1
19 1
20 2
21 3
22 1
23 0
24 2
25 3
26 2
27 7
28 3
29 4
30 6
31 1
32 3
33 2
34 2
35 1
36 4
37 4
38 9
39 6
40 4
41 1
42 6
43 8
44 9
45 6
46 2
47 5
48 2
49 2
50 3
51 1
52 4
53 2
54 4
55 5
56 5
57 2
58 2
59 2
60 3
61 4
62 4
63 1
64 2
65 6
66 4
67 5
68 6
69 4
70 1
71 2
72 2
73 2
74 1
75 3
76 2
77 5
78 7
79 5
80 6
81 3
82 4
83 4
84 1
85 4
86 3
87 1
88 1
89 7
90 4
91 4
92 2
93 2
94 8
95 4
96 4
97 4
98 4
99 5
100 8
101 3
102 5
103 5
104 2
105 4
106 8
107 8
108 4
109 10
110 4
111 5
112 5
113 9
114 8
115 4
116 7
117 5
118 1
119 2
120 4
121 7
122 4
123 7
124 6
125 6
126 9
127 3
128 4
129 6
130 3
131 4
132 2
133 4
134 4
135 1
136 4
137 4
138 4
139 1
140 6
141 6
142 0
143 6
144 7
145 9
146 4
147 4
148 5
149 3
150 4
151 5
152 4
153 6
154 4
155 8
156 4
157 2
158 4
159 5
160 3
161 1
162 2
163 3
164 0
165 2
166 0
167 2
168 2
169 5
170 2
171 3
172 1
173 0
174 1
175 2
176 1
177 1
178 0
179 2
180 4
181 3
182 2
183 4
184 0
185 2
186 3
187 4
188 4
189 2
190 3
191 2
192 1
193 1
194 0
195 2
196 4
197 2
198 0
199 2
200 3
201 2
202 0
203 2
204 1
205 0
206 0
207 0
208 1
209 0
210 0
211 0
212 0
213 0
214 0
215 0
216 0
217 0
218 0
219 0
220 0
221 0
222 0
223 0
224 0
225 0
226 0
227 0
228 0
229 0
230 0
231 0
232 0
233 0
234 0
235 1
236 0
237 1
238 0
239 0
240 0
241 0
242 0
243 0
244 0
245 0
246 0
247 0
248 0
249 0
250 0
251 0
252 0
253 0
254 0
255 0
256 0
257 0
258 0
259 0
260 0
261 0
262 0
263 0
264 0
265 0
266 0
267 0
268 0
269 0
270 0
271 0
272 0
273 0
274 0
275 0
276 0
277 0
278 0
279 0
280 0
281 0
282 0
283 0
284 0
285 0
286 0
287 0
288 0
289 0
290 0
291 0
292 0
293 0
294 0
295 0
296 0
297 0
298 0
299 0
300 0
301 0
302 0
303 0
304 0
305 0
306 0
307 0
308 0
309 0
310 0
311 0
312 0
313 0
314 0
315 0
316 0
317 0
318 0
319 0
320 0
321 0
322 0
323 0
324 0
325 0
326 0
327 0
328 0
329 0
330 0
331 0
332 0
333 0
