0 0
1 0
2 0
3 0
4 0
5 0
6 0
7 0
8 0
9 0
10 0
11 0
12 0
13 0
14 1
15 0
16 2
17 0
18 0
19 0
20 0
21 0
22 0
23 0
24 0
25 0
26 0
27 0
28 0
29 0
30 0
31 2
32 1
33 0
34 1
35 0
36 0
37 1
38 0
39 0
40 1
41 1
42 0
43 0
44 0
45 1
46 1
47 2
48 2
49 1
50 3
51 1
52 0
53 0
54 2
55 1
56 1
57 1
58 1
59 1
60 0
61 0
62 3
63 0
64 0
65 1
66 1
67 2
68 0
69 2
70 0
71 4
72 4
73 2
74 1
75 0
76 0
77 1
78 2
79 1
80 1
81 0
82 1
83 0
84 0
85 2
86 0
87 0
88 1
89 0
90 1
91 0
92 0
93 0
94 0
95 2
96 3
97 0
98 2
99 0
100 0
101 1
102 0
103 0
104 1
105 1
106 0
107 1
108 1
109 0
110 0
111 0
112 0
113 0
114 0
115 0
116 0
117 0
118 0
119 0
120 0
121 0
122 0
123 0
124 0
125 0
126 0
127 1
128 1
129 0
130 1
131 1
132 0
133 1
134 0
135 0
136 0
137 0
138 1
139 0
140 0
141 0
142 1
143 0
144 0
145 0
146 0
147 0
148 0
149 0
150 0
151 0
152 0
153 0
154 0
155 0
156 0
157 0
158 0
159 0
160 0
161 0
162 0
163 0
164 2
165 0
166 1
167 0
168 0
169 0
170 0
171 0
172 0
173 0
174 0
175 0
176 0
177 0
178 0
179 0
180 0
181 0
182 0
183 0
184 0
185 0
186 0
187 0
188 0
189 0
190 0
191 0
192 0
193 0
194 0
195 0
196 0
197 1
198 0
199 0
200 2
201 0
202 1
203 0
204 0
205 0
206 0
207 0
208 0
209 0
210 0
211 0
212 0
213 0
214 0
215 0
216 0
217 0
218 0
219 1
220 0
221 1
222 0
223 0
224 0
225 0
226 1
227 1
228 1
229 1
230 2
231 0
232 0
233 0
234 0
235 0
236 0
237 0
238 0
239 0
240 0
241 1
242 0
243 0
244 2
245 0
246 3
247 1
248 1
249 1
250 0
251 2
252 1
253 0
254 0
255 0
256 0
257 0
258 0
259 0
260 0
261 0
262 0
263 0
264 0
265 0
266 0
267 0
268 0
269 0
270 0
271 1
272 0
273 0
274 1
275 0
276 1
277 0
278 1
279 0
280 0
281 0
282 0
283 0
284 0
285 0
286 0
287 0
288 0
289 0
290 0
291 0
292 0
293 0
294 0
295 0
296 0
297 0
298 0
299 0
300 0
301 0
302 0
303 0
304 0
305 0
306 0
307 0
308 0
309 0
310 0
311 0
312 0
313 0
314 0
315 0
316 0
317 0
318 0
319 0
320 0
321 0
322 0
323 0
324 0
325 0
326 0
327 0
328 0
329 0
330 0
331 0
332 0
333 0
334 0
335 0
336 0
337 0
338 0
339 0
340 0
341 0
342 0
343 0
344 0
345 0
346 0
347 0
348 0
349 0
350 0
351 0
352 0
353 0
354 0
355 0
356 0
357 0
358 0
359 0
