0 0
1 0
2 0
3 0
4 0
5 0
6 0
7 0
8 0
9 0
10 1
11 0
12 0
13 0
14 0
15 0
16 0
17 0
18 0
19 0
20 0
21 0
22 0
23 0
24 0
25 0
26 0
27 0
28 1
29 0
30 0
31 1
32 0
33 0
34 2
35 0
36 0
37 0
38 1
39 1
40 1
41 0
42 0
43 0
44 2
45 1
46 0
47 0
48 1
49 0
50 0
51 0
52 0
53 0
54 2
55 0
56 1
57 0
58 1
59 0
60 2
61 0
62 2
63 0
64 0
65 1
66 0
67 3
68 2
69 0
70 2
71 0
72 1
73 2
74 0
75 1
76 0
77 1
78 2
79 0
80 1
81 1
82 1
83 1
84 0
85 0
86 1
87 0
88 0
89 1
90 1
91 1
92 2
93 1
94 2
95 0
96 0
97 0
98 0
99 0
100 0
101 0
102 0
103 0
104 0
105 0
106 0
107 1
108 1
109 0
110 0
111 2
112 0
113 0
114 2
115 2
116 0
117 0
118 0
119 2
120 1
121 0
122 0
123 0
124 3
125 0
126 0
127 2
128 0
129 0
130 1
131 0
132 1
133 2
134 0
135 0
136 0
137 0
138 1
139 2
140 0
141 1
142 0
143 0
144 0
145 0
146 1
147 1
148 1
149 3
150 2
151 0
152 2
153 0
154 1
155 3
156 0
157 0
158 1
159 0
160 2
161 0
162 0
163 1
164 2
165 3
166 2
167 1
168 0
169 6
170 3
171 5
172 1
173 1
174 1
175 3
176 4
177 0
178 5
179 6
180 2
181 2
182 1
183 2
184 3
185 0
186 1
187 3
188 6
189 5
190 5
191 5
192 3
193 6
194 4
195 2
196 2
197 1
198 6
199 2
200 1
201 10
202 8
203 9
204 7
205 9
206 3
207 4
208 9
209 5
210 1
211 0
212 1
213 1
214 2
215 3
216 0
217 0
218 2
219 0
220 0
221 1
222 1
223 1
224 1
225 0
226 0
227 3
228 3
229 4
230 5
231 4
232 3
233 7
234 8
235 12
236 10
237 12
238 8
239 9
240 8
241 6
242 5
243 5
244 5
245 3
246 4
247 8
248 4
249 1
250 3
251 6
252 0
253 3
254 1
255 7
256 3
257 4
258 0
259 6
260 3
261 1
262 1
263 0
264 3
265 4
266 2
267 5
268 6
269 3
270 0
271 5
272 1
273 6
274 6
275 5
276 6
277 11
278 11
279 6
280 12
281 13
282 24
283 14
284 22
285 15
286 15
287 27
288 21
289 9
290 9
291 3
292 3
293 3
294 1
295 2
296 1
297 0
298 0
299 0
300 0
301 0
302 0
303 0
304 0
305 0
306 0
307 0
308 0
309 0
310 0
311 0
312 0
313 0
314 0
315 0
316 0
317 0
318 0
319 0
320 0
321 0
322 0
323 0
324 0
325 0
326 0
327 0
328 0
329 0
330 0
331 0
332 0
333 0
