0 0
1 0
2 0
3 0
4 0
5 0
6 0
7 0
8 0
9 0
10 0
11 0
12 0
13 0
14 0
15 0
16 0
17 1
18 0
19 2
20 0
21 0
22 0
23 0
24 0
25 0
26 0
27 1
28 1
29 0
30 0
31 2
32 2
33 1
34 1
35 3
36 1
37 0
38 0
39 0
40 0
41 0
42 0
43 0
44 0
45 0
46 0
47 0
48 1
49 1
50 1
51 1
52 0
53 0
54 1
55 0
56 0
57 0
58 0
59 0
60 0
61 0
62 0
63 0
64 0
65 0
66 1
67 0
68 0
69 0
70 1
71 0
72 0
73 0
74 0
75 0
76 0
77 3
78 2
79 1
80 1
81 1
82 1
83 1
84 0
85 2
86 0
87 4
88 3
89 1
90 2
91 1
92 2
93 2
94 1
95 1
96 2
97 2
98 2
99 0
100 0
101 1
102 0
103 0
104 0
105 0
106 0
107 1
108 1
109 1
110 1
111 1
112 2
113 0
114 3
115 1
116 2
117 1
118 1
119 1
120 3
121 1
122 2
123 0
124 1
125 0
126 1
127 0
128 0
129 0
130 1
131 0
132 0
133 2
134 1
135 2
136 0
137 0
138 0
139 0
140 0
141 0
142 0
143 0
144 0
145 0
146 1
147 1
148 0
149 2
150 1
151 0
152 0
153 2
154 0
155 1
156 1
157 0
158 0
159 2
160 3
161 3
162 0
163 2
164 3
165 1
166 4
167 0
168 5
169 4
170 1
171 0
172 0
173 0
174 1
175 0
176 0
177 0
178 1
179 0
180 1
181 0
182 1
183 1
184 0
185 1
186 0
187 0
188 1
189 0
190 1
191 1
192 1
193 1
194 1
195 0
196 0
197 0
198 1
199 3
200 0
201 2
202 5
203 2
204 3
205 1
206 2
207 4
208 1
209 2
210 1
211 0
212 1
213 0
214 1
215 0
216 0
217 0
218 0
219 0
220 0
221 0
222 0
223 0
224 0
225 0
226 0
227 0
228 1
229 0
230 0
231 0
232 0
233 1
234 0
235 0
236 0
237 1
238 1
239 1
240 1
241 0
242 1
243 2
244 0
245 2
246 1
247 2
248 3
249 2
250 2
251 2
252 4
253 0
254 1
255 5
256 2
257 5
258 1
259 2
260 1
261 0
262 0
263 2
264 3
265 7
266 5
267 2
268 0
269 3
270 3
271 3
272 3
273 2
274 0
275 2
276 1
277 0
278 3
279 1
280 2
281 1
282 1
283 0
284 0
285 1
286 0
287 2
288 0
289 0
290 0
291 0
292 0
293 0
294 1
295 0
296 0
297 0
298 0
299 0
300 0
301 0
302 0
303 0
304 0
305 0
306 0
307 0
308 0
309 0
310 0
311 0
312 0
313 0
314 0
315 0
316 0
317 0
318 0
319 0
320 0
321 0
322 0
323 0
324 0
325 0
326 0
327 0
328 0
329 0
330 0
331 0
332 0
333 0
334 0
335 0
336 0
337 0
338 0
339 0
340 0
341 0
342 0
343 0
344 0
345 0
346 0
347 0
348 0
349 0
350 0
351 0
352 0
353 0
354 0
355 0
356 0
357 0
358 0
359 0
360 0
361 0
362 0
363 0
