0 0
1 0
2 0
3 0
4 0
5 0
6 1
7 0
8 0
9 0
10 1
11 0
12 0
13 0
14 0
15 3
16 0
17 2
18 2
19 2
20 2
21 2
22 0
23 1
24 2
25 0
26 1
27 3
28 0
29 2
30 4
31 1
32 4
33 2
34 2
35 4
36 1
37 2
38 0
39 0
40 2
41 1
42 1
43 0
44 0
45 1
46 2
47 1
48 2
49 0
50 0
51 0
52 0
53 0
54 1
55 2
56 0
57 3
58 2
59 2
60 1
61 1
62 2
63 3
64 3
65 1
66 0
67 1
68 3
69 2
70 5
71 3
72 6
73 2
74 0
75 1
76 1
77 1
78 0
79 2
80 0
81 0
82 1
83 1
84 3
85 1
86 0
87 1
88 1
89 3
90 4
91 1
92 3
93 2
94 3
95 2
96 1
97 3
98 1
99 0
100 3
101 0
102 0
103 1
104 0
105 3
106 3
107 4
108 5
109 11
110 12
111 8
112 9
113 1
114 2
115 4
116 2
117 1
118 0
119 2
120 3
121 0
122 2
123 3
124 2
125 4
126 6
127 4
128 2
129 2
130 3
131 3
132 3
133 3
134 3
135 1
136 4
137 1
138 5
139 1
140 1
141 3
142 0
143 2
144 1
145 2
146 1
147 1
148 4
149 0
150 3
151 2
152 0
153 0
154 0
155 1
156 1
157 0
158 1
159 4
160 3
161 6
162 5
163 4
164 4
165 2
166 0
167 3
168 0
169 1
170 2
171 1
172 0
173 0
174 0
175 0
176 0
177 0
178 1
179 1
180 0
181 0
182 0
183 0
184 0
185 0
186 1
187 2
188 0
189 2
190 2
191 1
192 0
193 0
194 0
195 0
196 0
197 1
198 0
199 1
200 0
201 0
202 0
203 1
204 2
205 1
206 2
207 3
208 2
209 0
210 3
211 2
212 3
213 0
214 1
215 3
216 5
217 4
218 2
219 1
220 7
221 2
222 5
223 5
224 8
225 6
226 2
227 8
228 8
229 4
230 4
231 7
232 2
233 3
234 3
235 2
236 4
237 7
238 6
239 3
240 2
241 0
242 1
243 4
244 4
245 3
246 2
247 2
248 3
249 4
250 3
251 2
252 3
253 1
254 0
255 3
256 2
257 5
258 5
259 0
260 2
261 3
262 0
263 1
264 3
265 1
266 2
267 3
268 0
269 2
270 2
271 2
272 0
273 1
274 0
275 0
276 0
277 0
278 0
279 0
280 0
281 0
282 0
283 0
284 0
285 0
286 0
287 0
288 0
289 0
290 0
291 0
292 0
293 0
294 0
295 0
296 0
297 0
298 0
299 0
300 0
301 0
302 0
303 0
304 0
305 0
306 0
307 0
308 0
309 0
310 0
311 0
312 0
313 0
314 0
315 0
316 0
317 0
318 0
319 0
320 0
321 0
322 0
323 0
324 0
325 0
326 0
327 0
328 0
329 0
330 0
331 0
332 0
333 0
334 0
335 0
336 0
337 0
338 0
339 0
340 0
341 0
342 0
343 0
344 0
345 0
346 0
347 0
348 0
349 0
350 0
351 0
352 0
353 0
354 0
355 0
356 0
357 0
358 0
359 0
360 0
361 0
