0 0
1 0
2 0
3 0
4 0
5 0
6 0
7 0
8 0
9 0
10 0
11 0
12 0
13 0
14 0
15 0
16 0
17 0
18 0
19 0
20 1
21 0
22 0
23 0
24 0
25 0
26 0
27 1
28 0
29 0
30 0
31 0
32 1
33 0
34 1
35 2
36 2
37 1
38 2
39 2
40 0
41 1
42 1
43 3
44 1
45 3
46 3
47 8
48 2
49 4
50 3
51 4
52 5
53 0
54 5
55 5
56 4
57 2
58 1
59 2
60 3
61 5
62 4
63 1
64 3
65 4
66 3
67 2
68 3
69 2
70 4
71 3
72 7
73 1
74 3
75 1
76 1
77 2
78 4
79 6
80 1
81 2
82 2
83 3
84 1
85 0
86 1
87 2
88 1
89 1
90 1
91 0
92 2
93 1
94 1
95 5
96 2
97 3
98 0
99 0
100 1
101 0
102 2
103 0
104 1
105 0
106 2
107 0
108 1
109 1
110 1
111 0
112 2
113 1
114 0
115 2
116 0
117 5
118 0
119 1
120 0
121 1
122 0
123 0
124 0
125 0
126 0
127 1
128 0
129 0
130 0
131 1
132 0
133 0
134 1
135 0
136 0
137 1
138 1
139 1
140 3
141 2
142 3
143 2
144 1
145 2
146 0
147 1
148 0
149 0
150 0
151 1
152 1
153 1
154 0
155 0
156 1
157 0
158 3
159 2
160 0
161 0
162 2
163 1
164 1
165 0
166 1
167 0
168 0
169 0
170 0
171 0
172 1
173 0
174 0
175 4
176 2
177 5
178 3
179 0
180 1
181 1
182 1
183 1
184 1
185 1
186 2
187 0
188 0
189 2
190 3
191 2
192 3
193 0
194 5
195 2
196 4
197 3
198 4
199 3
200 1
201 4
202 9
203 3
204 6
205 2
206 0
207 2
208 1
209 4
210 1
211 0
212 0
213 0
214 0
215 0
216 0
217 0
218 0
219 0
220 0
221 0
222 1
223 0
224 0
225 1
226 0
227 0
228 0
229 0
230 0
231 0
232 0
233 0
234 0
235 0
236 0
237 0
238 0
239 0
240 0
241 0
242 0
243 0
244 0
245 0
246 0
247 0
248 0
249 0
250 0
251 0
252 0
253 0
254 0
255 0
256 0
257 0
258 0
259 0
260 0
261 0
262 0
263 0
264 0
265 0
266 0
267 0
268 0
269 0
270 0
271 0
272 0
273 0
274 0
275 0
276 0
277 0
278 0
279 0
280 0
281 0
282 0
283 0
284 0
285 0
286 0
287 0
288 0
289 0
290 0
291 0
292 0
293 0
294 0
295 0
296 0
297 0
298 0
299 0
300 0
301 0
302 0
303 0
304 0
305 0
306 0
307 0
308 0
309 0
310 0
311 0
312 0
313 0
314 0
315 0
316 0
317 0
318 0
319 0
320 0
321 0
322 0
323 0
324 0
325 0
326 0
327 0
328 0
329 0
330 0
331 0
332 0
