0 0
1 0
2 0
3 0
4 0
5 0
6 0
7 0
8 0
9 0
10 0
11 0
12 0
13 0
14 0
15 0
16 0
17 0
18 1
19 0
20 0
21 1
22 0
23 0
24 1
25 1
26 0
27 0
28 3
29 3
30 3
31 5
32 4
33 6
34 5
35 4
36 7
37 8
38 1
39 2
40 3
41 2
42 4
43 3
44 4
45 4
46 3
47 3
48 5
49 6
50 4
51 1
52 3
53 2
54 1
55 4
56 1
57 4
58 3
59 2
60 2
61 3
62 3
63 7
64 0
65 2
66 2
67 4
68 1
69 6
70 3
71 5
72 6
73 6
74 3
75 3
76 4
77 7
78 2
79 0
80 4
81 1
82 1
83 2
84 3
85 1
86 1
87 0
88 2
89 2
90 1
91 2
92 0
93 1
94 1
95 0
96 1
97 0
98 3
99 2
100 7
101 1
102 2
103 3
104 0
105 1
106 1
107 2
108 1
109 1
110 1
111 2
112 0
113 2
114 2
115 0
116 1
117 1
118 0
119 2
120 1
121 3
122 1
123 2
124 3
125 2
126 5
127 0
128 1
129 0
130 0
131 0
132 1
133 1
134 0
135 4
136 2
137 2
138 0
139 1
140 0
141 2
142 0
143 2
144 0
145 1
146 1
147 3
148 0
149 0
150 0
151 2
152 1
153 2
154 3
155 1
156 3
157 2
158 3
159 1
160 3
161 2
162 0
163 0
164 1
165 0
166 2
167 2
168 4
169 3
170 0
171 1
172 1
173 0
174 2
175 2
176 0
177 0
178 1
179 1
180 1
181 2
182 1
183 0
184 1
185 0
186 1
187 0
188 1
189 1
190 3
191 0
192 0
193 2
194 0
195 1
196 2
197 1
198 1
199 2
200 0
201 1
202 0
203 2
204 1
205 0
206 0
207 0
208 0
209 0
210 1
211 0
212 0
213 0
214 0
215 0
216 0
217 0
218 0
219 0
220 0
221 0
222 0
223 0
224 0
225 0
226 0
227 0
228 0
229 0
230 0
231 0
232 0
233 1
234 0
235 0
236 0
237 0
238 0
239 0
240 0
241 0
242 3
243 1
244 0
245 1
246 1
247 1
248 0
249 1
250 1
251 2
252 2
253 1
254 1
255 0
256 3
257 1
258 1
259 3
260 1
261 2
262 2
263 2
264 3
265 1
266 2
267 2
268 4
269 2
270 3
271 3
272 4
273 7
274 1
275 1
276 3
277 7
278 1
279 5
280 2
281 4
282 0
283 0
284 1
285 2
286 0
287 2
288 0
289 2
290 2
291 3
292 3
293 4
294 1
295 1
296 3
297 2
298 0
299 1
300 0
301 0
302 1
303 3
304 2
305 2
306 2
307 0
308 0
309 0
310 0
311 0
312 0
313 0
314 0
315 0
316 0
317 0
318 0
319 0
320 0
321 0
322 0
323 0
324 0
325 0
326 0
327 0
328 0
329 0
330 0
331 0
332 0
333 0
334 0
335 0
336 0
337 0
338 0
339 0
340 0
341 0
342 0
343 0
344 0
345 0
346 0
347 0
348 0
349 0
350 0
351 0
352 0
353 0
354 0
355 0
356 0
357 0
358 0
359 0
360 0
361 0
362 0
363 0
364 0
365 0
366 0
367 0
368 0
369 0
370 0
371 0
372 0
373 0
374 0
375 0
376 0
377 0
378 0
379 0
380 0
381 0
382 0
