0 0
1 0
2 0
3 0
4 0
5 0
6 0
7 0
8 0
9 0
10 0
11 0
12 0
13 0
14 0
15 0
16 0
17 1
18 0
19 0
20 0
21 0
22 0
23 0
24 1
25 0
26 0
27 0
28 0
29 0
30 0
31 1
32 0
33 0
34 0
35 0
36 0
37 1
38 0
39 0
40 0
41 0
42 0
43 0
44 0
45 0
46 0
47 0
48 0
49 0
50 0
51 0
52 0
53 0
54 0
55 0
56 0
57 0
58 0
59 0
60 0
61 0
62 0
63 1
64 0
65 0
66 0
67 1
68 1
69 0
70 0
71 1
72 0
73 1
74 0
75 0
76 0
77 0
78 0
79 0
80 0
81 0
82 0
83 0
84 0
85 0
86 0
87 0
88 0
89 0
90 0
91 0
92 0
93 0
94 0
95 0
96 1
97 0
98 0
99 1
100 2
101 0
102 0
103 0
104 0
105 0
106 0
107 0
108 1
109 0
110 1
111 0
112 0
113 0
114 0
115 0
116 0
117 0
118 0
119 0
120 1
121 0
122 0
123 1
124 0
125 0
126 1
127 0
128 0
129 1
130 0
131 1
132 1
133 0
134 0
135 1
136 0
137 0
138 1
139 0
140 1
141 0
142 0
143 0
144 0
145 0
146 0
147 1
148 0
149 1
150 1
151 1
152 1
153 1
154 1
155 3
156 2
157 0
158 0
159 1
160 0
161 1
162 0
163 0
164 0
165 0
166 0
167 0
168 0
169 0
170 0
171 1
172 0
173 0
174 0
175 0
176 0
177 1
178 0
179 0
180 0
181 0
182 0
183 0
184 0
185 0
186 0
187 1
188 0
189 1
190 0
191 0
192 0
193 0
194 0
195 0
196 0
197 0
198 0
199 0
200 0
201 0
202 0
203 0
204 0
205 0
206 0
207 0
208 0
209 0
210 0
211 0
212 0
213 0
214 0
215 0
216 0
217 0
218 0
219 0
220 0
221 0
222 1
223 0
224 1
225 0
226 0
227 1
228 1
229 1
230 0
231 2
232 0
233 0
234 4
235 4
236 4
237 2
238 5
239 1
240 1
241 5
242 7
243 2
244 4
245 7
246 7
247 8
248 6
249 3
250 5
251 1
252 6
253 4
254 8
255 7
256 4
257 7
258 3
259 6
260 5
261 2
262 3
263 2
264 2
265 2
266 3
267 0
268 1
269 1
270 2
271 2
272 2
273 3
274 2
275 0
276 0
277 0
278 1
279 0
280 0
281 1
282 0
283 0
284 0
285 0
286 0
287 0
288 0
289 0
290 0
291 0
292 0
293 0
294 0
295 0
296 0
297 0
298 0
299 0
300 0
301 0
302 0
303 0
304 0
305 0
306 0
307 0
308 0
309 0
310 0
311 0
312 0
313 0
314 0
315 0
316 0
317 0
318 0
319 0
320 0
321 0
322 0
323 0
324 0
325 0
326 0
327 0
328 0
329 0
330 0
331 0
332 0
333 0
334 0
335 0
336 0
337 0
338 0
339 0
340 0
341 0
342 0
343 0
344 0
345 0
346 0
347 0
348 0
349 0
350 0
351 0
352 0
353 0
354 0
355 0
356 0
357 0
358 0
359 0
360 0
361 0
362 0
363 0
364 0
365 0
366 0
367 0
368 0
369 0
370 0
371 0
372 0
373 0
374 0
375 0
376 0
377 0
378 0
379 0
380 0
