0 0
1 0
2 0
3 0
4 0
5 0
6 0
7 0
8 0
9 0
10 2
11 1
12 3
13 2
14 4
15 5
16 7
17 5
18 6
19 5
20 5
21 3
22 5
23 6
24 1
25 2
26 5
27 3
28 6
29 8
30 7
31 7
32 11
33 8
34 5
35 7
36 5
37 5
38 8
39 9
40 1
41 3
42 4
43 6
44 3
45 6
46 4
47 2
48 2
49 1
50 0
51 5
52 1
53 4
54 2
55 1
56 0
57 2
58 5
59 3
60 8
61 8
62 13
63 6
64 10
65 8
66 15
67 4
68 6
69 8
70 6
71 5
72 2
73 4
74 4
75 1
76 5
77 2
78 4
79 7
80 1
81 1
82 4
83 2
84 6
85 6
86 6
87 10
88 10
89 10
90 15
91 11
92 7
93 10
94 8
95 7
96 4
97 0
98 2
99 8
100 1
101 5
102 3
103 1
104 2
105 2
106 2
107 1
108 0
109 3
110 3
111 7
112 2
113 5
114 2
115 5
116 4
117 3
118 3
119 2
120 3
121 5
122 4
123 1
124 6
125 1
126 0
127 0
128 0
129 3
130 1
131 0
132 2
133 3
134 3
135 4
136 4
137 2
138 10
139 3
140 4
141 3
142 1
143 6
144 2
145 3
146 1
147 5
148 2
149 3
150 5
151 3
152 2
153 1
154 0
155 1
156 1
157 0
158 0
159 0
160 0
161 1
162 0
163 1
164 0
165 1
166 0
167 4
168 0
169 0
170 1
171 2
172 0
173 0
174 2
175 1
176 0
177 0
178 5
179 1
180 5
181 0
182 0
183 0
184 2
185 2
186 0
187 0
188 0
189 0
190 1
191 0
192 0
193 1
194 0
195 0
196 3
197 0
198 0
199 2
200 2
201 0
202 1
203 1
204 0
205 1
206 0
207 0
208 0
209 0
210 1
211 0
212 0
213 1
214 0
215 1
216 0
217 0
218 2
219 1
220 0
221 1
222 0
223 0
224 0
225 0
226 0
227 0
228 0
229 0
230 0
231 0
232 0
233 0
234 1
235 2
236 0
237 2
238 0
239 0
240 1
241 1
242 0
243 0
244 0
245 0
246 0
247 0
248 0
249 0
250 0
251 0
252 0
253 0
254 0
255 0
256 0
257 0
258 0
259 0
260 0
261 0
262 0
263 0
264 0
265 0
266 0
267 0
268 0
269 0
270 0
271 0
272 0
273 0
274 0
275 0
276 0
277 0
278 0
279 0
280 0
281 0
282 0
283 0
284 0
285 0
286 0
287 0
288 0
289 0
290 0
291 0
292 0
293 0
294 0
295 0
296 0
297 0
298 0
299 0
300 0
301 0
302 0
303 0
304 0
305 0
306 0
307 0
308 0
309 0
310 0
311 0
312 0
313 0
314 0
315 0
316 0
317 0
318 0
319 0
320 0
321 0
322 0
323 0
324 0
325 0
326 0
327 0
328 0
329 0
330 0
331 0
332 0
333 0
334 0
335 0
336 0
337 0
338 0
339 0
340 0
341 0
342 0
343 0
344 0
345 0
346 0
347 0
348 0
349 0
350 0
351 0
352 0
353 0
354 0
355 0
356 0
