0 0
1 0
2 0
3 0
4 0
5 0
6 0
7 0
8 0
9 0
10 0
11 0
12 0
13 0
14 0
15 0
16 0
17 0
18 0
19 0
20 0
21 0
22 0
23 0
24 0
25 1
26 1
27 1
28 1
29 2
30 0
31 0
32 0
33 0
34 2
35 1
36 1
37 1
38 0
39 0
40 0
41 1
42 0
43 1
44 0
45 0
46 0
47 1
48 0
49 0
50 1
51 1
52 1
53 0
54 0
55 1
56 1
57 0
58 0
59 0
60 1
61 0
62 1
63 0
64 0
65 1
66 1
67 0
68 0
69 0
70 0
71 0
72 0
73 0
74 1
75 0
76 0
77 0
78 0
79 0
80 0
81 0
82 2
83 0
84 0
85 1
86 1
87 0
88 1
89 0
90 0
91 0
92 1
93 1
94 0
95 1
96 0
97 0
98 0
99 0
100 1
101 0
102 0
103 0
104 0
105 1
106 0
107 0
108 0
109 0
110 1
111 1
112 0
113 0
114 0
115 0
116 0
117 0
118 0
119 1
120 0
121 0
122 1
123 0
124 1
125 0
126 1
127 0
128 1
129 0
130 1
131 2
132 1
133 0
134 0
135 2
136 0
137 0
138 0
139 0
140 1
141 0
142 1
143 2
144 0
145 3
146 0
147 1
148 2
149 2
150 1
151 1
152 1
153 1
154 0
155 1
156 1
157 0
158 1
159 0
160 0
161 1
162 1
163 1
164 0
165 2
166 0
167 1
168 0
169 0
170 0
171 1
172 1
173 0
174 0
175 3
176 0
177 0
178 1
179 2
180 0
181 1
182 0
183 0
184 0
185 0
186 0
187 0
188 1
189 1
190 2
191 1
192 3
193 2
194 5
195 4
196 6
197 7
198 16
199 3
200 7
201 6
202 8
203 6
204 6
205 6
206 1
207 2
208 2
209 0
210 4
211 3
212 9
213 5
214 4
215 6
216 6
217 7
218 1
219 2
220 4
221 2
222 0
223 4
224 0
225 2
226 0
227 0
228 0
229 1
230 0
231 0
232 0
233 0
234 1
235 0
236 0
237 0
238 0
239 0
240 0
241 0
242 0
243 0
244 0
245 0
246 0
247 0
248 0
249 0
250 0
251 0
252 0
253 0
254 0
255 1
256 0
257 0
258 2
259 2
260 3
261 2
262 1
263 3
264 4
265 3
266 4
267 0
268 4
269 3
270 2
271 4
272 2
273 1
274 0
275 0
276 1
277 0
278 1
279 0
280 0
281 0
282 0
283 0
284 0
285 1
286 0
287 0
288 0
289 0
290 0
291 0
292 0
293 0
294 0
295 0
296 0
297 0
298 0
299 0
300 0
301 0
302 0
303 0
304 0
305 0
306 0
307 0
308 0
309 0
310 0
311 0
312 0
313 0
314 0
315 0
316 0
317 0
318 0
319 0
320 0
321 0
322 0
323 0
324 0
325 0
326 0
327 0
328 0
329 0
330 0
331 0
332 0
333 0
334 0
335 0
336 0
337 0
338 0
339 0
340 0
341 0
342 0
343 0
344 0
345 0
346 0
347 0
348 0
349 0
350 0
351 0
352 0
353 0
354 0
355 0
356 0
357 0
358 0
359 0
360 0
361 0
362 0
363 0
364 0
365 0
366 0
367 0
368 0
