0 0
1 0
2 0
3 0
4 0
5 0
6 0
7 0
8 0
9 0
10 0
11 0
12 0
13 0
14 0
15 0
16 1
17 0
18 0
19 0
20 0
21 0
22 0
23 0
24 0
25 0
26 2
27 0
28 1
29 0
30 0
31 0
32 2
33 1
34 0
35 3
36 0
37 2
38 4
39 0
40 1
41 1
42 0
43 1
44 0
45 3
46 1
47 1
48 1
49 1
50 0
51 0
52 0
53 2
54 1
55 1
56 0
57 0
58 1
59 3
60 1
61 0
62 2
63 1
64 1
65 1
66 3
67 0
68 0
69 1
70 1
71 2
72 0
73 0
74 0
75 0
76 0
77 0
78 2
79 1
80 1
81 0
82 0
83 1
84 2
85 1
86 0
87 1
88 0
89 1
90 0
91 1
92 0
93 1
94 2
95 1
96 1
97 0
98 1
99 0
100 2
101 0
102 1
103 0
104 0
105 0
106 2
107 1
108 0
109 0
110 0
111 1
112 1
113 1
114 1
115 1
116 1
117 1
118 0
119 3
120 1
121 0
122 2
123 1
124 0
125 2
126 3
127 3
128 0
129 2
130 3
131 2
132 3
133 3
134 0
135 0
136 1
137 1
138 0
139 0
140 2
141 3
142 1
143 1
144 2
145 2
146 3
147 0
148 5
149 3
150 1
151 2
152 1
153 1
154 2
155 1
156 1
157 0
158 0
159 2
160 1
161 2
162 0
163 2
164 2
165 2
166 3
167 2
168 1
169 0
170 3
171 2
172 4
173 1
174 2
175 5
176 2
177 1
178 0
179 1
180 2
181 1
182 0
183 2
184 0
185 3
186 2
187 1
188 1
189 0
190 1
191 3
192 2
193 1
194 1
195 2
196 0
197 1
198 4
199 1
200 5
201 3
202 1
203 3
204 0
205 0
206 2
207 1
208 3
209 2
210 1
211 0
212 1
213 3
214 1
215 0
216 2
217 3
218 1
219 2
220 2
221 1
222 2
223 0
224 1
225 0
226 5
227 2
228 0
229 0
230 4
231 2
232 4
233 1
234 4
235 1
236 7
237 4
238 3
239 9
240 4
241 4
242 4
243 7
244 6
245 5
246 8
247 4
248 3
249 6
250 5
251 8
252 6
253 5
254 6
255 3
256 4
257 3
258 7
259 5
260 4
261 3
262 5
263 7
264 4
265 4
266 8
267 13
268 6
269 4
270 8
271 4
272 7
273 3
274 2
275 3
276 2
277 0
278 2
279 3
280 0
281 2
282 3
283 0
284 1
285 1
286 3
287 2
288 2
289 1
290 1
291 1
292 1
293 2
294 0
295 0
296 0
297 0
298 1
299 0
300 0
301 0
302 0
303 0
304 0
305 0
306 0
307 0
308 0
309 0
310 0
311 0
312 0
313 0
314 0
315 0
316 0
317 0
318 0
319 0
320 0
321 0
322 0
323 0
324 0
325 0
326 0
327 0
328 0
329 0
330 0
331 0
332 0
333 0
334 0
335 0
336 0
337 0
338 0
339 0
340 0
341 0
342 0
343 0
344 0
345 0
346 0
347 0
348 0
