0 1
1 0
2 0
3 0
4 0
5 0
6 0
7 0
8 0
9 0
10 0
11 0
12 0
13 1
14 0
15 0
16 0
17 2
18 1
19 0
20 0
21 2
22 1
23 1
24 0
25 0
26 2
27 1
28 1
29 2
30 5
31 1
32 2
33 4
34 3
35 4
36 4
37 2
38 4
39 4
40 4
41 3
42 5
43 0
44 3
45 2
46 5
47 1
48 2
49 4
50 1
51 2
52 1
53 2
54 2
55 4
56 0
57 1
58 2
59 3
60 1
61 3
62 2
63 3
64 3
65 3
66 2
67 4
68 1
69 2
70 7
71 4
72 1
73 2
74 0
75 1
76 1
77 0
78 4
79 1
80 1
81 3
82 2
83 1
84 2
85 2
86 5
87 1
88 2
89 3
90 2
91 3
92 5
93 4
94 2
95 3
96 2
97 1
98 0
99 1
100 1
101 1
102 1
103 1
104 0
105 1
106 0
107 1
108 3
109 1
110 2
111 0
112 3
113 0
114 1
115 1
116 1
117 3
118 5
119 3
120 2
121 3
122 0
123 3
124 0
125 1
126 1
127 1
128 0
129 0
130 0
131 0
132 1
133 0
134 0
135 2
136 0
137 1
138 0
139 0
140 0
141 1
142 1
143 0
144 0
145 0
146 0
147 0
148 0
149 0
150 0
151 0
152 0
153 0
154 0
155 0
156 0
157 0
158 0
159 1
160 0
161 0
162 0
163 0
164 0
165 0
166 0
167 0
168 0
169 0
170 1
171 1
172 0
173 0
174 0
175 0
176 0
177 1
178 0
179 0
180 0
181 0
182 0
183 0
184 0
185 0
186 0
187 0
188 0
189 0
190 0
191 0
192 1
193 0
194 0
195 0
196 0
197 0
198 0
199 0
200 1
201 0
202 0
203 1
204 0
205 1
206 1
207 0
208 0
209 0
210 0
211 0
212 0
213 0
214 0
215 0
216 1
217 0
218 0
219 0
220 0
221 0
222 1
223 0
224 0
225 0
226 1
227 0
228 0
229 0
230 2
231 0
232 0
233 0
234 1
235 0
236 0
237 0
238 1
239 0
240 1
241 0
242 0
243 1
244 0
245 0
246 1
247 0
248 0
249 1
250 1
251 0
252 2
253 0
254 1
255 0
256 0
257 0
258 1
259 1
260 0
261 4
262 0
263 1
264 0
265 2
266 4
267 0
268 1
269 2
270 2
271 4
272 0
273 2
274 3
275 3
276 4
277 6
278 3
279 4
280 6
281 5
282 1
283 1
284 5
285 0
286 1
287 0
288 2
289 1
290 0
291 0
292 2
293 1
294 0
295 0
296 0
297 0
298 0
299 0
300 0
301 0
302 0
303 0
304 0
305 0
306 0
307 0
308 0
309 0
310 0
311 0
312 0
313 0
314 0
315 0
316 0
317 0
318 0
319 0
320 0
321 0
322 0
323 0
324 0
325 0
326 0
327 0
328 0
329 0
330 0
331 0
332 0
333 0
334 0
335 0
336 0
337 0
338 0
339 0
340 0
341 0
342 0
343 0
344 0
345 0
346 0
347 0
348 0
349 0
350 0
351 0
352 0
353 0
354 0
355 0
356 0
