0 0
1 0
2 0
3 0
4 0
5 0
6 0
7 0
8 0
9 0
10 0
11 0
12 0
13 0
14 0
15 0
16 0
17 0
18 0
19 0
20 0
21 0
22 0
23 0
24 0
25 1
26 0
27 0
28 0
29 0
30 0
31 0
32 0
33 0
34 0
35 0
36 0
37 0
38 0
39 0
40 1
41 0
42 0
43 0
44 0
45 0
46 0
47 0
48 0
49 0
50 0
51 1
52 0
53 0
54 0
55 0
56 0
57 0
58 0
59 0
60 0
61 0
62 0
63 1
64 0
65 0
66 0
67 0
68 1
69 1
70 6
71 2
72 6
73 11
74 7
75 5
76 9
77 9
78 8
79 8
80 10
81 15
82 7
83 7
84 12
85 9
86 11
87 5
88 6
89 4
90 12
91 6
92 5
93 3
94 6
95 9
96 5
97 3
98 5
99 5
100 6
101 4
102 3
103 8
104 3
105 0
106 4
107 4
108 6
109 2
110 7
111 4
112 1
113 6
114 5
115 3
116 5
117 4
118 11
119 5
120 3
121 9
122 5
123 10
124 4
125 4
126 8
127 6
128 5
129 9
130 6
131 8
132 6
133 2
134 5
135 4
136 5
137 4
138 7
139 6
140 8
141 4
142 7
143 6
144 4
145 5
146 8
147 5
148 5
149 3
150 5
151 4
152 6
153 4
154 1
155 7
156 3
157 1
158 2
159 2
160 3
161 1
162 3
163 2
164 1
165 0
166 1
167 1
168 0
169 1
170 1
171 1
172 2
173 0
174 0
175 2
176 0
177 2
178 1
179 2
180 0
181 2
182 0
183 1
184 1
185 0
186 1
187 0
188 1
189 2
190 0
191 1
192 1
193 3
194 1
195 0
196 0
197 0
198 1
199 0
200 1
201 1
202 0
203 1
204 2
205 0
206 0
207 1
208 0
209 2
210 0
211 0
212 0
213 0
214 1
215 0
216 1
217 2
218 1
219 2
220 1
221 0
222 0
223 1
224 0
225 0
226 1
227 0
228 0
229 1
230 1
231 0
232 0
233 0
234 0
235 1
236 0
237 0
238 1
239 0
240 0
241 0
242 0
243 0
244 0
245 0
246 0
247 0
248 0
249 0
250 0
251 0
252 0
253 0
254 0
255 0
256 0
257 0
258 0
259 0
260 0
261 0
262 0
263 0
264 0
265 0
266 0
267 0
268 0
269 0
270 1
271 0
272 0
273 0
274 0
275 0
276 0
277 0
278 2
279 0
280 0
281 0
282 0
283 0
284 0
285 0
286 0
287 0
288 0
289 0
290 0
291 0
292 0
293 0
294 0
295 0
296 0
297 0
298 0
299 0
300 0
301 0
302 0
303 0
304 0
305 0
306 0
307 0
308 0
309 0
310 0
311 0
312 0
313 0
314 0
315 0
316 0
317 0
318 0
319 0
320 0
321 0
322 0
323 0
324 0
325 0
326 0
327 0
328 0
329 0
330 0
331 0
332 0
333 0
334 0
335 0
336 0
337 0
338 0
339 0
340 0
341 0
342 0
343 0
344 0
345 0
346 0
347 0
348 0
349 0
350 0
351 0
