0 0
1 0
2 0
3 0
4 0
5 0
6 0
7 0
8 0
9 0
10 1
11 0
12 0
13 0
14 0
15 0
16 0
17 0
18 0
19 0
20 0
21 0
22 0
23 0
24 1
25 0
26 0
27 0
28 0
29 0
30 1
31 0
32 0
33 1
34 0
35 1
36 0
37 0
38 0
39 0
40 1
41 0
42 0
43 0
44 0
45 0
46 0
47 0
48 1
49 0
50 1
51 0
52 0
53 1
54 0
55 0
56 2
57 1
58 1
59 0
60 1
61 0
62 1
63 0
64 1
65 0
66 1
67 0
68 0
69 0
70 0
71 2
72 0
73 2
74 0
75 0
76 0
77 0
78 0
79 1
80 2
81 2
82 0
83 0
84 2
85 0
86 1
87 0
88 1
89 1
90 1
91 0
92 0
93 1
94 4
95 3
96 2
97 1
98 0
99 2
100 0
101 2
102 2
103 3
104 2
105 0
106 1
107 3
108 5
109 1
110 0
111 1
112 2
113 2
114 1
115 0
116 4
117 1
118 0
119 1
120 0
121 1
122 1
123 1
124 0
125 1
126 0
127 1
128 1
129 2
130 0
131 2
132 0
133 1
134 2
135 0
136 0
137 1
138 0
139 2
140 0
141 1
142 1
143 3
144 1
145 2
146 0
147 0
148 1
149 3
150 1
151 2
152 0
153 2
154 0
155 1
156 3
157 0
158 1
159 2
160 0
161 0
162 1
163 0
164 1
165 2
166 4
167 1
168 1
169 1
170 0
171 3
172 1
173 0
174 0
175 4
176 0
177 0
178 1
179 0
180 0
181 0
182 1
183 2
184 0
185 0
186 0
187 0
188 0
189 0
190 0
191 2
192 0
193 0
194 0
195 0
196 0
197 1
198 0
199 1
200 0
201 0
202 0
203 0
204 0
205 0
206 0
207 0
208 1
209 0
210 0
211 0
212 0
213 0
214 0
215 0
216 1
217 0
218 0
219 0
220 0
221 0
222 0
223 0
224 1
225 0
226 0
227 0
228 0
229 0
230 0
231 0
232 0
233 0
234 0
235 0
236 0
237 0
238 0
239 0
240 0
241 0
242 0
243 0
244 0
245 0
246 0
247 0
248 0
249 0
250 0
251 0
252 0
253 0
254 0
255 0
256 0
257 0
258 0
259 0
260 0
261 0
262 0
263 0
264 0
265 0
266 0
267 0
268 0
269 0
270 0
271 0
272 0
273 0
274 0
275 0
276 0
277 0
278 0
279 0
280 0
281 0
282 0
283 0
284 0
285 0
286 0
287 0
288 0
289 0
290 0
291 0
292 0
293 0
294 0
295 0
296 0
297 0
298 0
299 0
300 0
301 0
302 0
303 0
304 0
305 0
306 0
307 0
308 0
309 0
310 0
311 0
312 0
313 0
314 0
315 0
316 0
317 0
318 0
319 0
320 0
321 0
322 0
323 0
324 0
325 0
326 0
327 0
328 0
329 0
330 0
331 0
332 0
333 0
334 0
335 0
336 0
337 0
338 0
339 0
340 0
341 0
342 0
343 0
344 0
345 0
346 0
347 0
348 0
349 0
350 0
351 0
352 0
353 0
354 0
355 0
356 0
357 0
358 0
359 0
360 0
361 0
362 0
363 0
364 0
365 0
366 0
367 0
368 0
369 0
370 0
371 0
372 0
373 0
