0 0
1 0
2 0
3 0
4 0
5 0
6 0
7 0
8 0
9 0
10 0
11 0
12 0
13 0
14 0
15 0
16 0
17 0
18 1
19 0
20 0
21 0
22 0
23 0
24 0
25 0
26 1
27 0
28 0
29 1
30 0
31 1
32 1
33 3
34 0
35 2
36 0
37 0
38 3
39 2
40 1
41 0
42 0
43 0
44 1
45 3
46 0
47 1
48 1
49 1
50 1
51 2
52 4
53 3
54 2
55 1
56 1
57 3
58 2
59 0
60 1
61 1
62 1
63 2
64 2
65 0
66 2
67 2
68 0
69 1
70 1
71 1
72 2
73 1
74 0
75 0
76 2
77 1
78 0
79 1
80 1
81 0
82 1
83 1
84 2
85 0
86 1
87 1
88 0
89 3
90 2
91 3
92 0
93 1
94 1
95 3
96 2
97 0
98 2
99 1
100 2
101 2
102 2
103 3
104 0
105 0
106 2
107 2
108 3
109 3
110 1
111 1
112 0
113 1
114 1
115 2
116 1
117 0
118 0
119 0
120 2
121 1
122 2
123 0
124 0
125 0
126 0
127 1
128 1
129 1
130 1
131 2
132 0
133 1
134 2
135 4
136 5
137 4
138 2
139 0
140 2
141 0
142 0
143 1
144 2
145 0
146 0
147 1
148 2
149 1
150 0
151 1
152 0
153 0
154 0
155 0
156 1
157 0
158 0
159 3
160 2
161 2
162 0
163 0
164 0
165 0
166 1
167 0
168 1
169 1
170 0
171 0
172 1
173 2
174 0
175 2
176 0
177 0
178 1
179 0
180 0
181 0
182 2
183 2
184 0
185 1
186 0
187 0
188 0
189 0
190 0
191 0
192 0
193 1
194 1
195 1
196 0
197 2
198 0
199 0
200 0
201 1
202 0
203 2
204 1
205 1
206 4
207 1
208 2
209 1
210 0
211 1
212 1
213 2
214 1
215 0
216 0
217 0
218 0
219 2
220 2
221 0
222 0
223 0
224 0
225 0
226 0
227 0
228 0
229 0
230 0
231 0
232 0
233 0
234 0
235 0
236 0
237 2
238 0
239 0
240 0
241 1
242 0
243 0
244 0
245 0
246 0
247 0
248 0
249 0
250 0
251 0
252 0
253 0
254 0
255 0
256 0
257 0
258 0
259 0
260 0
261 0
262 0
263 0
264 0
265 0
266 0
267 0
268 0
269 0
270 0
271 0
272 0
273 0
274 0
275 0
276 0
277 0
278 0
279 0
280 0
281 0
282 0
283 0
284 0
285 0
286 0
287 0
288 0
289 0
290 0
291 0
292 0
293 0
294 0
295 0
296 0
297 0
298 0
299 0
300 0
301 0
302 0
303 0
304 0
305 0
306 0
307 0
308 0
309 0
310 0
311 0
312 0
313 0
314 0
315 0
316 0
317 0
318 0
319 0
320 0
321 0
322 0
323 0
324 0
325 0
326 0
327 0
328 0
329 0
330 0
331 0
332 0
333 0
334 0
335 0
336 0
337 0
338 0
339 0
340 0
341 0
342 0
343 0
344 0
345 0
346 0
347 0
348 0
349 0
350 0
351 0
352 0
353 0
