0 0
1 0
2 0
3 0
4 0
5 0
6 0
7 0
8 1
9 0
10 0
11 1
12 0
13 0
14 0
15 0
16 0
17 1
18 3
19 1
20 0
21 1
22 0
23 0
24 1
25 0
26 0
27 0
28 0
29 0
30 0
31 0
32 0
33 0
34 0
35 0
36 1
37 1
38 1
39 3
40 2
41 1
42 1
43 1
44 1
45 1
46 0
47 2
48 3
49 1
50 3
51 2
52 0
53 3
54 0
55 3
56 2
57 3
58 3
59 1
60 2
61 1
62 4
63 3
64 0
65 2
66 0
67 0
68 1
69 2
70 2
71 1
72 0
73 1
74 0
75 0
76 0
77 1
78 0
79 0
80 0
81 0
82 0
83 0
84 0
85 1
86 0
87 1
88 0
89 0
90 0
91 0
92 2
93 0
94 0
95 0
96 1
97 1
98 1
99 0
100 0
101 0
102 0
103 0
104 0
105 0
106 0
107 0
108 0
109 0
110 0
111 0
112 0
113 1
114 0
115 0
116 0
117 0
118 0
119 1
120 0
121 0
122 0
123 0
124 0
125 0
126 0
127 0
128 0
129 0
130 0
131 0
132 0
133 0
134 1
135 0
136 0
137 0
138 1
139 0
140 1
141 0
142 0
143 0
144 0
145 0
146 0
147 0
148 5
149 2
150 0
151 0
152 0
153 0
154 0
155 2
156 0
157 2
158 1
159 0
160 0
161 2
162 0
163 0
164 0
165 2
166 1
167 2
168 2
169 0
170 0
171 0
172 0
173 2
174 0
175 0
176 1
177 1
178 0
179 0
180 1
181 2
182 1
183 1
184 1
185 0
186 1
187 0
188 1
189 3
190 0
191 0
192 0
193 0
194 0
195 0
196 2
197 1
198 1
199 2
200 1
201 2
202 3
203 2
204 0
205 2
206 1
207 2
208 2
209 1
210 1
211 2
212 0
213 0
214 0
215 0
216 0
217 1
218 0
219 2
220 2
221 2
222 1
223 1
224 2
225 1
226 0
227 2
228 1
229 1
230 0
231 3
232 0
233 0
234 1
235 0
236 2
237 2
238 0
239 2
240 2
241 3
242 0
243 0
244 1
245 0
246 3
247 1
248 1
249 2
250 2
251 3
252 6
253 0
254 1
255 1
256 3
257 1
258 2
259 1
260 3
261 2
262 2
263 2
264 2
265 2
266 3
267 2
268 1
269 2
270 3
271 1
272 2
273 1
274 5
275 0
276 2
277 3
278 3
279 7
280 6
281 3
282 9
283 3
284 9
285 7
286 7
287 12
288 4
289 14
290 11
291 10
292 8
293 6
294 5
295 3
296 9
297 6
298 3
299 3
300 4
301 2
302 3
303 3
304 0
305 0
306 1
307 2
308 0
309 0
310 0
311 0
312 0
313 0
314 0
315 0
316 0
317 0
318 0
319 0
320 0
321 0
322 0
323 0
324 0
325 0
326 0
327 0
328 0
329 0
330 0
331 0
332 0
333 0
334 0
335 0
336 0
337 0
338 0
339 0
340 0
341 0
342 0
343 0
344 0
345 0
346 0
347 0
348 0
349 0
350 0
351 0
352 0
353 0
354 0
355 0
356 0
357 0
358 0
359 0
360 0
361 0
362 0
363 0
364 0
365 0
366 0
367 0
368 0
369 0
370 0
371 0
372 0
373 0
374 0
375 0
376 0
377 0
378 0
379 0
380 0
381 0
382 0
383 0
384 0
385 0
386 0
387 0
