0 0
1 0
2 0
3 0
4 0
5 0
6 0
7 0
8 0
9 0
10 0
11 0
12 0
13 0
14 0
15 0
16 0
17 0
18 0
19 0
20 0
21 0
22 0
23 0
24 0
25 0
26 0
27 0
28 0
29 0
30 0
31 1
32 0
33 1
34 0
35 1
36 2
37 0
38 1
39 2
40 0
41 2
42 0
43 0
44 0
45 2
46 0
47 2
48 2
49 3
50 0
51 1
52 1
53 2
54 0
55 0
56 0
57 0
58 0
59 0
60 0
61 4
62 1
63 1
64 1
65 3
66 3
67 0
68 1
69 0
70 0
71 3
72 2
73 0
74 3
75 1
76 4
77 2
78 1
79 2
80 3
81 4
82 0
83 0
84 4
85 0
86 2
87 2
88 0
89 1
90 3
91 1
92 1
93 0
94 0
95 1
96 0
97 3
98 1
99 1
100 0
101 3
102 0
103 0
104 3
105 0
106 0
107 2
108 3
109 1
110 1
111 1
112 1
113 6
114 3
115 4
116 4
117 1
118 2
119 4
120 4
121 3
122 3
123 1
124 8
125 5
126 3
127 2
128 2
129 2
130 0
131 6
132 1
133 4
134 7
135 5
136 7
137 3
138 2
139 6
140 8
141 6
142 5
143 8
144 2
145 7
146 7
147 4
148 9
149 14
150 6
151 9
152 5
153 6
154 8
155 11
156 5
157 3
158 5
159 4
160 5
161 4
162 5
163 10
164 7
165 7
166 13
167 7
168 6
169 5
170 7
171 3
172 4
173 5
174 3
175 6
176 6
177 3
178 8
179 9
180 8
181 6
182 7
183 3
184 6
185 7
186 7
187 1
188 4
189 10
190 11
191 8
192 7
193 8
194 6
195 10
196 10
197 0
198 4
199 3
200 2
201 3
202 4
203 7
204 5
205 5
206 5
207 4
208 7
209 4
210 2
211 8
212 5
213 4
214 3
215 4
216 3
217 5
218 7
219 5
220 6
221 4
222 3
223 2
224 2
225 4
226 1
227 6
228 6
229 1
230 6
231 3
232 3
233 0
234 4
235 4
236 7
237 2
238 3
239 4
240 3
241 3
242 3
243 5
244 1
245 3
246 1
247 3
248 4
249 1
250 1
251 1
252 2
253 2
254 1
255 4
256 4
257 1
258 1
259 3
260 1
261 1
262 1
263 2
264 1
265 0
266 0
267 1
268 1
269 0
270 1
271 2
272 6
273 3
274 1
275 1
276 2
277 0
278 0
279 2
280 0
281 0
282 1
283 0
284 1
285 2
286 1
287 0
288 0
289 1
290 0
291 2
292 1
293 1
294 1
295 1
296 1
297 0
298 1
299 0
300 0
301 0
302 0
303 0
304 0
305 0
306 0
307 0
308 0
309 1
310 0
311 0
312 0
313 0
314 0
315 0
316 0
317 0
318 0
319 0
320 0
321 0
322 0
323 0
324 0
325 0
326 0
327 0
328 0
329 0
330 0
331 0
332 0
333 0
334 0
335 0
336 0
337 0
338 0
339 0
340 0
341 0
342 0
343 0
344 0
345 0
346 0
347 0
348 0
