0 0
1 0
2 1
3 0
4 0
5 0
6 0
7 0
8 0
9 0
10 0
11 0
12 0
13 0
14 0
15 0
16 0
17 0
18 0
19 0
20 0
21 0
22 0
23 1
24 1
25 1
26 0
27 0
28 0
29 2
30 0
31 0
32 0
33 2
34 1
35 1
36 1
37 1
38 1
39 1
40 0
41 1
42 1
43 1
44 1
45 0
46 0
47 2
48 0
49 0
50 0
51 1
52 0
53 0
54 0
55 0
56 0
57 0
58 0
59 0
60 0
61 0
62 1
63 0
64 1
65 0
66 0
67 0
68 0
69 0
70 0
71 1
72 0
73 0
74 0
75 0
76 0
77 0
78 0
79 1
80 0
81 0
82 0
83 0
84 0
85 0
86 0
87 1
88 0
89 0
90 0
91 0
92 0
93 0
94 0
95 0
96 0
97 0
98 0
99 0
100 1
101 0
102 1
103 0
104 0
105 0
106 0
107 0
108 0
109 0
110 0
111 0
112 0
113 0
114 0
115 1
116 0
117 0
118 0
119 0
120 0
121 0
122 0
123 0
124 0
125 0
126 0
127 0
128 0
129 1
130 0
131 0
132 0
133 2
134 0
135 0
136 0
137 0
138 1
139 0
140 0
141 0
142 0
143 1
144 0
145 0
146 0
147 0
148 0
149 0
150 0
151 0
152 0
153 0
154 0
155 0
156 0
157 0
158 0
159 0
160 0
161 0
162 0
163 1
164 0
165 0
166 0
167 1
168 0
169 0
170 1
171 1
172 1
173 0
174 0
175 2
176 0
177 0
178 0
179 0
180 0
181 2
182 0
183 0
184 0
185 0
186 1
187 0
188 1
189 1
190 1
191 1
192 2
193 1
194 1
195 3
196 2
197 0
198 0
199 0
200 1
201 1
202 0
203 2
204 2
205 3
206 0
207 1
208 1
209 1
210 2
211 1
212 0
213 0
214 0
215 1
216 1
217 3
218 3
219 1
220 0
221 1
222 1
223 4
224 1
225 0
226 1
227 2
228 1
229 2
230 1
231 0
232 2
233 0
234 5
235 3
236 3
237 0
238 1
239 2
240 0
241 2
242 2
243 1
244 4
245 2
246 1
247 1
248 1
249 1
250 1
251 0
252 0
253 1
254 0
255 2
256 0
257 0
258 0
259 2
260 3
261 2
262 1
263 1
264 1
265 0
266 0
267 1
268 0
269 0
270 1
271 0
272 0
273 1
274 1
275 0
276 1
277 0
278 2
279 0
280 2
281 1
282 0
283 0
284 0
285 0
286 0
287 0
288 0
289 1
290 0
291 2
292 2
293 2
294 1
295 2
296 0
297 0
298 1
299 0
300 0
301 1
302 0
303 0
304 0
305 0
306 0
307 0
308 0
309 0
310 0
311 0
312 0
313 0
314 0
315 0
316 0
317 0
318 0
319 0
320 0
321 0
322 0
323 0
324 0
325 0
326 0
327 0
328 0
329 0
330 0
331 0
332 0
333 0
334 0
335 0
336 0
337 0
338 0
339 0
340 0
341 0
342 0
343 0
344 0
345 0
346 0
347 0
348 0
349 0
350 0
351 0
352 0
353 0
354 0
355 0
356 0
357 0
358 0
359 0
360 0
361 0
362 0
363 0
364 0
365 0
366 0
367 0
368 0
369 0
370 0
371 0
372 0
373 0
374 0
375 0
376 0
377 0
378 0
379 0
380 0
381 0
382 0
383 0
384 0
385 0
386 0
387 0
