0 0
1 0
2 0
3 0
4 0
5 0
6 0
7 0
8 0
9 0
10 0
11 0
12 0
13 0
14 0
15 0
16 0
17 1
18 0
19 0
20 1
21 0
22 0
23 0
24 0
25 0
26 0
27 1
28 0
29 0
30 0
31 1
32 0
33 3
34 1
35 0
36 1
37 0
38 2
39 1
40 3
41 1
42 1
43 0
44 1
45 2
46 3
47 0
48 3
49 4
50 3
51 2
52 4
53 2
54 2
55 1
56 4
57 0
58 1
59 3
60 3
61 2
62 1
63 0
64 4
65 2
66 2
67 3
68 2
69 7
70 0
71 1
72 2
73 2
74 2
75 1
76 1
77 2
78 3
79 4
80 2
81 2
82 0
83 1
84 1
85 1
86 3
87 1
88 3
89 3
90 1
91 2
92 3
93 2
94 3
95 2
96 4
97 1
98 2
99 1
100 3
101 0
102 6
103 5
104 3
105 2
106 1
107 2
108 5
109 1
110 2
111 1
112 3
113 3
114 3
115 2
116 5
117 2
118 3
119 1
120 1
121 1
122 1
123 3
124 2
125 0
126 1
127 2
128 0
129 2
130 0
131 1
132 4
133 1
134 3
135 0
136 1
137 2
138 1
139 0
140 0
141 2
142 1
143 0
144 0
145 0
146 1
147 0
148 1
149 2
150 1
151 0
152 0
153 2
154 1
155 0
156 1
157 1
158 2
159 3
160 2
161 2
162 2
163 1
164 0
165 1
166 0
167 0
168 0
169 0
170 0
171 0
172 1
173 0
174 0
175 0
176 3
177 3
178 1
179 1
180 3
181 1
182 1
183 1
184 0
185 3
186 0
187 0
188 0
189 0
190 0
191 0
192 1
193 0
194 0
195 0
196 0
197 0
198 0
199 0
200 0
201 0
202 0
203 0
204 0
205 0
206 0
207 0
208 0
209 0
210 0
211 0
212 0
213 0
214 0
215 0
216 0
217 0
218 0
219 0
220 0
221 0
222 0
223 0
224 0
225 0
226 0
227 0
228 0
229 0
230 0
231 0
232 0
233 0
234 0
235 0
236 0
237 0
238 0
239 0
240 0
241 0
242 0
243 0
244 0
245 0
246 0
247 0
248 0
249 0
250 0
251 0
252 0
253 0
254 0
255 0
256 0
257 0
258 0
259 0
260 0
261 0
262 0
263 0
264 0
265 0
266 0
267 0
268 0
269 0
270 0
271 0
272 0
273 0
274 0
275 0
276 0
277 0
278 0
279 0
280 0
281 0
282 0
283 0
284 0
285 0
286 0
287 0
288 0
289 0
290 0
291 0
292 0
293 0
294 0
295 0
296 0
297 0
298 0
299 0
300 0
301 0
302 0
303 0
304 0
305 0
306 0
307 0
308 0
309 0
310 0
311 0
312 0
313 0
314 0
315 0
316 0
317 0
318 0
319 0
320 0
321 0
322 0
323 0
324 0
325 0
326 0
327 0
328 0
329 0
330 0
331 0
332 0
333 0
334 0
335 0
336 0
337 0
338 0
