0 0
1 0
2 0
3 0
4 0
5 0
6 1
7 0
8 0
9 0
10 0
11 0
12 1
13 0
14 1
15 1
16 0
17 0
18 0
19 4
20 2
21 2
22 6
23 3
24 6
25 8
26 4
27 5
28 1
29 6
30 5
31 3
32 6
33 7
34 11
35 5
36 3
37 4
38 8
39 3
40 4
41 3
42 5
43 6
44 2
45 10
46 2
47 5
48 8
49 9
50 2
51 8
52 3
53 10
54 4
55 1
56 1
57 2
58 3
59 4
60 2
61 4
62 5
63 4
64 7
65 2
66 3
67 1
68 2
69 3
70 1
71 0
72 3
73 2
74 2
75 3
76 7
77 6
78 10
79 3
80 2
81 3
82 4
83 2
84 2
85 1
86 2
87 3
88 0
89 1
90 1
91 0
92 0
93 0
94 2
95 2
96 0
97 2
98 1
99 0
100 3
101 0
102 0
103 2
104 2
105 1
106 1
107 1
108 1
109 1
110 1
111 0
112 0
113 1
114 0
115 0
116 0
117 0
118 1
119 0
120 0
121 0
122 0
123 3
124 0
125 1
126 0
127 0
128 0
129 1
130 0
131 1
132 0
133 0
134 1
135 1
136 1
137 2
138 0
139 0
140 1
141 0
142 1
143 0
144 0
145 0
146 0
147 0
148 0
149 0
150 0
151 0
152 0
153 0
154 0
155 0
156 0
157 0
158 0
159 0
160 0
161 0
162 0
163 0
164 0
165 0
166 0
167 0
168 0
169 0
170 0
171 0
172 0
173 0
174 0
175 0
176 0
177 0
178 0
179 0
180 0
181 0
182 1
183 1
184 0
185 1
186 0
187 0
188 1
189 0
190 0
191 0
192 0
193 0
194 0
195 1
196 0
197 1
198 0
199 0
200 0
201 0
202 0
203 0
204 0
205 0
206 0
207 1
208 0
209 0
210 0
211 0
212 0
213 0
214 0
215 0
216 0
217 0
218 0
219 0
220 0
221 0
222 0
223 0
224 0
225 0
226 0
227 0
228 0
229 0
230 0
231 0
232 0
233 0
234 0
235 0
236 0
237 0
238 0
239 0
240 0
241 0
242 0
243 0
244 0
245 0
246 0
247 0
248 0
249 0
250 0
251 0
252 0
253 0
254 0
255 0
256 0
257 0
258 0
259 0
260 0
261 0
262 0
263 0
264 0
265 0
266 0
267 0
268 0
269 0
270 0
271 0
272 0
273 0
274 0
275 0
276 0
277 0
278 0
279 0
280 0
281 0
282 0
283 0
284 0
285 0
286 0
287 0
288 0
289 0
290 0
291 0
292 0
293 0
294 0
295 0
296 0
297 0
298 0
299 0
300 0
301 0
302 0
303 0
304 0
305 0
306 0
307 0
308 0
309 0
310 0
311 0
312 0
313 0
314 0
315 0
316 0
317 0
318 0
319 0
320 0
321 0
322 0
323 0
324 0
325 0
326 0
327 0
328 0
329 0
330 0
331 0
332 0
333 0
334 0
335 0
336 0
337 0
338 0
339 0
340 0
341 0
342 0
343 0
344 0
345 0
346 0
347 0
348 0
349 0
350 0
351 0
352 0
353 0
354 0
355 0
356 0
357 0
358 0
359 0
360 0
361 0
362 0
363 0
364 0
365 0
366 0
367 0
368 0
369 0
370 0
371 0
372 0
373 0
374 0
375 0
376 0
377 0
378 0
379 0
380 0
381 0
382 0
383 0
384 0
