0 0
1 0
2 0
3 0
4 0
5 0
6 0
7 0
8 0
9 0
10 0
11 0
12 0
13 0
14 0
15 0
16 0
17 0
18 0
19 0
20 0
21 0
22 0
23 0
24 0
25 0
26 1
27 0
28 0
29 1
30 0
31 0
32 0
33 0
34 0
35 0
36 0
37 0
38 1
39 2
40 0
41 1
42 0
43 3
44 2
45 0
46 2
47 0
48 1
49 2
50 1
51 0
52 1
53 2
54 1
55 0
56 0
57 1
58 0
59 0
60 0
61 2
62 0
63 0
64 0
65 0
66 0
67 1
68 0
69 0
70 0
71 0
72 1
73 0
74 2
75 0
76 2
77 1
78 4
79 2
80 0
81 0
82 0
83 0
84 0
85 1
86 0
87 1
88 2
89 0
90 0
91 1
92 1
93 1
94 1
95 0
96 1
97 0
98 0
99 0
100 0
101 1
102 1
103 0
104 2
105 2
106 2
107 1
108 2
109 4
110 3
111 3
112 2
113 4
114 4
115 4
116 1
117 0
118 1
119 0
120 4
121 3
122 3
123 0
124 0
125 1
126 0
127 0
128 0
129 1
130 3
131 2
132 1
133 4
134 2
135 12
136 5
137 3
138 5
139 6
140 5
141 4
142 1
143 4
144 1
145 0
146 4
147 5
148 3
149 9
150 7
151 2
152 2
153 6
154 2
155 4
156 1
157 0
158 1
159 3
160 1
161 0
162 0
163 2
164 2
165 2
166 1
167 1
168 0
169 0
170 1
171 0
172 0
173 0
174 0
175 0
176 0
177 0
178 0
179 0
180 0
181 0
182 0
183 0
184 1
185 0
186 0
187 0
188 0
189 0
190 0
191 0
192 0
193 0
194 0
195 0
196 0
197 0
198 0
199 0
200 0
201 0
202 0
203 0
204 0
205 0
206 0
207 0
208 0
209 0
210 0
211 0
212 0
213 0
214 0
215 0
216 0
217 0
218 0
219 0
220 0
221 0
222 0
223 0
224 0
225 0
226 0
227 0
228 0
229 0
230 0
231 0
232 0
233 0
234 0
235 0
236 0
237 0
238 0
239 0
240 0
241 0
242 0
243 0
244 0
245 0
246 0
247 0
248 0
249 0
250 0
251 0
252 0
253 0
254 0
255 0
256 0
257 0
258 0
259 0
260 0
261 0
262 0
263 0
264 0
265 0
266 0
267 0
268 0
269 0
270 0
271 0
272 0
273 0
274 0
275 0
276 0
277 0
278 0
279 0
280 0
281 0
282 0
283 0
284 0
285 0
286 0
287 0
288 0
289 0
290 0
291 0
292 0
293 0
294 0
295 0
296 0
297 0
298 0
299 0
300 0
301 0
302 0
303 0
304 0
305 0
306 0
307 0
308 0
309 0
310 0
311 0
312 0
313 0
314 0
315 0
316 0
317 0
318 0
319 0
320 0
321 0
322 0
323 0
324 0
325 0
326 0
327 0
328 0
329 0
330 0
331 0
332 0
333 0
334 0
335 0
336 0
337 0
338 0
339 0
340 0
341 0
342 0
343 0
344 0
345 0
346 0
347 0
348 0
349 0
350 0
351 0
352 0
353 0
354 0
355 0
356 0
357 0
358 0
359 0
360 0
361 0
362 0
363 0
364 0
365 0
366 0
367 0
368 0
369 0
370 0
