0 0
1 0
2 0
3 0
4 0
5 0
6 0
7 0
8 0
9 0
10 0
11 0
12 0
13 0
14 0
15 0
16 0
17 0
18 0
19 0
20 0
21 0
22 0
23 0
24 0
25 0
26 0
27 0
28 1
29 0
30 2
31 1
32 0
33 0
34 0
35 0
36 0
37 1
38 0
39 1
40 0
41 1
42 1
43 1
44 1
45 0
46 0
47 0
48 0
49 0
50 0
51 1
52 0
53 2
54 1
55 1
56 1
57 0
58 1
59 0
60 1
61 0
62 3
63 1
64 0
65 2
66 2
67 3
68 0
69 2
70 2
71 2
72 1
73 0
74 4
75 1
76 1
77 0
78 2
79 2
80 4
81 2
82 4
83 3
84 1
85 1
86 2
87 2
88 2
89 0
90 2
91 2
92 2
93 2
94 1
95 1
96 3
97 1
98 0
99 2
100 2
101 2
102 1
103 0
104 1
105 1
106 3
107 2
108 2
109 5
110 4
111 3
112 5
113 2
114 4
115 2
116 1
117 2
118 1
119 2
120 2
121 3
122 2
123 1
124 0
125 1
126 1
127 0
128 1
129 1
130 3
131 2
132 0
133 0
134 1
135 1
136 1
137 4
138 0
139 1
140 1
141 1
142 1
143 1
144 0
145 1
146 2
147 2
148 3
149 0
150 3
151 1
152 2
153 6
154 7
155 2
156 4
157 4
158 4
159 4
160 2
161 1
162 3
163 5
164 3
165 4
166 6
167 2
168 6
169 4
170 2
171 1
172 4
173 3
174 1
175 3
176 0
177 0
178 2
179 0
180 1
181 2
182 0
183 0
184 3
185 0
186 5
187 2
188 5
189 4
190 8
191 6
192 13
193 12
194 5
195 10
196 3
197 8
198 10
199 4
200 7
201 6
202 8
203 8
204 10
205 14
206 8
207 18
208 8
209 20
210 16
211 11
212 20
213 27
214 32
215 28
216 31
217 45
218 32
219 34
220 31
221 34
222 31
223 22
224 24
225 16
226 28
227 35
228 39
229 35
230 34
231 31
232 33
233 43
234 24
235 26
236 25
237 16
238 13
239 17
240 6
241 7
242 7
243 2
244 5
245 8
246 7
247 11
248 9
249 9
250 6
251 3
252 3
253 4
254 10
255 10
256 5
257 8
258 3
259 1
260 1
261 2
262 1
263 1
264 0
265 2
266 2
267 2
268 4
269 2
270 3
271 0
272 5
273 0
274 1
275 3
276 0
277 1
278 0
279 1
280 1
281 0
282 0
283 0
284 1
285 1
286 0
287 2
288 1
289 0
290 1
291 0
292 1
293 0
294 0
295 0
296 1
297 0
298 1
299 0
300 0
301 0
302 0
303 0
304 0
305 0
306 0
307 0
308 0
309 0
310 0
311 0
312 0
313 0
314 0
315 0
316 0
317 0
318 0
319 0
320 0
321 0
322 0
323 0
324 0
325 0
326 0
327 0
328 0
329 0
330 0
331 0
332 0
333 0
334 0
335 0
336 0
337 0
338 0
339 0
340 0
341 0
342 0
343 0
344 0
345 0
346 0
347 0
348 0
349 0
350 0
351 0
352 0
353 0
354 0
355 0
356 0
357 0
358 0
359 0
360 0
361 0
362 0
363 0
364 0
365 0
366 0
367 0
368 0
