0 0
1 0
2 0
3 0
4 0
5 0
6 0
7 0
8 0
9 0
10 0
11 0
12 0
13 0
14 0
15 0
16 1
17 0
18 0
19 0
20 0
21 0
22 0
23 0
24 0
25 0
26 0
27 0
28 0
29 0
30 0
31 0
32 0
33 0
34 1
35 1
36 0
37 0
38 1
39 3
40 1
41 1
42 0
43 0
44 0
45 0
46 0
47 1
48 1
49 2
50 5
51 1
52 3
53 0
54 2
55 3
56 1
57 0
58 0
59 2
60 0
61 2
62 0
63 0
64 1
65 2
66 1
67 1
68 0
69 2
70 1
71 1
72 2
73 1
74 1
75 0
76 3
77 2
78 1
79 3
80 3
81 1
82 0
83 1
84 1
85 1
86 1
87 2
88 0
89 1
90 4
91 2
92 1
93 1
94 3
95 1
96 3
97 0
98 0
99 0
100 2
101 3
102 0
103 0
104 0
105 0
106 1
107 1
108 1
109 1
110 1
111 1
112 0
113 2
114 2
115 1
116 1
117 1
118 0
119 0
120 4
121 3
122 3
123 3
124 2
125 2
126 2
127 3
128 0
129 3
130 1
131 0
132 0
133 0
134 2
135 0
136 1
137 1
138 2
139 1
140 1
141 1
142 0
143 1
144 2
145 0
146 2
147 2
148 1
149 1
150 2
151 3
152 0
153 3
154 1
155 1
156 0
157 1
158 4
159 2
160 3
161 4
162 4
163 5
164 6
165 5
166 3
167 6
168 0
169 3
170 1
171 3
172 6
173 7
174 6
175 2
176 6
177 2
178 5
179 3
180 3
181 4
182 4
183 1
184 4
185 0
186 1
187 1
188 1
189 1
190 1
191 2
192 0
193 0
194 0
195 0
196 0
197 0
198 0
199 0
200 0
201 0
202 2
203 0
204 2
205 0
206 0
207 2
208 1
209 1
210 0
211 1
212 1
213 0
214 2
215 2
216 1
217 2
218 1
219 0
220 0
221 2
222 0
223 1
224 0
225 0
226 0
227 0
228 0
229 0
230 0
231 2
232 0
233 0
234 0
235 1
236 1
237 0
238 0
239 0
240 0
241 0
242 0
243 0
244 0
245 0
246 0
247 0
248 0
249 0
250 0
251 0
252 1
253 1
254 0
255 2
256 0
257 0
258 0
259 0
260 0
261 0
262 0
263 0
264 0
265 0
266 0
267 0
268 0
269 0
270 0
271 0
272 0
273 0
274 0
275 0
276 0
277 0
278 0
279 0
280 0
281 0
282 0
283 0
284 0
285 0
286 0
287 0
288 0
289 0
290 0
291 0
292 0
293 0
294 0
295 0
296 0
297 0
298 0
299 0
300 0
301 0
302 0
303 0
304 0
305 0
306 0
307 0
308 0
309 0
310 0
311 0
312 0
313 0
314 0
315 0
316 0
317 0
318 0
319 0
320 0
321 0
322 0
323 0
324 0
325 0
326 0
327 0
328 0
329 0
330 0
331 0
332 0
333 0
334 0
335 0
336 0
337 0
338 0
339 0
340 0
341 0
342 0
343 0
344 0
345 0
346 0
347 0
348 0
349 0
350 0
351 0
352 0
353 0
354 0
355 0
356 0
357 0
358 0
359 0
360 0
361 0
362 0
363 0
364 0
