0 0
1 0
2 0
3 0
4 0
5 0
6 0
7 0
8 1
9 0
10 0
11 0
12 0
13 0
14 0
15 0
16 0
17 0
18 0
19 1
20 1
21 0
22 0
23 1
24 0
25 0
26 0
27 1
28 0
29 0
30 0
31 0
32 1
33 0
34 1
35 1
36 1
37 1
38 2
39 0
40 1
41 1
42 1
43 1
44 0
45 0
46 0
47 1
48 1
49 0
50 0
51 2
52 1
53 0
54 1
55 2
56 1
57 0
58 2
59 0
60 0
61 0
62 1
63 2
64 3
65 1
66 1
67 1
68 1
69 0
70 5
71 1
72 1
73 2
74 1
75 3
76 0
77 1
78 0
79 4
80 2
81 3
82 2
83 3
84 0
85 5
86 2
87 3
88 1
89 1
90 4
91 2
92 2
93 2
94 1
95 2
96 1
97 3
98 1
99 2
100 2
101 3
102 0
103 2
104 0
105 0
106 2
107 0
108 4
109 0
110 4
111 2
112 1
113 5
114 2
115 0
116 2
117 2
118 1
119 1
120 3
121 4
122 4
123 2
124 4
125 2
126 1
127 3
128 2
129 2
130 2
131 3
132 7
133 1
134 3
135 1
136 0
137 3
138 0
139 2
140 1
141 4
142 1
143 3
144 3
145 0
146 0
147 1
148 3
149 2
150 3
151 1
152 2
153 0
154 6
155 4
156 2
157 2
158 4
159 5
160 2
161 1
162 7
163 4
164 10
165 6
166 6
167 5
168 1
169 4
170 5
171 2
172 9
173 3
174 4
175 6
176 4
177 3
178 2
179 2
180 3
181 1
182 2
183 0
184 4
185 3
186 3
187 2
188 12
189 4
190 5
191 8
192 11
193 10
194 12
195 12
196 9
197 9
198 8
199 5
200 10
201 12
202 8
203 9
204 13
205 14
206 17
207 22
208 16
209 29
210 13
211 29
212 25
213 32
214 28
215 24
216 28
217 20
218 31
219 19
220 23
221 32
222 41
223 45
224 39
225 30
226 26
227 23
228 23
229 19
230 33
231 31
232 28
233 45
234 49
235 43
236 34
237 47
238 45
239 38
240 28
241 23
242 20
243 17
244 9
245 10
246 4
247 12
248 5
249 2
250 7
251 5
252 3
253 6
254 3
255 4
256 3
257 7
258 9
259 7
260 4
261 7
262 6
263 7
264 3
265 1
266 8
267 4
268 4
269 3
270 4
271 4
272 2
273 1
274 1
275 1
276 5
277 4
278 2
279 5
280 1
281 1
282 0
283 1
284 1
285 1
286 0
287 1
288 0
289 0
290 0
291 0
292 0
293 1
294 0
295 0
296 0
297 0
298 0
299 1
300 1
301 0
302 0
303 0
304 0
305 0
306 0
307 0
308 0
309 0
310 0
311 0
312 0
313 0
314 0
315 0
316 0
317 0
318 0
319 0
320 0
321 0
322 0
323 0
324 0
325 0
326 0
327 0
328 0
329 0
330 0
331 0
332 0
333 0
334 0
335 0
336 0
337 0
338 0
339 0
340 0
341 0
342 0
343 0
344 0
345 0
346 0
347 0
348 0
349 0
350 0
351 0
352 0
353 0
354 0
355 0
356 0
357 0
358 0
359 0
360 0
361 0
362 0
363 0
364 0
365 0
366 0
367 0
368 0
369 0
370 0
371 0
372 0
373 0
374 0
375 0
376 0
