0 0
1 0
2 0
3 0
4 0
5 0
6 0
7 0
8 0
9 0
10 0
11 1
12 0
13 0
14 0
15 0
16 0
17 1
18 0
19 0
20 0
21 0
22 0
23 0
24 1
25 0
26 0
27 0
28 0
29 0
30 0
31 0
32 0
33 0
34 0
35 0
36 0
37 0
38 0
39 0
40 0
41 1
42 0
43 1
44 1
45 0
46 1
47 0
48 0
49 0
50 0
51 1
52 0
53 0
54 0
55 0
56 0
57 0
58 0
59 0
60 1
61 0
62 0
63 0
64 1
65 0
66 0
67 0
68 1
69 0
70 1
71 0
72 0
73 1
74 1
75 1
76 0
77 0
78 2
79 1
80 1
81 0
82 0
83 0
84 0
85 0
86 0
87 1
88 0
89 1
90 1
91 1
92 0
93 1
94 1
95 2
96 0
97 0
98 0
99 1
100 1
101 2
102 1
103 1
104 0
105 0
106 1
107 3
108 2
109 3
110 2
111 4
112 1
113 0
114 2
115 3
116 2
117 0
118 0
119 1
120 0
121 0
122 2
123 0
124 2
125 0
126 2
127 3
128 0
129 1
130 3
131 1
132 1
133 1
134 4
135 0
136 0
137 0
138 1
139 2
140 1
141 1
142 1
143 0
144 0
145 1
146 3
147 0
148 0
149 3
150 2
151 4
152 2
153 3
154 0
155 3
156 3
157 1
158 1
159 3
160 0
161 2
162 3
163 4
164 1
165 3
166 0
167 2
168 5
169 2
170 5
171 0
172 5
173 3
174 4
175 1
176 4
177 2
178 0
179 0
180 3
181 2
182 4
183 1
184 3
185 0
186 3
187 3
188 5
189 1
190 0
191 3
192 4
193 4
194 0
195 3
196 3
197 4
198 6
199 4
200 4
201 4
202 9
203 4
204 10
205 11
206 6
207 7
208 4
209 14
210 9
211 9
212 5
213 16
214 12
215 25
216 18
217 23
218 17
219 17
220 19
221 16
222 23
223 14
224 17
225 11
226 15
227 11
228 17
229 14
230 14
231 14
232 13
233 11
234 14
235 9
236 20
237 21
238 21
239 21
240 20
241 10
242 16
243 11
244 5
245 6
246 7
247 12
248 11
249 13
250 20
251 25
252 29
253 25
254 34
255 42
256 32
257 17
258 18
259 22
260 23
261 17
262 17
263 12
264 4
265 11
266 8
267 7
268 7
269 8
270 3
271 4
272 5
273 5
274 4
275 8
276 8
277 7
278 6
279 8
280 9
281 12
282 4
283 4
284 4
285 0
286 5
287 1
288 2
289 1
290 1
291 0
292 0
293 1
294 2
295 2
296 1
297 0
298 0
299 0
300 1
301 0
302 0
303 0
304 0
305 0
306 0
307 0
308 0
309 0
310 0
311 0
312 0
313 0
314 0
315 0
316 0
317 0
318 0
319 0
320 0
321 0
322 0
323 0
324 0
325 0
326 0
327 0
328 0
329 0
330 0
331 0
332 0
333 0
334 0
335 0
336 0
337 0
338 0
339 0
340 0
341 0
342 0
343 0
344 0
345 0
346 0
347 0
348 0
349 0
350 0
351 0
352 0
353 0
354 0
355 0
356 0
357 0
358 0
359 0
360 0
361 0
362 0
363 0
364 0
365 0
366 0
367 0
368 0
369 0
370 0
371 0
372 0
