0 0
1 0
2 0
3 0
4 0
5 0
6 1
7 0
8 0
9 0
10 0
11 0
12 0
13 0
14 0
15 0
16 0
17 0
18 0
19 0
20 0
21 0
22 0
23 0
24 0
25 0
26 0
27 0
28 0
29 0
30 0
31 0
32 0
33 0
34 0
35 2
36 0
37 0
38 1
39 2
40 1
41 0
42 2
43 0
44 1
45 0
46 1
47 3
48 3
49 1
50 5
51 1
52 5
53 3
54 2
55 2
56 8
57 5
58 1
59 3
60 3
61 3
62 5
63 6
64 7
65 4
66 0
67 1
68 3
69 2
70 4
71 1
72 3
73 0
74 3
75 2
76 0
77 3
78 3
79 2
80 8
81 1
82 5
83 5
84 0
85 4
86 1
87 6
88 0
89 1
90 1
91 1
92 0
93 3
94 1
95 1
96 1
97 0
98 1
99 1
100 1
101 1
102 1
103 2
104 0
105 1
106 2
107 2
108 0
109 1
110 1
111 0
112 2
113 0
114 0
115 0
116 1
117 0
118 0
119 0
120 1
121 0
122 0
123 0
124 0
125 1
126 0
127 0
128 2
129 2
130 1
131 0
132 0
133 0
134 2
135 0
136 0
137 1
138 0
139 0
140 0
141 0
142 0
143 0
144 0
145 0
146 2
147 0
148 2
149 1
150 0
151 1
152 1
153 0
154 2
155 0
156 0
157 0
158 1
159 1
160 0
161 1
162 0
163 0
164 1
165 0
166 0
167 3
168 1
169 1
170 0
171 3
172 0
173 0
174 2
175 0
176 0
177 1
178 0
179 1
180 0
181 0
182 2
183 1
184 3
185 0
186 0
187 3
188 3
189 2
190 0
191 2
192 2
193 2
194 2
195 1
196 1
197 2
198 0
199 0
200 1
201 1
202 1
203 4
204 1
205 1
206 3
207 1
208 0
209 0
210 2
211 1
212 3
213 0
214 0
215 3
216 1
217 2
218 2
219 0
220 1
221 0
222 1
223 0
224 2
225 1
226 0
227 0
228 1
229 2
230 3
231 2
232 5
233 3
234 0
235 2
236 4
237 2
238 5
239 4
240 2
241 4
242 1
243 4
244 4
245 4
246 2
247 4
248 6
249 4
250 2
251 5
252 4
253 4
254 5
255 3
256 3
257 0
258 1
259 1
260 2
261 1
262 0
263 2
264 3
265 0
266 1
267 1
268 1
269 0
270 0
271 1
272 1
273 0
274 0
275 0
276 0
277 0
278 0
279 0
280 1
281 0
282 0
283 0
284 0
285 0
286 0
287 0
288 0
289 0
290 0
291 0
292 0
293 0
294 0
295 0
296 0
297 0
298 0
299 0
300 0
301 0
302 0
303 0
304 0
305 0
306 0
307 0
308 0
309 0
310 0
311 0
312 0
313 0
314 0
315 0
316 0
317 0
318 0
319 0
320 0
321 0
322 0
323 0
324 0
325 0
326 0
327 0
328 0
329 0
330 0
331 0
332 0
333 0
334 0
335 0
336 0
337 0
338 0
339 0
340 0
341 0
342 0
343 0
344 0
345 0
346 0
347 0
348 0
349 0
350 0
351 0
352 0
353 0
354 0
355 0
356 0
357 0
358 0
359 0
360 0
361 0
362 0
363 0
364 0
365 0
366 0
367 0
368 0
369 0
370 0
371 0
372 0
373 0
374 0
375 0
376 0
377 0
