0 0
1 0
2 0
3 0
4 0
5 0
6 0
7 0
8 0
9 0
10 0
11 0
12 0
13 0
14 0
15 0
16 0
17 0
18 0
19 0
20 0
21 0
22 0
23 0
24 0
25 0
26 0
27 2
28 1
29 4
30 1
31 2
32 5
33 1
34 3
35 5
36 3
37 4
38 4
39 3
40 7
41 9
42 2
43 7
44 0
45 5
46 2
47 4
48 7
49 6
50 3
51 4
52 3
53 5
54 4
55 6
56 1
57 3
58 2
59 2
60 3
61 4
62 3
63 1
64 3
65 4
66 1
67 4
68 5
69 3
70 2
71 0
72 3
73 2
74 1
75 3
76 0
77 3
78 2
79 3
80 2
81 0
82 1
83 1
84 2
85 1
86 1
87 1
88 1
89 5
90 1
91 6
92 1
93 1
94 1
95 0
96 0
97 0
98 2
99 3
100 1
101 2
102 0
103 0
104 3
105 1
106 2
107 0
108 2
109 0
110 0
111 1
112 2
113 2
114 3
115 0
116 2
117 2
118 3
119 0
120 1
121 5
122 1
123 2
124 3
125 1
126 2
127 2
128 2
129 0
130 0
131 0
132 2
133 1
134 0
135 0
136 3
137 1
138 1
139 2
140 0
141 0
142 0
143 0
144 0
145 1
146 0
147 0
148 2
149 0
150 0
151 2
152 0
153 2
154 2
155 1
156 3
157 0
158 0
159 0
160 0
161 0
162 0
163 0
164 0
165 1
166 0
167 0
168 1
169 1
170 0
171 1
172 0
173 0
174 0
175 2
176 0
177 0
178 0
179 0
180 0
181 0
182 1
183 0
184 1
185 0
186 0
187 0
188 1
189 0
190 0
191 1
192 1
193 1
194 1
195 1
196 0
197 0
198 0
199 0
200 0
201 1
202 0
203 0
204 0
205 1
206 2
207 0
208 0
209 0
210 1
211 3
212 1
213 0
214 0
215 0
216 1
217 0
218 0
219 1
220 1
221 1
222 1
223 1
224 0
225 0
226 2
227 1
228 2
229 0
230 1
231 0
232 0
233 1
234 0
235 1
236 0
237 0
238 0
239 0
240 0
241 2
242 2
243 0
244 1
245 2
246 1
247 0
248 1
249 2
250 1
251 0
252 2
253 3
254 1
255 5
256 2
257 1
258 5
259 1
260 2
261 3
262 4
263 5
264 3
265 5
266 4
267 3
268 4
269 1
270 1
271 0
272 0
273 0
274 0
275 0
276 0
277 1
278 0
279 0
280 0
281 0
282 0
283 1
284 0
285 0
286 0
287 0
288 0
289 0
290 0
291 0
292 0
293 0
294 0
295 0
296 0
297 0
298 0
299 0
300 0
301 0
302 0
303 0
304 0
305 0
306 0
307 0
308 0
309 0
310 0
311 0
312 0
313 0
314 0
315 0
316 0
317 0
318 0
319 0
320 0
321 0
322 0
323 0
324 0
325 0
326 0
327 0
328 0
329 0
330 0
331 0
332 0
333 0
334 0
335 0
336 0
337 0
338 0
339 0
340 0
341 0
342 0
343 0
344 0
345 0
346 0
347 0
348 0
349 0
350 0
351 0
352 0
353 0
354 0
355 0
356 0
357 0
358 0
359 0
360 0
361 0
362 0
363 0
364 0
365 0
366 0
367 0
368 0
369 0
370 0
371 0
372 0
373 0
374 0
375 0
376 0
377 0
378 0
379 0
380 0
381 0
382 0
383 0
384 0
385 0
386 0
387 0
