0 1
1 0
2 0
3 0
4 0
5 0
6 0
7 0
8 0
9 0
10 0
11 0
12 0
13 0
14 0
15 0
16 0
17 0
18 0
19 0
20 0
21 0
22 0
23 0
24 0
25 0
26 0
27 1
28 1
29 1
30 3
31 0
32 2
33 0
34 0
35 1
36 2
37 2
38 6
39 5
40 2
41 3
42 2
43 1
44 1
45 1
46 2
47 3
48 5
49 2
50 3
51 1
52 1
53 2
54 2
55 3
56 1
57 3
58 2
59 3
60 2
61 3
62 2
63 2
64 3
65 0
66 4
67 3
68 6
69 2
70 2
71 1
72 5
73 3
74 1
75 3
76 3
77 3
78 2
79 3
80 1
81 1
82 0
83 6
84 2
85 4
86 1
87 3
88 3
89 1
90 3
91 4
92 1
93 1
94 0
95 4
96 4
97 2
98 3
99 2
100 2
101 2
102 2
103 2
104 2
105 2
106 1
107 1
108 4
109 4
110 5
111 5
112 1
113 4
114 3
115 3
116 4
117 3
118 5
119 1
120 3
121 7
122 0
123 4
124 0
125 1
126 2
127 2
128 2
129 0
130 1
131 0
132 0
133 0
134 1
135 0
136 1
137 0
138 2
139 1
140 3
141 1
142 1
143 1
144 1
145 0
146 1
147 3
148 0
149 0
150 1
151 0
152 0
153 0
154 0
155 0
156 0
157 1
158 2
159 0
160 0
161 0
162 0
163 0
164 0
165 0
166 0
167 0
168 0
169 0
170 0
171 0
172 0
173 0
174 0
175 1
176 0
177 0
178 0
179 0
180 1
181 0
182 0
183 1
184 0
185 0
186 2
187 1
188 1
189 0
190 0
191 2
192 0
193 0
194 0
195 1
196 1
197 0
198 1
199 1
200 0
201 1
202 1
203 3
204 0
205 0
206 1
207 0
208 1
209 0
210 1
211 0
212 1
213 0
214 1
215 1
216 2
217 4
218 3
219 3
220 4
221 3
222 6
223 3
224 4
225 0
226 0
227 1
228 0
229 3
230 0
231 2
232 0
233 0
234 0
235 0
236 0
237 1
238 0
239 0
240 0
241 0
242 0
243 0
244 0
245 0
246 0
247 0
248 0
249 0
250 0
251 0
252 0
253 0
254 0
255 0
256 0
257 0
258 0
259 0
260 0
261 0
262 0
263 0
264 0
265 0
266 0
267 0
268 0
269 0
270 0
271 0
272 0
273 0
274 0
275 0
276 0
277 0
278 0
279 0
280 0
281 0
282 0
283 0
284 0
285 0
286 0
287 0
288 0
289 0
290 0
291 0
292 0
293 0
294 0
295 0
296 0
297 0
298 0
299 0
300 0
301 0
302 0
303 0
304 0
305 0
306 0
307 0
308 0
309 0
310 0
311 0
312 0
313 0
314 0
315 0
316 0
317 0
318 0
319 0
320 0
321 0
322 0
323 0
324 0
325 0
326 0
327 0
328 0
329 0
330 0
331 0
332 0
333 0
334 0
335 0
336 0
337 0
338 0
339 0
340 0
341 0
342 0
343 0
344 0
345 0
346 0
347 0
348 0
349 0
350 0
351 0
352 0
353 0
354 0
355 0
356 0
357 0
358 0
359 0
360 0
361 0
362 0
363 0
364 0
365 0
366 0
367 0
368 0
369 0
370 0
371 0
372 0
373 0
374 0
375 0
