0 0
1 0
2 0
3 0
4 0
5 0
6 0
7 0
8 0
9 0
10 0
11 0
12 0
13 0
14 0
15 0
16 0
17 0
18 0
19 0
20 0
21 0
22 0
23 0
24 0
25 0
26 0
27 0
28 0
29 0
30 0
31 0
32 0
33 0
34 0
35 0
36 0
37 0
38 0
39 0
40 0
41 0
42 0
43 0
44 0
45 0
46 0
47 0
48 0
49 0
50 0
51 0
52 0
53 0
54 0
55 0
56 0
57 0
58 1
59 1
60 0
61 0
62 0
63 0
64 1
65 0
66 3
67 2
68 2
69 0
70 1
71 0
72 2
73 1
74 4
75 2
76 2
77 3
78 5
79 4
80 5
81 3
82 5
83 2
84 3
85 2
86 2
87 2
88 1
89 7
90 5
91 5
92 6
93 4
94 6
95 14
96 6
97 4
98 11
99 8
100 8
101 6
102 5
103 5
104 7
105 7
106 7
107 9
108 6
109 3
110 5
111 3
112 11
113 4
114 9
115 9
116 5
117 4
118 2
119 4
120 5
121 7
122 6
123 6
124 3
125 9
126 2
127 11
128 5
129 6
130 5
131 5
132 6
133 8
134 1
135 2
136 4
137 4
138 4
139 5
140 5
141 2
142 5
143 2
144 5
145 6
146 2
147 3
148 4
149 4
150 1
151 4
152 4
153 7
154 4
155 2
156 3
157 1
158 2
159 2
160 3
161 0
162 2
163 2
164 2
165 2
166 2
167 5
168 4
169 5
170 4
171 1
172 2
173 3
174 2
175 1
176 0
177 3
178 1
179 4
180 6
181 1
182 0
183 0
184 3
185 0
186 0
187 1
188 1
189 0
190 0
191 0
192 1
193 0
194 1
195 1
196 1
197 1
198 0
199 0
200 0
201 1
202 0
203 1
204 0
205 0
206 1
207 1
208 1
209 2
210 1
211 0
212 0
213 0
214 1
215 0
216 0
217 1
218 0
219 1
220 0
221 0
222 1
223 1
224 0
225 0
226 2
227 0
228 2
229 1
230 1
231 1
232 1
233 1
234 1
235 0
236 1
237 2
238 0
239 1
240 0
241 1
242 1
243 0
244 0
245 3
246 0
247 1
248 0
249 1
250 0
251 1
252 0
253 0
254 0
255 0
256 0
257 0
258 0
259 0
260 0
261 0
262 1
263 0
264 0
265 0
266 0
267 0
268 0
269 0
270 0
271 0
272 0
273 0
274 0
275 0
276 0
277 0
278 0
279 0
280 0
281 0
282 0
283 0
284 0
285 0
286 0
287 0
288 0
289 0
290 0
291 0
292 0
293 0
294 0
295 0
296 0
297 0
298 0
299 0
300 0
301 0
302 0
303 0
304 0
305 0
306 0
307 0
308 0
309 0
310 0
311 0
312 0
313 0
314 0
315 0
316 0
317 0
318 0
319 0
320 0
321 0
322 0
323 0
324 0
325 0
326 0
327 0
328 0
329 0
330 0
331 0
332 0
333 0
334 0
335 0
336 0
337 0
338 0
339 0
340 0
341 0
342 0
343 0
344 0
