0 0
1 0
2 0
3 0
4 0
5 0
6 0
7 0
8 0
9 0
10 0
11 0
12 0
13 0
14 0
15 0
16 0
17 0
18 0
19 0
20 0
21 0
22 0
23 0
24 0
25 0
26 0
27 0
28 0
29 0
30 0
31 0
32 0
33 0
34 0
35 0
36 1
37 0
38 0
39 0
40 0
41 0
42 0
43 0
44 0
45 0
46 0
47 0
48 0
49 1
50 0
51 0
52 0
53 0
54 2
55 1
56 0
57 0
58 0
59 0
60 0
61 2
62 2
63 0
64 1
65 2
66 1
67 0
68 3
69 4
70 3
71 3
72 4
73 3
74 1
75 4
76 3
77 1
78 3
79 3
80 2
81 2
82 3
83 0
84 5
85 0
86 3
87 2
88 2
89 2
90 2
91 0
92 0
93 3
94 1
95 3
96 4
97 5
98 4
99 2
100 2
101 2
102 3
103 3
104 2
105 1
106 2
107 2
108 2
109 2
110 2
111 2
112 1
113 1
114 4
115 2
116 1
117 3
118 1
119 2
120 2
121 3
122 7
123 2
124 0
125 3
126 1
127 3
128 2
129 3
130 0
131 4
132 3
133 2
134 3
135 3
136 1
137 4
138 2
139 1
140 2
141 1
142 2
143 1
144 0
145 3
146 0
147 0
148 0
149 0
150 2
151 1
152 0
153 0
154 4
155 1
156 0
157 3
158 0
159 2
160 1
161 1
162 0
163 0
164 1
165 1
166 0
167 0
168 0
169 1
170 1
171 0
172 1
173 0
174 2
175 0
176 0
177 2
178 0
179 1
180 0
181 2
182 0
183 1
184 0
185 0
186 1
187 2
188 1
189 1
190 4
191 0
192 4
193 3
194 2
195 3
196 2
197 3
198 1
199 0
200 2
201 2
202 2
203 1
204 0
205 0
206 1
207 4
208 0
209 0
210 0
211 1
212 0
213 1
214 0
215 8
216 6
217 3
218 5
219 8
220 9
221 10
222 6
223 6
224 4
225 5
226 5
227 1
228 6
229 6
230 2
231 0
232 1
233 0
234 0
235 1
236 1
237 0
238 1
239 0
240 0
241 0
242 0
243 0
244 0
245 0
246 0
247 0
248 0
249 0
250 0
251 0
252 0
253 0
254 0
255 0
256 0
257 0
258 0
259 0
260 0
261 0
262 0
263 1
264 0
265 0
266 0
267 0
268 0
269 0
270 0
271 0
272 0
273 0
274 0
275 0
276 0
277 0
278 0
279 0
280 0
281 0
282 0
283 0
284 0
285 0
286 0
287 0
288 0
289 0
290 0
291 0
292 0
293 0
294 0
295 0
296 0
297 0
298 0
299 0
300 0
301 0
302 0
303 0
304 0
305 0
306 0
307 0
308 0
309 0
310 0
311 0
312 0
313 0
314 0
315 0
316 0
317 0
318 0
319 0
320 0
321 0
322 0
323 0
324 0
325 0
326 0
327 0
328 0
329 0
330 0
331 0
332 0
333 0
334 0
335 0
336 0
337 0
338 0
339 0
340 0
341 0
342 0
343 0
344 0
345 0
346 0
347 0
348 0
349 0
350 0
351 0
352 0
353 0
354 0
355 0
356 0
357 0
358 0
359 0
360 0
361 0
362 0
363 0
364 0
365 0
366 0
367 0
