0 0
1 0
2 0
3 1
4 0
5 0
6 0
7 0
8 0
9 1
10 1
11 0
12 0
13 1
14 0
15 1
16 1
17 0
18 2
19 1
20 1
21 3
22 0
23 0
24 1
25 3
26 3
27 4
28 3
29 4
30 3
31 4
32 6
33 6
34 6
35 5
36 6
37 8
38 3
39 5
40 6
41 7
42 7
43 10
44 6
45 3
46 3
47 2
48 6
49 2
50 7
51 1
52 4
53 0
54 4
55 7
56 3
57 5
58 11
59 6
60 9
61 11
62 10
63 11
64 4
65 7
66 4
67 7
68 0
69 2
70 11
71 3
72 4
73 4
74 5
75 12
76 4
77 5
78 2
79 12
80 10
81 21
82 7
83 8
84 4
85 3
86 4
87 3
88 1
89 2
90 2
91 1
92 3
93 5
94 2
95 6
96 2
97 5
98 11
99 11
100 6
101 4
102 8
103 3
104 9
105 6
106 6
107 5
108 7
109 6
110 8
111 5
112 17
113 6
114 12
115 11
116 11
117 11
118 12
119 10
120 5
121 6
122 5
123 9
124 5
125 4
126 6
127 8
128 7
129 2
130 7
131 4
132 2
133 4
134 0
135 5
136 2
137 3
138 0
139 1
140 6
141 8
142 6
143 3
144 3
145 4
146 4
147 7
148 1
149 5
150 3
151 4
152 0
153 4
154 5
155 4
156 1
157 0
158 5
159 2
160 1
161 0
162 3
163 1
164 1
165 1
166 0
167 1
168 2
169 0
170 1
171 0
172 0
173 1
174 0
175 0
176 0
177 1
178 0
179 0
180 0
181 0
182 0
183 0
184 1
185 0
186 0
187 0
188 0
189 0
190 0
191 1
192 0
193 0
194 1
195 0
196 0
197 0
198 1
199 2
200 1
201 1
202 0
203 0
204 1
205 2
206 3
207 0
208 0
209 0
210 0
211 0
212 1
213 1
214 0
215 1
216 1
217 1
218 0
219 0
220 0
221 2
222 2
223 1
224 0
225 2
226 2
227 1
228 1
229 0
230 3
231 2
232 0
233 1
234 0
235 2
236 3
237 0
238 0
239 1
240 0
241 2
242 4
243 2
244 1
245 0
246 2
247 0
248 2
249 6
250 2
251 2
252 0
253 3
254 0
255 1
256 0
257 0
258 2
259 4
260 3
261 2
262 1
263 1
264 0
265 1
266 3
267 2
268 1
269 2
270 0
271 1
272 0
273 1
274 0
275 2
276 1
277 0
278 1
279 2
280 0
281 3
282 0
283 0
284 0
285 1
286 2
287 1
288 2
289 2
290 1
291 0
292 1
293 3
294 2
295 1
296 1
297 0
298 2
299 2
300 1
301 2
302 0
303 3
304 2
305 3
306 1
307 1
308 1
309 1
310 2
311 3
312 0
313 0
314 1
315 1
316 1
317 0
318 3
319 3
320 1
321 1
322 1
323 0
324 0
325 0
326 3
327 1
328 1
329 0
330 1
331 0
332 0
333 0
334 0
335 0
336 0
337 0
338 0
339 0
340 0
341 0
342 2
343 0
344 0
345 0
346 0
347 0
348 0
349 0
350 0
351 0
352 0
353 0
354 0
355 0
356 0
357 0
358 0
359 0
360 0
361 0
362 0
363 0
364 0
365 0
366 0
367 0
368 0
369 0
370 0
371 0
372 0
373 0
374 0
375 0
