0 0
1 0
2 0
3 0
4 0
5 0
6 0
7 0
8 0
9 0
10 0
11 0
12 0
13 0
14 1
15 0
16 1
17 0
18 0
19 1
20 1
21 2
22 3
23 4
24 3
25 6
26 9
27 5
28 9
29 5
30 11
31 8
32 8
33 5
34 7
35 6
36 5
37 9
38 10
39 12
40 4
41 7
42 13
43 9
44 8
45 8
46 12
47 3
48 7
49 3
50 4
51 9
52 5
53 5
54 5
55 7
56 10
57 7
58 7
59 4
60 10
61 7
62 2
63 4
64 7
65 5
66 7
67 9
68 5
69 3
70 4
71 6
72 4
73 6
74 2
75 0
76 6
77 4
78 2
79 3
80 3
81 3
82 3
83 2
84 9
85 2
86 2
87 2
88 8
89 1
90 5
91 1
92 8
93 9
94 4
95 6
96 3
97 8
98 3
99 1
100 6
101 4
102 2
103 2
104 2
105 1
106 0
107 2
108 1
109 3
110 2
111 4
112 2
113 2
114 5
115 1
116 1
117 4
118 0
119 3
120 1
121 0
122 1
123 5
124 4
125 0
126 0
127 1
128 2
129 3
130 3
131 1
132 2
133 2
134 1
135 3
136 2
137 0
138 1
139 1
140 1
141 0
142 0
143 3
144 3
145 1
146 1
147 3
148 2
149 1
150 1
151 2
152 6
153 2
154 4
155 2
156 1
157 3
158 1
159 3
160 3
161 3
162 3
163 2
164 0
165 1
166 0
167 1
168 0
169 2
170 1
171 1
172 1
173 0
174 0
175 1
176 2
177 2
178 2
179 5
180 2
181 3
182 2
183 4
184 0
185 2
186 1
187 2
188 2
189 1
190 2
191 5
192 2
193 5
194 5
195 5
196 8
197 5
198 4
199 2
200 4
201 2
202 3
203 7
204 6
205 4
206 4
207 3
208 6
209 3
210 1
211 3
212 3
213 3
214 2
215 2
216 2
217 0
218 1
219 0
220 1
221 2
222 0
223 1
224 1
225 3
226 1
227 0
228 2
229 1
230 2
231 0
232 1
233 0
234 2
235 2
236 0
237 0
238 0
239 0
240 1
241 1
242 2
243 1
244 0
245 2
246 0
247 2
248 0
249 0
250 3
251 1
252 0
253 1
254 1
255 0
256 0
257 0
258 0
259 0
260 0
261 0
262 0
263 0
264 0
265 0
266 0
267 0
268 0
269 0
270 0
271 0
272 0
273 0
274 0
275 0
276 0
277 0
278 0
279 0
280 0
281 0
282 0
283 0
284 0
285 0
286 0
287 0
288 0
289 0
290 0
291 0
292 0
293 0
294 0
295 0
296 0
297 0
298 0
299 0
300 0
301 0
302 0
303 0
304 0
305 0
306 0
307 0
308 0
309 0
310 0
311 0
312 0
313 0
314 0
315 0
316 0
317 0
318 0
319 0
320 0
321 0
322 0
323 0
324 0
325 0
326 0
327 0
328 0
329 0
330 0
331 0
332 0
333 0
334 0
335 0
336 0
337 0
338 0
339 0
340 0
341 0
342 0
343 0
344 0
345 0
346 0
347 0
348 0
349 0
350 0
351 0
352 0
353 0
354 0
355 0
356 0
357 0
358 0
359 0
360 0
361 0
362 0
363 0
364 0
365 0
366 0
367 0
368 0
369 0
370 0
371 0
372 0
373 0
374 0
375 0
376 0
377 0
378 0
379 0
