0 0
1 1
2 0
3 0
4 1
5 0
6 0
7 0
8 1
9 0
10 2
11 1
12 1
13 6
14 5
15 8
16 8
17 3
18 11
19 15
20 14
21 17
22 19
23 21
24 23
25 27
26 25
27 19
28 27
29 20
30 30
31 15
32 24
33 12
34 20
35 25
36 15
37 23
38 18
39 22
40 25
41 24
42 19
43 24
44 24
45 16
46 11
47 11
48 15
49 10
50 10
51 14
52 12
53 27
54 12
55 19
56 17
57 17
58 24
59 21
60 17
61 23
62 17
63 10
64 9
65 14
66 4
67 6
68 8
69 3
70 5
71 5
72 10
73 7
74 9
75 8
76 7
77 10
78 13
79 10
80 8
81 5
82 2
83 5
84 6
85 6
86 7
87 6
88 7
89 2
90 1
91 0
92 2
93 1
94 1
95 2
96 0
97 1
98 1
99 1
100 1
101 0
102 1
103 1
104 0
105 1
106 1
107 0
108 0
109 0
110 2
111 2
112 2
113 1
114 2
115 1
116 2
117 0
118 4
119 1
120 2
121 0
122 0
123 0
124 0
125 0
126 2
127 0
128 0
129 0
130 0
131 0
132 1
133 0
134 0
135 0
136 2
137 0
138 1
139 1
140 1
141 0
142 1
143 0
144 1
145 1
146 0
147 1
148 0
149 0
150 0
151 0
152 0
153 0
154 0
155 0
156 0
157 2
158 0
159 1
160 1
161 2
162 0
163 1
164 2
165 1
166 2
167 0
168 0
169 0
170 0
171 0
172 3
173 1
174 0
175 0
176 1
177 1
178 1
179 0
180 1
181 0
182 0
183 1
184 2
185 0
186 0
187 0
188 0
189 2
190 1
191 2
192 2
193 0
194 1
195 1
196 2
197 1
198 0
199 3
200 1
201 2
202 2
203 2
204 0
205 0
206 0
207 0
208 2
209 2
210 1
211 2
212 1
213 0
214 0
215 0
216 2
217 0
218 1
219 3
220 2
221 1
222 0
223 4
224 0
225 1
226 4
227 0
228 2
229 1
230 1
231 1
232 3
233 0
234 2
235 2
236 1
237 1
238 1
239 0
240 2
241 2
242 1
243 2
244 0
245 0
246 1
247 0
248 1
249 1
250 0
251 1
252 0
253 0
254 1
255 0
256 0
257 1
258 0
259 0
260 0
261 0
262 0
263 0
264 0
265 1
266 0
267 0
268 0
269 0
270 0
271 0
272 0
273 0
274 0
275 0
276 0
277 0
278 0
279 1
280 0
281 0
282 0
283 0
284 0
285 0
286 1
287 0
288 1
289 0
290 0
291 0
292 0
293 0
294 0
295 0
296 1
297 0
298 0
299 0
300 0
301 0
302 0
303 0
304 0
305 0
306 0
307 0
308 0
309 0
310 0
311 0
312 0
313 0
314 0
315 0
316 0
317 0
318 0
319 0
320 0
321 0
322 0
323 0
324 0
325 0
326 0
327 0
328 0
329 0
330 0
331 0
332 0
333 0
334 0
335 0
336 0
337 0
338 0
339 0
340 0
341 0
342 0
343 0
344 0
345 0
346 0
347 0
348 0
349 0
350 0
351 0
352 0
353 0
354 0
355 0
356 0
357 0
358 0
359 0
360 0
361 0
362 0
363 0
364 0
365 0
366 0
367 0
368 0
369 0
370 0
371 0
372 0
373 0
374 0
375 0
376 0
377 0
378 0
379 0
380 0
381 0
