0 0
1 1
2 0
3 0
4 0
5 0
6 0
7 0
8 1
9 0
10 0
11 1
12 1
13 0
14 0
15 0
16 1
17 1
18 0
19 0
20 1
21 2
22 2
23 1
24 0
25 4
26 6
27 0
28 4
29 5
30 3
31 3
32 3
33 3
34 4
35 8
36 5
37 10
38 4
39 3
40 7
41 3
42 5
43 3
44 10
45 4
46 5
47 4
48 5
49 2
50 4
51 2
52 5
53 3
54 6
55 8
56 6
57 8
58 7
59 9
60 8
61 5
62 3
63 7
64 10
65 7
66 6
67 6
68 6
69 3
70 2
71 6
72 5
73 5
74 1
75 2
76 2
77 7
78 5
79 2
80 10
81 7
82 6
83 6
84 3
85 8
86 3
87 7
88 8
89 7
90 5
91 8
92 6
93 9
94 5
95 7
96 8
97 10
98 1
99 10
100 2
101 6
102 6
103 4
104 7
105 6
106 5
107 8
108 14
109 4
110 8
111 11
112 5
113 4
114 7
115 7
116 9
117 6
118 5
119 7
120 8
121 4
122 6
123 7
124 8
125 7
126 3
127 7
128 16
129 5
130 12
131 11
132 11
133 1
134 9
135 5
136 14
137 10
138 6
139 8
140 9
141 14
142 8
143 7
144 7
145 5
146 7
147 5
148 3
149 3
150 5
151 6
152 5
153 9
154 8
155 5
156 10
157 12
158 6
159 9
160 3
161 10
162 11
163 11
164 8
165 16
166 8
167 8
168 9
169 4
170 3
171 6
172 2
173 2
174 6
175 3
176 6
177 4
178 5
179 1
180 1
181 1
182 2
183 0
184 1
185 0
186 0
187 0
188 0
189 0
190 2
191 1
192 2
193 0
194 1
195 2
196 0
197 1
198 0
199 0
200 1
201 0
202 1
203 2
204 0
205 2
206 1
207 3
208 0
209 2
210 0
211 0
212 0
213 1
214 1
215 0
216 2
217 1
218 1
219 1
220 1
221 0
222 0
223 1
224 1
225 0
226 0
227 1
228 0
229 0
230 1
231 0
232 0
233 1
234 0
235 1
236 1
237 2
238 1
239 1
240 4
241 0
242 4
243 4
244 1
245 2
246 4
247 6
248 0
249 1
250 0
251 0
252 2
253 3
254 1
255 3
256 1
257 2
258 1
259 4
260 1
261 0
262 1
263 2
264 2
265 2
266 0
267 3
268 4
269 2
270 1
271 3
272 4
273 2
274 1
275 2
276 2
277 1
278 3
279 1
280 2
281 1
282 4
283 1
284 0
285 1
286 3
287 2
288 1
289 0
290 2
291 1
292 0
293 2
294 0
295 0
296 1
297 0
298 0
299 0
300 0
301 0
302 0
303 0
304 0
305 0
306 0
307 0
308 0
309 0
310 0
311 0
312 0
313 0
314 0
315 0
316 0
317 0
318 0
319 0
320 0
321 0
322 0
323 0
324 0
325 0
326 0
327 0
328 0
329 0
330 0
331 0
332 0
333 0
334 0
335 0
336 0
337 0
338 0
339 0
340 0
341 0
342 0
343 0
344 0
345 0
346 0
347 0
348 0
349 0
350 0
351 0
352 0
353 0
354 0
355 0
356 0
357 0
358 0
359 0
360 0
361 0
362 0
363 0
364 0
365 0
366 0
367 0
368 0
369 0
370 0
371 0
372 0
373 0
374 0
375 0
376 0
