0 1
1 0
2 0
3 0
4 0
5 0
6 0
7 0
8 0
9 0
10 0
11 0
12 0
13 0
14 0
15 0
16 0
17 0
18 0
19 0
20 0
21 0
22 0
23 0
24 0
25 0
26 0
27 0
28 0
29 0
30 0
31 0
32 0
33 0
34 0
35 0
36 0
37 0
38 0
39 0
40 0
41 0
42 0
43 1
44 0
45 0
46 0
47 0
48 0
49 0
50 0
51 0
52 1
53 1
54 1
55 3
56 0
57 0
58 0
59 1
60 3
61 0
62 1
63 0
64 0
65 1
66 0
67 0
68 0
69 0
70 1
71 1
72 1
73 2
74 0
75 4
76 0
77 2
78 2
79 2
80 2
81 1
82 1
83 1
84 3
85 1
86 1
87 0
88 1
89 1
90 1
91 2
92 1
93 1
94 0
95 1
96 1
97 0
98 1
99 0
100 2
101 0
102 0
103 0
104 0
105 1
106 1
107 1
108 2
109 0
110 0
111 0
112 1
113 0
114 1
115 0
116 0
117 0
118 0
119 0
120 0
121 0
122 0
123 0
124 1
125 2
126 0
127 1
128 3
129 0
130 1
131 0
132 0
133 0
134 0
135 0
136 1
137 1
138 1
139 0
140 0
141 1
142 1
143 0
144 0
145 0
146 0
147 0
148 1
149 0
150 1
151 0
152 1
153 0
154 1
155 0
156 0
157 0
158 0
159 0
160 2
161 0
162 0
163 0
164 0
165 0
166 1
167 1
168 0
169 2
170 1
171 0
172 0
173 1
174 1
175 0
176 1
177 1
178 0
179 1
180 0
181 0
182 1
183 2
184 1
185 0
186 1
187 0
188 2
189 2
190 1
191 0
192 2
193 0
194 2
195 0
196 1
197 2
198 2
199 0
200 2
201 0
202 0
203 3
204 2
205 0
206 1
207 2
208 1
209 4
210 1
211 2
212 4
213 7
214 3
215 11
216 11
217 9
218 8
219 10
220 10
221 12
222 3
223 4
224 3
225 3
226 3
227 0
228 2
229 4
230 3
231 0
232 0
233 1
234 1
235 3
236 4
237 5
238 2
239 0
240 2
241 1
242 1
243 1
244 0
245 0
246 0
247 0
248 0
249 0
250 0
251 0
252 0
253 0
254 0
255 0
256 0
257 0
258 0
259 0
260 0
261 0
262 0
263 0
264 0
265 0
266 0
267 0
268 0
269 0
270 0
271 0
272 0
273 0
274 0
275 0
276 0
277 0
278 0
279 0
280 0
281 0
282 0
283 0
284 0
285 0
286 0
287 0
288 0
289 0
290 0
291 0
292 0
293 0
294 0
295 0
296 0
297 0
298 0
299 0
300 0
301 0
302 0
303 0
304 0
305 0
306 0
307 0
308 0
309 0
310 0
311 0
312 0
313 0
314 0
315 0
316 0
317 0
318 0
319 0
320 0
321 0
322 0
323 0
324 0
325 0
326 0
327 0
328 0
329 0
330 0
331 0
332 0
333 0
334 0
335 0
336 0
337 0
338 0
339 0
340 0
341 0
342 0
343 0
344 0
345 0
346 0
347 0
348 0
349 0
350 0
351 0
352 0
353 0
354 0
355 0
356 0
357 0
358 0
359 0
360 0
