0 0
1 0
2 0
3 0
4 0
5 0
6 0
7 0
8 0
9 0
10 0
11 0
12 0
13 0
14 0
15 1
16 0
17 1
18 2
19 2
20 2
21 4
22 5
23 9
24 4
25 9
26 9
27 10
28 8
29 11
30 7
31 14
32 8
33 8
34 11
35 12
36 5
37 9
38 6
39 7
40 4
41 4
42 5
43 4
44 8
45 10
46 8
47 13
48 7
49 4
50 6
51 8
52 12
53 10
54 9
55 9
56 8
57 7
58 4
59 10
60 7
61 8
62 8
63 6
64 4
65 6
66 5
67 6
68 6
69 7
70 8
71 10
72 5
73 11
74 5
75 7
76 12
77 7
78 11
79 13
80 1
81 2
82 5
83 7
84 6
85 6
86 9
87 5
88 7
89 11
90 10
91 15
92 7
93 13
94 12
95 12
96 11
97 8
98 9
99 7
100 8
101 9
102 14
103 12
104 18
105 12
106 7
107 11
108 7
109 4
110 6
111 10
112 12
113 12
114 7
115 7
116 11
117 14
118 9
119 6
120 5
121 4
122 4
123 4
124 5
125 10
126 9
127 13
128 10
129 7
130 9
131 6
132 2
133 8
134 6
135 5
136 6
137 4
138 4
139 4
140 6
141 5
142 3
143 2
144 8
145 1
146 2
147 2
148 2
149 3
150 6
151 3
152 11
153 4
154 4
155 10
156 3
157 11
158 7
159 8
160 8
161 4
162 17
163 9
164 10
165 12
166 8
167 9
168 10
169 8
170 6
171 6
172 4
173 4
174 2
175 2
176 4
177 1
178 0
179 3
180 1
181 1
182 2
183 2
184 4
185 1
186 2
187 0
188 1
189 3
190 0
191 0
192 0
193 1
194 1
195 0
196 2
197 2
198 1
199 2
200 0
201 3
202 1
203 1
204 1
205 0
206 1
207 0
208 0
209 0
210 0
211 0
212 0
213 0
214 0
215 0
216 0
217 0
218 0
219 1
220 0
221 0
222 0
223 0
224 1
225 1
226 0
227 0
228 0
229 0
230 1
231 0
232 1
233 0
234 0
235 0
236 0
237 0
238 1
239 1
240 0
241 0
242 0
243 0
244 0
245 0
246 0
247 0
248 1
249 0
250 0
251 0
252 0
253 0
254 0
255 0
256 0
257 0
258 0
259 0
260 0
261 0
262 0
263 0
264 0
265 0
266 0
267 0
268 1
269 0
270 0
271 0
272 0
273 0
274 0
275 1
276 0
277 0
278 0
279 0
280 0
281 0
282 1
283 0
284 0
285 0
286 0
287 0
288 0
289 0
290 0
291 0
292 0
293 0
294 0
295 0
296 0
297 0
298 0
299 0
300 0
301 0
302 0
303 0
304 0
305 0
306 0
307 0
308 0
309 0
310 0
311 0
312 0
313 0
314 0
315 0
316 0
317 0
318 0
319 0
320 0
321 0
322 0
323 0
324 0
325 0
326 0
327 0
328 0
329 0
330 0
331 0
332 0
333 0
334 0
335 0
336 0
337 0
338 0
339 0
340 0
341 0
342 0
