0 0
1 0
2 0
3 0
4 0
5 0
6 0
7 0
8 0
9 0
10 0
11 0
12 1
13 0
14 1
15 0
16 0
17 0
18 0
19 0
20 0
21 1
22 0
23 0
24 3
25 3
26 2
27 2
28 3
29 2
30 4
31 4
32 8
33 9
34 7
35 8
36 3
37 7
38 5
39 6
40 13
41 15
42 5
43 5
44 5
45 6
46 15
47 9
48 11
49 14
50 13
51 13
52 15
53 17
54 14
55 16
56 22
57 10
58 13
59 11
60 22
61 12
62 15
63 16
64 12
65 10
66 5
67 11
68 9
69 13
70 21
71 15
72 15
73 16
74 21
75 18
76 17
77 16
78 19
79 17
80 19
81 18
82 14
83 17
84 20
85 24
86 15
87 24
88 21
89 24
90 19
91 17
92 17
93 18
94 17
95 10
96 11
97 9
98 5
99 9
100 6
101 17
102 13
103 13
104 6
105 11
106 20
107 15
108 16
109 7
110 12
111 7
112 4
113 4
114 2
115 1
116 3
117 4
118 4
119 3
120 1
121 3
122 1
123 2
124 1
125 1
126 3
127 0
128 5
129 1
130 1
131 2
132 0
133 1
134 2
135 3
136 3
137 2
138 3
139 0
140 2
141 2
142 0
143 1
144 0
145 1
146 2
147 0
148 0
149 0
150 0
151 0
152 0
153 0
154 0
155 0
156 0
157 0
158 0
159 0
160 0
161 0
162 0
163 0
164 0
165 0
166 0
167 0
168 0
169 0
170 0
171 0
172 0
173 0
174 0
175 0
176 0
177 0
178 0
179 0
180 0
181 0
182 0
183 0
184 0
185 0
186 0
187 0
188 0
189 0
190 0
191 0
192 0
193 0
194 0
195 0
196 0
197 0
198 0
199 0
200 0
201 0
202 0
203 0
204 0
205 0
206 0
207 0
208 0
209 0
210 0
211 0
212 0
213 0
214 0
215 0
216 0
217 0
218 0
219 0
220 0
221 0
222 0
223 0
224 0
225 0
226 0
227 0
228 0
229 0
230 0
231 0
232 0
233 0
234 0
235 0
236 0
237 0
238 0
239 0
240 0
241 0
242 0
243 0
244 0
245 0
246 0
247 1
248 0
249 0
250 0
251 0
252 0
253 0
254 0
255 0
256 0
257 0
258 0
259 0
260 0
261 0
262 0
263 0
264 0
265 0
266 0
267 0
268 0
269 0
270 0
271 0
272 0
273 0
274 0
275 0
276 0
277 0
278 0
279 0
280 0
281 0
282 0
283 0
284 0
285 0
286 0
287 0
288 0
289 0
290 0
291 0
292 0
293 0
294 0
295 0
296 0
297 0
298 0
299 0
300 0
301 0
302 0
303 0
304 0
305 0
306 0
307 0
308 0
309 0
310 0
311 0
312 0
313 0
314 0
315 0
316 0
317 0
318 0
319 0
320 0
321 0
322 0
323 0
324 0
325 0
326 0
327 0
328 0
329 0
330 0
331 0
332 0
333 0
334 0
335 0
336 0
337 0
338 0
339 0
340 0
341 0
342 0
343 0
344 0
345 0
346 0
347 0
348 0
349 0
350 0
351 0
352 0
353 0
354 0
355 0
356 0
357 0
358 0
359 0
360 0
361 0
362 0
363 0
364 0
