0 0
1 0
2 0
3 0
4 0
5 0
6 0
7 0
8 0
9 0
10 0
11 0
12 0
13 0
14 0
15 0
16 0
17 2
18 0
19 0
20 1
21 2
22 0
23 2
24 1
25 1
26 2
27 1
28 4
29 2
30 3
31 1
32 4
33 2
34 0
35 0
36 2
37 2
38 4
39 4
40 7
41 2
42 2
43 1
44 1
45 0
46 1
47 1
48 3
49 1
50 2
51 0
52 2
53 8
54 0
55 3
56 0
57 2
58 3
59 1
60 2
61 7
62 5
63 5
64 2
65 3
66 4
67 3
68 1
69 3
70 2
71 2
72 2
73 7
74 7
75 8
76 3
77 2
78 2
79 1
80 0
81 3
82 5
83 5
84 2
85 1
86 2
87 1
88 1
89 3
90 2
91 1
92 3
93 3
94 1
95 2
96 0
97 1
98 1
99 2
100 2
101 0
102 0
103 2
104 0
105 0
106 0
107 1
108 1
109 0
110 1
111 1
112 1
113 2
114 1
115 1
116 1
117 2
118 2
119 2
120 0
121 1
122 0
123 1
124 1
125 2
126 0
127 1
128 0
129 1
130 1
131 0
132 0
133 0
134 1
135 3
136 0
137 0
138 0
139 1
140 1
141 0
142 0
143 0
144 0
145 1
146 0
147 0
148 0
149 0
150 2
151 0
152 0
153 0
154 0
155 1
156 0
157 1
158 0
159 2
160 1
161 0
162 2
163 0
164 0
165 1
166 0
167 0
168 1
169 0
170 0
171 0
172 2
173 3
174 0
175 0
176 1
177 0
178 0
179 1
180 1
181 0
182 0
183 0
184 0
185 1
186 2
187 1
188 0
189 3
190 2
191 2
192 1
193 1
194 0
195 1
196 2
197 5
198 3
199 2
200 2
201 1
202 3
203 3
204 0
205 0
206 2
207 1
208 0
209 1
210 0
211 0
212 1
213 2
214 9
215 10
216 7
217 5
218 5
219 5
220 2
221 4
222 9
223 4
224 3
225 2
226 4
227 0
228 1
229 0
230 0
231 0
232 1
233 0
234 0
235 0
236 0
237 0
238 0
239 0
240 0
241 0
242 0
243 0
244 0
245 0
246 0
247 0
248 0
249 0
250 0
251 0
252 0
253 0
254 0
255 0
256 0
257 0
258 0
259 0
260 0
261 0
262 0
263 0
264 0
265 0
266 0
267 0
268 0
269 0
270 0
271 0
272 0
273 0
274 0
275 0
276 0
277 0
278 0
279 0
280 0
281 0
282 0
283 0
284 0
285 0
286 0
287 0
288 0
289 0
290 0
291 0
292 0
293 0
294 0
295 0
296 0
297 0
298 0
299 0
300 0
301 0
302 0
303 0
304 0
305 0
306 0
307 0
308 0
309 0
310 0
311 0
312 0
313 0
314 0
315 0
316 0
317 0
318 0
319 0
320 0
321 0
322 0
323 0
324 0
325 0
326 0
327 0
328 0
329 0
330 0
331 0
332 0
333 0
334 0
335 0
336 0
337 0
338 0
339 0
340 0
341 0
342 0
343 0
344 0
345 0
346 0
347 0
348 0
349 0
350 0
351 0
352 0
353 0
354 0
355 0
356 0
357 0
358 0
359 0
360 0
361 0
362 0
363 0
364 0
365 0
366 0
367 0
368 0
369 0
370 0
371 0
