0 0
1 1
2 0
3 0
4 0
5 0
6 0
7 0
8 0
9 0
10 0
11 0
12 0
13 0
14 0
15 0
16 0
17 0
18 0
19 0
20 0
21 0
22 0
23 0
24 0
25 0
26 0
27 0
28 0
29 0
30 0
31 1
32 0
33 0
34 0
35 0
36 0
37 0
38 1
39 0
40 0
41 0
42 0
43 1
44 1
45 1
46 0
47 1
48 1
49 0
50 0
51 0
52 0
53 0
54 0
55 0
56 0
57 1
58 1
59 4
60 2
61 3
62 0
63 2
64 0
65 1
66 1
67 1
68 4
69 1
70 4
71 2
72 0
73 1
74 4
75 2
76 1
77 1
78 4
79 1
80 1
81 0
82 1
83 4
84 2
85 6
86 6
87 1
88 0
89 2
90 2
91 0
92 2
93 1
94 5
95 2
96 0
97 2
98 2
99 0
100 5
101 3
102 0
103 1
104 4
105 0
106 0
107 1
108 0
109 1
110 4
111 1
112 2
113 1
114 4
115 1
116 0
117 1
118 1
119 1
120 2
121 1
122 1
123 2
124 3
125 6
126 3
127 5
128 2
129 2
130 0
131 0
132 2
133 3
134 2
135 4
136 4
137 0
138 2
139 2
140 0
141 3
142 1
143 3
144 3
145 4
146 3
147 1
148 5
149 5
150 1
151 1
152 2
153 3
154 3
155 2
156 1
157 4
158 0
159 0
160 2
161 0
162 0
163 0
164 1
165 1
166 1
167 2
168 5
169 2
170 0
171 1
172 0
173 0
174 1
175 0
176 1
177 0
178 1
179 0
180 0
181 0
182 0
183 0
184 2
185 0
186 0
187 0
188 1
189 0
190 0
191 0
192 0
193 0
194 0
195 0
196 0
197 0
198 2
199 0
200 0
201 0
202 0
203 1
204 0
205 0
206 0
207 2
208 0
209 1
210 1
211 1
212 1
213 1
214 3
215 2
216 1
217 0
218 0
219 2
220 0
221 1
222 0
223 0
224 1
225 1
226 1
227 1
228 2
229 0
230 1
231 0
232 1
233 0
234 0
235 1
236 0
237 0
238 0
239 0
240 0
241 0
242 0
243 1
244 0
245 1
246 1
247 0
248 0
249 0
250 0
251 0
252 0
253 0
254 0
255 0
256 0
257 0
258 2
259 2
260 0
261 1
262 1
263 0
264 1
265 1
266 0
267 0
268 0
269 0
270 0
271 0
272 0
273 0
274 0
275 0
276 0
277 0
278 0
279 0
280 0
281 0
282 0
283 0
284 0
285 0
286 0
287 0
288 0
289 0
290 0
291 0
292 0
293 0
294 0
295 0
296 0
297 0
298 0
299 0
300 0
301 0
302 0
303 0
304 0
305 0
306 0
307 0
308 0
309 0
310 0
311 0
312 0
313 0
314 0
315 0
316 0
317 0
318 0
319 0
320 0
321 0
322 0
323 0
324 0
325 0
326 0
327 0
328 0
329 0
330 0
331 0
332 0
333 0
334 0
335 0
336 0
337 0
338 0
339 0
340 0
341 0
342 0
343 0
344 0
345 0
346 0
347 0
348 0
349 0
350 0
351 0
352 0
353 0
354 0
355 0
356 0
357 0
358 0
359 0
360 0
361 0
362 0
363 0
364 0
365 0
366 0
367 0
368 0
369 0
370 0
371 0
