0 0
1 0
2 0
3 0
4 0
5 0
6 0
7 0
8 0
9 0
10 0
11 0
12 0
13 0
14 0
15 0
16 1
17 0
18 0
19 0
20 0
21 0
22 0
23 0
24 1
25 2
26 0
27 0
28 2
29 1
30 0
31 1
32 0
33 2
34 2
35 2
36 2
37 1
38 0
39 1
40 2
41 2
42 1
43 0
44 2
45 2
46 2
47 1
48 1
49 1
50 1
51 2
52 4
53 0
54 4
55 0
56 0
57 2
58 1
59 2
60 2
61 1
62 2
63 1
64 3
65 1
66 1
67 3
68 1
69 2
70 0
71 0
72 1
73 2
74 0
75 2
76 0
77 1
78 0
79 0
80 1
81 1
82 1
83 0
84 1
85 2
86 1
87 1
88 2
89 1
90 1
91 2
92 4
93 4
94 2
95 2
96 1
97 2
98 1
99 1
100 1
101 1
102 4
103 1
104 2
105 0
106 2
107 3
108 2
109 2
110 2
111 2
112 4
113 1
114 1
115 1
116 0
117 3
118 1
119 3
120 2
121 6
122 2
123 4
124 5
125 2
126 1
127 1
128 3
129 0
130 0
131 0
132 3
133 3
134 2
135 2
136 3
137 5
138 1
139 3
140 5
141 4
142 3
143 3
144 4
145 4
146 4
147 2
148 2
149 1
150 2
151 0
152 5
153 4
154 1
155 4
156 6
157 4
158 3
159 5
160 2
161 6
162 4
163 6
164 3
165 13
166 7
167 11
168 10
169 13
170 4
171 12
172 8
173 6
174 11
175 7
176 10
177 7
178 12
179 5
180 15
181 8
182 4
183 9
184 8
185 5
186 4
187 3
188 7
189 5
190 9
191 5
192 5
193 9
194 7
195 8
196 6
197 17
198 20
199 21
200 22
201 21
202 20
203 12
204 14
205 17
206 13
207 13
208 14
209 6
210 8
211 7
212 3
213 3
214 3
215 1
216 1
217 1
218 0
219 0
220 0
221 0
222 0
223 0
224 0
225 0
226 0
227 0
228 0
229 0
230 0
231 0
232 0
233 0
234 0
235 0
236 0
237 0
238 0
239 0
240 0
241 0
242 0
243 0
244 0
245 0
246 0
247 0
248 0
249 0
250 0
251 0
252 0
253 0
254 0
255 0
256 0
257 0
258 0
259 0
260 0
261 0
262 0
263 0
264 0
265 0
266 0
267 0
268 0
269 0
270 0
271 0
272 0
273 0
274 0
275 0
276 0
277 0
278 0
279 0
280 0
281 0
282 0
283 0
284 0
285 0
286 0
287 0
288 0
289 0
290 0
291 0
292 0
293 0
294 0
295 0
296 0
297 0
298 0
299 0
300 0
301 0
302 0
303 0
304 0
305 0
306 0
307 0
308 0
309 0
310 0
311 0
312 0
313 0
314 0
315 0
316 0
317 0
318 0
319 0
320 0
321 0
322 0
323 0
324 0
325 0
326 0
327 0
328 0
329 0
330 0
331 0
332 0
333 0
334 0
335 0
336 0
337 0
338 0
339 0
340 0
341 0
342 0
343 0
344 0
345 0
346 0
347 0
348 0
349 0
350 0
351 0
352 0
353 0
354 0
355 0
356 0
357 0
358 0
