0 0
1 0
2 0
3 0
4 0
5 0
6 0
7 0
8 1
9 0
10 0
11 0
12 0
13 0
14 0
15 0
16 0
17 0
18 0
19 0
20 0
21 2
22 1
23 1
24 2
25 4
26 0
27 5
28 0
29 0
30 2
31 0
32 4
33 2
34 2
35 1
36 5
37 5
38 5
39 3
40 4
41 1
42 10
43 5
44 7
45 10
46 7
47 6
48 6
49 2
50 9
51 8
52 2
53 4
54 3
55 1
56 7
57 6
58 4
59 3
60 3
61 5
62 4
63 3
64 4
65 2
66 2
67 1
68 7
69 6
70 3
71 6
72 2
73 4
74 2
75 7
76 7
77 3
78 5
79 7
80 4
81 5
82 3
83 2
84 1
85 9
86 3
87 8
88 4
89 2
90 6
91 5
92 3
93 6
94 7
95 2
96 6
97 7
98 11
99 8
100 7
101 7
102 8
103 0
104 4
105 7
106 4
107 5
108 2
109 7
110 0
111 4
112 7
113 4
114 7
115 8
116 5
117 7
118 4
119 4
120 4
121 9
122 8
123 9
124 8
125 5
126 6
127 7
128 5
129 3
130 0
131 2
132 5
133 8
134 4
135 7
136 4
137 2
138 7
139 5
140 14
141 12
142 11
143 8
144 8
145 5
146 8
147 12
148 8
149 5
150 6
151 4
152 4
153 8
154 5
155 2
156 1
157 5
158 4
159 3
160 5
161 3
162 0
163 0
164 2
165 0
166 0
167 0
168 1
169 1
170 0
171 1
172 1
173 3
174 1
175 0
176 1
177 0
178 0
179 0
180 0
181 0
182 0
183 1
184 1
185 1
186 2
187 1
188 3
189 0
190 1
191 2
192 1
193 0
194 1
195 0
196 0
197 0
198 0
199 1
200 1
201 1
202 1
203 1
204 1
205 0
206 1
207 0
208 0
209 0
210 0
211 0
212 0
213 0
214 0
215 0
216 0
217 1
218 1
219 0
220 2
221 1
222 0
223 0
224 1
225 1
226 1
227 0
228 1
229 1
230 0
231 0
232 0
233 0
234 0
235 0
236 0
237 0
238 0
239 0
240 0
241 0
242 0
243 0
244 0
245 0
246 0
247 0
248 0
249 0
250 0
251 0
252 0
253 0
254 0
255 0
256 0
257 0
258 0
259 0
260 0
261 0
262 0
263 0
264 0
265 0
266 0
267 0
268 0
269 0
270 0
271 0
272 0
273 0
274 0
275 0
276 0
277 0
278 0
279 0
280 0
281 0
282 0
283 0
284 0
285 0
286 0
287 0
288 0
289 0
290 0
291 0
292 0
293 0
294 0
295 0
296 0
297 0
298 0
299 0
300 0
301 0
302 0
303 0
304 0
305 0
306 0
307 0
308 0
309 0
310 0
311 0
312 0
313 0
314 0
315 0
316 0
317 0
318 0
319 0
320 0
321 0
322 0
323 0
324 0
325 0
326 0
327 0
328 0
329 0
330 0
331 0
332 0
333 0
334 0
335 0
336 0
337 0
338 0
339 0
340 0
341 0
342 0
343 0
344 0
345 0
346 0
347 0
348 0
349 0
350 0
351 0
352 0
353 0
354 0
355 0
356 0
