0 0
1 0
2 0
3 0
4 0
5 0
6 0
7 0
8 0
9 0
10 0
11 0
12 0
13 0
14 0
15 0
16 0
17 0
18 0
19 1
20 0
21 0
22 0
23 0
24 0
25 0
26 0
27 0
28 0
29 1
30 1
31 0
32 0
33 0
34 0
35 0
36 0
37 1
38 0
39 0
40 0
41 0
42 0
43 1
44 0
45 1
46 1
47 0
48 0
49 0
50 1
51 0
52 0
53 0
54 2
55 2
56 0
57 1
58 0
59 3
60 4
61 3
62 1
63 5
64 3
65 2
66 2
67 6
68 1
69 3
70 2
71 7
72 3
73 2
74 2
75 8
76 4
77 8
78 2
79 10
80 8
81 12
82 4
83 6
84 8
85 8
86 7
87 8
88 5
89 2
90 13
91 8
92 8
93 11
94 13
95 5
96 5
97 7
98 7
99 5
100 12
101 14
102 11
103 7
104 7
105 9
106 3
107 7
108 3
109 3
110 6
111 3
112 10
113 4
114 5
115 6
116 5
117 4
118 10
119 8
120 4
121 6
122 8
123 3
124 3
125 6
126 1
127 2
128 5
129 4
130 3
131 3
132 2
133 2
134 1
135 0
136 1
137 4
138 3
139 3
140 0
141 2
142 1
143 1
144 2
145 1
146 2
147 1
148 1
149 1
150 0
151 3
152 1
153 0
154 0
155 2
156 2
157 0
158 1
159 1
160 0
161 0
162 1
163 1
164 1
165 3
166 2
167 0
168 0
169 0
170 0
171 0
172 0
173 0
174 2
175 0
176 2
177 1
178 1
179 2
180 0
181 0
182 1
183 1
184 0
185 0
186 2
187 0
188 0
189 2
190 0
191 4
192 0
193 1
194 1
195 0
196 1
197 1
198 1
199 0
200 0
201 0
202 1
203 1
204 0
205 3
206 4
207 1
208 4
209 2
210 1
211 2
212 1
213 2
214 0
215 0
216 0
217 0
218 1
219 0
220 0
221 0
222 1
223 1
224 0
225 0
226 1
227 0
228 0
229 0
230 0
231 0
232 0
233 0
234 0
235 0
236 0
237 0
238 1
239 0
240 0
241 0
242 0
243 1
244 1
245 0
246 0
247 1
248 0
249 0
250 2
251 0
252 3
253 4
254 2
255 1
256 6
257 5
258 3
259 3
260 14
261 19
262 13
263 9
264 22
265 11
266 18
267 17
268 18
269 15
270 20
271 14
272 16
273 11
274 13
275 18
276 10
277 9
278 10
279 7
280 7
281 10
282 13
283 13
284 8
285 16
286 16
287 12
288 23
289 21
290 22
291 15
292 19
293 14
294 11
295 8
296 6
297 3
298 6
299 2
300 3
301 2
302 6
303 0
304 1
305 0
306 0
307 0
308 0
309 0
310 0
311 0
312 0
313 0
314 0
315 0
316 0
317 0
318 0
319 0
320 0
321 0
322 0
323 0
324 0
325 0
326 0
327 0
328 0
329 0
330 0
331 0
332 0
333 0
334 0
335 0
336 0
337 0
338 0
339 0
340 0
341 0
342 0
343 0
344 0
345 0
346 0
347 0
348 0
349 0
350 0
351 0
352 0
353 0
354 0
355 0
356 0
357 0
358 0
359 0
360 0
361 0
362 0
363 0
364 0
365 0
366 0
367 0
368 0
369 0
370 0
371 0
372 0
373 0
374 0
375 0
376 0
377 0
378 0
