0 0
1 0
2 0
3 0
4 0
5 0
6 0
7 0
8 2
9 3
10 6
11 11
12 21
13 17
14 40
15 60
16 55
17 62
18 59
19 60
20 54
21 59
22 57
23 58
24 32
25 44
26 21
27 23
28 9
29 11
30 19
31 25
32 20
33 23
34 14
35 11
36 25
37 28
38 26
39 27
40 20
41 21
42 17
43 16
44 18
45 19
46 14
47 22
48 10
49 19
50 11
51 6
52 9
53 14
54 14
55 12
56 6
57 11
58 10
59 13
60 7
61 9
62 9
63 15
64 7
65 12
66 19
67 13
68 11
69 14
70 14
71 15
72 18
73 20
74 8
75 8
76 13
77 5
78 6
79 8
80 11
81 7
82 5
83 10
84 9
85 4
86 13
87 9
88 11
89 6
90 10
91 6
92 5
93 7
94 10
95 5
96 6
97 11
98 4
99 3
100 8
101 4
102 1
103 0
104 8
105 5
106 5
107 7
108 10
109 7
110 5
111 5
112 3
113 2
114 2
115 2
116 1
117 2
118 2
119 4
120 5
121 4
122 3
123 2
124 2
125 2
126 2
127 7
128 3
129 1
130 5
131 2
132 2
133 5
134 6
135 3
136 4
137 3
138 3
139 0
140 1
141 0
142 2
143 2
144 0
145 1
146 4
147 2
148 2
149 3
150 0
151 1
152 3
153 1
154 0
155 0
156 3
157 0
158 0
159 0
160 2
161 1
162 2
163 0
164 0
165 0
166 0
167 0
168 0
169 1
170 1
171 2
172 0
173 0
174 1
175 1
176 1
177 2
178 1
179 0
180 2
181 0
182 0
183 0
184 0
185 0
186 0
187 0
188 2
189 0
190 0
191 1
192 0
193 1
194 0
195 0
196 1
197 1
198 1
199 0
200 2
201 1
202 1
203 1
204 2
205 0
206 0
207 1
208 2
209 0
210 0
211 0
212 0
213 0
214 0
215 0
216 0
217 0
218 0
219 0
220 0
221 0
222 0
223 0
224 0
225 0
226 0
227 0
228 0
229 0
230 0
231 0
232 0
233 0
234 0
235 0
236 0
237 0
238 0
239 0
240 0
241 0
242 0
243 0
244 0
245 0
246 0
247 0
248 0
249 0
250 0
251 0
252 0
253 0
254 0
255 0
256 0
257 0
258 0
259 0
260 0
261 0
262 0
263 0
264 0
265 0
266 0
267 0
268 0
269 0
270 0
271 0
272 0
273 0
274 0
275 0
276 0
277 0
278 0
279 0
280 0
281 0
282 0
283 0
284 0
285 0
286 0
287 0
288 0
289 0
290 0
291 0
292 0
293 0
294 0
295 0
296 0
297 0
298 0
299 0
300 0
301 0
302 0
303 0
304 0
305 0
306 0
307 0
308 0
309 0
310 0
311 0
312 0
313 0
314 0
315 0
316 0
317 0
318 0
319 0
320 0
321 0
322 0
323 0
324 0
325 0
326 0
327 0
328 0
329 0
330 0
331 0
332 0
333 0
334 0
335 0
336 0
337 0
338 0
339 0
340 0
341 0
342 0
343 0
