0 0
1 0
2 0
3 0
4 0
5 0
6 0
7 0
8 0
9 0
10 0
11 0
12 0
13 0
14 0
15 0
16 0
17 0
18 0
19 3
20 1
21 0
22 3
23 3
24 4
25 1
26 4
27 2
28 5
29 1
30 6
31 5
32 4
33 3
34 6
35 1
36 6
37 4
38 2
39 4
40 8
41 8
42 5
43 5
44 5
45 8
46 5
47 3
48 11
49 6
50 7
51 4
52 9
53 8
54 7
55 6
56 11
57 7
58 2
59 6
60 6
61 5
62 9
63 4
64 4
65 12
66 11
67 3
68 2
69 7
70 6
71 7
72 7
73 3
74 7
75 14
76 6
77 5
78 6
79 9
80 4
81 4
82 4
83 5
84 3
85 6
86 5
87 6
88 4
89 3
90 0
91 3
92 4
93 2
94 4
95 6
96 6
97 5
98 2
99 7
100 7
101 6
102 2
103 6
104 7
105 4
106 7
107 8
108 0
109 3
110 8
111 6
112 3
113 6
114 4
115 6
116 2
117 6
118 10
119 6
120 3
121 4
122 10
123 2
124 10
125 8
126 8
127 6
128 1
129 3
130 7
131 8
132 6
133 3
134 6
135 8
136 7
137 7
138 5
139 7
140 10
141 12
142 3
143 6
144 11
145 14
146 8
147 13
148 12
149 18
150 8
151 7
152 13
153 3
154 4
155 8
156 6
157 10
158 3
159 3
160 12
161 6
162 5
163 6
164 7
165 9
166 8
167 7
168 13
169 11
170 11
171 11
172 11
173 8
174 17
175 11
176 7
177 8
178 9
179 12
180 6
181 8
182 7
183 9
184 5
185 3
186 4
187 10
188 7
189 10
190 4
191 6
192 9
193 5
194 11
195 6
196 8
197 10
198 12
199 17
200 6
201 9
202 11
203 9
204 10
205 17
206 14
207 10
208 4
209 13
210 15
211 23
212 13
213 18
214 15
215 20
216 22
217 20
218 14
219 16
220 18
221 10
222 10
223 6
224 15
225 8
226 10
227 6
228 8
229 4
230 7
231 5
232 5
233 3
234 5
235 7
236 5
237 7
238 6
239 3
240 4
241 2
242 2
243 2
244 1
245 2
246 0
247 1
248 2
249 1
250 0
251 0
252 0
253 0
254 1
255 0
256 0
257 0
258 0
259 0
260 1
261 0
262 0
263 0
264 0
265 0
266 0
267 0
268 0
269 0
270 0
271 0
272 0
273 0
274 0
275 0
276 0
277 0
278 0
279 0
280 0
281 0
282 0
283 0
284 0
285 0
286 0
287 0
288 0
289 0
290 0
291 0
292 0
293 0
294 0
295 0
296 0
297 0
298 0
299 0
300 0
301 0
302 0
303 0
304 0
305 0
306 0
307 0
308 0
309 0
310 0
311 0
312 0
313 0
314 0
315 0
316 0
317 0
318 0
319 0
320 0
321 0
322 0
323 0
324 0
325 0
326 0
327 0
328 0
329 0
330 0
331 0
332 0
333 0
334 0
335 0
336 0
337 0
338 0
339 0
340 0
341 0
342 0
343 0
344 0
345 0
346 0
347 0
348 0
349 0
350 0
351 0
352 0
353 0
354 0
355 0
356 0
357 0
