0 0
1 0
2 0
3 0
4 0
5 0
6 0
7 0
8 0
9 0
10 0
11 0
12 0
13 0
14 0
15 0
16 0
17 0
18 0
19 0
20 0
21 0
22 0
23 0
24 0
25 0
26 0
27 0
28 0
29 0
30 0
31 0
32 0
33 0
34 0
35 0
36 0
37 0
38 0
39 0
40 0
41 0
42 1
43 0
44 0
45 0
46 1
47 1
48 0
49 0
50 0
51 0
52 1
53 0
54 0
55 0
56 1
57 3
58 1
59 3
60 0
61 3
62 4
63 6
64 7
65 4
66 5
67 5
68 10
69 7
70 9
71 7
72 7
73 13
74 9
75 12
76 8
77 5
78 7
79 8
80 3
81 5
82 10
83 8
84 9
85 14
86 8
87 4
88 2
89 7
90 3
91 3
92 2
93 3
94 1
95 6
96 6
97 3
98 2
99 3
100 3
101 7
102 5
103 4
104 4
105 5
106 8
107 5
108 2
109 4
110 4
111 1
112 1
113 0
114 2
115 3
116 2
117 1
118 2
119 2
120 3
121 0
122 2
123 6
124 2
125 4
126 3
127 2
128 3
129 3
130 3
131 4
132 2
133 4
134 2
135 1
136 0
137 0
138 3
139 2
140 1
141 2
142 4
143 2
144 1
145 3
146 1
147 2
148 1
149 3
150 1
151 0
152 2
153 0
154 3
155 1
156 0
157 0
158 1
159 1
160 4
161 0
162 3
163 0
164 0
165 4
166 1
167 0
168 1
169 3
170 0
171 3
172 2
173 0
174 1
175 7
176 2
177 5
178 2
179 0
180 1
181 1
182 3
183 2
184 3
185 7
186 8
187 3
188 8
189 6
190 6
191 3
192 2
193 7
194 3
195 6
196 2
197 3
198 3
199 5
200 0
201 2
202 2
203 4
204 3
205 1
206 3
207 3
208 4
209 1
210 2
211 2
212 3
213 3
214 1
215 0
216 3
217 1
218 4
219 1
220 1
221 0
222 0
223 1
224 0
225 0
226 0
227 0
228 0
229 0
230 0
231 1
232 0
233 1
234 2
235 0
236 0
237 0
238 0
239 0
240 0
241 0
242 0
243 0
244 0
245 0
246 0
247 0
248 0
249 0
250 0
251 0
252 0
253 0
254 0
255 0
256 0
257 0
258 0
259 0
260 0
261 0
262 0
263 0
264 0
265 0
266 0
267 0
268 0
269 0
270 0
271 0
272 0
273 0
274 0
275 0
276 0
277 0
278 0
279 0
280 0
281 0
282 0
283 0
284 0
285 0
286 0
287 0
288 0
289 0
290 0
291 0
292 0
293 0
294 0
295 0
296 0
297 0
298 0
299 0
300 0
301 0
302 0
303 0
304 0
305 0
306 0
307 0
308 0
309 0
310 0
311 0
312 0
313 0
314 0
315 0
316 0
317 0
318 0
319 0
320 0
321 0
322 0
323 0
324 0
325 0
326 0
327 0
328 0
329 0
330 0
331 0
332 0
333 0
334 0
335 0
336 0
337 0
338 0
339 0
340 0
341 0
342 0
343 0
344 0
345 0
346 0
347 0
348 0
349 0
350 0
351 0
352 0
353 0
354 0
355 0
356 0
357 0
358 0
359 0
360 0
361 0
