0 0
1 0
2 0
3 0
4 0
5 0
6 0
7 0
8 0
9 0
10 0
11 0
12 0
13 0
14 0
15 0
16 0
17 0
18 0
19 0
20 0
21 0
22 0
23 0
24 0
25 0
26 0
27 0
28 0
29 0
30 0
31 0
32 1
33 0
34 0
35 0
36 2
37 1
38 0
39 0
40 0
41 1
42 0
43 2
44 0
45 1
46 0
47 0
48 0
49 2
50 1
51 0
52 1
53 1
54 1
55 1
56 3
57 1
58 1
59 1
60 0
61 0
62 1
63 2
64 0
65 3
66 0
67 0
68 2
69 0
70 0
71 3
72 0
73 2
74 1
75 2
76 0
77 3
78 2
79 1
80 2
81 1
82 3
83 1
84 0
85 3
86 2
87 0
88 5
89 3
90 3
91 0
92 2
93 0
94 3
95 2
96 2
97 2
98 4
99 5
100 7
101 6
102 2
103 3
104 5
105 1
106 2
107 4
108 3
109 2
110 2
111 4
112 2
113 2
114 5
115 4
116 3
117 3
118 6
119 5
120 2
121 4
122 6
123 5
124 1
125 3
126 6
127 0
128 4
129 0
130 5
131 3
132 3
133 3
134 8
135 6
136 1
137 7
138 3
139 5
140 3
141 4
142 3
143 1
144 1
145 2
146 2
147 2
148 0
149 5
150 4
151 2
152 1
153 3
154 1
155 3
156 1
157 0
158 0
159 1
160 1
161 0
162 1
163 0
164 0
165 0
166 1
167 0
168 0
169 1
170 1
171 1
172 3
173 2
174 2
175 1
176 1
177 0
178 0
179 1
180 0
181 0
182 0
183 0
184 0
185 0
186 0
187 0
188 0
189 1
190 0
191 0
192 0
193 0
194 0
195 2
196 0
197 0
198 0
199 0
200 0
201 0
202 0
203 0
204 0
205 0
206 0
207 0
208 0
209 0
210 0
211 0
212 0
213 0
214 0
215 0
216 0
217 0
218 0
219 0
220 0
221 0
222 0
223 0
224 0
225 0
226 0
227 0
228 0
229 0
230 0
231 0
232 0
233 0
234 0
235 0
236 0
237 0
238 0
239 0
240 0
241 0
242 0
243 0
244 0
245 0
246 0
247 0
248 0
249 0
250 0
251 0
252 0
253 0
254 0
255 0
256 0
257 0
258 0
259 0
260 0
261 0
262 0
263 0
264 0
265 0
266 0
267 0
268 0
269 0
270 0
271 0
272 0
273 0
274 0
275 0
276 0
277 0
278 0
279 0
280 0
281 0
282 0
283 0
284 0
285 0
286 0
287 0
288 0
289 0
290 0
291 0
292 0
293 0
294 0
295 0
296 0
297 0
298 0
299 0
300 0
301 0
302 0
303 0
304 0
305 0
306 0
307 0
308 0
309 0
310 0
311 0
312 0
313 0
314 0
315 0
316 0
317 0
318 0
319 0
320 0
321 0
322 0
323 0
324 0
325 0
326 0
327 0
328 0
329 0
330 0
331 0
332 0
333 0
334 0
335 0
336 0
337 0
338 0
339 0
340 0
341 0
342 0
343 0
344 0
345 0
346 0
347 0
348 0
349 0
350 0
