0 0
1 0
2 0
3 0
4 0
5 1
6 0
7 0
8 2
9 0
10 0
11 1
12 3
13 6
14 3
15 6
16 1
17 3
18 9
19 9
20 4
21 6
22 2
23 5
24 6
25 3
26 6
27 6
28 7
29 9
30 3
31 6
32 4
33 7
34 4
35 9
36 4
37 3
38 5
39 6
40 3
41 10
42 0
43 4
44 2
45 5
46 11
47 2
48 3
49 2
50 2
51 5
52 3
53 5
54 8
55 6
56 9
57 11
58 7
59 6
60 6
61 8
62 9
63 9
64 7
65 7
66 6
67 4
68 9
69 3
70 2
71 2
72 5
73 2
74 6
75 1
76 1
77 1
78 2
79 1
80 6
81 5
82 7
83 1
84 6
85 2
86 9
87 3
88 7
89 5
90 1
91 6
92 6
93 6
94 5
95 13
96 5
97 12
98 4
99 3
100 4
101 2
102 6
103 0
104 1
105 0
106 2
107 3
108 0
109 0
110 5
111 3
112 1
113 3
114 4
115 4
116 8
117 11
118 5
119 11
120 7
121 9
122 7
123 5
124 3
125 2
126 8
127 4
128 3
129 4
130 6
131 0
132 5
133 2
134 6
135 3
136 2
137 1
138 2
139 4
140 2
141 2
142 1
143 0
144 1
145 1
146 0
147 0
148 1
149 1
150 0
151 0
152 2
153 0
154 0
155 1
156 3
157 1
158 1
159 1
160 0
161 0
162 1
163 0
164 0
165 2
166 0
167 0
168 0
169 0
170 1
171 2
172 0
173 1
174 1
175 1
176 1
177 1
178 1
179 2
180 0
181 0
182 0
183 2
184 0
185 0
186 0
187 3
188 2
189 1
190 0
191 1
192 2
193 2
194 0
195 1
196 1
197 0
198 0
199 1
200 0
201 0
202 0
203 0
204 1
205 0
206 0
207 0
208 0
209 1
210 1
211 1
212 1
213 0
214 1
215 0
216 0
217 1
218 0
219 0
220 1
221 0
222 0
223 0
224 0
225 0
226 0
227 1
228 1
229 1
230 1
231 0
232 2
233 0
234 1
235 0
236 0
237 0
238 0
239 0
240 0
241 0
242 0
243 0
244 0
245 0
246 0
247 0
248 0
249 0
250 0
251 0
252 0
253 0
254 0
255 0
256 0
257 0
258 0
259 0
260 0
261 0
262 0
263 0
264 0
265 0
266 0
267 0
268 0
269 0
270 0
271 0
272 0
273 0
274 0
275 0
276 0
277 0
278 0
279 0
280 0
281 0
282 0
283 0
284 0
285 0
286 0
287 0
288 0
289 0
290 0
291 0
292 0
293 0
294 0
295 0
296 0
297 0
298 0
299 0
300 0
301 0
302 0
303 0
304 0
305 0
306 0
307 0
308 0
309 0
310 0
311 0
312 0
313 0
314 0
315 0
316 0
317 0
318 0
319 0
320 0
321 0
322 0
323 0
324 0
325 0
326 0
327 0
328 0
329 0
330 0
331 0
332 0
333 0
334 0
335 0
336 0
337 0
338 0
339 0
340 0
341 0
342 0
343 0
344 0
345 0
346 0
347 0
348 0
349 0
350 0
351 0
352 0
353 0
354 0
355 0
356 0
357 0
358 0
359 0
360 0
361 0
362 0
363 0
364 0
365 0
366 0
367 0
368 0
369 0
370 0
371 0
372 0
373 0
