0 0
1 0
2 0
3 0
4 0
5 0
6 0
7 0
8 0
9 0
10 0
11 1
12 0
13 4
14 4
15 6
16 2
17 3
18 3
19 6
20 0
21 6
22 4
23 3
24 7
25 10
26 6
27 4
28 9
29 11
30 16
31 12
32 4
33 7
34 1
35 6
36 7
37 1
38 4
39 1
40 4
41 0
42 3
43 3
44 4
45 6
46 10
47 4
48 9
49 15
50 9
51 6
52 13
53 9
54 15
55 7
56 9
57 7
58 4
59 9
60 4
61 13
62 11
63 9
64 20
65 12
66 10
67 10
68 8
69 5
70 9
71 11
72 7
73 4
74 8
75 7
76 4
77 5
78 5
79 13
80 7
81 5
82 2
83 5
84 6
85 4
86 8
87 6
88 3
89 7
90 1
91 4
92 7
93 7
94 4
95 3
96 7
97 8
98 4
99 4
100 6
101 7
102 8
103 2
104 3
105 5
106 6
107 4
108 4
109 2
110 2
111 3
112 5
113 7
114 5
115 6
116 4
117 2
118 3
119 5
120 3
121 1
122 2
123 6
124 5
125 2
126 2
127 4
128 1
129 2
130 2
131 2
132 1
133 2
134 0
135 2
136 2
137 0
138 0
139 0
140 3
141 2
142 0
143 2
144 2
145 0
146 3
147 1
148 2
149 1
150 2
151 0
152 1
153 0
154 1
155 1
156 2
157 0
158 1
159 3
160 2
161 0
162 0
163 2
164 1
165 1
166 2
167 1
168 0
169 2
170 0
171 2
172 1
173 1
174 0
175 1
176 1
177 0
178 0
179 1
180 0
181 3
182 2
183 0
184 4
185 7
186 9
187 8
188 4
189 10
190 2
191 7
192 8
193 13
194 9
195 13
196 10
197 8
198 6
199 6
200 3
201 2
202 0
203 1
204 1
205 0
206 0
207 0
208 0
209 1
210 0
211 0
212 0
213 0
214 0
215 0
216 0
217 0
218 0
219 0
220 0
221 1
222 0
223 0
224 0
225 0
226 0
227 0
228 1
229 1
230 0
231 0
232 0
233 1
234 0
235 0
236 0
237 0
238 0
239 0
240 0
241 0
242 0
243 0
244 0
245 0
246 0
247 0
248 0
249 0
250 0
251 0
252 0
253 0
254 0
255 0
256 0
257 0
258 0
259 0
260 0
261 0
262 0
263 0
264 0
265 0
266 0
267 0
268 0
269 0
270 0
271 0
272 0
273 0
274 0
275 0
276 0
277 0
278 0
279 0
280 0
281 0
282 0
283 0
284 0
285 0
286 0
287 0
288 0
289 0
290 0
291 0
292 0
293 0
294 0
295 0
296 0
297 0
298 0
299 0
300 0
301 0
302 0
303 0
304 0
305 0
306 0
307 0
308 0
309 0
310 0
311 0
312 0
313 0
314 0
315 0
316 0
317 0
318 0
319 0
320 0
321 0
322 0
323 0
324 0
325 0
326 0
327 0
328 0
329 0
330 0
331 0
332 0
333 0
334 0
335 0
336 0
337 0
338 0
339 0
340 0
341 0
342 0
343 0
344 0
345 0
346 0
347 0
348 0
349 0
350 0
351 0
352 0
353 0
354 0
355 0
356 0
