0 0
1 0
2 0
3 0
4 0
5 0
6 0
7 0
8 0
9 0
10 0
11 0
12 0
13 0
14 0
15 0
16 0
17 0
18 0
19 0
20 0
21 0
22 0
23 0
24 0
25 1
26 0
27 3
28 0
29 0
30 1
31 0
32 0
33 1
34 0
35 1
36 1
37 3
38 2
39 0
40 1
41 3
42 1
43 2
44 0
45 5
46 0
47 0
48 0
49 0
50 0
51 1
52 0
53 0
54 1
55 0
56 1
57 4
58 1
59 2
60 1
61 1
62 1
63 0
64 1
65 1
66 1
67 0
68 0
69 1
70 0
71 0
72 0
73 0
74 0
75 1
76 0
77 0
78 0
79 0
80 0
81 1
82 0
83 0
84 1
85 2
86 0
87 1
88 2
89 0
90 0
91 0
92 0
93 1
94 0
95 0
96 2
97 0
98 0
99 1
100 1
101 2
102 0
103 0
104 1
105 1
106 2
107 0
108 2
109 0
110 1
111 0
112 0
113 1
114 1
115 1
116 1
117 1
118 0
119 0
120 0
121 0
122 0
123 1
124 0
125 0
126 2
127 0
128 1
129 1
130 0
131 0
132 1
133 2
134 1
135 1
136 1
137 1
138 0
139 1
140 1
141 1
142 2
143 2
144 0
145 2
146 0
147 2
148 1
149 2
150 1
151 1
152 3
153 0
154 2
155 0
156 3
157 1
158 2
159 0
160 3
161 3
162 1
163 0
164 1
165 3
166 0
167 1
168 2
169 0
170 2
171 2
172 1
173 0
174 0
175 2
176 1
177 0
178 1
179 3
180 7
181 4
182 0
183 2
184 2
185 2
186 2
187 3
188 3
189 3
190 5
191 3
192 0
193 3
194 6
195 6
196 4
197 5
198 8
199 2
200 4
201 1
202 5
203 3
204 3
205 5
206 5
207 7
208 7
209 7
210 9
211 6
212 1
213 4
214 4
215 2
216 1
217 0
218 1
219 1
220 2
221 1
222 1
223 1
224 1
225 0
226 2
227 2
228 1
229 0
230 2
231 0
232 0
233 1
234 1
235 0
236 2
237 0
238 4
239 2
240 1
241 1
242 2
243 1
244 4
245 2
246 3
247 2
248 6
249 4
250 9
251 8
252 15
253 16
254 12
255 17
256 17
257 11
258 9
259 13
260 8
261 9
262 7
263 1
264 9
265 2
266 5
267 3
268 2
269 5
270 7
271 3
272 5
273 3
274 2
275 2
276 8
277 7
278 8
279 9
280 14
281 22
282 24
283 33
284 31
285 35
286 30
287 24
288 24
289 20
290 14
291 8
292 3
293 9
294 5
295 1
296 1
297 1
298 0
299 0
300 0
301 0
302 0
303 0
304 0
305 0
306 0
307 0
308 0
309 0
310 0
311 0
312 0
313 0
314 0
315 0
316 0
317 0
318 0
319 0
320 0
321 0
322 0
323 0
324 0
325 0
326 0
327 0
328 0
329 0
330 0
331 0
332 0
333 0
334 0
335 0
336 0
337 0
338 0
339 0
340 0
341 0
342 0
343 0
