0 0
1 0
2 0
3 0
4 0
5 0
6 0
7 0
8 0
9 0
10 0
11 0
12 0
13 0
14 0
15 1
16 1
17 2
18 2
19 6
20 6
21 7
22 9
23 12
24 11
25 11
26 13
27 10
28 13
29 2
30 6
31 13
32 7
33 10
34 10
35 12
36 12
37 10
38 8
39 12
40 15
41 15
42 5
43 7
44 7
45 8
46 7
47 5
48 6
49 6
50 6
51 6
52 8
53 5
54 7
55 5
56 8
57 2
58 7
59 9
60 5
61 5
62 3
63 12
64 7
65 4
66 3
67 6
68 5
69 6
70 6
71 4
72 6
73 10
74 8
75 7
76 9
77 11
78 1
79 7
80 7
81 4
82 6
83 1
84 4
85 5
86 3
87 5
88 3
89 3
90 4
91 5
92 6
93 3
94 2
95 3
96 5
97 3
98 1
99 3
100 4
101 2
102 7
103 2
104 2
105 2
106 7
107 5
108 5
109 5
110 1
111 3
112 5
113 3
114 3
115 4
116 6
117 3
118 4
119 4
120 3
121 2
122 3
123 1
124 4
125 6
126 3
127 6
128 0
129 1
130 1
131 3
132 2
133 3
134 3
135 3
136 2
137 3
138 4
139 1
140 0
141 2
142 0
143 3
144 2
145 1
146 2
147 4
148 5
149 5
150 4
151 5
152 5
153 4
154 6
155 3
156 5
157 5
158 2
159 1
160 0
161 3
162 1
163 1
164 1
165 0
166 1
167 5
168 5
169 1
170 2
171 4
172 4
173 2
174 3
175 1
176 2
177 2
178 3
179 5
180 5
181 1
182 3
183 1
184 3
185 0
186 2
187 2
188 2
189 3
190 1
191 8
192 8
193 4
194 4
195 2
196 5
197 4
198 3
199 3
200 0
201 2
202 2
203 3
204 3
205 1
206 3
207 2
208 1
209 3
210 8
211 10
212 14
213 7
214 8
215 11
216 6
217 10
218 3
219 4
220 2
221 7
222 3
223 5
224 6
225 6
226 7
227 6
228 8
229 9
230 9
231 8
232 9
233 9
234 8
235 12
236 13
237 14
238 5
239 7
240 9
241 10
242 3
243 5
244 6
245 11
246 5
247 9
248 6
249 3
250 4
251 2
252 1
253 2
254 6
255 2
256 5
257 4
258 6
259 3
260 12
261 4
262 3
263 2
264 6
265 2
266 2
267 2
268 3
269 3
270 1
271 1
272 1
273 0
274 2
275 0
276 0
277 0
278 0
279 0
280 0
281 1
282 0
283 0
284 0
285 0
286 0
287 0
288 0
289 0
290 0
291 0
292 0
293 0
294 0
295 0
296 0
297 0
298 0
299 0
300 0
301 0
302 0
303 0
304 0
305 0
306 0
307 0
308 0
309 0
310 0
311 0
312 0
313 0
314 0
315 0
316 0
317 0
318 0
319 0
320 0
321 0
322 0
323 0
324 0
325 0
326 0
327 0
328 0
329 0
330 0
331 0
332 0
333 0
334 0
335 0
336 0
337 0
338 0
339 0
340 0
341 0
342 0
343 0
344 0
345 0
346 0
347 0
348 0
349 0
350 0
351 0
352 0
353 0
