0 0
1 0
2 0
3 0
4 0
5 0
6 0
7 0
8 0
9 0
10 0
11 0
12 0
13 0
14 0
15 0
16 0
17 0
18 0
19 0
20 0
21 1
22 1
23 0
24 0
25 1
26 1
27 0
28 0
29 1
30 1
31 0
32 2
33 2
34 3
35 2
36 1
37 4
38 4
39 6
40 3
41 4
42 1
43 2
44 8
45 3
46 8
47 3
48 3
49 3
50 4
51 4
52 10
53 5
54 5
55 3
56 4
57 0
58 3
59 2
60 0
61 0
62 2
63 0
64 4
65 2
66 1
67 9
68 4
69 4
70 3
71 2
72 4
73 1
74 4
75 3
76 2
77 3
78 4
79 0
80 1
81 3
82 0
83 3
84 4
85 4
86 4
87 6
88 1
89 0
90 4
91 5
92 5
93 1
94 7
95 3
96 6
97 4
98 1
99 2
100 8
101 5
102 6
103 4
104 5
105 3
106 3
107 4
108 2
109 3
110 1
111 1
112 1
113 1
114 2
115 2
116 3
117 3
118 4
119 2
120 3
121 9
122 0
123 5
124 3
125 5
126 3
127 3
128 0
129 0
130 1
131 1
132 0
133 0
134 2
135 2
136 3
137 1
138 4
139 5
140 0
141 1
142 2
143 2
144 0
145 1
146 2
147 2
148 6
149 6
150 3
151 8
152 13
153 4
154 9
155 10
156 5
157 3
158 7
159 14
160 4
161 11
162 3
163 3
164 2
165 5
166 3
167 5
168 0
169 3
170 5
171 4
172 0
173 3
174 1
175 1
176 0
177 1
178 1
179 0
180 2
181 0
182 2
183 1
184 3
185 1
186 1
187 0
188 1
189 3
190 1
191 2
192 0
193 0
194 2
195 2
196 1
197 0
198 3
199 0
200 4
201 1
202 2
203 3
204 2
205 0
206 0
207 1
208 1
209 1
210 0
211 2
212 2
213 1
214 3
215 1
216 1
217 1
218 1
219 2
220 3
221 0
222 3
223 1
224 0
225 1
226 0
227 0
228 0
229 1
230 1
231 0
232 0
233 0
234 2
235 0
236 0
237 0
238 0
239 1
240 0
241 0
242 0
243 1
244 0
245 0
246 1
247 0
248 2
249 2
250 2
251 1
252 0
253 0
254 0
255 1
256 4
257 4
258 0
259 0
260 1
261 0
262 2
263 0
264 0
265 0
266 2
267 0
268 1
269 2
270 1
271 1
272 0
273 0
274 0
275 0
276 0
277 0
278 0
279 0
280 0
281 0
282 0
283 0
284 0
285 0
286 0
287 0
288 0
289 0
290 0
291 0
292 0
293 0
294 0
295 0
296 0
297 0
298 0
299 0
300 0
301 0
302 0
303 0
304 0
305 0
306 0
307 0
308 0
309 0
310 0
311 0
312 0
313 0
314 0
315 0
316 0
317 0
318 0
319 0
320 0
321 0
322 0
323 0
324 0
325 0
326 0
327 0
328 0
329 0
330 0
331 0
332 0
333 0
334 0
335 0
336 0
337 0
338 0
339 0
340 0
341 0
342 0
343 0
344 0
345 0
346 0
347 0
348 0
349 0
350 0
351 0
352 0
353 0
354 0
355 0
356 0
357 0
