0 0
1 0
2 0
3 0
4 0
5 0
6 0
7 0
8 0
9 0
10 0
11 1
12 1
13 1
14 1
15 1
16 0
17 0
18 5
19 5
20 7
21 1
22 3
23 1
24 4
25 3
26 2
27 8
28 3
29 3
30 5
31 5
32 8
33 4
34 6
35 6
36 3
37 3
38 4
39 6
40 10
41 9
42 1
43 2
44 10
45 5
46 4
47 4
48 7
49 6
50 5
51 6
52 6
53 4
54 3
55 3
56 6
57 6
58 10
59 9
60 8
61 8
62 5
63 7
64 4
65 7
66 6
67 5
68 10
69 1
70 6
71 11
72 5
73 5
74 8
75 2
76 3
77 6
78 4
79 7
80 4
81 8
82 1
83 5
84 6
85 10
86 9
87 6
88 6
89 10
90 7
91 11
92 3
93 5
94 3
95 3
96 3
97 5
98 3
99 2
100 3
101 7
102 2
103 3
104 1
105 1
106 2
107 3
108 0
109 2
110 2
111 2
112 3
113 0
114 1
115 3
116 2
117 3
118 5
119 1
120 3
121 0
122 1
123 2
124 0
125 0
126 0
127 3
128 2
129 2
130 3
131 0
132 0
133 0
134 0
135 2
136 0
137 0
138 0
139 3
140 0
141 0
142 0
143 1
144 1
145 0
146 0
147 0
148 2
149 0
150 0
151 0
152 1
153 1
154 0
155 0
156 1
157 0
158 2
159 0
160 1
161 0
162 0
163 0
164 2
165 0
166 0
167 0
168 2
169 0
170 1
171 1
172 0
173 1
174 0
175 0
176 0
177 0
178 0
179 0
180 0
181 0
182 1
183 1
184 0
185 0
186 1
187 0
188 0
189 0
190 0
191 0
192 0
193 0
194 0
195 0
196 1
197 1
198 1
199 1
200 1
201 0
202 0
203 0
204 0
205 0
206 1
207 0
208 0
209 0
210 0
211 0
212 0
213 0
214 0
215 1
216 0
217 0
218 0
219 0
220 0
221 0
222 0
223 1
224 1
225 0
226 1
227 0
228 0
229 0
230 0
231 0
232 0
233 0
234 0
235 0
236 0
237 0
238 0
239 0
240 0
241 0
242 0
243 0
244 1
245 1
246 1
247 0
248 0
249 0
250 0
251 0
252 1
253 0
254 0
255 0
256 0
257 0
258 0
259 0
260 0
261 0
262 0
263 0
264 0
265 0
266 0
267 0
268 0
269 0
270 0
271 0
272 0
273 1
274 0
275 0
276 0
277 0
278 0
279 0
280 0
281 1
282 1
283 0
284 0
285 0
286 0
287 0
288 0
289 0
290 0
291 0
292 0
293 0
294 0
295 0
296 0
297 0
298 0
299 0
300 0
301 0
302 0
303 0
304 0
305 0
306 0
307 0
308 0
309 0
310 0
311 0
312 0
313 0
314 0
315 0
316 0
317 0
318 0
319 0
320 0
321 0
322 0
323 0
324 0
325 0
326 0
327 0
328 0
329 0
330 0
331 0
332 0
333 0
334 0
335 0
336 0
337 0
338 0
339 0
340 0
341 0
342 0
343 0
344 0
345 0
346 0
347 0
348 0
349 0
350 0
351 0
352 0
353 0
354 0
355 0
356 0
357 0
358 0
359 0
360 0
361 0
362 0
363 0
364 0
365 0
366 0
367 0
368 0
369 0
370 0
371 0
372 0
373 0
374 0
