0 0
1 0
2 0
3 0
4 0
5 0
6 0
7 0
8 0
9 0
10 0
11 0
12 0
13 0
14 0
15 0
16 0
17 0
18 0
19 0
20 0
21 0
22 0
23 0
24 0
25 0
26 0
27 0
28 0
29 0
30 0
31 1
32 0
33 0
34 0
35 0
36 0
37 0
38 0
39 0
40 0
41 0
42 0
43 0
44 0
45 0
46 0
47 0
48 0
49 0
50 0
51 0
52 0
53 0
54 0
55 0
56 0
57 0
58 0
59 1
60 0
61 0
62 0
63 0
64 0
65 0
66 0
67 0
68 0
69 0
70 0
71 0
72 0
73 0
74 0
75 0
76 0
77 1
78 0
79 0
80 0
81 0
82 0
83 0
84 0
85 0
86 0
87 0
88 0
89 0
90 0
91 0
92 1
93 0
94 0
95 0
96 0
97 0
98 0
99 0
100 0
101 0
102 0
103 0
104 0
105 1
106 0
107 0
108 0
109 0
110 0
111 0
112 0
113 0
114 0
115 0
116 0
117 0
118 0
119 0
120 0
121 1
122 0
123 0
124 0
125 0
126 1
127 0
128 0
129 0
130 0
131 1
132 1
133 0
134 1
135 0
136 3
137 0
138 0
139 0
140 2
141 1
142 0
143 2
144 3
145 0
146 3
147 2
148 1
149 0
150 0
151 2
152 0
153 3
154 1
155 1
156 1
157 1
158 1
159 0
160 1
161 1
162 0
163 1
164 2
165 1
166 0
167 1
168 3
169 1
170 1
171 1
172 0
173 0
174 1
175 1
176 1
177 3
178 1
179 0
180 1
181 1
182 2
183 2
184 0
185 0
186 0
187 1
188 1
189 2
190 1
191 2
192 1
193 1
194 1
195 0
196 0
197 1
198 0
199 2
200 0
201 2
202 3
203 1
204 0
205 1
206 0
207 1
208 1
209 0
210 0
211 0
212 1
213 1
214 1
215 0
216 1
217 0
218 0
219 0
220 0
221 2
222 0
223 1
224 2
225 1
226 2
227 0
228 0
229 1
230 1
231 2
232 1
233 1
234 0
235 2
236 0
237 3
238 0
239 0
240 3
241 1
242 2
243 1
244 1
245 1
246 3
247 0
248 3
249 1
250 1
251 0
252 2
253 2
254 1
255 4
256 2
257 2
258 3
259 0
260 2
261 1
262 2
263 3
264 4
265 3
266 2
267 3
268 3
269 2
270 3
271 4
272 2
273 1
274 4
275 3
276 5
277 4
278 1
279 2
280 5
281 3
282 1
283 2
284 2
285 2
286 1
287 3
288 1
289 0
290 3
291 1
292 2
293 2
294 3
295 1
296 2
297 3
298 2
299 3
300 0
301 1
302 1
303 0
304 1
305 0
306 1
307 0
308 0
309 0
310 1
311 1
312 0
313 0
314 0
315 0
316 0
317 0
318 0
319 0
320 0
321 0
322 0
323 0
324 0
325 0
326 0
327 0
328 0
329 0
330 0
331 0
332 0
333 0
334 0
335 0
336 0
337 0
338 0
339 0
340 0
341 0
342 0
343 0
344 0
345 0
346 0
347 0
348 0
349 0
350 0
351 0
352 0
353 0
354 0
355 0
356 0
357 0
358 0
359 0
360 0
361 0
362 0
363 0
364 0
365 0
366 0
367 0
368 0
369 0
370 0
371 0
372 0
373 0
374 0
375 0
376 0
377 0
378 0
379 0
380 0
381 0
382 0
383 0
384 0
385 0
386 0
