0 0
1 0
2 0
3 0
4 0
5 0
6 0
7 0
8 0
9 0
10 0
11 0
12 0
13 0
14 0
15 0
16 0
17 0
18 0
19 0
20 1
21 0
22 0
23 0
24 0
25 1
26 1
27 1
28 0
29 0
30 1
31 1
32 1
33 2
34 1
35 4
36 2
37 1
38 0
39 0
40 2
41 1
42 0
43 0
44 1
45 0
46 0
47 2
48 1
49 1
50 0
51 0
52 0
53 0
54 0
55 0
56 1
57 0
58 0
59 1
60 0
61 0
62 0
63 1
64 0
65 0
66 0
67 2
68 1
69 1
70 0
71 0
72 0
73 1
74 0
75 0
76 1
77 0
78 0
79 0
80 1
81 0
82 2
83 1
84 0
85 0
86 1
87 1
88 1
89 2
90 3
91 2
92 1
93 2
94 1
95 0
96 2
97 1
98 0
99 0
100 2
101 2
102 2
103 1
104 2
105 2
106 0
107 0
108 1
109 0
110 0
111 0
112 0
113 0
114 0
115 2
116 1
117 2
118 2
119 2
120 2
121 3
122 0
123 1
124 3
125 1
126 2
127 2
128 1
129 2
130 1
131 1
132 0
133 4
134 2
135 0
136 0
137 3
138 2
139 6
140 4
141 5
142 4
143 6
144 8
145 5
146 3
147 1
148 2
149 1
150 1
151 0
152 1
153 2
154 2
155 3
156 1
157 0
158 5
159 2
160 2
161 4
162 2
163 6
164 4
165 7
166 5
167 3
168 3
169 2
170 1
171 5
172 1
173 1
174 2
175 6
176 1
177 2
178 1
179 1
180 3
181 0
182 4
183 1
184 2
185 2
186 3
187 2
188 2
189 3
190 4
191 4
192 3
193 3
194 1
195 2
196 1
197 0
198 2
199 1
200 2
201 2
202 1
203 1
204 1
205 3
206 1
207 3
208 2
209 1
210 0
211 0
212 0
213 1
214 3
215 0
216 1
217 2
218 3
219 1
220 1
221 0
222 0
223 1
224 0
225 0
226 0
227 0
228 0
229 0
230 1
231 0
232 0
233 0
234 0
235 0
236 0
237 0
238 0
239 0
240 0
241 0
242 0
243 0
244 0
245 0
246 0
247 0
248 0
249 0
250 0
251 0
252 0
253 0
254 0
255 0
256 0
257 0
258 0
259 0
260 0
261 0
262 0
263 0
264 0
265 0
266 0
267 0
268 0
269 0
270 0
271 0
272 0
273 0
274 0
275 0
276 0
277 0
278 0
279 0
280 0
281 0
282 0
283 0
284 0
285 0
286 0
287 0
288 0
289 0
290 0
291 0
292 0
293 0
294 0
295 0
296 0
297 0
298 0
299 0
300 0
301 0
302 0
303 0
304 0
305 0
306 0
307 0
308 0
309 0
310 0
311 0
312 0
313 0
314 0
315 0
316 0
317 0
318 0
319 0
320 0
321 0
322 0
323 0
324 0
325 0
326 0
327 0
328 0
329 0
330 0
331 0
332 0
333 0
334 0
335 0
336 0
337 0
338 0
339 0
340 0
341 0
342 0
343 0
344 0
345 0
346 0
347 0
348 0
349 0
350 0
351 0
352 0
353 0
354 0
355 0
356 0
357 0
358 0
359 0
360 0
361 0
362 0
363 0
364 0
365 0
366 0
367 0
368 0
369 0
370 0
371 0
372 0
373 0
374 0
375 0
376 0
377 0
378 0
379 0
380 0
381 0
382 0
383 0
384 0
385 0
386 0
387 0
388 0
389 0
390 0
391 0
392 0
393 0
394 0
395 0
396 0
397 0
398 0
399 0
400 0
401 0
402 0
