0 0
1 0
2 0
3 0
4 0
5 0
6 0
7 0
8 0
9 0
10 0
11 0
12 0
13 0
14 0
15 0
16 0
17 0
18 0
19 0
20 0
21 1
22 1
23 4
24 5
25 6
26 10
27 6
28 20
29 11
30 14
31 24
32 17
33 30
34 20
35 22
36 22
37 16
38 14
39 12
40 15
41 8
42 15
43 14
44 14
45 9
46 14
47 10
48 17
49 26
50 17
51 12
52 10
53 10
54 15
55 12
56 13
57 20
58 11
59 9
60 10
61 16
62 12
63 11
64 16
65 14
66 12
67 10
68 13
69 10
70 11
71 4
72 15
73 10
74 11
75 16
76 16
77 10
78 11
79 10
80 11
81 5
82 9
83 11
84 6
85 6
86 7
87 9
88 11
89 15
90 9
91 8
92 11
93 4
94 6
95 11
96 3
97 9
98 9
99 6
100 6
101 7
102 5
103 13
104 8
105 6
106 8
107 6
108 8
109 9
110 14
111 6
112 5
113 5
114 9
115 4
116 7
117 4
118 10
119 10
120 7
121 11
122 5
123 12
124 16
125 14
126 8
127 5
128 7
129 9
130 12
131 8
132 6
133 3
134 5
135 2
136 9
137 10
138 6
139 9
140 4
141 5
142 7
143 9
144 8
145 5
146 1
147 3
148 3
149 2
150 3
151 4
152 1
153 5
154 4
155 3
156 2
157 6
158 5
159 2
160 3
161 5
162 2
163 4
164 1
165 2
166 4
167 1
168 3
169 2
170 0
171 0
172 4
173 3
174 4
175 2
176 2
177 1
178 2
179 2
180 0
181 0
182 1
183 1
184 3
185 0
186 2
187 1
188 2
189 3
190 0
191 1
192 4
193 2
194 3
195 3
196 2
197 4
198 1
199 1
200 3
201 1
202 0
203 0
204 1
205 0
206 0
207 1
208 0
209 0
210 2
211 0
212 1
213 0
214 0
215 0
216 0
217 0
218 0
219 2
220 1
221 1
222 0
223 0
224 1
225 0
226 0
227 1
228 1
229 1
230 0
231 0
232 0
233 0
234 0
235 0
236 0
237 0
238 0
239 0
240 0
241 0
242 0
243 0
244 0
245 0
246 0
247 0
248 0
249 0
250 0
251 0
252 0
253 0
254 0
255 0
256 0
257 0
258 0
259 0
260 0
261 0
262 0
263 0
264 1
265 0
266 0
267 0
268 0
269 0
270 0
271 0
272 0
273 1
274 0
275 0
276 0
277 0
278 0
279 0
280 0
281 0
282 0
283 0
284 0
285 0
286 0
287 0
288 0
289 0
290 0
291 0
292 1
293 0
294 0
295 0
296 0
297 0
298 0
299 0
300 0
301 0
302 0
303 0
304 0
305 0
306 0
307 0
308 0
309 0
310 0
311 0
312 0
313 0
314 0
315 0
316 0
317 0
318 1
319 0
320 0
321 0
322 0
323 0
324 0
325 0
326 0
327 0
328 0
329 0
330 0
331 0
332 0
333 0
334 0
335 0
336 0
337 0
338 0
339 0
340 0
341 0
342 0
343 0
344 0
345 0
346 0
347 0
348 0
