0 0
1 0
2 0
3 0
4 0
5 0
6 0
7 0
8 0
9 0
10 0
11 0
12 0
13 0
14 0
15 0
16 0
17 0
18 0
19 0
20 0
21 0
22 0
23 0
24 0
25 0
26 0
27 0
28 0
29 0
30 0
31 0
32 0
33 0
34 1
35 2
36 0
37 0
38 0
39 0
40 0
41 0
42 2
43 1
44 1
45 1
46 0
47 1
48 1
49 0
50 1
51 1
52 1
53 3
54 1
55 1
56 3
57 0
58 5
59 4
60 1
61 6
62 5
63 2
64 5
65 6
66 8
67 2
68 3
69 7
70 5
71 7
72 3
73 11
74 5
75 7
76 9
77 7
78 6
79 8
80 9
81 12
82 12
83 5
84 13
85 13
86 12
87 12
88 11
89 10
90 9
91 8
92 8
93 10
94 9
95 10
96 11
97 6
98 14
99 8
100 15
101 7
102 10
103 10
104 14
105 10
106 17
107 11
108 16
109 9
110 12
111 11
112 5
113 13
114 11
115 13
116 8
117 13
118 11
119 10
120 7
121 7
122 7
123 10
124 3
125 2
126 11
127 5
128 6
129 4
130 6
131 7
132 5
133 4
134 3
135 6
136 7
137 4
138 5
139 4
140 9
141 3
142 5
143 4
144 3
145 3
146 5
147 4
148 5
149 4
150 11
151 3
152 7
153 4
154 3
155 1
156 1
157 3
158 4
159 5
160 2
161 3
162 2
163 8
164 3
165 6
166 2
167 6
168 4
169 2
170 1
171 5
172 1
173 1
174 5
175 2
176 2
177 0
178 4
179 1
180 0
181 2
182 2
183 0
184 2
185 2
186 5
187 4
188 5
189 4
190 4
191 1
192 0
193 6
194 4
195 5
196 10
197 4
198 2
199 4
200 5
201 8
202 4
203 11
204 10
205 5
206 6
207 8
208 4
209 11
210 6
211 10
212 12
213 4
214 9
215 4
216 8
217 3
218 5
219 6
220 4
221 1
222 4
223 5
224 2
225 5
226 2
227 1
228 0
229 3
230 1
231 3
232 3
233 2
234 2
235 1
236 1
237 0
238 1
239 0
240 2
241 0
242 1
243 0
244 1
245 1
246 0
247 0
248 1
249 1
250 3
251 0
252 1
253 0
254 1
255 0
256 1
257 0
258 0
259 0
260 1
261 0
262 1
263 0
264 0
265 0
266 0
267 0
268 0
269 0
270 0
271 0
272 0
273 0
274 0
275 0
276 0
277 0
278 1
279 0
280 0
281 0
282 0
283 0
284 0
285 0
286 0
287 0
288 0
289 0
290 0
291 0
292 0
293 0
294 0
295 0
296 0
297 0
298 0
299 0
300 0
301 0
302 0
303 0
304 0
305 0
306 0
307 0
308 0
309 0
310 0
311 0
312 0
313 0
314 0
315 0
316 0
317 0
318 0
319 0
320 0
321 0
322 0
323 0
324 0
325 0
326 0
327 0
328 0
329 0
330 0
331 0
332 0
333 0
334 0
335 0
336 0
337 0
338 0
339 0
340 0
341 0
342 0
343 0
344 0
345 0
346 0
347 0
348 0
349 0
350 0
351 0
352 0
353 0
354 0
355 0
356 0
357 0
358 0
359 0
360 0
361 0
362 0
363 0
364 0
365 0
366 0
367 0
368 0
369 0
370 0
371 0
372 0
373 0
374 0
375 0
376 0
377 0
378 0
379 0
380 0
