0 0
1 0
2 0
3 0
4 0
5 0
6 0
7 0
8 0
9 0
10 0
11 0
12 0
13 0
14 0
15 0
16 0
17 0
18 0
19 0
20 0
21 1
22 0
23 2
24 0
25 0
26 0
27 0
28 1
29 2
30 0
31 2
32 0
33 1
34 2
35 0
36 2
37 1
38 0
39 2
40 1
41 2
42 2
43 3
44 2
45 1
46 2
47 0
48 3
49 3
50 2
51 1
52 1
53 2
54 2
55 2
56 5
57 5
58 6
59 2
60 7
61 4
62 7
63 6
64 6
65 7
66 3
67 5
68 8
69 10
70 5
71 3
72 10
73 1
74 6
75 6
76 3
77 5
78 7
79 5
80 10
81 6
82 7
83 7
84 6
85 4
86 4
87 6
88 3
89 5
90 7
91 2
92 1
93 6
94 0
95 3
96 2
97 1
98 4
99 0
100 5
101 4
102 3
103 2
104 1
105 2
106 0
107 3
108 6
109 3
110 6
111 2
112 2
113 3
114 3
115 5
116 2
117 5
118 1
119 6
120 1
121 1
122 5
123 5
124 2
125 4
126 3
127 5
128 3
129 6
130 1
131 4
132 2
133 5
134 3
135 3
136 2
137 3
138 5
139 1
140 2
141 1
142 5
143 5
144 6
145 4
146 1
147 0
148 1
149 1
150 4
151 3
152 1
153 1
154 3
155 3
156 5
157 3
158 6
159 4
160 4
161 7
162 2
163 7
164 5
165 0
166 3
167 3
168 4
169 7
170 6
171 7
172 1
173 6
174 4
175 8
176 4
177 5
178 1
179 7
180 3
181 0
182 1
183 1
184 1
185 1
186 0
187 0
188 0
189 0
190 0
191 0
192 0
193 0
194 0
195 0
196 0
197 0
198 0
199 0
200 0
201 0
202 0
203 0
204 1
205 0
206 0
207 1
208 0
209 0
210 0
211 0
212 1
213 0
214 0
215 0
216 1
217 1
218 2
219 0
220 0
221 1
222 0
223 0
224 0
225 0
226 1
227 0
228 0
229 0
230 2
231 0
232 0
233 0
234 0
235 0
236 0
237 0
238 0
239 0
240 0
241 0
242 1
243 0
244 0
245 0
246 0
247 0
248 0
249 1
250 0
251 0
252 0
253 0
254 0
255 0
256 0
257 0
258 0
259 0
260 0
261 0
262 2
263 1
264 1
265 0
266 0
267 1
268 0
269 0
270 0
271 3
272 0
273 0
274 1
275 1
276 1
277 4
278 1
279 1
280 1
281 2
282 0
283 1
284 2
285 2
286 3
287 1
288 0
289 0
290 0
291 0
292 0
293 0
294 2
295 1
296 0
297 1
298 0
299 0
300 0
301 0
302 0
303 0
304 0
305 0
306 0
307 0
308 0
309 0
310 0
311 0
312 0
313 0
314 0
315 0
316 0
317 0
318 0
319 0
320 0
321 0
322 0
323 0
324 0
325 0
326 0
327 0
328 0
329 0
330 0
331 0
332 0
333 0
334 0
335 0
336 0
337 0
338 0
339 0
340 0
341 0
342 0
343 0
344 0
345 0
346 0
347 0
348 0
349 0
350 0
351 0
352 0
353 0
354 0
355 0
356 0
357 0
358 0
