0 0
1 0
2 0
3 0
4 0
5 0
6 0
7 0
8 0
9 0
10 0
11 0
12 0
13 0
14 0
15 0
16 0
17 0
18 0
19 1
20 0
21 0
22 1
23 3
24 2
25 2
26 4
27 2
28 3
29 4
30 3
31 4
32 4
33 1
34 3
35 1
36 2
37 4
38 6
39 1
40 4
41 4
42 1
43 2
44 1
45 2
46 2
47 5
48 3
49 2
50 0
51 7
52 2
53 3
54 3
55 4
56 2
57 1
58 4
59 4
60 3
61 2
62 6
63 2
64 6
65 2
66 1
67 3
68 2
69 8
70 5
71 0
72 4
73 4
74 5
75 3
76 4
77 2
78 5
79 4
80 3
81 5
82 3
83 2
84 2
85 1
86 1
87 0
88 2
89 3
90 1
91 2
92 3
93 7
94 5
95 1
96 4
97 5
98 4
99 2
100 3
101 2
102 2
103 2
104 0
105 2
106 5
107 2
108 6
109 2
110 3
111 2
112 2
113 5
114 4
115 6
116 7
117 7
118 4
119 4
120 7
121 1
122 2
123 5
124 1
125 6
126 3
127 7
128 1
129 1
130 2
131 1
132 5
133 2
134 2
135 1
136 3
137 1
138 1
139 7
140 1
141 3
142 4
143 5
144 1
145 5
146 4
147 2
148 3
149 8
150 6
151 3
152 3
153 2
154 6
155 5
156 2
157 10
158 4
159 3
160 6
161 3
162 3
163 6
164 5
165 7
166 3
167 4
168 3
169 5
170 1
171 3
172 4
173 6
174 4
175 6
176 5
177 7
178 12
179 3
180 10
181 4
182 10
183 10
184 8
185 7
186 6
187 3
188 13
189 6
190 9
191 9
192 9
193 8
194 12
195 11
196 10
197 12
198 13
199 14
200 9
201 10
202 13
203 17
204 15
205 10
206 17
207 21
208 16
209 19
210 26
211 36
212 22
213 31
214 23
215 17
216 20
217 15
218 15
219 13
220 14
221 5
222 6
223 0
224 1
225 2
226 2
227 0
228 0
229 1
230 0
231 2
232 1
233 1
234 0
235 0
236 0
237 0
238 0
239 0
240 0
241 0
242 1
243 0
244 0
245 1
246 0
247 0
248 0
249 0
250 0
251 0
252 0
253 1
254 0
255 0
256 1
257 0
258 0
259 0
260 0
261 0
262 0
263 0
264 0
265 0
266 0
267 1
268 0
269 1
270 0
271 0
272 3
273 0
274 1
275 0
276 1
277 0
278 0
279 0
280 1
281 1
282 0
283 0
284 0
285 0
286 0
287 0
288 0
289 0
290 0
291 0
292 0
293 0
294 0
295 0
296 0
297 0
298 0
299 0
300 0
301 0
302 0
303 0
304 0
305 0
306 0
307 0
308 0
309 0
310 0
311 0
312 0
313 0
314 0
315 0
316 0
317 0
318 0
319 0
320 0
321 0
322 0
323 0
324 0
325 0
326 0
327 0
328 0
329 0
330 0
331 0
332 0
333 0
334 0
335 0
336 0
337 0
338 0
339 0
340 0
341 0
342 0
343 0
344 0
345 0
346 0
347 0
348 0
349 0
350 0
351 0
352 0
353 0
354 0
355 0
356 0
357 0
358 0
359 0
360 0
361 0
362 0
363 0
364 0
365 0
366 0
367 0
368 0
369 0
370 0
371 0
372 0
373 0
