0 0
1 0
2 0
3 0
4 0
5 0
6 0
7 0
8 0
9 0
10 0
11 0
12 0
13 0
14 0
15 0
16 0
17 0
18 0
19 0
20 2
21 0
22 0
23 1
24 0
25 0
26 0
27 0
28 0
29 0
30 0
31 0
32 1
33 0
34 0
35 0
36 0
37 0
38 0
39 0
40 0
41 0
42 0
43 0
44 0
45 0
46 0
47 0
48 0
49 2
50 0
51 0
52 0
53 0
54 0
55 0
56 0
57 1
58 1
59 0
60 0
61 0
62 0
63 0
64 0
65 0
66 0
67 0
68 1
69 0
70 0
71 0
72 0
73 2
74 0
75 0
76 0
77 1
78 0
79 1
80 0
81 0
82 0
83 2
84 0
85 0
86 0
87 0
88 0
89 0
90 1
91 1
92 1
93 1
94 0
95 0
96 1
97 1
98 0
99 0
100 0
101 0
102 0
103 0
104 0
105 0
106 0
107 0
108 0
109 0
110 0
111 0
112 0
113 0
114 0
115 0
116 1
117 2
118 0
119 0
120 1
121 0
122 0
123 0
124 1
125 0
126 0
127 0
128 0
129 0
130 0
131 0
132 0
133 0
134 0
135 5
136 1
137 0
138 2
139 0
140 0
141 0
142 1
143 2
144 1
145 1
146 1
147 1
148 1
149 0
150 1
151 3
152 2
153 1
154 0
155 2
156 2
157 1
158 3
159 5
160 4
161 1
162 2
163 2
164 3
165 1
166 2
167 0
168 2
169 2
170 1
171 1
172 4
173 1
174 3
175 4
176 4
177 4
178 2
179 2
180 3
181 3
182 8
183 6
184 1
185 3
186 7
187 5
188 2
189 2
190 3
191 3
192 1
193 1
194 2
195 3
196 3
197 2
198 3
199 2
200 1
201 5
202 4
203 2
204 3
205 4
206 4
207 0
208 1
209 0
210 2
211 2
212 1
213 3
214 2
215 3
216 4
217 3
218 1
219 3
220 3
221 2
222 2
223 1
224 4
225 8
226 4
227 7
228 5
229 8
230 9
231 4
232 2
233 1
234 8
235 7
236 5
237 2
238 5
239 3
240 3
241 2
242 4
243 6
244 4
245 4
246 10
247 6
248 10
249 4
250 5
251 6
252 3
253 1
254 2
255 1
256 0
257 0
258 0
259 0
260 0
261 1
262 0
263 3
264 1
265 0
266 0
267 1
268 0
269 1
270 0
271 0
272 0
273 0
274 1
275 0
276 0
277 0
278 0
279 0
280 0
281 1
282 0
283 0
284 0
285 0
286 0
287 0
288 0
289 0
290 0
291 0
292 0
293 0
294 0
295 0
296 0
297 0
298 0
299 0
300 0
301 0
302 0
303 0
304 0
305 0
306 0
307 0
308 0
309 0
310 0
311 0
312 0
313 0
314 0
315 0
316 0
317 0
318 0
319 0
320 0
321 0
322 0
323 0
324 0
325 0
326 0
327 0
328 0
329 0
330 0
331 0
332 0
333 0
334 0
335 0
336 0
337 0
338 0
339 0
340 0
341 0
342 0
343 0
344 0
345 0
346 0
347 0
348 0
349 0
350 0
351 0
352 0
353 0
354 0
355 0
356 0
357 0
358 0
359 0
360 0
361 0
362 0
363 0
364 0
365 0
366 0
367 0
368 0
369 0
370 0
371 0
372 0
373 0
374 0
375 0
376 0
377 0
378 0
379 0
380 0
381 0
382 0
