0 0
1 0
2 0
3 0
4 0
5 0
6 0
7 0
8 0
9 0
10 0
11 0
12 0
13 0
14 0
15 0
16 0
17 0
18 0
19 0
20 0
21 0
22 0
23 0
24 0
25 0
26 0
27 0
28 0
29 0
30 0
31 0
32 0
33 0
34 0
35 0
36 0
37 0
38 0
39 0
40 1
41 0
42 0
43 0
44 0
45 0
46 0
47 0
48 0
49 0
50 0
51 1
52 0
53 0
54 0
55 0
56 0
57 0
58 0
59 0
60 0
61 0
62 0
63 0
64 0
65 1
66 0
67 0
68 0
69 0
70 0
71 0
72 0
73 1
74 0
75 0
76 2
77 0
78 1
79 0
80 0
81 1
82 0
83 3
84 1
85 1
86 0
87 0
88 0
89 0
90 0
91 0
92 0
93 0
94 0
95 0
96 0
97 0
98 0
99 0
100 0
101 0
102 1
103 1
104 0
105 0
106 0
107 0
108 0
109 0
110 1
111 0
112 1
113 1
114 1
115 0
116 0
117 0
118 0
119 0
120 0
121 0
122 1
123 0
124 0
125 0
126 1
127 0
128 0
129 2
130 2
131 1
132 6
133 4
134 3
135 1
136 3
137 0
138 3
139 4
140 0
141 1
142 1
143 4
144 6
145 8
146 7
147 7
148 9
149 16
150 14
151 11
152 21
153 12
154 21
155 22
156 9
157 12
158 12
159 10
160 9
161 8
162 9
163 10
164 10
165 5
166 4
167 2
168 3
169 2
170 4
171 2
172 1
173 2
174 1
175 0
176 1
177 2
178 1
179 2
180 2
181 2
182 1
183 1
184 4
185 2
186 3
187 0
188 2
189 0
190 1
191 1
192 0
193 0
194 2
195 0
196 2
197 1
198 2
199 1
200 0
201 0
202 0
203 0
204 1
205 2
206 2
207 1
208 2
209 2
210 2
211 2
212 0
213 0
214 0
215 1
216 0
217 1
218 0
219 0
220 1
221 0
222 0
223 1
224 1
225 0
226 1
227 0
228 0
229 1
230 1
231 0
232 2
233 2
234 4
235 5
236 2
237 0
238 4
239 1
240 2
241 1
242 3
243 2
244 0
245 2
246 2
247 2
248 0
249 3
250 0
251 0
252 3
253 2
254 0
255 1
256 1
257 2
258 3
259 1
260 1
261 1
262 1
263 1
264 0
265 0
266 0
267 1
268 1
269 1
270 0
271 1
272 1
273 2
274 0
275 0
276 0
277 0
278 0
279 0
280 0
281 0
282 1
283 0
284 0
285 0
286 1
287 0
288 0
289 0
290 0
291 0
292 0
293 0
294 0
295 0
296 0
297 0
298 0
299 0
300 0
301 0
302 0
303 0
304 1
305 0
306 0
307 0
308 0
309 0
310 0
311 0
312 0
313 0
314 0
315 0
316 0
317 0
318 0
319 0
320 0
321 0
322 0
323 0
324 0
325 0
326 0
327 0
328 0
329 0
330 0
331 0
332 0
333 0
334 0
335 0
336 0
337 0
338 0
339 0
340 0
341 0
342 0
343 0
344 0
345 0
346 0
347 0
348 0
349 0
350 0
351 0
