0 0
1 0
2 0
3 0
4 0
5 0
6 0
7 0
8 0
9 0
10 0
11 0
12 0
13 0
14 0
15 0
16 0
17 0
18 0
19 0
20 0
21 0
22 0
23 0
24 0
25 0
26 0
27 0
28 0
29 0
30 0
31 0
32 0
33 0
34 0
35 0
36 0
37 0
38 1
39 0
40 0
41 0
42 1
43 0
44 0
45 0
46 1
47 4
48 3
49 1
50 0
51 2
52 4
53 1
54 7
55 3
56 7
57 1
58 7
59 15
60 6
61 10
62 9
63 6
64 7
65 12
66 10
67 12
68 10
69 13
70 14
71 12
72 9
73 15
74 16
75 14
76 5
77 18
78 14
79 24
80 18
81 20
82 29
83 20
84 16
85 25
86 7
87 13
88 15
89 12
90 14
91 6
92 9
93 8
94 9
95 10
96 13
97 15
98 14
99 9
100 11
101 13
102 12
103 7
104 11
105 14
106 5
107 7
108 12
109 10
110 18
111 13
112 12
113 21
114 15
115 13
116 14
117 13
118 10
119 12
120 14
121 14
122 9
123 18
124 7
125 12
126 6
127 16
128 8
129 11
130 8
131 11
132 12
133 17
134 12
135 21
136 16
137 16
138 11
139 8
140 15
141 9
142 9
143 11
144 13
145 13
146 13
147 14
148 9
149 11
150 14
151 16
152 11
153 11
154 14
155 15
156 14
157 17
158 17
159 11
160 12
161 14
162 19
163 14
164 15
165 7
166 13
167 8
168 11
169 11
170 16
171 6
172 7
173 9
174 5
175 6
176 5
177 2
178 4
179 10
180 6
181 7
182 7
183 7
184 5
185 8
186 3
187 5
188 5
189 6
190 1
191 4
192 6
193 2
194 5
195 3
196 3
197 1
198 3
199 1
200 1
201 4
202 2
203 2
204 1
205 2
206 3
207 2
208 1
209 1
210 1
211 1
212 4
213 6
214 3
215 0
216 2
217 0
218 3
219 4
220 1
221 1
222 2
223 1
224 1
225 5
226 6
227 3
228 1
229 2
230 1
231 5
232 2
233 4
234 5
235 7
236 8
237 6
238 4
239 8
240 9
241 5
242 1
243 4
244 5
245 7
246 5
247 5
248 7
249 1
250 5
251 3
252 5
253 3
254 3
255 3
256 6
257 5
258 4
259 9
260 6
261 5
262 7
263 5
264 4
265 4
266 3
267 5
268 4
269 2
270 3
271 8
272 4
273 2
274 5
275 2
276 0
277 3
278 5
279 3
280 1
281 2
282 3
283 1
284 2
285 0
286 1
287 1
288 1
289 0
290 0
291 1
292 0
293 0
294 0
295 0
296 1
297 2
298 2
299 1
300 0
301 0
302 0
303 0
304 0
305 0
306 1
307 0
308 0
309 0
310 0
311 0
312 0
313 0
314 0
315 0
316 0
317 0
318 0
319 2
320 1
321 0
322 0
323 0
324 0
325 0
326 0
327 0
328 0
329 0
330 0
331 0
332 0
333 0
334 0
335 0
336 0
337 0
338 0
339 0
340 0
341 0
342 0
343 1
344 0
345 0
346 0
347 0
348 0
349 0
350 0
351 0
352 0
353 0
354 0
355 0
356 0
357 0
358 0
359 0
360 0
361 0
362 0
363 0
364 0
365 0
366 0
367 0
368 0
369 0
370 0
371 0
372 0
373 0
374 0
375 0
376 0
377 0
378 0
379 0
380 0
381 0
382 0
383 0
384 0
385 0
386 0
387 0
388 0
389 0
390 0
391 0
