0 0
1 0
2 0
3 0
4 0
5 0
6 0
7 0
8 0
9 1
10 2
11 0
12 1
13 1
14 0
15 0
16 1
17 3
18 1
19 2
20 2
21 1
22 1
23 3
24 7
25 2
26 4
27 5
28 9
29 3
30 6
31 8
32 9
33 9
34 10
35 14
36 11
37 7
38 5
39 8
40 11
41 9
42 7
43 5
44 6
45 4
46 12
47 8
48 9
49 11
50 8
51 9
52 15
53 4
54 14
55 5
56 9
57 6
58 8
59 7
60 4
61 8
62 11
63 9
64 10
65 6
66 4
67 11
68 7
69 8
70 6
71 9
72 9
73 9
74 12
75 2
76 6
77 4
78 2
79 6
80 4
81 9
82 4
83 9
84 4
85 11
86 3
87 8
88 8
89 5
90 2
91 3
92 7
93 3
94 4
95 4
96 2
97 3
98 4
99 11
100 5
101 6
102 5
103 6
104 6
105 10
106 3
107 8
108 7
109 4
110 7
111 6
112 5
113 3
114 2
115 1
116 2
117 5
118 4
119 2
120 3
121 3
122 4
123 8
124 4
125 2
126 9
127 2
128 0
129 2
130 1
131 6
132 8
133 1
134 6
135 9
136 2
137 2
138 2
139 2
140 0
141 1
142 1
143 1
144 3
145 2
146 3
147 3
148 1
149 3
150 1
151 4
152 5
153 1
154 1
155 4
156 4
157 2
158 4
159 3
160 0
161 0
162 1
163 0
164 1
165 1
166 2
167 1
168 2
169 3
170 2
171 1
172 2
173 4
174 2
175 2
176 1
177 2
178 0
179 1
180 1
181 2
182 1
183 2
184 1
185 0
186 0
187 3
188 1
189 3
190 0
191 2
192 0
193 3
194 0
195 0
196 1
197 0
198 3
199 3
200 2
201 3
202 4
203 1
204 2
205 3
206 2
207 5
208 1
209 2
210 3
211 3
212 2
213 3
214 1
215 4
216 0
217 5
218 6
219 5
220 2
221 2
222 1
223 7
224 7
225 4
226 2
227 1
228 1
229 1
230 0
231 3
232 1
233 1
234 0
235 0
236 0
237 0
238 0
239 0
240 0
241 0
242 0
243 0
244 0
245 0
246 0
247 0
248 0
249 0
250 0
251 0
252 0
253 0
254 0
255 0
256 0
257 0
258 0
259 0
260 1
261 0
262 0
263 0
264 0
265 0
266 0
267 0
268 0
269 0
270 0
271 0
272 0
273 0
274 0
275 0
276 0
277 0
278 0
279 0
280 0
281 0
282 0
283 0
284 0
285 0
286 0
287 0
288 0
289 0
290 0
291 0
292 0
293 0
294 0
295 0
296 0
297 0
298 0
299 0
300 0
301 0
302 0
303 0
304 0
305 0
306 0
307 0
308 0
309 0
310 0
311 0
312 0
313 0
314 0
315 0
316 0
317 0
318 0
319 0
320 0
321 0
322 0
323 0
324 0
325 0
326 0
327 0
328 0
329 0
330 0
331 0
332 0
333 0
334 0
335 0
336 0
337 0
338 0
339 0
340 0
341 0
342 0
343 0
344 0
345 0
346 0
347 0
348 0
349 0
350 0
351 0
352 0
353 0
354 0
355 0
356 0
357 0
358 0
359 0
360 0
361 0
362 0
363 0
364 0
365 0
366 0
367 0
368 0
369 0
370 0
371 0
