0 0
1 0
2 0
3 0
4 0
5 0
6 0
7 0
8 0
9 0
10 0
11 0
12 1
13 0
14 0
15 0
16 1
17 0
18 0
19 1
20 1
21 2
22 1
23 2
24 0
25 1
26 0
27 0
28 1
29 2
30 1
31 0
32 2
33 1
34 2
35 3
36 3
37 3
38 2
39 2
40 6
41 0
42 1
43 1
44 5
45 2
46 2
47 2
48 3
49 4
50 1
51 1
52 2
53 1
54 0
55 1
56 3
57 5
58 5
59 6
60 4
61 5
62 4
63 4
64 0
65 1
66 0
67 2
68 4
69 9
70 2
71 5
72 7
73 5
74 11
75 4
76 8
77 7
78 16
79 6
80 10
81 6
82 10
83 12
84 8
85 10
86 11
87 15
88 15
89 7
90 13
91 10
92 11
93 8
94 9
95 17
96 20
97 20
98 24
99 22
100 20
101 16
102 19
103 16
104 15
105 12
106 11
107 11
108 12
109 7
110 8
111 8
112 13
113 12
114 1
115 2
116 10
117 10
118 8
119 8
120 6
121 8
122 10
123 11
124 10
125 17
126 15
127 16
128 11
129 5
130 6
131 4
132 7
133 7
134 3
135 4
136 5
137 2
138 0
139 5
140 3
141 6
142 4
143 2
144 3
145 5
146 3
147 4
148 3
149 7
150 2
151 3
152 3
153 6
154 1
155 7
156 6
157 2
158 2
159 1
160 1
161 1
162 4
163 3
164 1
165 1
166 0
167 3
168 0
169 1
170 1
171 3
172 1
173 1
174 1
175 1
176 1
177 2
178 0
179 1
180 0
181 0
182 0
183 1
184 0
185 0
186 1
187 1
188 1
189 0
190 1
191 3
192 1
193 0
194 1
195 0
196 1
197 4
198 1
199 1
200 0
201 1
202 0
203 1
204 2
205 2
206 0
207 1
208 1
209 1
210 1
211 0
212 1
213 1
214 0
215 0
216 0
217 0
218 1
219 0
220 0
221 1
222 0
223 0
224 0
225 0
226 0
227 0
228 0
229 0
230 0
231 1
232 0
233 0
234 0
235 0
236 0
237 0
238 0
239 0
240 0
241 0
242 0
243 0
244 0
245 0
246 0
247 0
248 0
249 0
250 0
251 0
252 0
253 0
254 0
255 0
256 0
257 0
258 0
259 0
260 0
261 0
262 0
263 0
264 0
265 0
266 0
267 0
268 0
269 0
270 0
271 0
272 0
273 0
274 0
275 0
276 0
277 0
278 0
279 0
280 0
281 0
282 0
283 0
284 0
285 0
286 0
287 0
288 0
289 0
290 0
291 0
292 0
293 0
294 0
295 0
296 0
297 0
298 0
299 0
300 0
301 0
302 0
303 0
304 0
305 0
306 0
307 0
308 0
309 0
310 0
311 0
312 0
313 0
314 0
315 0
316 0
317 0
318 0
319 0
320 0
321 0
322 0
323 0
324 0
325 0
326 0
327 0
328 0
329 0
330 0
331 0
332 0
333 0
334 0
335 0
336 0
337 0
338 0
339 0
340 0
341 0
342 0
343 0
344 0
345 0
346 0
347 0
348 0
349 0
350 0
351 0
