0 0
1 0
2 0
3 0
4 0
5 0
6 0
7 0
8 0
9 0
10 0
11 0
12 0
13 0
14 0
15 0
16 0
17 0
18 0
19 0
20 0
21 0
22 0
23 0
24 0
25 0
26 0
27 0
28 0
29 0
30 0
31 0
32 0
33 0
34 0
35 0
36 0
37 0
38 0
39 0
40 0
41 0
42 0
43 0
44 0
45 0
46 0
47 0
48 0
49 0
50 0
51 0
52 0
53 0
54 0
55 0
56 0
57 0
58 0
59 0
60 0
61 0
62 0
63 0
64 0
65 0
66 0
67 0
68 0
69 0
70 0
71 0
72 0
73 0
74 1
75 1
76 0
77 0
78 2
79 0
80 1
81 0
82 0
83 0
84 0
85 1
86 2
87 1
88 0
89 0
90 0
91 2
92 1
93 1
94 1
95 0
96 0
97 0
98 0
99 0
100 0
101 0
102 1
103 1
104 2
105 0
106 0
107 0
108 0
109 0
110 0
111 0
112 0
113 0
114 0
115 0
116 0
117 1
118 0
119 0
120 2
121 0
122 0
123 0
124 0
125 0
126 0
127 0
128 0
129 0
130 0
131 0
132 0
133 0
134 0
135 0
136 0
137 0
138 0
139 0
140 0
141 0
142 0
143 0
144 0
145 0
146 0
147 0
148 0
149 0
150 0
151 0
152 0
153 0
154 0
155 0
156 0
157 0
158 0
159 1
160 0
161 0
162 0
163 0
164 0
165 1
166 0
167 0
168 0
169 0
170 1
171 1
172 0
173 0
174 1
175 0
176 0
177 0
178 1
179 0
180 0
181 0
182 0
183 0
184 0
185 1
186 0
187 0
188 1
189 1
190 0
191 0
192 2
193 2
194 1
195 2
196 0
197 3
198 0
199 0
200 0
201 1
202 2
203 1
204 0
205 2
206 1
207 0
208 2
209 3
210 1
211 3
212 2
213 2
214 4
215 3
216 5
217 0
218 1
219 4
220 3
221 3
222 4
223 0
224 1
225 5
226 1
227 1
228 4
229 3
230 3
231 2
232 1
233 1
234 1
235 1
236 2
237 6
238 1
239 2
240 4
241 0
242 2
243 3
244 3
245 5
246 3
247 7
248 2
249 10
250 2
251 3
252 7
253 3
254 6
255 1
256 5
257 2
258 5
259 4
260 6
261 3
262 4
263 4
264 5
265 3
266 2
267 2
268 5
269 1
270 1
271 0
272 2
273 0
274 0
275 0
276 0
277 0
278 0
279 0
280 0
281 0
282 0
283 0
284 0
285 0
286 0
287 0
288 0
289 0
290 0
291 0
292 0
293 0
294 0
295 0
296 0
297 0
298 0
299 0
300 0
301 0
302 0
303 0
304 0
305 0
306 0
307 0
308 0
309 0
310 0
311 0
312 0
313 0
314 0
315 0
316 0
317 0
318 0
319 0
320 0
321 0
322 0
323 0
324 0
325 0
326 0
327 0
328 0
329 0
330 0
331 0
332 0
333 0
334 0
335 0
336 0
337 0
338 0
339 0
340 0
341 0
342 0
343 0
344 0
345 0
346 0
347 0
348 0
349 0
350 0
351 0
352 0
353 0
354 0
355 0
356 0
357 0
358 0
359 0
360 0
361 0
362 0
