0 0
1 0
2 0
3 0
4 0
5 0
6 0
7 0
8 0
9 0
10 0
11 0
12 0
13 0
14 0
15 0
16 0
17 0
18 0
19 0
20 0
21 0
22 0
23 0
24 2
25 2
26 1
27 6
28 6
29 7
30 22
31 20
32 26
33 38
34 38
35 51
36 57
37 51
38 64
39 56
40 62
41 44
42 44
43 47
44 49
45 48
46 44
47 37
48 33
49 35
50 31
51 37
52 26
53 29
54 23
55 24
56 28
57 31
58 22
59 21
60 12
61 21
62 12
63 20
64 22
65 17
66 14
67 8
68 13
69 6
70 11
71 11
72 13
73 6
74 8
75 5
76 3
77 5
78 6
79 10
80 5
81 7
82 3
83 7
84 4
85 3
86 7
87 4
88 4
89 8
90 3
91 2
92 1
93 4
94 6
95 2
96 5
97 6
98 2
99 3
100 3
101 4
102 8
103 2
104 3
105 1
106 6
107 2
108 4
109 7
110 3
111 4
112 2
113 3
114 3
115 0
116 3
117 0
118 1
119 1
120 1
121 2
122 4
123 2
124 1
125 1
126 0
127 2
128 3
129 5
130 2
131 3
132 2
133 1
134 0
135 0
136 4
137 0
138 0
139 2
140 0
141 0
142 2
143 2
144 2
145 0
146 2
147 0
148 0
149 0
150 1
151 1
152 2
153 0
154 1
155 2
156 0
157 0
158 1
159 1
160 1
161 1
162 1
163 0
164 0
165 0
166 3
167 3
168 2
169 0
170 0
171 2
172 0
173 2
174 1
175 2
176 1
177 0
178 0
179 0
180 1
181 1
182 0
183 0
184 0
185 1
186 0
187 1
188 1
189 1
190 0
191 0
192 1
193 0
194 0
195 0
196 0
197 3
198 2
199 0
200 0
201 0
202 0
203 1
204 1
205 0
206 0
207 0
208 0
209 0
210 0
211 0
212 0
213 0
214 0
215 0
216 0
217 0
218 0
219 0
220 0
221 0
222 0
223 0
224 0
225 0
226 0
227 0
228 0
229 1
230 0
231 0
232 0
233 0
234 0
235 0
236 0
237 0
238 0
239 0
240 0
241 0
242 0
243 0
244 0
245 0
246 0
247 0
248 0
249 0
250 0
251 0
252 0
253 0
254 0
255 0
256 0
257 0
258 0
259 0
260 0
261 0
262 0
263 0
264 0
265 0
266 0
267 0
268 0
269 0
270 0
271 0
272 0
273 0
274 0
275 0
276 0
277 0
278 0
279 0
280 0
281 0
282 0
283 0
284 0
285 0
286 0
287 0
288 0
289 0
290 0
291 0
292 0
293 0
294 0
295 0
296 0
297 0
298 0
299 0
300 0
301 0
302 0
303 0
304 0
305 0
306 0
307 0
308 0
309 0
310 0
311 0
312 0
313 0
314 0
315 0
316 0
317 0
318 0
319 0
320 0
321 0
322 0
323 0
324 0
325 0
326 0
327 0
328 0
329 0
330 0
331 0
332 0
333 0
334 0
335 0
336 0
337 0
338 0
339 0
340 0
341 0
342 0
