0 0
1 0
2 0
3 0
4 0
5 0
6 0
7 0
8 0
9 0
10 0
11 0
12 0
13 0
14 0
15 0
16 0
17 0
18 0
19 0
20 0
21 0
22 0
23 0
24 0
25 0
26 0
27 0
28 0
29 1
30 0
31 1
32 0
33 0
34 0
35 2
36 1
37 2
38 2
39 3
40 2
41 5
42 8
43 8
44 11
45 5
46 13
47 11
48 10
49 12
50 3
51 13
52 8
53 6
54 3
55 12
56 5
57 11
58 12
59 8
60 6
61 5
62 8
63 13
64 6
65 9
66 12
67 7
68 9
69 10
70 9
71 11
72 11
73 17
74 11
75 14
76 8
77 6
78 5
79 9
80 14
81 4
82 3
83 6
84 6
85 13
86 4
87 14
88 5
89 6
90 7
91 6
92 8
93 4
94 4
95 3
96 7
97 11
98 5
99 7
100 9
101 12
102 11
103 10
104 6
105 7
106 8
107 19
108 7
109 11
110 14
111 11
112 13
113 9
114 7
115 4
116 6
117 15
118 9
119 6
120 15
121 6
122 6
123 6
124 10
125 8
126 16
127 13
128 7
129 11
130 5
131 7
132 5
133 6
134 9
135 7
136 8
137 9
138 11
139 7
140 8
141 8
142 10
143 15
144 15
145 11
146 4
147 10
148 10
149 2
150 5
151 9
152 2
153 4
154 6
155 5
156 9
157 5
158 4
159 3
160 5
161 10
162 4
163 4
164 1
165 3
166 3
167 1
168 2
169 3
170 4
171 3
172 0
173 3
174 2
175 0
176 3
177 1
178 1
179 5
180 0
181 2
182 0
183 0
184 0
185 0
186 3
187 2
188 2
189 1
190 4
191 0
192 1
193 1
194 0
195 2
196 0
197 0
198 1
199 0
200 0
201 0
202 0
203 0
204 0
205 0
206 0
207 0
208 0
209 0
210 0
211 0
212 0
213 0
214 0
215 0
216 0
217 0
218 0
219 0
220 0
221 0
222 0
223 0
224 0
225 0
226 0
227 0
228 0
229 0
230 0
231 0
232 0
233 0
234 0
235 0
236 0
237 0
238 0
239 0
240 0
241 0
242 0
243 0
244 0
245 0
246 0
247 0
248 0
249 0
250 0
251 0
252 0
253 0
254 0
255 0
256 0
257 0
258 0
259 0
260 0
261 0
262 0
263 0
264 0
265 0
266 0
267 0
268 0
269 0
270 0
271 0
272 0
273 0
274 0
275 0
276 0
277 0
278 0
279 0
280 0
281 0
282 0
283 0
284 0
285 0
286 0
287 0
288 0
289 0
290 0
291 0
292 0
293 0
294 0
295 0
296 0
297 0
298 0
299 0
300 0
301 0
302 0
303 0
304 0
305 0
306 0
307 0
308 0
309 0
310 0
311 0
312 0
313 0
314 0
315 0
316 0
317 0
318 0
319 0
320 0
321 0
322 0
323 0
324 0
325 0
326 0
327 0
328 0
329 0
330 0
331 0
332 0
333 0
334 0
335 0
336 0
337 0
338 0
339 0
340 0
341 0
342 0
343 0
344 0
345 0
346 0
347 0
348 0
349 0
350 0
351 0
352 0
353 0
354 0
355 0
356 0
357 0
358 0
359 0
360 0
361 0
362 0
363 0
364 0
365 0
366 0
367 0
368 0
369 0
370 0
371 0
372 0
373 0
374 0
375 0
376 0
377 0
378 0
379 0
380 0
