0 0
1 0
2 0
3 0
4 0
5 0
6 0
7 0
8 0
9 0
10 0
11 1
12 0
13 0
14 0
15 0
16 1
17 0
18 0
19 2
20 0
21 0
22 0
23 1
24 2
25 0
26 0
27 1
28 1
29 2
30 2
31 0
32 3
33 3
34 2
35 4
36 6
37 0
38 2
39 7
40 3
41 1
42 5
43 4
44 3
45 5
46 2
47 3
48 3
49 4
50 2
51 2
52 1
53 6
54 3
55 4
56 2
57 5
58 3
59 2
60 2
61 0
62 4
63 2
64 2
65 5
66 2
67 3
68 3
69 4
70 2
71 2
72 1
73 2
74 2
75 0
76 0
77 0
78 2
79 0
80 0
81 0
82 4
83 1
84 0
85 2
86 0
87 1
88 2
89 5
90 0
91 0
92 1
93 2
94 0
95 5
96 3
97 3
98 0
99 2
100 1
101 0
102 0
103 3
104 3
105 5
106 7
107 2
108 1
109 1
110 1
111 3
112 0
113 0
114 2
115 1
116 0
117 0
118 1
119 1
120 0
121 1
122 0
123 0
124 0
125 0
126 2
127 1
128 3
129 1
130 0
131 0
132 1
133 0
134 1
135 1
136 0
137 1
138 1
139 0
140 0
141 0
142 1
143 0
144 0
145 1
146 1
147 0
148 0
149 0
150 0
151 0
152 0
153 0
154 0
155 0
156 0
157 0
158 0
159 0
160 0
161 0
162 0
163 0
164 0
165 0
166 0
167 0
168 0
169 0
170 0
171 0
172 0
173 0
174 0
175 0
176 0
177 0
178 0
179 0
180 0
181 0
182 0
183 0
184 0
185 0
186 0
187 0
188 0
189 0
190 0
191 0
192 0
193 0
194 0
195 0
196 0
197 0
198 0
199 0
200 0
201 0
202 0
203 0
204 0
205 0
206 0
207 0
208 0
209 0
210 0
211 0
212 0
213 0
214 0
215 0
216 0
217 0
218 0
219 0
220 0
221 0
222 0
223 0
224 0
225 0
226 0
227 0
228 0
229 0
230 0
231 0
232 0
233 0
234 0
235 0
236 0
237 0
238 0
239 0
240 0
241 0
242 0
243 0
244 0
245 0
246 0
247 0
248 0
249 0
250 0
251 0
252 0
253 0
254 0
255 0
256 0
257 0
258 0
259 0
260 0
261 0
262 0
263 0
264 0
265 0
266 0
267 0
268 0
269 0
270 0
271 0
272 0
273 0
274 0
275 0
276 0
277 0
278 0
279 0
280 0
281 0
282 0
283 0
284 0
285 0
286 0
287 0
288 0
289 0
290 0
291 0
292 0
293 0
294 0
295 0
296 0
297 0
298 0
299 0
300 0
301 0
302 0
303 0
304 0
305 0
306 0
307 0
308 0
309 0
310 0
311 0
312 0
313 0
314 0
315 0
316 0
317 0
318 0
319 0
320 0
321 0
322 0
323 0
324 0
325 0
326 0
327 0
328 0
329 0
330 0
