0 0
1 0
2 0
3 0
4 0
5 0
6 0
7 0
8 0
9 0
10 0
11 0
12 1
13 0
14 0
15 0
16 0
17 0
18 0
19 2
20 1
21 0
22 0
23 0
24 2
25 1
26 2
27 0
28 0
29 2
30 1
31 2
32 2
33 3
34 4
35 4
36 5
37 4
38 10
39 5
40 7
41 7
42 9
43 15
44 8
45 6
46 11
47 5
48 14
49 13
50 9
51 6
52 5
53 12
54 10
55 5
56 8
57 13
58 14
59 9
60 14
61 9
62 4
63 11
64 13
65 5
66 11
67 6
68 12
69 12
70 11
71 12
72 14
73 9
74 11
75 7
76 9
77 11
78 17
79 11
80 21
81 10
82 19
83 12
84 11
85 11
86 5
87 15
88 10
89 15
90 7
91 5
92 9
93 4
94 4
95 17
96 7
97 7
98 6
99 5
100 11
101 8
102 3
103 11
104 3
105 8
106 7
107 4
108 5
109 3
110 4
111 7
112 6
113 3
114 7
115 3
116 6
117 4
118 4
119 4
120 8
121 4
122 6
123 0
124 4
125 2
126 1
127 5
128 1
129 0
130 4
131 4
132 0
133 5
134 2
135 5
136 3
137 5
138 3
139 4
140 6
141 1
142 2
143 0
144 4
145 4
146 1
147 2
148 3
149 4
150 0
151 4
152 1
153 3
154 1
155 2
156 1
157 3
158 2
159 1
160 1
161 1
162 1
163 0
164 0
165 0
166 1
167 0
168 3
169 0
170 2
171 0
172 1
173 0
174 2
175 6
176 2
177 3
178 1
179 1
180 3
181 1
182 1
183 1
184 2
185 1
186 1
187 1
188 2
189 0
190 1
191 0
192 1
193 1
194 2
195 2
196 2
197 0
198 0
199 1
200 0
201 0
202 0
203 0
204 0
205 1
206 0
207 0
208 1
209 1
210 2
211 0
212 1
213 1
214 1
215 0
216 1
217 0
218 1
219 2
220 1
221 1
222 1
223 1
224 2
225 1
226 2
227 0
228 0
229 0
230 0
231 2
232 2
233 0
234 0
235 0
236 2
237 0
238 0
239 1
240 0
241 0
242 0
243 0
244 0
245 0
246 0
247 0
248 0
249 0
250 0
251 0
252 0
253 0
254 0
255 0
256 0
257 0
258 0
259 0
260 0
261 0
262 0
263 0
264 0
265 0
266 0
267 0
268 0
269 0
270 0
271 0
272 0
273 0
274 0
275 0
276 0
277 0
278 0
279 0
280 0
281 0
282 0
283 0
284 0
285 0
286 0
287 0
288 0
289 0
290 0
291 0
292 0
293 0
294 0
295 0
296 0
297 0
298 0
299 0
300 0
301 0
302 0
303 0
304 0
305 0
306 0
307 0
308 0
309 0
310 0
311 0
312 0
313 0
314 0
315 0
316 0
317 0
318 0
319 0
320 0
321 0
322 0
323 0
324 0
325 0
326 0
327 0
328 0
329 0
330 0
331 0
332 0
333 0
334 0
335 0
336 0
337 0
338 0
339 0
340 0
341 0
342 0
343 0
344 0
345 0
346 0
347 0
348 0
349 0
350 0
351 0
352 0
353 0
354 0
355 0
356 0
357 0
358 0
359 0
360 0
361 0
362 0
363 0
364 0
365 0
366 0
367 0
368 0
369 0
370 0
371 0
372 0
373 0
374 0
