0 0
1 0
2 0
3 0
4 0
5 0
6 0
7 0
8 0
9 0
10 0
11 0
12 0
13 0
14 0
15 0
16 0
17 0
18 0
19 0
20 0
21 0
22 0
23 0
24 0
25 0
26 0
27 1
28 0
29 1
30 0
31 0
32 0
33 0
34 0
35 0
36 0
37 0
38 0
39 0
40 0
41 1
42 1
43 1
44 0
45 1
46 1
47 2
48 0
49 1
50 1
51 3
52 1
53 0
54 0
55 0
56 1
57 0
58 2
59 0
60 1
61 0
62 0
63 0
64 3
65 0
66 1
67 0
68 1
69 0
70 1
71 0
72 0
73 1
74 1
75 2
76 2
77 0
78 2
79 3
80 1
81 3
82 1
83 0
84 3
85 1
86 1
87 1
88 0
89 1
90 1
91 0
92 2
93 1
94 0
95 1
96 1
97 1
98 0
99 2
100 1
101 0
102 1
103 2
104 2
105 1
106 2
107 0
108 1
109 0
110 1
111 2
112 0
113 2
114 1
115 3
116 0
117 2
118 3
119 0
120 0
121 0
122 2
123 5
124 1
125 2
126 0
127 0
128 4
129 1
130 0
131 2
132 0
133 1
134 0
135 1
136 2
137 0
138 1
139 0
140 1
141 1
142 3
143 0
144 0
145 2
146 4
147 2
148 1
149 4
150 3
151 3
152 4
153 4
154 3
155 3
156 3
157 4
158 1
159 3
160 0
161 3
162 2
163 5
164 4
165 0
166 1
167 1
168 1
169 5
170 0
171 2
172 6
173 4
174 6
175 2
176 1
177 2
178 1
179 2
180 2
181 0
182 4
183 1
184 1
185 0
186 2
187 1
188 1
189 0
190 0
191 1
192 1
193 0
194 0
195 0
196 1
197 0
198 0
199 0
200 0
201 0
202 0
203 0
204 0
205 0
206 0
207 0
208 0
209 0
210 0
211 0
212 0
213 0
214 0
215 0
216 0
217 0
218 0
219 0
220 0
221 0
222 0
223 0
224 0
225 0
226 0
227 0
228 0
229 0
230 0
231 0
232 0
233 0
234 0
235 0
236 0
237 0
238 0
239 0
240 0
241 0
242 0
243 0
244 0
245 0
246 0
247 0
248 0
249 0
250 0
251 0
252 0
253 0
254 0
255 0
256 0
257 0
258 0
259 0
260 0
261 0
262 0
263 0
264 0
265 0
266 0
267 0
268 0
269 0
270 0
271 0
272 0
273 0
274 0
275 0
276 0
277 0
278 0
279 0
280 0
281 0
282 0
283 0
284 0
285 0
286 0
287 0
288 0
289 0
290 0
291 0
292 0
293 0
294 0
295 0
296 0
297 0
298 0
299 0
300 0
301 0
302 0
303 0
304 0
305 0
306 0
307 0
308 0
309 0
310 0
311 0
312 0
313 0
314 0
315 0
316 0
317 0
318 0
319 0
320 0
321 0
322 0
323 0
324 0
325 0
326 0
327 0
328 0
329 0
330 0
331 0
332 0
333 0
334 0
335 0
336 0
337 0
338 0
339 0
340 0
341 0
342 0
343 0
344 0
345 0
346 0
347 0
348 0
349 0
350 0
351 0
352 0
353 0
354 0
355 0
356 0
357 0
358 0
359 0
360 0
361 0
362 0
363 0
364 0
365 0
366 0
