0 0
1 0
2 0
3 0
4 0
5 0
6 0
7 0
8 0
9 1
10 0
11 0
12 0
13 0
14 0
15 0
16 0
17 0
18 0
19 0
20 1
21 0
22 0
23 0
24 2
25 0
26 2
27 1
28 7
29 6
30 7
31 5
32 8
33 13
34 11
35 17
36 10
37 13
38 12
39 10
40 13
41 12
42 16
43 10
44 21
45 9
46 20
47 22
48 13
49 14
50 19
51 18
52 15
53 16
54 14
55 11
56 11
57 16
58 18
59 13
60 19
61 11
62 12
63 11
64 14
65 14
66 15
67 12
68 12
69 11
70 7
71 11
72 7
73 13
74 10
75 9
76 9
77 9
78 14
79 15
80 6
81 9
82 5
83 5
84 5
85 5
86 7
87 6
88 12
89 9
90 6
91 15
92 13
93 6
94 7
95 9
96 3
97 1
98 5
99 7
100 3
101 3
102 5
103 6
104 9
105 11
106 6
107 8
108 11
109 10
110 5
111 5
112 6
113 6
114 8
115 8
116 3
117 5
118 3
119 2
120 5
121 8
122 2
123 8
124 6
125 13
126 6
127 8
128 10
129 2
130 4
131 9
132 10
133 10
134 15
135 14
136 14
137 11
138 17
139 15
140 12
141 15
142 7
143 8
144 9
145 5
146 5
147 6
148 1
149 5
150 1
151 5
152 2
153 5
154 2
155 1
156 0
157 0
158 1
159 0
160 0
161 1
162 1
163 3
164 0
165 0
166 0
167 1
168 0
169 1
170 0
171 0
172 0
173 0
174 0
175 0
176 0
177 0
178 0
179 0
180 0
181 0
182 0
183 0
184 0
185 0
186 1
187 0
188 0
189 0
190 0
191 0
192 0
193 0
194 0
195 0
196 0
197 0
198 0
199 0
200 0
201 0
202 0
203 0
204 2
205 0
206 0
207 0
208 0
209 0
210 0
211 0
212 0
213 0
214 0
215 0
216 0
217 0
218 0
219 1
220 0
221 1
222 0
223 0
224 0
225 0
226 0
227 0
228 0
229 0
230 0
231 0
232 0
233 0
234 0
235 0
236 0
237 0
238 0
239 0
240 0
241 0
242 0
243 0
244 0
245 0
246 0
247 0
248 0
249 0
250 0
251 0
252 0
253 0
254 0
255 0
256 0
257 0
258 0
259 0
260 0
261 0
262 0
263 0
264 0
265 0
266 0
267 0
268 0
269 0
270 0
271 0
272 0
273 0
274 0
275 0
276 0
277 0
278 0
279 0
280 0
281 0
282 0
283 0
284 0
285 0
286 0
287 0
288 0
289 0
290 0
291 0
292 0
293 0
294 0
295 0
296 0
297 0
298 0
299 0
300 0
301 0
302 0
303 0
304 0
305 0
306 0
307 0
308 0
309 0
310 0
311 0
312 0
313 0
314 0
315 0
316 0
317 0
318 0
319 0
320 0
321 0
322 0
323 0
324 0
325 0
326 0
327 0
328 0
329 0
330 0
331 0
332 0
333 0
334 0
335 0
336 0
337 0
338 0
339 0
340 0
341 0
342 0
343 0
344 0
345 0
346 0
347 0
348 0
349 0
350 0
351 0
352 0
353 0
354 0
355 0
356 0
357 0
358 0
359 0
360 0
361 0
362 0
363 0
