0 0
1 0
2 0
3 0
4 0
5 0
6 0
7 0
8 0
9 0
10 0
11 0
12 0
13 0
14 0
15 0
16 0
17 0
18 0
19 0
20 0
21 0
22 0
23 0
24 0
25 0
26 0
27 0
28 0
29 0
30 0
31 0
32 0
33 0
34 0
35 1
36 1
37 0
38 1
39 0
40 2
41 1
42 0
43 0
44 0
45 0
46 1
47 0
48 1
49 2
50 0
51 0
52 0
53 1
54 2
55 0
56 4
57 0
58 1
59 1
60 0
61 3
62 0
63 0
64 0
65 1
66 2
67 1
68 1
69 1
70 1
71 0
72 0
73 1
74 1
75 1
76 0
77 0
78 2
79 1
80 0
81 1
82 1
83 0
84 0
85 2
86 0
87 0
88 0
89 0
90 0
91 0
92 0
93 4
94 0
95 2
96 2
97 0
98 3
99 2
100 1
101 1
102 0
103 0
104 0
105 0
106 1
107 1
108 1
109 2
110 1
111 2
112 1
113 1
114 1
115 0
116 1
117 2
118 1
119 4
120 1
121 0
122 2
123 0
124 0
125 1
126 1
127 1
128 1
129 2
130 0
131 1
132 2
133 3
134 2
135 2
136 0
137 1
138 0
139 2
140 1
141 2
142 1
143 2
144 1
145 1
146 1
147 4
148 1
149 4
150 1
151 2
152 3
153 2
154 1
155 0
156 0
157 3
158 0
159 0
160 1
161 2
162 0
163 0
164 0
165 0
166 1
167 1
168 0
169 1
170 0
171 0
172 1
173 0
174 0
175 0
176 0
177 1
178 2
179 1
180 0
181 0
182 1
183 0
184 1
185 1
186 0
187 2
188 0
189 0
190 0
191 1
192 0
193 1
194 0
195 0
196 0
197 0
198 0
199 0
200 0
201 0
202 1
203 0
204 0
205 0
206 0
207 0
208 0
209 1
210 0
211 0
212 1
213 0
214 2
215 2
216 2
217 1
218 2
219 1
220 0
221 0
222 0
223 3
224 1
225 0
226 1
227 1
228 0
229 0
230 1
231 3
232 2
233 1
234 2
235 1
236 3
237 0
238 2
239 1
240 1
241 1
242 1
243 0
244 2
245 1
246 1
247 1
248 1
249 1
250 1
251 0
252 1
253 2
254 0
255 0
256 0
257 0
258 0
259 0
260 0
261 0
262 0
263 0
264 0
265 0
266 0
267 0
268 0
269 0
270 0
271 0
272 0
273 0
274 0
275 0
276 0
277 0
278 0
279 0
280 0
281 0
282 0
283 1
284 0
285 0
286 0
287 1
288 0
289 0
290 0
291 0
292 2
293 0
294 0
295 0
296 0
297 0
298 0
299 0
300 0
301 1
302 0
303 2
304 0
305 0
306 0
307 0
308 1
309 0
310 0
311 0
312 0
313 0
314 0
315 0
316 0
317 0
318 0
319 0
320 0
321 0
322 0
323 0
324 0
325 0
326 0
327 0
328 0
329 0
330 0
331 0
332 0
333 0
334 0
335 0
336 0
337 0
338 0
339 0
340 0
341 0
342 0
343 0
344 0
345 0
346 0
347 0
348 0
349 0
350 0
351 0
352 0
353 0
354 0
355 0
356 0
357 0
358 0
359 0
360 0
361 0
362 0
363 0
364 0
365 0
366 0
367 0
368 0
369 0
370 0
371 0
372 0
