0 0
1 0
2 0
3 0
4 0
5 0
6 1
7 2
8 0
9 0
10 3
11 6
12 4
13 5
14 7
15 11
16 14
17 18
18 15
19 24
20 25
21 23
22 28
23 21
24 27
25 26
26 23
27 29
28 23
29 30
30 40
31 36
32 19
33 23
34 20
35 24
36 16
37 27
38 14
39 17
40 18
41 26
42 12
43 7
44 10
45 20
46 15
47 23
48 24
49 16
50 24
51 34
52 18
53 16
54 26
55 26
56 9
57 16
58 14
59 13
60 15
61 7
62 10
63 11
64 13
65 11
66 18
67 13
68 10
69 16
70 15
71 23
72 19
73 10
74 19
75 13
76 12
77 6
78 7
79 7
80 10
81 9
82 8
83 6
84 3
85 6
86 4
87 3
88 8
89 7
90 6
91 6
92 2
93 11
94 4
95 5
96 7
97 2
98 4
99 6
100 5
101 5
102 4
103 5
104 7
105 1
106 3
107 1
108 3
109 2
110 4
111 4
112 4
113 5
114 5
115 5
116 3
117 3
118 1
119 8
120 5
121 3
122 5
123 3
124 7
125 5
126 2
127 6
128 5
129 2
130 6
131 4
132 6
133 2
134 1
135 1
136 3
137 3
138 3
139 1
140 3
141 3
142 0
143 3
144 2
145 4
146 2
147 2
148 7
149 4
150 2
151 2
152 2
153 2
154 6
155 4
156 3
157 4
158 4
159 3
160 5
161 4
162 4
163 4
164 5
165 2
166 4
167 2
168 0
169 2
170 1
171 0
172 0
173 2
174 1
175 0
176 0
177 1
178 1
179 0
180 1
181 1
182 0
183 1
184 0
185 1
186 2
187 0
188 0
189 0
190 0
191 0
192 0
193 0
194 1
195 1
196 1
197 1
198 0
199 0
200 0
201 1
202 0
203 1
204 1
205 2
206 1
207 0
208 1
209 0
210 0
211 1
212 0
213 0
214 0
215 0
216 1
217 0
218 0
219 1
220 0
221 0
222 0
223 0
224 1
225 0
226 2
227 2
228 0
229 0
230 0
231 0
232 0
233 0
234 0
235 0
236 0
237 0
238 1
239 0
240 0
241 0
242 0
243 0
244 0
245 0
246 0
247 0
248 0
249 1
250 0
251 0
252 0
253 0
254 0
255 0
256 0
257 0
258 0
259 0
260 0
261 0
262 0
263 2
264 0
265 0
266 0
267 0
268 0
269 0
270 0
271 0
272 0
273 0
274 0
275 0
276 0
277 0
278 0
279 0
280 0
281 0
282 0
283 0
284 0
285 0
286 0
287 0
288 0
289 0
290 1
291 0
292 0
293 0
294 0
295 0
296 0
297 0
298 0
299 0
300 0
301 0
302 0
303 0
304 0
305 0
306 0
307 0
308 0
309 0
310 0
311 0
312 0
313 0
314 0
315 0
316 0
317 0
318 0
319 0
320 0
321 0
322 0
323 0
324 0
325 0
326 0
327 0
328 0
329 0
330 0
331 0
332 0
333 0
334 0
335 0
336 0
337 0
338 0
339 0
340 0
341 0
342 0
343 0
344 0
345 0
346 0
347 0
348 0
349 0
350 0
351 0
352 0
353 0
354 0
355 0
356 0
357 0
358 0
359 0
360 0
361 0
362 0
363 0
364 0
365 0
366 0
367 0
368 0
369 0
370 0
371 0
372 0
373 0
374 0
375 0
