0 0
1 0
2 0
3 0
4 0
5 0
6 0
7 0
8 0
9 0
10 0
11 0
12 0
13 0
14 0
15 0
16 0
17 0
18 1
19 0
20 0
21 0
22 0
23 1
24 0
25 1
26 1
27 1
28 0
29 0
30 1
31 0
32 1
33 1
34 3
35 0
36 0
37 2
38 1
39 0
40 0
41 0
42 1
43 1
44 0
45 1
46 1
47 0
48 0
49 1
50 1
51 1
52 1
53 2
54 0
55 2
56 1
57 3
58 0
59 1
60 0
61 1
62 1
63 1
64 2
65 1
66 2
67 2
68 1
69 0
70 1
71 0
72 0
73 1
74 2
75 1
76 2
77 1
78 1
79 0
80 2
81 0
82 0
83 1
84 0
85 0
86 0
87 0
88 0
89 0
90 1
91 3
92 1
93 0
94 1
95 1
96 2
97 0
98 0
99 0
100 2
101 1
102 0
103 1
104 2
105 1
106 0
107 5
108 2
109 0
110 1
111 1
112 1
113 2
114 2
115 2
116 3
117 1
118 1
119 0
120 0
121 0
122 0
123 0
124 1
125 1
126 4
127 9
128 3
129 1
130 5
131 2
132 1
133 4
134 0
135 4
136 6
137 2
138 2
139 3
140 4
141 0
142 0
143 2
144 4
145 2
146 0
147 2
148 5
149 1
150 4
151 2
152 2
153 0
154 0
155 2
156 1
157 2
158 2
159 2
160 0
161 2
162 0
163 0
164 1
165 0
166 1
167 5
168 0
169 1
170 1
171 2
172 0
173 0
174 0
175 3
176 1
177 0
178 0
179 0
180 3
181 0
182 1
183 0
184 2
185 5
186 1
187 2
188 2
189 2
190 0
191 3
192 1
193 1
194 0
195 0
196 0
197 4
198 1
199 2
200 2
201 2
202 2
203 0
204 0
205 0
206 0
207 0
208 1
209 0
210 1
211 1
212 0
213 1
214 1
215 1
216 1
217 1
218 2
219 0
220 1
221 2
222 2
223 0
224 0
225 0
226 0
227 0
228 1
229 0
230 0
231 1
232 0
233 1
234 0
235 0
236 0
237 0
238 0
239 0
240 1
241 0
242 1
243 1
244 0
245 0
246 0
247 0
248 0
249 0
250 0
251 0
252 0
253 0
254 0
255 0
256 0
257 0
258 0
259 0
260 1
261 0
262 1
263 1
264 2
265 0
266 1
267 0
268 2
269 1
270 1
271 6
272 2
273 1
274 2
275 0
276 0
277 0
278 0
279 0
280 0
281 0
282 0
283 0
284 0
285 0
286 0
287 0
288 0
289 0
290 0
291 0
292 0
293 0
294 0
295 0
296 0
297 0
298 0
299 0
300 0
301 0
302 0
303 0
304 0
305 0
306 0
307 0
308 0
309 0
310 0
311 0
312 0
313 0
314 0
315 0
316 0
317 0
318 0
319 0
320 0
321 0
322 0
323 0
324 0
325 0
326 0
327 0
328 0
329 0
330 0
331 0
332 0
333 0
334 0
335 0
336 0
337 0
338 0
339 0
340 0
341 0
342 0
343 0
344 0
345 0
346 0
347 0
348 0
349 0
350 0
351 0
352 0
