0 0
1 0
2 0
3 0
4 0
5 0
6 0
7 1
8 0
9 0
10 0
11 1
12 0
13 3
14 1
15 4
16 3
17 5
18 5
19 4
20 13
21 23
22 18
23 26
24 20
25 27
26 19
27 23
28 20
29 36
30 21
31 27
32 16
33 21
34 34
35 23
36 33
37 24
38 40
39 27
40 19
41 31
42 28
43 30
44 24
45 21
46 24
47 18
48 19
49 15
50 17
51 20
52 14
53 9
54 12
55 9
56 18
57 10
58 12
59 11
60 6
61 8
62 16
63 18
64 16
65 17
66 17
67 8
68 17
69 5
70 9
71 5
72 7
73 7
74 7
75 8
76 4
77 7
78 2
79 6
80 9
81 2
82 7
83 2
84 0
85 2
86 1
87 3
88 4
89 3
90 4
91 1
92 1
93 2
94 1
95 5
96 2
97 4
98 1
99 2
100 0
101 1
102 0
103 0
104 2
105 6
106 0
107 0
108 1
109 1
110 0
111 1
112 1
113 2
114 0
115 2
116 2
117 3
118 5
119 2
120 1
121 2
122 2
123 2
124 2
125 5
126 2
127 2
128 2
129 3
130 3
131 0
132 2
133 3
134 3
135 2
136 1
137 4
138 5
139 1
140 1
141 4
142 1
143 3
144 1
145 0
146 1
147 1
148 0
149 0
150 1
151 0
152 2
153 3
154 1
155 0
156 2
157 4
158 3
159 8
160 2
161 0
162 4
163 2
164 3
165 2
166 3
167 4
168 2
169 3
170 2
171 1
172 2
173 2
174 6
175 0
176 1
177 1
178 1
179 1
180 1
181 2
182 0
183 2
184 2
185 3
186 4
187 2
188 1
189 0
190 3
191 1
192 2
193 2
194 0
195 1
196 0
197 0
198 2
199 1
200 4
201 1
202 2
203 6
204 0
205 7
206 8
207 1
208 2
209 4
210 4
211 1
212 1
213 3
214 0
215 0
216 0
217 0
218 0
219 0
220 0
221 0
222 0
223 0
224 0
225 0
226 0
227 1
228 0
229 0
230 0
231 1
232 0
233 0
234 0
235 0
236 1
237 1
238 0
239 0
240 0
241 0
242 0
243 0
244 0
245 0
246 0
247 0
248 0
249 0
250 0
251 0
252 0
253 1
254 0
255 0
256 0
257 0
258 0
259 1
260 0
261 0
262 1
263 1
264 1
265 0
266 0
267 2
268 2
269 2
270 2
271 1
272 0
273 4
274 2
275 0
276 1
277 2
278 2
279 1
280 1
281 7
282 2
283 9
284 3
285 0
286 1
287 2
288 2
289 2
290 1
291 3
292 4
293 0
294 0
295 2
296 0
297 0
298 0
299 0
300 0
301 0
302 0
303 0
304 0
305 0
306 0
307 0
308 0
309 0
310 0
311 0
312 0
313 0
314 0
315 0
316 0
317 0
318 0
319 0
320 0
321 0
322 0
323 0
324 0
325 0
326 0
327 0
328 0
329 0
330 0
331 0
332 0
333 0
334 0
335 0
336 0
337 0
338 0
339 0
340 0
341 0
342 0
343 0
344 0
345 0
346 0
347 0
348 0
349 0
350 0
351 0
352 0
353 0
354 0
355 0
356 0
357 0
358 0
359 0
360 0
361 0
362 0
363 0
364 0
365 0
366 0
367 0
