0 0
1 0
2 0
3 0
4 0
5 0
6 0
7 0
8 0
9 0
10 0
11 0
12 0
13 0
14 0
15 0
16 0
17 0
18 0
19 0
20 0
21 1
22 1
23 0
24 0
25 0
26 0
27 1
28 3
29 3
30 1
31 0
32 3
33 6
34 6
35 4
36 2
37 3
38 2
39 1
40 1
41 2
42 1
43 0
44 0
45 2
46 1
47 3
48 0
49 0
50 2
51 3
52 4
53 4
54 4
55 2
56 3
57 5
58 5
59 5
60 1
61 2
62 1
63 5
64 1
65 6
66 4
67 2
68 4
69 5
70 2
71 9
72 5
73 4
74 4
75 6
76 1
77 2
78 1
79 2
80 1
81 2
82 2
83 1
84 3
85 5
86 3
87 0
88 1
89 1
90 2
91 0
92 2
93 4
94 2
95 0
96 4
97 0
98 1
99 2
100 1
101 2
102 1
103 0
104 1
105 0
106 3
107 1
108 1
109 1
110 0
111 0
112 1
113 0
114 0
115 1
116 2
117 2
118 1
119 1
120 1
121 1
122 1
123 5
124 1
125 4
126 1
127 5
128 2
129 2
130 0
131 1
132 1
133 1
134 1
135 0
136 1
137 0
138 2
139 3
140 2
141 3
142 3
143 3
144 2
145 3
146 1
147 2
148 3
149 1
150 3
151 1
152 6
153 1
154 1
155 1
156 0
157 5
158 7
159 3
160 2
161 2
162 2
163 2
164 3
165 1
166 2
167 6
168 1
169 5
170 5
171 4
172 6
173 10
174 12
175 9
176 6
177 13
178 7
179 9
180 9
181 2
182 9
183 4
184 1
185 0
186 3
187 3
188 1
189 1
190 1
191 0
192 1
193 0
194 2
195 0
196 0
197 1
198 0
199 1
200 0
201 0
202 0
203 1
204 0
205 1
206 0
207 0
208 0
209 1
210 0
211 1
212 0
213 0
214 0
215 0
216 0
217 0
218 0
219 0
220 0
221 0
222 1
223 0
224 0
225 0
226 0
227 0
228 0
229 0
230 0
231 0
232 0
233 0
234 0
235 0
236 0
237 0
238 0
239 0
240 0
241 0
242 0
243 2
244 0
245 0
246 1
247 0
248 0
249 0
250 0
251 0
252 0
253 1
254 0
255 1
256 2
257 0
258 0
259 0
260 0
261 0
262 0
263 0
264 0
265 0
266 0
267 0
268 0
269 0
270 0
271 0
272 0
273 0
274 0
275 0
276 0
277 0
278 0
279 0
280 0
281 0
282 0
283 0
284 0
285 0
286 0
287 0
288 0
289 0
290 0
291 0
292 0
293 0
294 0
295 0
296 0
297 0
298 0
299 0
300 0
301 0
302 0
303 0
304 0
305 0
306 0
307 0
308 0
309 0
310 0
311 0
312 0
313 0
314 0
315 0
316 0
317 0
318 0
319 0
320 0
321 0
322 0
323 0
324 0
325 0
326 0
327 0
328 0
329 0
330 0
331 0
332 0
333 0
334 0
335 0
336 0
337 0
338 0
339 0
340 0
341 0
342 0
343 0
344 0
345 0
346 0
347 0
348 0
349 0
350 0
351 0
