0 0
1 0
2 0
3 0
4 0
5 0
6 0
7 0
8 0
9 1
10 1
11 2
12 3
13 1
14 3
15 5
16 7
17 8
18 9
19 5
20 14
21 15
22 22
23 19
24 16
25 18
26 19
27 20
28 21
29 12
30 9
31 18
32 23
33 6
34 15
35 12
36 20
37 14
38 11
39 18
40 7
41 5
42 10
43 9
44 7
45 3
46 9
47 8
48 4
49 8
50 10
51 6
52 5
53 2
54 7
55 9
56 8
57 11
58 11
59 8
60 9
61 13
62 17
63 5
64 13
65 11
66 6
67 0
68 5
69 5
70 4
71 5
72 4
73 5
74 5
75 8
76 7
77 7
78 6
79 8
80 5
81 8
82 2
83 3
84 5
85 12
86 10
87 8
88 8
89 4
90 12
91 8
92 9
93 8
94 7
95 4
96 11
97 3
98 10
99 8
100 1
101 3
102 3
103 3
104 3
105 3
106 4
107 5
108 4
109 5
110 5
111 4
112 6
113 3
114 7
115 6
116 9
117 5
118 7
119 14
120 10
121 15
122 15
123 9
124 11
125 9
126 11
127 10
128 7
129 6
130 8
131 5
132 3
133 6
134 6
135 1
136 2
137 4
138 2
139 7
140 7
141 5
142 4
143 5
144 8
145 7
146 8
147 11
148 11
149 8
150 7
151 7
152 12
153 5
154 6
155 9
156 5
157 8
158 5
159 3
160 2
161 8
162 7
163 2
164 3
165 9
166 8
167 10
168 14
169 8
170 14
171 7
172 17
173 13
174 8
175 8
176 11
177 1
178 9
179 7
180 5
181 8
182 7
183 10
184 5
185 12
186 8
187 16
188 9
189 5
190 7
191 5
192 8
193 7
194 3
195 5
196 7
197 0
198 6
199 8
200 6
201 6
202 5
203 4
204 1
205 9
206 6
207 2
208 6
209 9
210 7
211 12
212 4
213 5
214 8
215 8
216 7
217 9
218 4
219 5
220 5
221 8
222 13
223 2
224 6
225 4
226 1
227 4
228 4
229 2
230 9
231 2
232 4
233 2
234 2
235 0
236 0
237 1
238 0
239 2
240 0
241 0
242 0
243 0
244 0
245 1
246 1
247 0
248 0
249 0
250 1
251 0
252 0
253 1
254 1
255 0
256 0
257 0
258 0
259 1
260 0
261 0
262 0
263 0
264 0
265 0
266 0
267 0
268 0
269 0
270 0
271 0
272 0
273 0
274 0
275 0
276 0
277 0
278 0
279 0
280 0
281 0
282 0
283 0
284 0
285 0
286 0
287 0
288 0
289 0
290 0
291 0
292 0
293 0
294 0
295 0
296 0
297 0
298 0
299 0
300 0
301 0
302 0
303 0
304 0
305 0
306 0
307 0
308 0
309 0
310 0
311 0
312 0
313 0
314 0
315 0
316 0
317 0
318 0
319 0
320 0
321 0
322 0
323 0
324 0
325 0
326 0
327 0
328 0
329 0
330 0
331 0
332 0
333 0
334 0
335 0
336 0
337 0
338 0
339 0
340 0
341 0
342 0
343 0
344 0
