0 0
1 0
2 0
3 0
4 0
5 0
6 0
7 0
8 0
9 0
10 0
11 0
12 0
13 0
14 0
15 0
16 0
17 0
18 0
19 0
20 0
21 0
22 0
23 0
24 0
25 0
26 0
27 0
28 0
29 0
30 0
31 0
32 0
33 1
34 1
35 0
36 1
37 0
38 0
39 0
40 0
41 0
42 0
43 0
44 0
45 0
46 1
47 0
48 0
49 2
50 0
51 0
52 0
53 0
54 0
55 1
56 0
57 0
58 1
59 1
60 1
61 0
62 1
63 0
64 0
65 0
66 0
67 0
68 1
69 0
70 0
71 0
72 1
73 0
74 0
75 1
76 1
77 4
78 0
79 2
80 1
81 1
82 0
83 1
84 0
85 1
86 1
87 0
88 1
89 1
90 3
91 1
92 0
93 0
94 1
95 1
96 1
97 1
98 1
99 1
100 3
101 1
102 2
103 0
104 2
105 0
106 1
107 0
108 2
109 1
110 0
111 1
112 0
113 1
114 1
115 0
116 1
117 2
118 0
119 0
120 1
121 1
122 2
123 0
124 2
125 1
126 0
127 1
128 1
129 1
130 2
131 1
132 0
133 3
134 0
135 1
136 2
137 4
138 1
139 1
140 1
141 0
142 0
143 3
144 0
145 1
146 0
147 0
148 0
149 1
150 1
151 2
152 1
153 3
154 0
155 0
156 1
157 1
158 1
159 0
160 0
161 2
162 1
163 0
164 1
165 1
166 1
167 3
168 2
169 2
170 0
171 1
172 0
173 2
174 0
175 1
176 0
177 2
178 2
179 5
180 1
181 1
182 1
183 4
184 2
185 2
186 3
187 4
188 0
189 3
190 1
191 4
192 5
193 3
194 1
195 1
196 1
197 1
198 2
199 4
200 3
201 6
202 4
203 3
204 4
205 6
206 3
207 2
208 2
209 3
210 5
211 9
212 5
213 9
214 6
215 5
216 4
217 4
218 9
219 7
220 5
221 6
222 4
223 3
224 10
225 15
226 11
227 14
228 17
229 17
230 12
231 12
232 12
233 8
234 6
235 7
236 7
237 10
238 20
239 9
240 5
241 7
242 6
243 5
244 13
245 3
246 4
247 12
248 9
249 4
250 7
251 8
252 13
253 10
254 12
255 14
256 22
257 25
258 36
259 19
260 23
261 22
262 16
263 12
264 18
265 7
266 2
267 5
268 2
269 7
270 6
271 5
272 2
273 3
274 6
275 2
276 4
277 7
278 10
279 7
280 6
281 13
282 15
283 23
284 15
285 20
286 20
287 18
288 26
289 24
290 20
291 23
292 26
293 16
294 18
295 12
296 17
297 16
298 17
299 7
300 10
301 10
302 3
303 3
304 3
305 2
306 1
307 1
308 2
309 1
310 1
311 0
312 3
313 2
314 0
315 0
316 1
317 1
318 0
319 1
320 0
321 0
322 0
323 0
324 0
325 0
326 0
327 0
328 0
329 0
330 0
331 0
332 0
333 0
334 0
335 0
336 0
337 0
338 0
339 0
340 0
341 0
342 0
343 0
344 0
345 0
346 0
347 0
348 0
349 0
350 0
351 0
352 0
353 0
354 0
355 0
356 0
357 0
358 0
