0 0
1 0
2 0
3 0
4 0
5 0
6 0
7 0
8 0
9 0
10 0
11 1
12 0
13 1
14 0
15 1
16 2
17 3
18 1
19 2
20 0
21 1
22 3
23 3
24 5
25 4
26 7
27 9
28 8
29 17
30 9
31 10
32 12
33 6
34 7
35 12
36 6
37 5
38 8
39 5
40 10
41 8
42 5
43 4
44 3
45 4
46 4
47 5
48 1
49 7
50 7
51 6
52 12
53 4
54 9
55 13
56 11
57 18
58 15
59 12
60 11
61 7
62 13
63 13
64 5
65 16
66 12
67 10
68 8
69 7
70 5
71 7
72 5
73 6
74 8
75 7
76 8
77 4
78 5
79 5
80 7
81 7
82 4
83 11
84 15
85 18
86 14
87 18
88 12
89 19
90 8
91 8
92 8
93 11
94 5
95 11
96 6
97 7
98 11
99 6
100 6
101 6
102 12
103 11
104 10
105 6
106 11
107 8
108 12
109 9
110 12
111 5
112 15
113 9
114 13
115 9
116 8
117 17
118 11
119 22
120 11
121 10
122 6
123 11
124 8
125 8
126 6
127 9
128 8
129 3
130 8
131 6
132 4
133 10
134 6
135 5
136 5
137 10
138 6
139 13
140 10
141 11
142 14
143 16
144 5
145 12
146 11
147 10
148 12
149 15
150 11
151 10
152 12
153 15
154 18
155 13
156 22
157 16
158 12
159 13
160 11
161 12
162 10
163 15
164 15
165 9
166 14
167 20
168 12
169 15
170 10
171 8
172 8
173 9
174 12
175 12
176 5
177 8
178 9
179 4
180 7
181 7
182 3
183 4
184 8
185 5
186 7
187 8
188 6
189 9
190 5
191 6
192 8
193 5
194 2
195 5
196 1
197 2
198 1
199 4
200 0
201 1
202 3
203 1
204 0
205 4
206 1
207 0
208 1
209 1
210 2
211 5
212 0
213 1
214 3
215 2
216 3
217 1
218 2
219 1
220 0
221 4
222 0
223 5
224 3
225 2
226 0
227 2
228 3
229 0
230 2
231 2
232 0
233 0
234 1
235 1
236 0
237 0
238 0
239 0
240 0
241 0
242 0
243 0
244 1
245 0
246 0
247 0
248 0
249 0
250 0
251 0
252 0
253 0
254 0
255 0
256 0
257 0
258 0
259 0
260 0
261 0
262 0
263 0
264 0
265 0
266 0
267 0
268 0
269 0
270 0
271 0
272 0
273 0
274 0
275 0
276 0
277 0
278 0
279 0
280 0
281 0
282 0
283 0
284 0
285 0
286 0
287 0
288 0
289 0
290 0
291 0
292 0
293 0
294 0
295 0
296 0
297 0
298 0
299 0
300 0
301 0
302 0
303 0
304 0
305 0
306 0
307 0
308 0
309 0
310 0
311 0
312 0
313 0
314 0
315 0
316 0
317 0
318 0
319 0
320 0
321 0
322 0
323 0
324 0
325 0
326 0
327 0
328 0
329 0
330 0
331 0
332 0
333 0
334 0
335 0
336 0
337 0
338 0
339 0
340 0
341 0
342 0
343 0
344 0
345 0
