0 0
1 0
2 0
3 0
4 0
5 0
6 0
7 1
8 0
9 0
10 1
11 0
12 0
13 0
14 2
15 1
16 2
17 1
18 3
19 6
20 7
21 8
22 5
23 11
24 3
25 7
26 11
27 13
28 7
29 13
30 15
31 9
32 8
33 10
34 13
35 13
36 13
37 9
38 8
39 4
40 9
41 7
42 7
43 10
44 6
45 8
46 7
47 12
48 5
49 9
50 8
51 8
52 8
53 8
54 10
55 7
56 4
57 10
58 5
59 4
60 3
61 11
62 10
63 10
64 10
65 11
66 9
67 6
68 6
69 2
70 5
71 10
72 9
73 5
74 7
75 5
76 6
77 3
78 5
79 2
80 7
81 3
82 3
83 5
84 8
85 5
86 6
87 3
88 4
89 6
90 8
91 6
92 4
93 9
94 1
95 3
96 6
97 12
98 8
99 7
100 16
101 7
102 12
103 6
104 12
105 6
106 7
107 8
108 9
109 6
110 9
111 12
112 13
113 6
114 5
115 10
116 6
117 3
118 6
119 6
120 5
121 8
122 7
123 8
124 6
125 9
126 11
127 9
128 5
129 4
130 7
131 5
132 15
133 9
134 8
135 5
136 6
137 7
138 3
139 6
140 3
141 9
142 4
143 0
144 6
145 6
146 8
147 8
148 1
149 8
150 11
151 7
152 3
153 5
154 9
155 7
156 9
157 8
158 8
159 13
160 5
161 7
162 7
163 6
164 6
165 8
166 3
167 8
168 3
169 4
170 4
171 12
172 5
173 16
174 9
175 9
176 6
177 11
178 6
179 11
180 12
181 16
182 11
183 6
184 11
185 0
186 9
187 12
188 9
189 7
190 8
191 10
192 11
193 16
194 12
195 13
196 9
197 13
198 4
199 6
200 8
201 10
202 8
203 4
204 5
205 14
206 4
207 4
208 10
209 8
210 9
211 4
212 9
213 1
214 6
215 3
216 3
217 5
218 3
219 4
220 3
221 2
222 2
223 4
224 5
225 9
226 4
227 9
228 1
229 4
230 3
231 4
232 4
233 3
234 1
235 2
236 4
237 2
238 3
239 2
240 7
241 1
242 5
243 3
244 3
245 5
246 6
247 2
248 3
249 5
250 3
251 5
252 5
253 3
254 3
255 3
256 5
257 2
258 6
259 4
260 8
261 2
262 4
263 4
264 2
265 3
266 1
267 3
268 0
269 1
270 0
271 0
272 1
273 1
274 0
275 0
276 0
277 0
278 0
279 0
280 0
281 0
282 0
283 0
284 0
285 0
286 0
287 0
288 0
289 0
290 0
291 0
292 0
293 0
294 0
295 0
296 0
297 0
298 0
299 0
300 0
301 0
302 0
303 0
304 0
305 0
306 0
307 0
308 0
309 0
310 0
311 0
312 0
313 0
314 0
315 0
316 0
317 0
318 0
319 0
320 0
321 0
322 0
323 0
324 0
325 0
326 0
327 0
328 0
329 0
330 0
331 0
332 0
333 0
334 0
335 0
336 0
337 0
338 0
339 0
340 0
341 0
342 0
343 0
344 0
345 0
346 0
347 0
348 0
349 0
350 0
351 0
352 0
353 0
354 0
355 0
