0 0
1 0
2 0
3 0
4 0
5 0
6 0
7 0
8 1
9 0
10 0
11 0
12 0
13 0
14 0
15 1
16 0
17 1
18 0
19 2
20 0
21 2
22 1
23 0
24 2
25 0
26 0
27 3
28 2
29 3
30 0
31 2
32 3
33 1
34 0
35 2
36 1
37 2
38 1
39 1
40 2
41 0
42 1
43 2
44 2
45 0
46 5
47 0
48 1
49 1
50 6
51 2
52 1
53 1
54 1
55 1
56 0
57 0
58 2
59 0
60 0
61 3
62 5
63 0
64 0
65 0
66 1
67 2
68 2
69 2
70 0
71 0
72 0
73 2
74 4
75 1
76 1
77 0
78 0
79 0
80 0
81 0
82 1
83 0
84 3
85 1
86 1
87 1
88 2
89 2
90 1
91 3
92 0
93 1
94 2
95 1
96 1
97 1
98 1
99 0
100 2
101 1
102 0
103 0
104 0
105 0
106 0
107 2
108 2
109 1
110 0
111 0
112 3
113 1
114 1
115 0
116 0
117 0
118 1
119 1
120 0
121 0
122 1
123 0
124 0
125 1
126 0
127 0
128 0
129 1
130 1
131 0
132 0
133 2
134 0
135 0
136 0
137 0
138 0
139 0
140 0
141 0
142 1
143 0
144 0
145 2
146 0
147 0
148 1
149 0
150 2
151 2
152 1
153 1
154 1
155 0
156 1
157 1
158 0
159 1
160 0
161 0
162 0
163 0
164 1
165 2
166 0
167 0
168 0
169 0
170 0
171 0
172 0
173 0
174 2
175 0
176 0
177 2
178 0
179 0
180 2
181 0
182 1
183 0
184 0
185 2
186 1
187 4
188 0
189 0
190 1
191 0
192 3
193 2
194 1
195 8
196 6
197 4
198 4
199 3
200 9
201 7
202 0
203 1
204 3
205 4
206 3
207 6
208 0
209 1
210 0
211 1
212 1
213 2
214 3
215 1
216 1
217 0
218 2
219 0
220 2
221 0
222 0
223 2
224 2
225 0
226 2
227 0
228 1
229 0
230 0
231 0
232 0
233 0
234 0
235 0
236 0
237 0
238 0
239 0
240 0
241 0
242 0
243 0
244 0
245 0
246 0
247 0
248 0
249 0
250 0
251 0
252 0
253 0
254 0
255 0
256 0
257 0
258 0
259 0
260 0
261 0
262 0
263 0
264 0
265 0
266 0
267 0
268 0
269 0
270 0
271 0
272 0
273 0
274 0
275 0
276 0
277 0
278 0
279 0
280 0
281 0
282 0
283 0
284 0
285 0
286 0
287 0
288 0
289 0
290 0
291 0
292 0
293 0
294 0
295 0
296 0
297 0
298 0
299 0
300 0
301 0
302 0
303 0
304 0
305 0
306 0
307 0
308 0
309 0
310 0
311 0
312 0
313 0
314 0
315 0
316 0
317 0
318 0
319 0
320 0
321 0
322 0
323 0
324 0
325 0
326 0
327 0
328 0
329 0
330 0
331 0
332 0
333 0
334 0
335 0
336 0
337 0
338 0
339 0
340 0
341 0
342 0
343 0
344 0
345 0
346 0
347 0
348 0
