0 0
1 0
2 0
3 0
4 0
5 0
6 0
7 0
8 0
9 0
10 0
11 0
12 0
13 0
14 0
15 0
16 0
17 0
18 1
19 5
20 3
21 2
22 1
23 4
24 2
25 2
26 0
27 0
28 0
29 3
30 3
31 4
32 5
33 10
34 5
35 7
36 6
37 10
38 5
39 8
40 7
41 4
42 6
43 2
44 9
45 5
46 8
47 6
48 6
49 7
50 4
51 9
52 6
53 9
54 1
55 1
56 3
57 5
58 6
59 6
60 7
61 5
62 5
63 5
64 8
65 4
66 4
67 7
68 5
69 4
70 6
71 6
72 8
73 2
74 6
75 4
76 7
77 1
78 6
79 4
80 4
81 2
82 2
83 4
84 4
85 8
86 3
87 5
88 7
89 3
90 7
91 2
92 7
93 3
94 2
95 2
96 4
97 3
98 5
99 11
100 4
101 4
102 4
103 2
104 5
105 5
106 3
107 4
108 8
109 3
110 0
111 1
112 3
113 5
114 5
115 0
116 2
117 4
118 4
119 4
120 1
121 3
122 2
123 3
124 3
125 3
126 0
127 3
128 1
129 1
130 2
131 3
132 1
133 2
134 2
135 3
136 1
137 2
138 2
139 3
140 0
141 2
142 0
143 0
144 0
145 2
146 1
147 4
148 0
149 0
150 0
151 1
152 0
153 1
154 1
155 0
156 0
157 0
158 0
159 2
160 0
161 0
162 0
163 0
164 0
165 1
166 0
167 0
168 0
169 0
170 1
171 0
172 2
173 1
174 0
175 1
176 0
177 0
178 0
179 1
180 0
181 0
182 1
183 0
184 0
185 0
186 1
187 1
188 2
189 2
190 1
191 2
192 3
193 0
194 3
195 2
196 4
197 2
198 2
199 3
200 2
201 3
202 3
203 1
204 3
205 1
206 2
207 2
208 1
209 2
210 0
211 3
212 0
213 0
214 2
215 1
216 1
217 2
218 0
219 3
220 2
221 1
222 0
223 2
224 1
225 0
226 4
227 3
228 2
229 3
230 4
231 5
232 3
233 12
234 6
235 4
236 5
237 6
238 5
239 9
240 6
241 2
242 2
243 0
244 1
245 1
246 1
247 2
248 0
249 0
250 1
251 1
252 0
253 2
254 2
255 0
256 1
257 1
258 1
259 2
260 2
261 3
262 2
263 1
264 3
265 2
266 3
267 1
268 2
269 2
270 1
271 1
272 5
273 2
274 3
275 2
276 1
277 4
278 5
279 0
280 1
281 1
282 0
283 1
284 1
285 2
286 1
287 0
288 0
289 0
290 0
291 0
292 0
293 0
294 0
295 0
296 0
297 0
298 0
299 0
300 0
301 0
302 0
303 0
304 0
305 0
306 0
307 0
308 0
309 0
310 0
311 0
312 0
313 0
314 0
315 0
316 0
317 0
318 0
319 0
320 0
321 0
322 0
323 0
324 0
325 0
326 0
327 0
328 0
329 0
330 0
331 0
332 0
333 0
334 0
335 0
336 0
337 0
338 0
339 0
340 0
341 0
342 0
343 0
344 0
345 0
346 0
347 0
348 0
349 0
350 0
351 0
352 0
353 0
354 0
355 0
356 0
357 0
358 0
359 0
360 0
361 0
362 0
363 0
364 0
365 0
366 0
367 0
368 0
369 0
370 0
371 0
372 0
373 0
374 0
375 0
376 0
377 0
378 0
