0 0
1 0
2 0
3 0
4 0
5 0
6 0
7 0
8 0
9 0
10 0
11 0
12 0
13 0
14 0
15 0
16 0
17 0
18 0
19 0
20 2
21 0
22 0
23 0
24 0
25 0
26 0
27 0
28 0
29 0
30 0
31 0
32 0
33 0
34 0
35 0
36 0
37 0
38 0
39 0
40 1
41 1
42 0
43 1
44 0
45 0
46 0
47 0
48 0
49 1
50 0
51 2
52 0
53 2
54 1
55 1
56 1
57 2
58 0
59 0
60 1
61 0
62 0
63 0
64 0
65 0
66 0
67 2
68 0
69 1
70 0
71 2
72 0
73 0
74 0
75 0
76 1
77 1
78 0
79 1
80 0
81 1
82 0
83 0
84 0
85 0
86 1
87 2
88 0
89 0
90 0
91 0
92 0
93 0
94 0
95 1
96 1
97 0
98 1
99 0
100 0
101 0
102 0
103 0
104 0
105 1
106 3
107 0
108 0
109 0
110 1
111 1
112 1
113 1
114 0
115 0
116 1
117 0
118 1
119 1
120 0
121 0
122 2
123 0
124 2
125 1
126 2
127 0
128 2
129 1
130 0
131 1
132 0
133 1
134 0
135 2
136 2
137 1
138 1
139 1
140 0
141 2
142 0
143 1
144 0
145 0
146 2
147 0
148 0
149 1
150 0
151 0
152 0
153 1
154 1
155 2
156 2
157 1
158 1
159 0
160 2
161 0
162 0
163 3
164 1
165 1
166 0
167 1
168 1
169 0
170 4
171 1
172 2
173 0
174 1
175 0
176 1
177 1
178 1
179 2
180 2
181 0
182 1
183 0
184 0
185 0
186 0
187 1
188 1
189 0
190 1
191 0
192 1
193 1
194 3
195 2
196 1
197 0
198 0
199 1
200 0
201 1
202 1
203 1
204 1
205 3
206 2
207 0
208 0
209 1
210 0
211 0
212 0
213 2
214 1
215 1
216 1
217 1
218 1
219 0
220 0
221 0
222 1
223 0
224 1
225 1
226 0
227 0
228 0
229 0
230 2
231 1
232 1
233 0
234 1
235 0
236 1
237 0
238 0
239 0
240 2
241 1
242 0
243 0
244 0
245 0
246 1
247 0
248 0
249 0
250 0
251 0
252 0
253 0
254 0
255 0
256 1
257 0
258 0
259 0
260 1
261 0
262 0
263 2
264 3
265 0
266 0
267 1
268 1
269 1
270 3
271 0
272 0
273 0
274 0
275 0
276 1
277 2
278 1
279 4
280 1
281 0
282 1
283 1
284 0
285 0
286 2
287 0
288 0
289 2
290 0
291 1
292 0
293 0
294 0
295 0
296 0
297 0
298 0
299 0
300 0
301 0
302 0
303 0
304 0
305 0
306 0
307 0
308 0
309 0
310 0
311 0
312 0
313 0
314 0
315 0
316 0
317 0
318 0
319 0
320 0
321 0
322 0
323 0
324 0
325 0
326 0
327 0
328 0
329 0
330 0
331 0
332 0
333 0
334 0
335 0
336 0
337 0
338 0
339 0
340 0
341 0
342 0
343 0
344 0
345 0
346 0
347 0
348 0
349 0
350 0
351 0
352 0
353 0
354 0
355 0
356 0
357 0
358 0
359 0
