0 0
1 0
2 0
3 0
4 0
5 0
6 0
7 0
8 0
9 0
10 1
11 0
12 0
13 3
14 7
15 4
16 4
17 5
18 6
19 6
20 7
21 11
22 13
23 16
24 15
25 20
26 11
27 18
28 22
29 29
30 24
31 14
32 25
33 17
34 19
35 26
36 11
37 19
38 29
39 18
40 21
41 22
42 18
43 19
44 22
45 15
46 23
47 25
48 21
49 23
50 16
51 21
52 14
53 9
54 26
55 21
56 10
57 17
58 13
59 11
60 15
61 23
62 10
63 13
64 16
65 13
66 13
67 7
68 7
69 9
70 13
71 13
72 5
73 5
74 5
75 7
76 7
77 5
78 3
79 7
80 4
81 2
82 3
83 4
84 5
85 8
86 2
87 3
88 6
89 5
90 7
91 3
92 7
93 7
94 0
95 4
96 8
97 5
98 8
99 5
100 6
101 4
102 4
103 1
104 2
105 2
106 1
107 3
108 1
109 3
110 2
111 4
112 2
113 3
114 3
115 3
116 3
117 2
118 4
119 4
120 4
121 2
122 3
123 2
124 2
125 0
126 2
127 1
128 0
129 1
130 2
131 2
132 0
133 0
134 1
135 2
136 1
137 2
138 0
139 1
140 0
141 0
142 1
143 1
144 0
145 0
146 1
147 0
148 1
149 1
150 1
151 1
152 0
153 0
154 0
155 0
156 0
157 1
158 0
159 0
160 1
161 0
162 0
163 0
164 0
165 1
166 0
167 1
168 1
169 0
170 0
171 1
172 1
173 1
174 0
175 0
176 0
177 0
178 0
179 0
180 0
181 1
182 0
183 0
184 0
185 0
186 0
187 0
188 0
189 0
190 0
191 0
192 0
193 0
194 0
195 0
196 1
197 0
198 0
199 0
200 0
201 0
202 0
203 0
204 0
205 0
206 0
207 0
208 0
209 0
210 0
211 0
212 0
213 0
214 0
215 1
216 0
217 0
218 0
219 0
220 0
221 0
222 0
223 0
224 0
225 0
226 0
227 0
228 0
229 0
230 0
231 0
232 0
233 0
234 0
235 0
236 0
237 0
238 0
239 0
240 1
241 0
242 0
243 0
244 0
245 0
246 0
247 0
248 0
249 0
250 0
251 0
252 0
253 0
254 0
255 0
256 0
257 0
258 0
259 0
260 0
261 0
262 0
263 0
264 0
265 0
266 0
267 0
268 0
269 0
270 0
271 0
272 0
273 0
274 0
275 0
276 0
277 0
278 0
279 0
280 0
281 0
282 0
283 0
284 0
285 0
286 0
287 0
288 0
289 0
290 0
291 0
292 0
293 0
294 0
295 0
296 1
297 0
298 0
299 0
300 0
301 0
302 0
303 0
304 0
305 0
306 0
307 0
308 0
309 0
310 0
311 0
312 0
313 0
314 0
315 0
316 0
317 0
318 0
319 0
320 0
321 0
322 0
323 0
324 0
325 0
326 0
327 0
328 0
329 0
330 0
331 0
332 0
333 0
334 0
335 0
336 0
337 0
338 0
339 0
340 0
341 0
342 0
343 0
344 0
345 0
346 0
347 0
348 0
349 0
350 0
351 0
352 0
