0 0
1 0
2 0
3 0
4 0
5 0
6 0
7 0
8 0
9 0
10 0
11 0
12 0
13 0
14 0
15 0
16 0
17 0
18 0
19 0
20 0
21 2
22 0
23 0
24 2
25 0
26 6
27 3
28 2
29 1
30 2
31 5
32 5
33 0
34 5
35 3
36 7
37 4
38 3
39 2
40 7
41 2
42 6
43 3
44 1
45 10
46 5
47 3
48 7
49 1
50 3
51 7
52 2
53 5
54 3
55 4
56 4
57 4
58 1
59 2
60 0
61 2
62 2
63 2
64 2
65 0
66 1
67 3
68 3
69 3
70 4
71 2
72 1
73 6
74 1
75 6
76 2
77 1
78 3
79 3
80 1
81 3
82 3
83 2
84 0
85 3
86 7
87 3
88 6
89 2
90 0
91 5
92 0
93 0
94 1
95 2
96 7
97 0
98 1
99 3
100 0
101 3
102 2
103 0
104 1
105 2
106 3
107 1
108 3
109 3
110 1
111 1
112 2
113 1
114 0
115 6
116 1
117 2
118 3
119 1
120 0
121 0
122 2
123 1
124 0
125 0
126 1
127 1
128 1
129 1
130 0
131 0
132 0
133 0
134 1
135 1
136 1
137 0
138 0
139 1
140 1
141 0
142 1
143 2
144 0
145 0
146 0
147 0
148 0
149 0
150 0
151 2
152 1
153 0
154 1
155 0
156 0
157 0
158 0
159 1
160 0
161 0
162 0
163 1
164 1
165 1
166 1
167 0
168 0
169 0
170 1
171 0
172 0
173 0
174 0
175 0
176 1
177 0
178 0
179 0
180 0
181 0
182 0
183 0
184 0
185 0
186 1
187 1
188 0
189 1
190 0
191 0
192 1
193 1
194 0
195 0
196 2
197 0
198 0
199 0
200 0
201 0
202 1
203 0
204 0
205 0
206 0
207 0
208 0
209 0
210 0
211 0
212 0
213 0
214 0
215 0
216 0
217 0
218 0
219 0
220 0
221 0
222 0
223 0
224 0
225 0
226 0
227 0
228 0
229 0
230 0
231 0
232 0
233 0
234 0
235 0
236 0
237 0
238 0
239 0
240 0
241 0
242 0
243 0
244 0
245 0
246 0
247 0
248 0
249 0
250 0
251 0
252 0
253 0
254 0
255 0
256 0
257 0
258 0
259 0
260 0
261 0
262 0
263 0
264 0
265 0
266 0
267 0
268 0
269 0
270 0
271 0
272 0
273 0
274 0
275 0
276 0
277 0
278 0
279 0
280 0
281 0
282 0
283 0
284 0
285 0
286 0
287 0
288 0
289 0
290 0
291 0
292 0
293 0
294 0
295 0
296 0
297 0
298 0
299 0
300 0
301 0
302 0
303 0
304 0
305 0
306 0
307 0
308 0
309 0
310 0
311 0
312 0
313 0
314 0
315 0
316 0
317 0
318 0
319 0
320 0
321 0
322 0
323 0
324 0
325 0
326 0
327 0
328 0
329 0
330 0
331 0
332 0
333 0
334 0
335 0
336 0
337 0
338 0
339 0
340 0
341 0
342 0
343 0
344 0
345 0
346 0
347 0
348 0
349 0
350 0
351 0
352 0
353 0
354 0
355 0
356 0
357 0
358 0
359 0
360 0
