0 0
1 0
2 0
3 0
4 0
5 0
6 0
7 0
8 0
9 0
10 0
11 0
12 0
13 0
14 0
15 1
16 0
17 1
18 0
19 1
20 3
21 3
22 4
23 3
24 4
25 6
26 5
27 5
28 5
29 3
30 4
31 5
32 7
33 6
34 4
35 5
36 7
37 6
38 8
39 6
40 5
41 8
42 11
43 1
44 5
45 4
46 10
47 4
48 3
49 6
50 5
51 4
52 3
53 3
54 3
55 3
56 2
57 5
58 5
59 2
60 1
61 3
62 3
63 0
64 3
65 5
66 1
67 2
68 2
69 2
70 5
71 4
72 2
73 6
74 4
75 5
76 2
77 5
78 1
79 3
80 5
81 3
82 5
83 2
84 3
85 4
86 2
87 7
88 5
89 5
90 7
91 4
92 3
93 5
94 4
95 4
96 2
97 3
98 3
99 1
100 3
101 2
102 2
103 0
104 3
105 2
106 4
107 3
108 4
109 3
110 3
111 6
112 8
113 2
114 1
115 4
116 0
117 1
118 2
119 4
120 0
121 2
122 2
123 3
124 2
125 8
126 2
127 1
128 0
129 1
130 1
131 2
132 2
133 1
134 1
135 2
136 0
137 1
138 1
139 0
140 0
141 1
142 1
143 0
144 0
145 1
146 0
147 0
148 0
149 0
150 0
151 0
152 0
153 0
154 0
155 0
156 0
157 0
158 0
159 0
160 0
161 1
162 0
163 0
164 0
165 1
166 0
167 0
168 0
169 1
170 0
171 0
172 0
173 0
174 0
175 0
176 0
177 0
178 0
179 0
180 0
181 0
182 0
183 0
184 0
185 0
186 0
187 0
188 0
189 0
190 0
191 0
192 0
193 0
194 0
195 0
196 0
197 0
198 0
199 0
200 0
201 0
202 0
203 0
204 0
205 0
206 0
207 0
208 0
209 0
210 0
211 0
212 0
213 0
214 0
215 0
216 0
217 0
218 0
219 0
220 0
221 0
222 0
223 0
224 0
225 0
226 0
227 0
228 0
229 0
230 0
231 0
232 0
233 0
234 0
235 0
236 0
237 0
238 0
239 0
240 0
241 0
242 0
243 0
244 0
245 0
246 0
247 0
248 0
249 0
250 0
251 0
252 0
253 0
254 1
255 0
256 0
257 0
258 0
259 0
260 0
261 0
262 0
263 0
264 0
265 0
266 0
267 0
268 0
269 0
270 0
271 0
272 0
273 0
274 0
275 0
276 0
277 0
278 0
279 0
280 0
281 0
282 0
283 0
284 0
285 0
286 0
287 0
288 0
289 0
290 0
291 0
292 0
293 0
294 0
295 0
296 0
297 0
298 0
299 0
300 0
301 0
302 0
303 0
304 0
305 0
306 0
307 0
308 0
309 0
310 0
311 0
312 0
313 0
314 0
315 0
316 0
317 0
318 0
319 0
320 0
321 0
322 0
323 0
324 0
325 0
326 0
327 0
328 0
329 0
330 0
331 0
332 0
333 0
334 0
335 0
336 0
337 0
338 0
339 0
340 0
341 0
342 0
343 0
344 0
345 0
346 0
347 0
348 0
349 0
350 0
351 0
352 0
353 0
354 0
355 0
356 0
357 0
358 0
359 0
360 0
361 0
362 0
