0 0
1 0
2 0
3 0
4 0
5 0
6 0
7 0
8 0
9 0
10 0
11 0
12 0
13 0
14 0
15 0
16 0
17 0
18 0
19 1
20 0
21 0
22 0
23 0
24 0
25 1
26 0
27 0
28 1
29 1
30 0
31 2
32 1
33 1
34 1
35 2
36 0
37 1
38 4
39 2
40 0
41 7
42 2
43 7
44 7
45 3
46 3
47 5
48 4
49 10
50 6
51 4
52 3
53 3
54 2
55 3
56 3
57 9
58 4
59 5
60 6
61 2
62 6
63 5
64 3
65 5
66 4
67 1
68 1
69 4
70 3
71 4
72 2
73 3
74 2
75 1
76 1
77 2
78 3
79 5
80 0
81 2
82 3
83 0
84 5
85 3
86 3
87 2
88 1
89 1
90 2
91 0
92 2
93 3
94 2
95 1
96 2
97 0
98 2
99 1
100 2
101 0
102 1
103 3
104 0
105 1
106 2
107 1
108 0
109 1
110 1
111 2
112 0
113 0
114 2
115 1
116 0
117 0
118 0
119 1
120 0
121 0
122 1
123 3
124 1
125 2
126 1
127 1
128 4
129 1
130 0
131 0
132 0
133 2
134 0
135 0
136 1
137 1
138 1
139 0
140 1
141 0
142 0
143 0
144 1
145 0
146 0
147 0
148 1
149 0
150 1
151 0
152 0
153 2
154 0
155 0
156 1
157 1
158 0
159 0
160 0
161 0
162 2
163 0
164 0
165 0
166 0
167 0
168 0
169 0
170 1
171 0
172 0
173 0
174 0
175 0
176 2
177 1
178 0
179 0
180 0
181 0
182 0
183 0
184 0
185 0
186 0
187 0
188 1
189 0
190 0
191 0
192 0
193 1
194 0
195 0
196 0
197 0
198 0
199 0
200 0
201 0
202 1
203 0
204 0
205 0
206 0
207 0
208 0
209 0
210 0
211 0
212 0
213 0
214 0
215 0
216 0
217 0
218 2
219 0
220 1
221 0
222 0
223 2
224 0
225 1
226 0
227 0
228 0
229 0
230 0
231 1
232 0
233 1
234 0
235 0
236 0
237 0
238 0
239 0
240 0
241 0
242 0
243 0
244 0
245 0
246 0
247 0
248 0
249 0
250 0
251 0
252 0
253 0
254 0
255 0
256 0
257 0
258 0
259 1
260 0
261 0
262 0
263 0
264 0
265 0
266 0
267 0
268 0
269 0
270 0
271 0
272 0
273 0
274 0
275 0
276 0
277 0
278 0
279 0
280 0
281 1
282 1
283 0
284 0
285 0
286 0
287 0
288 0
289 0
290 0
291 0
292 0
293 0
294 0
295 0
296 0
297 0
298 0
299 0
300 0
301 0
302 0
303 0
304 0
305 0
306 0
307 0
308 0
309 0
310 0
311 0
312 0
313 0
314 0
315 0
316 0
317 0
318 0
319 0
320 0
321 0
322 0
323 0
324 0
325 0
326 0
327 0
328 0
329 0
330 0
331 0
332 0
333 0
334 0
335 0
336 0
337 0
338 0
339 0
340 0
341 0
342 0
343 0
344 0
345 0
346 0
347 0
348 0
349 0
350 0
351 0
352 0
353 0
354 0
355 0
