0 0
1 0
2 0
3 0
4 0
5 0
6 0
7 0
8 0
9 0
10 0
11 0
12 0
13 0
14 0
15 0
16 0
17 1
18 0
19 0
20 0
21 0
22 0
23 1
24 1
25 0
26 0
27 1
28 0
29 0
30 0
31 1
32 0
33 0
34 2
35 0
36 1
37 0
38 0
39 2
40 2
41 0
42 1
43 0
44 2
45 1
46 0
47 1
48 2
49 3
50 2
51 1
52 1
53 1
54 3
55 2
56 3
57 2
58 3
59 1
60 1
61 1
62 0
63 2
64 4
65 4
66 0
67 1
68 1
69 1
70 1
71 5
72 5
73 2
74 2
75 1
76 1
77 1
78 2
79 4
80 0
81 1
82 0
83 1
84 1
85 1
86 1
87 1
88 1
89 1
90 1
91 3
92 2
93 1
94 3
95 1
96 2
97 2
98 1
99 2
100 1
101 2
102 2
103 1
104 1
105 0
106 1
107 4
108 6
109 1
110 4
111 1
112 2
113 0
114 0
115 0
116 1
117 3
118 1
119 1
120 1
121 3
122 1
123 3
124 1
125 1
126 1
127 2
128 2
129 1
130 1
131 1
132 1
133 0
134 0
135 3
136 3
137 3
138 1
139 3
140 4
141 2
142 0
143 4
144 1
145 3
146 0
147 0
148 1
149 0
150 4
151 3
152 0
153 1
154 0
155 2
156 0
157 1
158 2
159 3
160 1
161 1
162 1
163 1
164 1
165 1
166 0
167 0
168 0
169 2
170 4
171 2
172 1
173 0
174 0
175 0
176 1
177 1
178 3
179 0
180 2
181 1
182 2
183 1
184 0
185 1
186 1
187 0
188 1
189 0
190 0
191 1
192 0
193 1
194 1
195 1
196 2
197 1
198 1
199 1
200 1
201 0
202 2
203 0
204 0
205 0
206 0
207 0
208 1
209 0
210 2
211 2
212 1
213 0
214 1
215 3
216 0
217 2
218 0
219 4
220 2
221 1
222 1
223 1
224 1
225 1
226 1
227 2
228 2
229 2
230 1
231 3
232 4
233 4
234 4
235 0
236 2
237 0
238 0
239 1
240 0
241 1
242 0
243 2
244 1
245 3
246 0
247 1
248 1
249 3
250 2
251 6
252 5
253 4
254 3
255 1
256 4
257 5
258 11
259 8
260 3
261 10
262 3
263 4
264 11
265 6
266 6
267 13
268 4
269 5
270 9
271 3
272 8
273 6
274 8
275 7
276 8
277 2
278 7
279 8
280 8
281 5
282 5
283 9
284 9
285 6
286 7
287 6
288 3
289 4
290 2
291 1
292 2
293 2
294 0
295 0
296 1
297 0
298 1
299 0
300 0
301 1
302 0
303 0
304 0
305 0
306 0
307 0
308 0
309 0
310 0
311 0
312 0
313 0
314 0
315 0
316 0
317 0
318 0
319 0
320 0
321 0
322 0
323 0
324 0
325 0
326 0
327 0
328 0
329 0
330 0
331 0
332 0
333 0
334 0
335 0
336 0
337 0
338 0
339 0
340 0
341 0
342 0
343 0
344 0
345 0
346 0
347 0
348 0
349 0
350 0
351 0
352 0
353 0
354 0
355 0
356 0
357 0
358 0
359 0
360 0
361 0
362 0
363 0
364 0
365 0
366 0
367 0
368 0
369 0
370 0
371 0
372 0
373 0
374 0
375 0
376 0
377 0
378 0
379 0
