0 0
1 0
2 0
3 0
4 0
5 0
6 0
7 0
8 0
9 0
10 0
11 0
12 0
13 0
14 0
15 0
16 0
17 0
18 0
19 0
20 0
21 0
22 0
23 0
24 0
25 0
26 0
27 0
28 1
29 0
30 0
31 1
32 0
33 0
34 0
35 0
36 0
37 0
38 0
39 0
40 0
41 1
42 0
43 0
44 0
45 0
46 0
47 1
48 1
49 0
50 1
51 0
52 0
53 0
54 1
55 1
56 0
57 3
58 1
59 0
60 0
61 1
62 1
63 1
64 1
65 0
66 0
67 2
68 0
69 1
70 1
71 0
72 1
73 0
74 1
75 0
76 0
77 0
78 1
79 0
80 0
81 0
82 0
83 1
84 2
85 1
86 0
87 0
88 0
89 1
90 0
91 1
92 0
93 1
94 1
95 0
96 0
97 1
98 0
99 1
100 0
101 0
102 1
103 1
104 1
105 1
106 0
107 0
108 0
109 0
110 0
111 1
112 0
113 1
114 0
115 0
116 1
117 0
118 0
119 0
120 0
121 0
122 1
123 0
124 1
125 0
126 0
127 0
128 1
129 1
130 1
131 0
132 1
133 1
134 0
135 0
136 3
137 1
138 1
139 2
140 0
141 1
142 1
143 2
144 0
145 1
146 2
147 2
148 2
149 1
150 2
151 2
152 5
153 2
154 6
155 1
156 3
157 2
158 2
159 1
160 2
161 4
162 2
163 2
164 3
165 1
166 3
167 1
168 1
169 4
170 5
171 2
172 5
173 2
174 3
175 0
176 5
177 0
178 1
179 2
180 1
181 1
182 5
183 1
184 1
185 0
186 5
187 1
188 3
189 2
190 1
191 0
192 2
193 4
194 1
195 0
196 0
197 1
198 1
199 1
200 1
201 1
202 1
203 0
204 1
205 1
206 1
207 0
208 1
209 0
210 0
211 0
212 0
213 0
214 0
215 0
216 0
217 1
218 0
219 0
220 0
221 1
222 0
223 0
224 0
225 0
226 0
227 0
228 0
229 1
230 0
231 0
232 0
233 0
234 0
235 0
236 0
237 0
238 0
239 0
240 1
241 0
242 0
243 0
244 0
245 0
246 1
247 0
248 0
249 0
250 0
251 0
252 0
253 0
254 1
255 0
256 0
257 0
258 0
259 1
260 0
261 0
262 0
263 0
264 0
265 0
266 0
267 0
268 0
269 0
270 0
271 0
272 0
273 0
274 0
275 0
276 0
277 0
278 0
279 0
280 0
281 0
282 0
283 0
284 0
285 0
286 0
287 0
288 0
289 0
290 0
291 0
292 0
293 0
294 0
295 0
296 0
297 0
298 0
299 0
300 0
301 0
302 0
303 0
304 0
305 0
306 0
307 0
308 0
309 0
310 0
311 0
312 0
313 0
314 0
315 0
316 0
317 0
318 0
319 0
320 0
321 0
322 0
323 0
324 0
325 0
326 0
327 0
328 0
329 0
330 0
331 0
332 0
333 0
334 0
335 0
336 0
337 0
338 0
339 0
340 0
341 0
342 0
343 0
344 0
345 0
346 0
347 0
348 0
349 0
350 0
351 0
352 0
353 0
354 0
355 0
356 0
357 0
358 0
359 0
360 0
361 0
362 0
363 0
364 0
365 0
366 0
367 0
368 0
369 0
370 0
371 0
