0 0
1 0
2 0
3 0
4 0
5 0
6 0
7 0
8 0
9 0
10 0
11 0
12 0
13 0
14 1
15 1
16 1
17 1
18 0
19 1
20 1
21 2
22 0
23 1
24 1
25 0
26 1
27 0
28 0
29 1
30 2
31 2
32 1
33 4
34 1
35 2
36 3
37 1
38 5
39 1
40 1
41 2
42 2
43 2
44 2
45 2
46 1
47 3
48 3
49 2
50 2
51 2
52 2
53 3
54 2
55 1
56 1
57 4
58 5
59 2
60 2
61 4
62 5
63 4
64 1
65 2
66 2
67 1
68 1
69 3
70 0
71 0
72 0
73 1
74 1
75 1
76 0
77 1
78 2
79 3
80 2
81 2
82 0
83 4
84 3
85 5
86 0
87 0
88 1
89 1
90 1
91 0
92 1
93 0
94 0
95 1
96 2
97 0
98 1
99 0
100 0
101 0
102 0
103 1
104 3
105 0
106 2
107 1
108 1
109 2
110 2
111 1
112 0
113 1
114 0
115 2
116 1
117 0
118 1
119 0
120 0
121 0
122 0
123 1
124 0
125 0
126 0
127 0
128 0
129 1
130 1
131 2
132 0
133 1
134 1
135 0
136 0
137 0
138 0
139 1
140 0
141 0
142 1
143 2
144 1
145 1
146 0
147 1
148 0
149 0
150 0
151 0
152 0
153 1
154 0
155 0
156 1
157 1
158 0
159 0
160 0
161 0
162 0
163 0
164 0
165 0
166 0
167 0
168 1
169 1
170 0
171 0
172 0
173 0
174 0
175 0
176 0
177 0
178 1
179 0
180 0
181 0
182 0
183 0
184 0
185 0
186 0
187 0
188 0
189 0
190 0
191 1
192 0
193 0
194 0
195 0
196 0
197 0
198 1
199 0
200 0
201 0
202 2
203 0
204 2
205 0
206 1
207 0
208 1
209 0
210 0
211 0
212 0
213 0
214 0
215 0
216 0
217 0
218 0
219 0
220 0
221 0
222 0
223 0
224 0
225 0
226 0
227 1
228 0
229 0
230 0
231 1
232 3
233 0
234 0
235 1
236 0
237 0
238 0
239 0
240 0
241 0
242 0
243 0
244 1
245 0
246 0
247 0
248 0
249 1
250 0
251 1
252 0
253 1
254 0
255 0
256 0
257 0
258 0
259 0
260 0
261 0
262 0
263 0
264 0
265 0
266 0
267 0
268 0
269 0
270 0
271 0
272 0
273 0
274 0
275 0
276 1
277 0
278 0
279 0
280 0
281 0
282 0
283 0
284 0
285 0
286 0
287 0
288 0
289 0
290 0
291 0
292 0
293 0
294 0
295 0
296 0
297 0
298 0
299 0
300 0
301 0
302 0
303 0
304 0
305 0
306 0
307 0
308 0
309 0
310 0
311 0
312 0
313 0
314 0
315 0
316 0
317 0
318 0
319 0
320 0
321 0
322 0
323 0
324 0
325 0
326 0
327 0
328 0
329 0
330 0
331 0
332 0
333 0
334 0
335 0
336 0
337 0
338 0
339 0
340 0
341 0
342 0
343 0
344 0
345 0
346 0
347 0
348 0
349 0
350 0
351 0
352 0
353 0
354 0
355 0
356 0
357 0
358 0
359 0
360 0
361 0
362 0
363 0
