0 0
1 0
2 0
3 0
4 0
5 0
6 0
7 0
8 0
9 0
10 0
11 0
12 0
13 0
14 0
15 0
16 0
17 0
18 0
19 0
20 0
21 0
22 0
23 0
24 0
25 0
26 1
27 0
28 0
29 0
30 0
31 0
32 0
33 0
34 0
35 0
36 0
37 2
38 0
39 1
40 0
41 0
42 0
43 0
44 0
45 0
46 0
47 1
48 0
49 0
50 0
51 0
52 0
53 1
54 0
55 0
56 0
57 0
58 0
59 0
60 0
61 0
62 0
63 0
64 0
65 0
66 0
67 0
68 0
69 0
70 0
71 0
72 0
73 0
74 0
75 1
76 1
77 1
78 1
79 0
80 0
81 0
82 0
83 0
84 0
85 0
86 0
87 1
88 0
89 0
90 0
91 0
92 0
93 0
94 0
95 0
96 0
97 0
98 0
99 0
100 0
101 0
102 1
103 0
104 0
105 0
106 0
107 0
108 0
109 2
110 0
111 1
112 0
113 1
114 0
115 0
116 0
117 1
118 1
119 0
120 0
121 0
122 1
123 0
124 0
125 0
126 0
127 0
128 0
129 0
130 0
131 0
132 2
133 1
134 1
135 1
136 1
137 0
138 0
139 0
140 0
141 1
142 1
143 0
144 0
145 0
146 1
147 0
148 0
149 0
150 0
151 0
152 0
153 1
154 0
155 0
156 0
157 0
158 0
159 1
160 0
161 0
162 0
163 0
164 1
165 0
166 0
167 1
168 0
169 0
170 0
171 0
172 0
173 0
174 0
175 1
176 0
177 0
178 0
179 0
180 2
181 0
182 1
183 0
184 0
185 1
186 0
187 0
188 0
189 0
190 0
191 0
192 0
193 0
194 1
195 0
196 0
197 0
198 0
199 0
200 0
201 0
202 0
203 2
204 2
205 0
206 0
207 1
208 0
209 0
210 1
211 0
212 1
213 1
214 0
215 0
216 0
217 1
218 0
219 0
220 0
221 1
222 2
223 0
224 1
225 3
226 1
227 1
228 1
229 1
230 2
231 4
232 3
233 2
234 2
235 2
236 5
237 2
238 4
239 6
240 3
241 4
242 1
243 3
244 3
245 5
246 0
247 3
248 6
249 4
250 8
251 4
252 5
253 5
254 4
255 8
256 5
257 4
258 6
259 5
260 3
261 2
262 7
263 2
264 2
265 7
266 3
267 3
268 4
269 5
270 7
271 5
272 5
273 3
274 3
275 2
276 2
277 1
278 2
279 1
280 0
281 0
282 1
283 0
284 0
285 0
286 0
287 0
288 0
289 0
290 0
291 0
292 0
293 0
294 0
295 0
296 0
297 0
298 0
299 0
300 0
301 0
302 0
303 0
304 0
305 0
306 0
307 0
308 0
309 0
310 0
311 0
312 0
313 0
314 0
315 0
316 0
317 0
318 0
319 0
320 0
321 0
322 0
323 0
324 0
325 0
326 0
327 0
328 0
329 0
330 0
331 0
332 0
333 0
334 0
335 0
336 0
337 0
338 0
339 0
340 0
341 0
342 0
343 0
344 0
345 0
346 0
347 0
348 0
