0 0
1 0
2 0
3 0
4 0
5 0
6 0
7 0
8 0
9 0
10 0
11 0
12 0
13 0
14 0
15 0
16 0
17 0
18 0
19 0
20 0
21 0
22 0
23 0
24 0
25 0
26 0
27 0
28 0
29 0
30 0
31 0
32 0
33 1
34 0
35 0
36 0
37 0
38 0
39 2
40 0
41 0
42 0
43 3
44 0
45 0
46 0
47 0
48 0
49 0
50 1
51 0
52 0
53 0
54 0
55 3
56 0
57 1
58 2
59 0
60 1
61 0
62 0
63 0
64 0
65 0
66 0
67 0
68 1
69 1
70 0
71 1
72 0
73 1
74 0
75 0
76 2
77 0
78 0
79 0
80 0
81 0
82 2
83 0
84 0
85 0
86 0
87 2
88 0
89 0
90 1
91 0
92 2
93 1
94 0
95 0
96 0
97 3
98 2
99 0
100 0
101 0
102 1
103 0
104 1
105 0
106 2
107 0
108 2
109 0
110 1
111 2
112 0
113 0
114 0
115 1
116 0
117 0
118 1
119 0
120 1
121 0
122 1
123 2
124 0
125 0
126 0
127 1
128 0
129 1
130 1
131 1
132 1
133 5
134 1
135 0
136 3
137 4
138 0
139 1
140 0
141 0
142 2
143 1
144 3
145 3
146 2
147 4
148 9
149 2
150 6
151 2
152 1
153 3
154 4
155 5
156 7
157 4
158 7
159 5
160 8
161 6
162 6
163 2
164 8
165 5
166 5
167 3
168 3
169 6
170 1
171 2
172 1
173 4
174 2
175 1
176 1
177 1
178 4
179 4
180 5
181 4
182 2
183 1
184 6
185 4
186 2
187 4
188 2
189 2
190 6
191 1
192 4
193 1
194 2
195 1
196 1
197 1
198 1
199 0
200 0
201 2
202 0
203 1
204 1
205 1
206 0
207 1
208 1
209 1
210 0
211 0
212 0
213 0
214 0
215 0
216 0
217 0
218 0
219 1
220 1
221 0
222 0
223 1
224 0
225 0
226 0
227 0
228 1
229 1
230 1
231 0
232 0
233 0
234 2
235 0
236 1
237 1
238 3
239 0
240 0
241 0
242 0
243 1
244 2
245 2
246 0
247 1
248 0
249 1
250 3
251 0
252 0
253 1
254 1
255 2
256 1
257 1
258 2
259 1
260 1
261 1
262 1
263 1
264 1
265 0
266 0
267 1
268 0
269 0
270 0
271 0
272 0
273 0
274 0
275 0
276 0
277 1
278 2
279 0
280 0
281 2
282 3
283 3
284 2
285 3
286 1
287 2
288 0
289 0
290 0
291 0
292 1
293 4
294 1
295 0
296 1
297 0
298 0
299 1
300 0
301 0
302 0
303 0
304 0
305 0
306 0
307 0
308 0
309 0
310 0
311 0
312 0
313 0
314 0
315 0
316 0
317 0
318 0
319 0
320 0
321 0
322 0
323 0
324 0
325 0
326 0
327 0
328 0
329 0
330 0
331 0
332 0
333 0
334 0
335 0
336 0
337 0
338 0
339 0
340 0
341 0
342 0
343 0
344 0
345 0
346 0
347 0
348 0
349 0
350 0
351 0
352 0
353 0
354 0
355 0
356 0
357 0
358 0
359 0
360 0
361 0
362 0
363 0
364 0
365 0
