0 0
1 0
2 0
3 0
4 0
5 0
6 0
7 0
8 0
9 0
10 0
11 0
12 2
13 0
14 0
15 1
16 1
17 1
18 2
19 2
20 1
21 4
22 3
23 8
24 2
25 11
26 9
27 4
28 6
29 8
30 6
31 2
32 1
33 9
34 5
35 7
36 5
37 6
38 8
39 4
40 10
41 5
42 7
43 9
44 3
45 5
46 7
47 3
48 3
49 4
50 5
51 0
52 3
53 7
54 3
55 4
56 7
57 5
58 8
59 3
60 6
61 5
62 10
63 6
64 10
65 6
66 9
67 6
68 1
69 6
70 8
71 10
72 5
73 1
74 9
75 2
76 8
77 6
78 2
79 6
80 5
81 7
82 3
83 6
84 3
85 1
86 1
87 1
88 3
89 2
90 3
91 4
92 5
93 4
94 5
95 6
96 1
97 7
98 4
99 12
100 8
101 0
102 8
103 3
104 4
105 10
106 7
107 10
108 7
109 6
110 5
111 5
112 5
113 4
114 2
115 7
116 7
117 14
118 8
119 4
120 9
121 3
122 6
123 7
124 14
125 8
126 9
127 5
128 6
129 5
130 5
131 5
132 13
133 4
134 6
135 2
136 2
137 3
138 2
139 3
140 5
141 12
142 8
143 7
144 6
145 5
146 9
147 12
148 8
149 10
150 10
151 4
152 12
153 9
154 9
155 13
156 15
157 8
158 12
159 10
160 15
161 7
162 22
163 19
164 16
165 19
166 12
167 19
168 26
169 16
170 13
171 9
172 10
173 13
174 12
175 3
176 9
177 4
178 3
179 0
180 3
181 1
182 0
183 2
184 1
185 0
186 0
187 0
188 1
189 0
190 0
191 0
192 0
193 0
194 0
195 0
196 0
197 0
198 0
199 0
200 0
201 0
202 0
203 0
204 0
205 0
206 0
207 0
208 0
209 0
210 0
211 0
212 0
213 0
214 0
215 0
216 0
217 0
218 0
219 0
220 0
221 0
222 0
223 0
224 0
225 0
226 0
227 0
228 0
229 0
230 0
231 0
232 0
233 0
234 0
235 0
236 0
237 0
238 0
239 0
240 0
241 0
242 0
243 0
244 0
245 0
246 0
247 0
248 0
249 0
250 0
251 0
252 0
253 0
254 0
255 1
256 1
257 1
258 0
259 0
260 0
261 0
262 0
263 0
264 0
265 0
266 0
267 0
268 0
269 0
270 0
271 0
272 0
273 0
274 0
275 0
276 0
277 0
278 0
279 0
280 1
281 1
282 0
283 0
284 0
285 1
286 0
287 0
288 0
289 0
290 0
291 0
292 0
293 0
294 0
295 0
296 0
297 0
298 0
299 0
300 0
301 0
302 0
303 0
304 0
305 0
306 0
307 0
308 0
309 0
310 0
311 0
312 0
313 0
314 0
315 0
316 0
317 0
318 0
319 0
320 0
321 0
322 0
323 0
324 0
325 0
326 0
327 0
328 0
329 0
330 0
331 0
332 0
333 0
334 0
335 0
336 0
337 0
338 0
339 0
340 0
341 0
342 0
343 0
344 0
345 0
346 0
347 0
348 0
349 0
350 0
351 0
352 0
353 0
354 0
355 0
356 0
357 0
358 0
359 0
360 0
361 0
362 0
363 0
364 0
365 0
366 0
367 0
368 0
369 0
370 0
