0 0
1 0
2 0
3 0
4 0
5 2
6 0
7 1
8 0
9 2
10 1
11 2
12 0
13 4
14 4
15 1
16 3
17 4
18 5
19 7
20 6
21 4
22 8
23 12
24 4
25 9
26 6
27 11
28 4
29 6
30 8
31 9
32 14
33 14
34 8
35 17
36 8
37 7
38 8
39 8
40 5
41 6
42 13
43 10
44 6
45 10
46 7
47 14
48 11
49 15
50 10
51 14
52 7
53 9
54 7
55 5
56 7
57 9
58 15
59 8
60 16
61 6
62 7
63 4
64 4
65 3
66 8
67 8
68 1
69 4
70 11
71 12
72 4
73 7
74 4
75 11
76 4
77 10
78 4
79 13
80 5
81 10
82 9
83 9
84 13
85 12
86 8
87 9
88 7
89 4
90 9
91 5
92 8
93 7
94 5
95 5
96 5
97 7
98 4
99 6
100 3
101 4
102 3
103 9
104 7
105 7
106 4
107 9
108 6
109 8
110 5
111 1
112 1
113 3
114 2
115 4
116 4
117 4
118 2
119 4
120 6
121 2
122 3
123 5
124 3
125 7
126 5
127 3
128 3
129 9
130 4
131 3
132 4
133 4
134 5
135 4
136 5
137 7
138 2
139 0
140 2
141 3
142 3
143 4
144 0
145 0
146 2
147 3
148 2
149 1
150 2
151 1
152 1
153 1
154 4
155 1
156 3
157 1
158 2
159 4
160 4
161 1
162 0
163 1
164 1
165 1
166 0
167 3
168 0
169 1
170 2
171 1
172 0
173 2
174 1
175 1
176 1
177 3
178 0
179 0
180 1
181 1
182 1
183 1
184 1
185 0
186 1
187 3
188 2
189 2
190 1
191 2
192 1
193 2
194 2
195 0
196 2
197 1
198 1
199 0
200 6
201 4
202 0
203 1
204 0
205 0
206 0
207 1
208 0
209 1
210 1
211 2
212 1
213 1
214 1
215 0
216 3
217 0
218 0
219 1
220 2
221 2
222 1
223 2
224 1
225 1
226 0
227 0
228 0
229 1
230 3
231 1
232 6
233 3
234 2
235 2
236 1
237 1
238 2
239 2
240 2
241 1
242 3
243 0
244 1
245 4
246 4
247 4
248 4
249 2
250 1
251 1
252 0
253 0
254 0
255 0
256 2
257 0
258 0
259 0
260 0
261 0
262 0
263 0
264 0
265 0
266 0
267 0
268 0
269 0
270 0
271 0
272 0
273 0
274 0
275 0
276 0
277 0
278 0
279 0
280 0
281 0
282 0
283 0
284 0
285 0
286 0
287 0
288 0
289 0
290 0
291 0
292 0
293 0
294 0
295 0
296 0
297 0
298 0
299 0
300 0
301 0
302 0
303 0
304 0
305 0
306 0
307 0
308 0
309 0
310 0
311 0
312 0
313 0
314 0
315 0
316 0
317 0
318 0
319 0
320 0
321 0
322 0
323 0
324 0
325 0
326 0
327 0
328 0
329 0
330 0
331 0
332 0
333 0
334 0
335 0
336 0
337 0
338 0
339 0
340 0
341 0
342 0
343 0
344 0
345 0
346 0
347 0
348 0
349 0
350 0
351 0
352 0
353 0
354 0
355 0
356 0
357 0
358 0
359 0
360 0
361 0
362 0
363 0
364 0
365 0
366 0
367 0
368 0
369 0
370 0
371 0
372 0
373 0
374 0
375 0
376 0
377 0
378 0
379 0
380 0
381 0
382 0
383 0
384 0
385 0
