0 0
1 0
2 0
3 0
4 0
5 0
6 0
7 0
8 0
9 0
10 0
11 0
12 2
13 3
14 10
15 10
16 6
17 15
18 9
19 14
20 12
21 14
22 10
23 14
24 22
25 16
26 24
27 18
28 21
29 25
30 19
31 25
32 29
33 20
34 14
35 29
36 23
37 36
38 26
39 24
40 23
41 12
42 9
43 9
44 19
45 15
46 18
47 17
48 10
49 10
50 16
51 18
52 17
53 11
54 23
55 14
56 21
57 17
58 14
59 21
60 19
61 15
62 21
63 24
64 15
65 13
66 15
67 11
68 11
69 13
70 7
71 7
72 8
73 14
74 9
75 12
76 8
77 6
78 4
79 8
80 6
81 5
82 4
83 5
84 7
85 8
86 6
87 9
88 2
89 4
90 4
91 8
92 10
93 4
94 4
95 10
96 8
97 8
98 9
99 12
100 3
101 15
102 12
103 11
104 23
105 9
106 7
107 7
108 10
109 10
110 4
111 10
112 11
113 10
114 11
115 8
116 7
117 4
118 11
119 5
120 11
121 5
122 6
123 7
124 2
125 2
126 2
127 3
128 1
129 0
130 2
131 1
132 1
133 1
134 1
135 2
136 1
137 0
138 2
139 3
140 5
141 3
142 2
143 3
144 3
145 2
146 4
147 6
148 10
149 2
150 6
151 11
152 4
153 6
154 11
155 3
156 10
157 5
158 8
159 3
160 3
161 2
162 3
163 3
164 3
165 1
166 1
167 1
168 3
169 1
170 2
171 1
172 1
173 1
174 3
175 3
176 1
177 1
178 4
179 3
180 2
181 2
182 2
183 2
184 4
185 3
186 7
187 3
188 1
189 3
190 3
191 3
192 5
193 3
194 2
195 3
196 2
197 0
198 4
199 3
200 3
201 3
202 1
203 3
204 0
205 2
206 3
207 4
208 2
209 3
210 1
211 1
212 0
213 1
214 1
215 3
216 0
217 3
218 2
219 2
220 3
221 2
222 1
223 2
224 1
225 0
226 0
227 2
228 5
229 2
230 3
231 3
232 3
233 3
234 3
235 2
236 1
237 0
238 2
239 3
240 1
241 4
242 0
243 0
244 5
245 3
246 5
247 1
248 2
249 6
250 4
251 0
252 5
253 8
254 4
255 5
256 2
257 8
258 3
259 3
260 5
261 3
262 4
263 2
264 2
265 7
266 5
267 1
268 2
269 4
270 2
271 5
272 5
273 2
274 0
275 3
276 1
277 4
278 1
279 2
280 1
281 1
282 0
283 0
284 1
285 0
286 0
287 0
288 1
289 2
290 0
291 0
292 0
293 0
294 1
295 0
296 0
297 0
298 0
299 0
300 0
301 0
302 0
303 0
304 0
305 0
306 0
307 0
308 0
309 0
310 0
311 0
312 0
313 0
314 0
315 0
316 0
317 0
318 0
319 0
320 0
321 0
322 0
323 0
324 0
325 0
326 0
327 0
328 0
329 0
330 0
331 0
332 0
333 0
334 0
335 0
336 0
337 0
338 0
339 0
340 0
341 0
342 0
343 0
344 0
345 0
346 0
347 0
348 0
349 0
350 0
351 0
352 0
353 0
354 0
355 0
356 0
357 0
358 0
359 0
360 0
361 0
362 0
363 0
364 0
365 0
366 0
367 0
368 0
369 0
370 0
371 0
372 0
373 0
374 0
375 0
376 0
377 0
378 0
379 0
380 0
381 0
382 0
383 0
384 0
385 0
386 0
387 0
388 0
389 0
390 0
391 0
392 0
393 0
394 0
395 0
396 0
397 0
398 0
399 0
400 0
401 0
402 0
403 0
404 0
405 0
406 0
407 0
408 0
409 0
410 0
411 0
412 0
