0 0
1 0
2 0
3 0
4 0
5 0
6 0
7 0
8 0
9 0
10 0
11 0
12 0
13 0
14 0
15 0
16 0
17 0
18 0
19 0
20 0
21 0
22 0
23 0
24 0
25 0
26 0
27 0
28 0
29 0
30 0
31 0
32 0
33 0
34 0
35 0
36 0
37 0
38 0
39 0
40 0
41 0
42 0
43 0
44 0
45 0
46 0
47 0
48 0
49 0
50 0
51 0
52 0
53 0
54 0
55 0
56 0
57 0
58 0
59 0
60 0
61 0
62 0
63 0
64 0
65 0
66 0
67 0
68 0
69 0
70 0
71 0
72 0
73 0
74 0
75 0
76 0
77 0
78 0
79 0
80 0
81 0
82 0
83 0
84 0
85 0
86 0
87 0
88 0
89 0
90 0
91 0
92 0
93 0
94 0
95 0
96 0
97 0
98 0
99 0
100 0
101 0
102 0
103 0
104 0
105 0
106 0
107 0
108 0
109 0
110 0
111 0
112 0
113 0
114 0
115 0
116 0
117 0
118 0
119 0
120 0
121 0
122 0
123 0
124 0
125 1
126 1
127 1
128 1
129 0
130 0
131 0
132 0
133 0
134 0
135 1
136 0
137 1
138 4
139 0
140 5
141 8
142 10
143 13
144 18
145 35
146 24
147 26
148 27
149 32
150 58
151 48
152 84
153 114
154 124
155 199
156 227
157 251
158 364
159 459
160 563
161 669
162 795
163 866
164 1027
165 1034
166 1012
167 1011
168 1083
169 1030
170 1075
171 1007
172 1002
173 1044
174 913
175 957
176 910
177 828
178 952
179 1006
180 990
181 1114
182 1115
183 1372
184 1428
185 1579
186 1622
187 1662
188 1719
189 1820
190 1872
191 1894
192 1928
193 1950
194 2106
195 2081
196 2120
197 2375
198 2291
199 2405
200 2436
201 2532
202 2647
203 2614
204 2625
205 2549
206 2520
207 2480
208 2732
209 2494
210 2504
211 2883
212 2798
213 2945
214 3056
215 3046
216 3053
217 3112
218 2947
219 3034
220 3046
221 3103
222 2969
223 2843
224 2766
225 2618
226 2727
227 2543
228 2506
229 2414
230 2360
231 2343
232 2492
233 2378
234 2391
235 2300
236 2272
237 2300
238 2283
239 2133
240 2110
241 1964
242 2017
243 1976
244 1871
245 1856
246 1677
247 1728
248 1629
249 1643
250 1657
251 1453
252 1448
253 1443
254 1369
255 1272
256 1269
257 1191
258 1124
259 1094
260 990
261 1081
262 1004
263 988
264 924
265 922
266 945
267 867
268 896
269 855
270 929
271 888
272 1017
273 900
274 784
275 810
276 820
277 681
278 621
279 617
280 568
281 536
282 547
283 461
284 492
285 439
286 443
287 382
288 347
289 383
290 318
291 299
292 321
293 271
294 263
295 313
296 324
297 301
298 262
299 232
300 221
301 229
302 156
303 187
304 136
305 141
306 122
307 113
308 83
309 113
310 58
311 65
312 86
313 67
314 43
315 46
316 50
317 38
318 30
319 21
320 34
321 31
322 19
323 16
324 11
325 22
326 14
327 7
328 16
329 3
330 5
331 14
332 10
333 5
334 4
335 9
336 12
337 5
338 2
339 4
340 8
341 5
342 4
343 5
344 1
345 3
346 3
347 2
348 0
349 0
350 0
351 1
352 2
353 1
