0 0
1 0
2 0
3 0
4 0
5 0
6 0
7 0
8 0
9 0
10 0
11 0
12 0
13 0
14 0
15 0
16 0
17 0
18 0
19 0
20 0
21 0
22 0
23 0
24 0
25 0
26 0
27 0
28 0
29 0
30 0
31 0
32 0
33 0
34 0
35 0
36 0
37 0
38 0
39 0
40 0
41 0
42 0
43 0
44 0
45 0
46 0
47 0
48 0
49 0
50 0
51 0
52 0
53 0
54 0
55 0
56 0
57 0
58 0
59 0
60 0
61 0
62 0
63 0
64 0
65 0
66 0
67 0
68 0
69 0
70 2
71 2
72 0
73 2
74 2
75 2
76 0
77 6
78 2
79 0
80 2
81 1
82 0
83 0
84 0
85 2
86 0
87 2
88 2
89 10
90 2
91 4
92 2
93 0
94 0
95 0
96 4
97 3
98 2
99 6
100 2
101 0
102 8
103 4
104 3
105 1
106 0
107 0
108 5
109 4
110 4
111 2
112 1
113 9
114 9
115 6
116 5
117 3
118 0
119 0
120 8
121 6
122 4
123 0
124 4
125 5
126 16
127 13
128 4
129 7
130 7
131 2
132 8
133 9
134 14
135 13
136 18
137 6
138 9
139 15
140 24
141 27
142 34
143 41
144 49
145 61
146 72
147 84
148 124
149 111
150 122
151 159
152 193
153 197
154 207
155 291
156 306
157 358
158 343
159 418
160 426
161 472
162 542
163 579
164 618
165 700
166 667
167 745
168 813
169 844
170 889
171 908
172 914
173 886
174 872
175 973
176 959
177 1089
178 1105
179 1211
180 1264
181 1148
182 1274
183 1297
184 1308
185 1484
186 1510
187 1544
188 1566
189 1745
190 1905
191 1993
192 2172
193 2307
194 2385
195 2320
196 2337
197 2441
198 2424
199 2485
200 2423
201 2367
202 2392
203 2395
204 2318
205 2328
206 2407
207 2311
208 2300
209 2391
210 2275
211 2385
212 2335
213 2363
214 2440
215 2226
216 2181
217 2169
218 2129
219 2032
220 1999
221 1928
222 1775
223 1828
224 1874
225 1910
226 1839
227 1717
228 1852
229 1671
230 1764
231 1784
232 1624
233 1733
234 1725
235 1759
236 1749
237 1714
238 1630
239 1767
240 1667
241 1648
242 1654
243 1598
244 1667
245 1616
246 1507
247 1555
248 1555
249 1518
250 1582
251 1551
252 1471
253 1455
254 1440
255 1411
256 1369
257 1358
258 1278
259 1269
260 1238
261 1151
262 1240
263 1228
264 1296
265 1311
266 1218
267 1328
268 1268
269 1401
270 1298
271 1214
272 1298
273 1285
274 1339
275 1233
276 1316
277 1261
278 1294
279 1246
280 1205
281 1205
282 1182
283 1147
284 1161
285 1185
286 1071
287 1078
288 956
289 879
290 894
291 830
292 821
293 760
294 646
295 711
296 632
297 629
298 649
299 578
300 505
301 508
302 552
303 468
304 495
305 440
306 460
307 419
308 354
309 332
310 353
311 278
312 254
313 257
314 231
315 212
316 179
317 167
318 144
319 124
320 166
321 110
322 109
323 102
324 107
325 107
326 123
327 84
328 98
329 110
330 100
331 82
332 72
333 65
334 53
335 56
336 54
337 43
338 44
339 38
340 35
341 29
342 34
343 13
344 32
345 13
346 8
347 10
348 7
349 4
350 5
351 7
352 3
353 2
354 7
355 6
356 3
357 4
358 1
359 6
360 1
361 3
362 0
363 2
364 1
365 1
366 1
367 0
368 0
369 0
370 0
371 0
372 1
373 0
374 1
