0 0
1 0
2 0
3 0
4 0
5 0
6 0
7 0
8 0
9 0
10 0
11 0
12 0
13 0
14 0
15 0
16 0
17 0
18 0
19 0
20 0
21 0
22 0
23 0
24 0
25 0
26 0
27 0
28 0
29 0
30 0
31 0
32 0
33 0
34 0
35 0
36 0
37 0
38 0
39 0
40 0
41 0
42 0
43 0
44 0
45 0
46 0
47 0
48 0
49 0
50 0
51 0
52 0
53 0
54 0
55 0
56 0
57 0
58 0
59 0
60 0
61 0
62 0
63 0
64 0
65 0
66 0
67 0
68 0
69 0
70 0
71 0
72 0
73 0
74 0
75 0
76 0
77 0
78 0
79 0
80 0
81 0
82 0
83 0
84 0
85 0
86 0
87 0
88 0
89 0
90 0
91 0
92 0
93 0
94 0
95 0
96 0
97 0
98 0
99 0
100 0
101 0
102 0
103 0
104 0
105 0
106 0
107 0
108 0
109 0
110 0
111 0
112 0
113 0
114 0
115 0
116 0
117 0
118 2
119 0
120 0
121 0
122 1
123 0
124 0
125 4
126 0
127 0
128 0
129 0
130 0
131 1
132 0
133 0
134 3
135 2
136 5
137 6
138 10
139 8
140 4
141 12
142 9
143 9
144 10
145 13
146 9
147 24
148 12
149 24
150 21
151 32
152 26
153 43
154 41
155 41
156 53
157 60
158 44
159 88
160 86
161 103
162 95
163 129
164 129
165 176
166 198
167 142
168 186
169 208
170 135
171 217
172 185
173 171
174 212
175 194
176 202
177 220
178 194
179 197
180 201
181 198
182 240
183 231
184 242
185 279
186 310
187 311
188 280
189 320
190 357
191 358
192 404
193 493
194 510
195 503
196 628
197 647
198 642
199 697
200 797
201 917
202 950
203 1054
204 1056
205 1026
206 1045
207 1113
208 1008
209 1012
210 1099
211 1156
212 1267
213 1317
214 1263
215 1336
216 1421
217 1381
218 1457
219 1578
220 1445
221 1376
222 1388
223 1560
224 1410
225 1351
226 1502
227 1481
228 1486
229 1599
230 1568
231 1509
232 1685
233 1582
234 1743
235 1917
236 1978
237 2076
238 2172
239 2398
240 2364
241 2497
242 2634
243 2587
244 2714
245 2905
246 2762
247 2928
248 2831
249 2849
250 2858
251 2826
252 2773
253 2790
254 2676
255 2699
256 2711
257 2609
258 2725
259 2721
260 2831
261 2984
262 2844
263 2950
264 2952
265 2898
266 2954
267 2922
268 2947
269 2906
270 2790
271 2889
272 2740
273 2562
274 2686
275 2742
276 2764
277 2808
278 2927
279 2690
280 2695
281 2503
282 2336
283 1978
284 1896
285 1759
286 1640
287 1566
288 1599
289 1472
290 1421
291 1310
292 1343
293 1164
294 1035
295 976
296 886
297 828
298 826
299 675
300 636
301 621
302 553
303 530
304 481
305 472
306 508
307 366
308 354
309 378
310 374
311 300
312 308
313 265
314 280
315 266
316 227
317 233
318 203
319 169
320 187
321 220
322 168
323 167
324 188
325 161
326 157
327 152
328 173
329 167
330 198
331 177
332 255
333 207
334 177
335 198
336 146
337 113
338 116
339 113
340 107
341 97
342 75
343 71
344 75
345 53
346 41
347 42
348 40
349 31
350 24
351 15
352 6
353 15
354 9
355 3
356 5
357 1
358 5
359 3
360 3
361 2
362 1
363 0
364 0
365 1
