0 0
1 0
2 0
3 0
4 0
5 0
6 0
7 0
8 0
9 0
10 0
11 0
12 0
13 0
14 0
15 0
16 0
17 0
18 0
19 0
20 0
21 0
22 0
23 0
24 0
25 0
26 0
27 0
28 0
29 0
30 0
31 0
32 0
33 0
34 0
35 0
36 0
37 0
38 0
39 0
40 0
41 0
42 0
43 0
44 0
45 0
46 0
47 0
48 0
49 0
50 0
51 0
52 0
53 0
54 0
55 0
56 0
57 0
58 0
59 0
60 0
61 0
62 0
63 0
64 0
65 0
66 0
67 0
68 0
69 0
70 0
71 0
72 0
73 0
74 0
75 0
76 0
77 0
78 0
79 0
80 0
81 0
82 0
83 0
84 0
85 0
86 0
87 0
88 0
89 0
90 0
91 0
92 0
93 0
94 0
95 0
96 0
97 0
98 0
99 0
100 0
101 0
102 0
103 0
104 0
105 3
106 1
107 1
108 2
109 7
110 3
111 9
112 8
113 6
114 9
115 7
116 5
117 4
118 9
119 6
120 8
121 7
122 6
123 7
124 9
125 7
126 11
127 15
128 11
129 25
130 28
131 21
132 30
133 37
134 29
135 34
136 35
137 40
138 34
139 61
140 70
141 72
142 67
143 70
144 92
145 88
146 100
147 121
148 116
149 141
150 149
151 164
152 189
153 253
154 260
155 236
156 241
157 306
158 322
159 315
160 372
161 367
162 409
163 367
164 424
165 417
166 445
167 457
168 477
169 609
170 733
171 875
172 913
173 949
174 964
175 1079
176 950
177 1040
178 942
179 1022
180 1124
181 1118
182 1186
183 1230
184 1292
185 1412
186 1588
187 1772
188 1923
189 1843
190 1979
191 2045
192 1988
193 2090
194 1966
195 1974
196 1967
197 1937
198 2058
199 2091
200 2270
201 2167
202 2422
203 2520
204 2413
205 2400
206 2509
207 2467
208 2409
209 2453
210 2425
211 2449
212 2397
213 2335
214 2410
215 2332
216 2248
217 2357
218 2351
219 2362
220 2317
221 2274
222 2266
223 2166
224 2310
225 2447
226 2263
227 2338
228 2353
229 2466
230 2424
231 2405
232 2538
233 2414
234 2485
235 2400
236 2524
237 2424
238 2452
239 2293
240 2179
241 2148
242 2243
243 2171
244 2113
245 2321
246 2194
247 2193
248 2258
249 2108
250 2081
251 2099
252 2011
253 1915
254 1747
255 1777
256 1601
257 1477
258 1506
259 1420
260 1392
261 1416
262 1322
263 1346
264 1410
265 1387
266 1242
267 1144
268 1112
269 1111
270 1058
271 976
272 836
273 800
274 773
275 689
276 721
277 723
278 642
279 706
280 582
281 592
282 621
283 554
284 562
285 483
286 478
287 441
288 462
289 448
290 433
291 353
292 388
293 377
294 388
295 346
296 370
297 325
298 306
299 304
300 354
301 265
302 247
303 263
304 235
305 220
306 201
307 203
308 167
309 160
310 146
311 114
312 128
313 101
314 109
315 90
316 87
317 86
318 67
319 76
320 56
321 72
322 60
323 79
324 62
325 55
326 48
327 49
328 44
329 52
330 67
331 43
332 37
333 26
334 31
335 23
336 27
337 25
338 25
339 40
340 15
341 17
342 19
343 14
344 23
345 16
346 14
347 20
348 15
349 11
350 11
351 10
352 15
353 16
354 18
355 14
356 12
357 5
358 12
359 7
360 3
361 7
362 5
363 3
364 4
365 3
366 3
367 3
368 2
369 0
370 1
371 0
372 0
373 1
374 0
375 1
