0 0
1 0
2 0
3 0
4 0
5 0
6 0
7 0
8 0
9 0
10 0
11 0
12 0
13 0
14 0
15 0
16 0
17 0
18 0
19 0
20 0
21 0
22 0
23 0
24 0
25 0
26 1
27 0
28 0
29 0
30 0
31 0
32 0
33 0
34 0
35 0
36 4
37 0
38 0
39 0
40 0
41 0
42 0
43 0
44 0
45 0
46 4
47 2
48 0
49 1
50 0
51 0
52 4
53 0
54 1
55 1
56 0
57 1
58 5
59 4
60 0
61 1
62 1
63 2
64 3
65 3
66 7
67 0
68 2
69 4
70 0
71 1
72 0
73 0
74 2
75 3
76 1
77 4
78 5
79 0
80 2
81 3
82 1
83 1
84 4
85 2
86 4
87 0
88 5
89 5
90 1
91 3
92 2
93 1
94 5
95 1
96 3
97 4
98 5
99 3
100 1
101 10
102 5
103 1
104 3
105 1
106 2
107 3
108 0
109 0
110 2
111 2
112 0
113 0
114 3
115 8
116 0
117 2
118 1
119 6
120 1
121 7
122 0
123 5
124 8
125 4
126 3
127 5
128 7
129 6
130 3
131 5
132 3
133 4
134 7
135 14
136 11
137 9
138 10
139 21
140 14
141 19
142 33
143 28
144 44
145 53
146 62
147 76
148 94
149 65
150 79
151 69
152 92
153 64
154 77
155 72
156 45
157 80
158 62
159 61
160 81
161 66
162 76
163 104
164 53
165 93
166 103
167 108
168 164
169 109
170 152
171 152
172 168
173 168
174 165
175 172
176 238
177 317
178 260
179 322
180 314
181 373
182 356
183 396
184 380
185 483
186 555
187 547
188 536
189 682
190 788
191 781
192 918
193 1040
194 986
195 1148
196 1067
197 1144
198 1123
199 1209
200 1175
201 1285
202 1382
203 1513
204 1540
205 1576
206 1749
207 1822
208 1923
209 2003
210 2094
211 2232
212 2198
213 2256
214 2426
215 2640
216 3006
217 3161
218 3206
219 3234
220 3402
221 3293
222 3414
223 3098
224 3079
225 3070
226 3124
227 3263
228 3271
229 3258
230 3218
231 3214
232 3367
233 3491
234 3580
235 3533
236 3399
237 3350
238 3259
239 3222
240 3010
241 3089
242 2925
243 2854
244 2754
245 2701
246 2756
247 2527
248 2560
249 2516
250 2367
251 2223
252 2270
253 2350
254 2336
255 2277
256 2378
257 2190
258 2115
259 1964
260 2078
261 1969
262 1933
263 1918
264 1821
265 1788
266 1690
267 1702
268 1769
269 1572
270 1540
271 1544
272 1448
273 1376
274 1250
275 1319
276 1126
277 1135
278 1042
279 978
280 983
281 817
282 781
283 695
284 709
285 611
286 532
287 524
288 476
289 474
290 461
291 402
292 307
293 315
294 266
295 248
296 259
297 243
298 209
299 159
300 110
301 127
302 98
303 122
304 103
305 71
306 106
307 85
308 102
309 79
310 64
311 75
312 104
313 72
314 75
315 57
316 72
317 65
318 31
319 40
320 40
321 29
322 26
323 17
324 19
325 25
326 19
327 11
328 9
329 16
330 8
331 9
332 6
333 6
334 6
335 5
336 6
337 4
338 5
339 6
340 5
341 0
342 1
343 0
344 0
345 1
346 0
347 1
