0 0
1 0
2 0
3 0
4 0
5 0
6 0
7 0
8 0
9 0
10 0
11 0
12 0
13 0
14 0
15 0
16 0
17 0
18 0
19 0
20 0
21 0
22 0
23 0
24 0
25 0
26 0
27 2
28 0
29 0
30 0
31 0
32 0
33 0
34 0
35 0
36 0
37 0
38 0
39 0
40 1
41 0
42 0
43 0
44 0
45 0
46 0
47 0
48 0
49 0
50 0
51 0
52 0
53 0
54 0
55 0
56 0
57 0
58 0
59 0
60 0
61 0
62 0
63 0
64 0
65 0
66 0
67 0
68 0
69 0
70 0
71 0
72 0
73 0
74 0
75 0
76 0
77 0
78 0
79 0
80 0
81 0
82 0
83 0
84 0
85 0
86 0
87 0
88 0
89 0
90 2
91 0
92 0
93 0
94 0
95 0
96 0
97 0
98 0
99 0
100 0
101 0
102 0
103 0
104 0
105 0
106 0
107 0
108 0
109 0
110 1
111 0
112 0
113 0
114 0
115 0
116 0
117 0
118 0
119 0
120 0
121 0
122 0
123 0
124 0
125 0
126 0
127 0
128 0
129 0
130 0
131 4
132 0
133 1
134 0
135 0
136 12
137 17
138 34
139 64
140 120
141 169
142 140
143 161
144 149
145 128
146 173
147 140
148 117
149 114
150 172
151 154
152 161
153 189
154 253
155 251
156 230
157 173
158 173
159 174
160 127
161 111
162 125
163 104
164 142
165 132
166 102
167 177
168 182
169 192
170 161
171 182
172 206
173 155
174 193
175 170
176 223
177 204
178 261
179 281
180 294
181 333
182 427
183 425
184 478
185 479
186 567
187 543
188 559
189 620
190 688
191 682
192 690
193 764
194 772
195 763
196 855
197 766
198 893
199 934
200 937
201 961
202 1031
203 1257
204 1213
205 1274
206 1289
207 1339
208 1348
209 1360
210 1386
211 1669
212 1714
213 1757
214 1831
215 1911
216 1762
217 1854
218 1954
219 2020
220 2061
221 2007
222 1982
223 2168
224 2091
225 2147
226 2140
227 2131
228 2128
229 2060
230 2163
231 2188
232 2333
233 2471
234 2476
235 2544
236 2549
237 2562
238 2645
239 2523
240 2449
241 2438
242 2476
243 2376
244 2454
245 2280
246 2320
247 2382
248 2310
249 2286
250 2268
251 2411
252 2363
253 2489
254 2446
255 2499
256 2454
257 2392
258 2465
259 2443
260 2439
261 2486
262 2370
263 2252
264 2244
265 2263
266 2058
267 2051
268 2033
269 1987
270 1919
271 2031
272 1955
273 1914
274 1971
275 1929
276 1828
277 1778
278 1861
279 1716
280 1793
281 1803
282 1624
283 1495
284 1387
285 1245
286 1251
287 1118
288 1144
289 1165
290 1078
291 961
292 958
293 975
294 897
295 873
296 855
297 810
298 862
299 809
300 830
301 814
302 794
303 915
304 834
305 811
306 705
307 674
308 531
309 488
310 473
311 417
312 383
313 327
314 333
315 320
316 301
317 275
318 229
319 245
320 217
321 204
322 216
323 209
324 179
325 171
326 166
327 181
328 169
329 166
330 126
331 150
332 144
333 114
334 125
335 109
336 97
337 116
338 111
339 104
340 89
341 74
342 82
343 72
344 48
345 30
346 37
347 29
348 25
349 18
350 16
351 23
352 12
353 9
354 7
355 9
356 4
357 6
358 0
359 1
360 5
361 1
362 1
363 4
364 1
365 1
366 1
367 0
368 0
369 1
370 0
371 0
372 1
373 1
374 1
