0 0
1 0
2 0
3 0
4 0
5 0
6 0
7 0
8 0
9 0
10 0
11 0
12 0
13 0
14 0
15 0
16 0
17 0
18 0
19 0
20 0
21 0
22 0
23 0
24 0
25 0
26 1
27 0
28 0
29 0
30 0
31 0
32 0
33 0
34 0
35 0
36 0
37 0
38 0
39 0
40 0
41 0
42 0
43 0
44 0
45 0
46 0
47 0
48 0
49 1
50 1
51 2
52 0
53 0
54 1
55 2
56 0
57 3
58 0
59 0
60 2
61 0
62 1
63 2
64 1
65 0
66 0
67 0
68 3
69 2
70 4
71 0
72 2
73 2
74 0
75 0
76 1
77 1
78 0
79 0
80 0
81 1
82 1
83 3
84 0
85 1
86 0
87 1
88 0
89 0
90 2
91 1
92 0
93 0
94 1
95 1
96 1
97 1
98 0
99 1
100 0
101 2
102 2
103 0
104 0
105 0
106 1
107 0
108 0
109 0
110 0
111 0
112 0
113 1
114 0
115 1
116 1
117 1
118 1
119 4
120 0
121 3
122 6
123 1
124 0
125 5
126 0
127 13
128 6
129 1
130 16
131 10
132 20
133 29
134 18
135 12
136 14
137 31
138 41
139 49
140 46
141 83
142 79
143 109
144 128
145 79
146 119
147 97
148 81
149 64
150 58
151 53
152 50
153 44
154 40
155 50
156 37
157 34
158 71
159 70
160 69
161 81
162 101
163 110
164 121
165 135
166 142
167 168
168 152
169 162
170 143
171 130
172 158
173 155
174 158
175 169
176 165
177 231
178 191
179 211
180 206
181 228
182 260
183 274
184 278
185 284
186 288
187 260
188 289
189 359
190 317
191 313
192 402
193 365
194 461
195 473
196 485
197 537
198 543
199 543
200 557
201 585
202 614
203 677
204 683
205 726
206 788
207 791
208 819
209 887
210 948
211 998
212 1116
213 1220
214 1280
215 1362
216 1367
217 1437
218 1608
219 1538
220 1592
221 1554
222 1427
223 1460
224 1410
225 1474
226 1435
227 1528
228 1491
229 1475
230 1604
231 1578
232 1472
233 1603
234 1731
235 1738
236 1861
237 1829
238 1946
239 2080
240 2021
241 1890
242 2020
243 2128
244 1986
245 2118
246 1975
247 2042
248 2266
249 2252
250 2425
251 2349
252 2664
253 2680
254 2801
255 2983
256 3156
257 2876
258 2969
259 2864
260 2846
261 2615
262 2722
263 2730
264 2676
265 2533
266 2505
267 2419
268 2420
269 2381
270 2172
271 2316
272 2373
273 2256
274 2130
275 2161
276 2186
277 2156
278 2159
279 2039
280 1961
281 1962
282 1847
283 2002
284 1988
285 2098
286 1992
287 1953
288 1945
289 1955
290 1932
291 1801
292 1848
293 1751
294 1695
295 1735
296 1635
297 1662
298 1461
299 1458
300 1256
301 1275
302 1170
303 1271
304 1157
305 1062
306 991
307 924
308 923
309 834
310 773
311 704
312 677
313 625
314 599
315 577
316 491
317 537
318 523
319 510
320 493
321 446
322 461
323 379
324 302
325 297
326 281
327 263
328 248
329 216
330 227
331 197
332 216
333 250
334 200
335 189
336 230
337 191
338 199
339 175
340 146
341 127
342 118
343 119
344 121
345 92
346 103
347 70
348 64
349 53
350 56
351 56
352 45
353 50
354 51
355 41
356 30
357 18
358 16
359 17
360 15
361 17
362 13
363 12
364 18
365 4
366 10
367 6
368 3
369 5
370 8
371 11
372 5
373 12
374 3
375 5
376 4
377 8
378 0
379 0
380 1
