0 0
1 0
2 0
3 0
4 0
5 0
6 0
7 0
8 0
9 0
10 0
11 0
12 0
13 0
14 0
15 0
16 0
17 0
18 0
19 0
20 0
21 0
22 0
23 0
24 0
25 0
26 0
27 0
28 0
29 0
30 0
31 0
32 0
33 0
34 0
35 0
36 0
37 0
38 0
39 0
40 0
41 0
42 0
43 0
44 0
45 0
46 0
47 0
48 0
49 0
50 0
51 0
52 0
53 0
54 0
55 0
56 0
57 0
58 0
59 0
60 0
61 0
62 0
63 0
64 0
65 0
66 0
67 0
68 0
69 0
70 0
71 0
72 0
73 0
74 0
75 0
76 0
77 0
78 0
79 0
80 0
81 0
82 0
83 0
84 0
85 0
86 0
87 0
88 0
89 0
90 0
91 0
92 0
93 0
94 0
95 0
96 0
97 0
98 0
99 0
100 0
101 0
102 0
103 0
104 2
105 0
106 1
107 2
108 1
109 5
110 4
111 1
112 4
113 1
114 5
115 4
116 6
117 2
118 2
119 6
120 4
121 4
122 5
123 5
124 1
125 4
126 4
127 5
128 5
129 5
130 4
131 5
132 13
133 10
134 6
135 5
136 7
137 11
138 22
139 13
140 13
141 10
142 14
143 21
144 27
145 25
146 23
147 42
148 37
149 78
150 48
151 98
152 88
153 114
154 127
155 95
156 122
157 133
158 144
159 156
160 166
161 207
162 192
163 274
164 267
165 325
166 359
167 337
168 373
169 380
170 477
171 456
172 510
173 538
174 569
175 585
176 654
177 694
178 712
179 731
180 808
181 861
182 922
183 896
184 897
185 989
186 977
187 997
188 1059
189 1074
190 1077
191 974
192 1125
193 1052
194 1177
195 1331
196 1334
197 1457
198 1520
199 1616
200 1769
201 1743
202 2000
203 2086
204 2154
205 2351
206 2376
207 2503
208 2459
209 2485
210 2419
211 2549
212 2536
213 2726
214 2680
215 2870
216 2941
217 3067
218 3054
219 3199
220 3147
221 3025
222 3174
223 3213
224 2921
225 3198
226 3234
227 3134
228 3270
229 3164
230 3169
231 3165
232 2843
233 2994
234 2941
235 2617
236 2760
237 2613
238 2588
239 2534
240 2488
241 2495
242 2485
243 2403
244 2407
245 2348
246 2534
247 2339
248 2303
249 2364
250 2220
251 2228
252 2078
253 2054
254 1884
255 1884
256 1852
257 1793
258 1649
259 1567
260 1603
261 1537
262 1495
263 1422
264 1352
265 1361
266 1380
267 1308
268 1273
269 1184
270 1137
271 1006
272 910
273 885
274 851
275 894
276 861
277 809
278 721
279 671
280 640
281 600
282 525
283 534
284 591
285 559
286 561
287 566
288 658
289 632
290 720
291 652
292 636
293 610
294 628
295 616
296 480
297 411
298 368
299 309
300 229
301 236
302 224
303 159
304 152
305 125
306 95
307 98
308 40
309 55
310 43
311 42
312 39
313 31
314 18
315 7
316 14
317 5
318 13
319 10
320 6
321 13
322 4
323 3
324 9
325 2
326 8
327 5
328 3
329 7
330 9
331 2
332 0
333 2
334 0
335 0
336 0
337 0
338 0
339 0
340 0
341 2
