0 0
1 0
2 0
3 0
4 0
5 0
6 0
7 0
8 0
9 0
10 0
11 0
12 0
13 0
14 0
15 0
16 0
17 0
18 0
19 0
20 0
21 0
22 0
23 0
24 0
25 0
26 0
27 0
28 0
29 0
30 0
31 0
32 0
33 0
34 0
35 0
36 0
37 0
38 0
39 0
40 0
41 0
42 0
43 0
44 0
45 0
46 0
47 0
48 0
49 0
50 0
51 0
52 0
53 0
54 0
55 0
56 0
57 0
58 0
59 0
60 0
61 0
62 0
63 0
64 0
65 0
66 0
67 0
68 0
69 0
70 0
71 0
72 0
73 0
74 0
75 0
76 0
77 0
78 0
79 0
80 0
81 0
82 0
83 0
84 0
85 0
86 0
87 0
88 0
89 0
90 0
91 0
92 0
93 0
94 0
95 0
96 0
97 0
98 0
99 0
100 0
101 0
102 0
103 0
104 0
105 0
106 0
107 0
108 0
109 0
110 0
111 1
112 2
113 1
114 0
115 1
116 3
117 5
118 5
119 9
120 8
121 6
122 7
123 16
124 11
125 37
126 31
127 30
128 34
129 50
130 51
131 66
132 73
133 80
134 66
135 79
136 110
137 85
138 95
139 117
140 121
141 152
142 158
143 171
144 167
145 224
146 275
147 278
148 333
149 392
150 428
151 494
152 535
153 519
154 607
155 596
156 570
157 560
158 561
159 590
160 653
161 803
162 899
163 965
164 984
165 1061
166 1051
167 1056
168 1217
169 1242
170 1164
171 1119
172 1146
173 1145
174 1134
175 1126
176 1145
177 1300
178 1230
179 1240
180 1294
181 1271
182 1277
183 1260
184 1183
185 1173
186 1140
187 1188
188 1358
189 1313
190 1464
191 1526
192 1647
193 1730
194 1899
195 1865
196 2168
197 1958
198 1947
199 2189
200 2129
201 2137
202 2103
203 2062
204 2043
205 2071
206 2081
207 2159
208 2080
209 2085
210 2155
211 2093
212 2031
213 2173
214 2129
215 2129
216 2209
217 2245
218 2291
219 2183
220 2226
221 2124
222 2163
223 2195
224 2259
225 2247
226 2181
227 2100
228 2215
229 2252
230 2184
231 2193
232 2091
233 2305
234 2123
235 2305
236 2329
237 2363
238 2433
239 2435
240 2489
241 2550
242 2633
243 2713
244 2740
245 2618
246 2700
247 2763
248 2712
249 2697
250 2643
251 2575
252 2537
253 2553
254 2471
255 2258
256 2400
257 2198
258 1863
259 1777
260 1653
261 1593
262 1410
263 1272
264 1216
265 1207
266 1134
267 983
268 1005
269 872
270 861
271 841
272 746
273 645
274 680
275 597
276 581
277 574
278 497
279 420
280 360
281 387
282 329
283 244
284 259
285 212
286 220
287 171
288 168
289 155
290 103
291 149
292 101
293 107
294 105
295 112
296 85
297 62
298 56
299 72
300 46
301 38
302 43
303 36
304 35
305 24
306 30
307 22
308 14
309 26
310 32
311 29
312 10
313 9
314 11
315 10
316 7
317 13
318 2
319 3
320 5
321 1
322 3
323 5
324 3
325 5
326 3
327 6
328 4
329 2
330 1
331 2
332 0
333 0
334 1
335 1
