0 0
1 0
2 0
3 0
4 0
5 0
6 0
7 0
8 0
9 0
10 0
11 0
12 0
13 0
14 0
15 0
16 0
17 0
18 0
19 0
20 0
21 1
22 0
23 0
24 0
25 0
26 0
27 2
28 0
29 0
30 2
31 0
32 0
33 0
34 0
35 0
36 0
37 0
38 0
39 0
40 0
41 0
42 0
43 0
44 0
45 0
46 0
47 0
48 0
49 0
50 0
51 0
52 0
53 0
54 0
55 0
56 0
57 0
58 0
59 0
60 0
61 0
62 0
63 0
64 0
65 0
66 0
67 0
68 0
69 0
70 0
71 0
72 0
73 0
74 0
75 0
76 0
77 0
78 0
79 0
80 0
81 0
82 0
83 0
84 0
85 0
86 0
87 0
88 0
89 0
90 0
91 0
92 0
93 0
94 0
95 2
96 0
97 0
98 0
99 0
100 0
101 0
102 0
103 0
104 0
105 0
106 0
107 0
108 0
109 0
110 0
111 0
112 0
113 0
114 0
115 0
116 0
117 0
118 0
119 0
120 0
121 1
122 0
123 0
124 0
125 1
126 0
127 0
128 1
129 0
130 2
131 5
132 3
133 3
134 17
135 10
136 22
137 40
138 74
139 109
140 96
141 146
142 127
143 155
144 128
145 142
146 167
147 224
148 218
149 239
150 248
151 246
152 252
153 237
154 212
155 244
156 213
157 215
158 220
159 214
160 181
161 221
162 217
163 246
164 287
165 259
166 259
167 288
168 300
169 305
170 317
171 356
172 390
173 382
174 391
175 464
176 442
177 481
178 419
179 533
180 547
181 585
182 555
183 700
184 715
185 766
186 937
187 913
188 951
189 1006
190 1193
191 1262
192 1284
193 1331
194 1332
195 1285
196 1518
197 1423
198 1475
199 1471
200 1516
201 1568
202 1617
203 1690
204 1767
205 1801
206 1944
207 1950
208 2048
209 2063
210 2141
211 2410
212 2150
213 2246
214 2164
215 2085
216 2092
217 2125
218 2142
219 2072
220 2034
221 2069
222 2005
223 1911
224 1909
225 1835
226 1820
227 1836
228 1973
229 2007
230 1963
231 2049
232 1978
233 2222
234 2242
235 2252
236 2427
237 2376
238 2227
239 2156
240 2090
241 1928
242 1916
243 1993
244 1848
245 1957
246 1939
247 2110
248 2059
249 2177
250 2281
251 2251
252 2197
253 2267
254 2234
255 2369
256 2459
257 2347
258 2564
259 2556
260 2616
261 2641
262 2398
263 2196
264 2220
265 2099
266 2061
267 1774
268 1707
269 1598
270 1690
271 1592
272 1640
273 1548
274 1404
275 1545
276 1588
277 1392
278 1527
279 1321
280 1250
281 1172
282 1145
283 1150
284 1081
285 958
286 915
287 917
288 877
289 951
290 980
291 908
292 865
293 842
294 803
295 697
296 771
297 731
298 658
299 640
300 654
301 565
302 479
303 475
304 442
305 401
306 407
307 399
308 290
309 265
310 258
311 242
312 263
313 250
314 249
315 294
316 285
317 300
318 246
319 253
320 230
321 167
322 170
323 126
324 115
325 108
326 128
327 136
328 121
329 107
330 98
331 84
332 86
333 62
334 92
335 79
336 70
337 73
338 83
339 71
340 101
341 81
342 56
343 47
344 43
345 24
346 27
347 18
348 22
349 16
350 8
351 9
352 13
353 4
354 7
355 14
356 4
357 7
358 6
359 5
360 4
361 2
362 2
363 0
364 0
365 4
