0 0
1 0
2 0
3 0
4 0
5 0
6 0
7 0
8 0
9 0
10 0
11 0
12 0
13 0
14 0
15 0
16 0
17 0
18 0
19 0
20 0
21 0
22 0
23 0
24 0
25 0
26 0
27 0
28 0
29 0
30 0
31 0
32 0
33 0
34 0
35 0
36 0
37 0
38 0
39 0
40 0
41 0
42 0
43 0
44 0
45 0
46 0
47 0
48 0
49 0
50 0
51 0
52 0
53 0
54 0
55 0
56 0
57 0
58 0
59 0
60 0
61 0
62 0
63 0
64 0
65 0
66 0
67 0
68 0
69 0
70 0
71 0
72 0
73 0
74 0
75 0
76 0
77 0
78 0
79 0
80 0
81 0
82 0
83 0
84 0
85 0
86 0
87 0
88 0
89 0
90 0
91 0
92 0
93 0
94 0
95 0
96 0
97 0
98 0
99 0
100 0
101 0
102 0
103 0
104 0
105 0
106 0
107 0
108 0
109 0
110 0
111 0
112 0
113 0
114 0
115 0
116 0
117 0
118 0
119 0
120 0
121 0
122 1
123 2
124 0
125 3
126 1
127 2
128 9
129 12
130 6
131 14
132 34
133 12
134 16
135 31
136 44
137 63
138 70
139 76
140 62
141 101
142 108
143 113
144 124
145 111
146 132
147 125
148 146
149 143
150 127
151 192
152 156
153 176
154 208
155 175
156 206
157 220
158 261
159 302
160 337
161 416
162 456
163 463
164 504
165 558
166 584
167 610
168 556
169 667
170 684
171 738
172 821
173 931
174 1018
175 1008
176 1223
177 1238
178 1374
179 1426
180 1574
181 1669
182 1530
183 1621
184 1668
185 1784
186 1669
187 1623
188 1764
189 1839
190 1832
191 1861
192 1721
193 1776
194 1873
195 1788
196 1826
197 1892
198 2211
199 2233
200 2380
201 2402
202 2454
203 2535
204 2531
205 2713
206 2587
207 2586
208 2653
209 2655
210 2620
211 2678
212 2703
213 2850
214 3014
215 3077
216 3199
217 3157
218 3360
219 3487
220 3594
221 3603
222 3509
223 3379
224 3504
225 3506
226 3512
227 3430
228 3440
229 3522
230 3719
231 3586
232 3558
233 3255
234 3351
235 3370
236 3149
237 2927
238 2733
239 2571
240 2525
241 2413
242 2303
243 2222
244 1985
245 2022
246 1968
247 1941
248 1788
249 1880
250 1577
251 1606
252 1530
253 1552
254 1396
255 1238
256 1196
257 1134
258 1063
259 897
260 906
261 745
262 726
263 662
264 561
265 523
266 448
267 371
268 382
269 417
270 389
271 299
272 254
273 274
274 249
275 247
276 224
277 201
278 195
279 160
280 176
281 152
282 134
283 97
284 75
285 76
286 59
287 53
288 31
289 27
290 29
291 17
292 25
293 18
294 7
295 7
296 9
297 1
298 3
299 6
300 2
301 1
302 0
303 1
304 2
305 0
306 0
307 1
308 2
309 0
310 0
311 0
312 1
313 0
314 0
315 0
316 0
317 0
318 0
319 0
320 1
321 0
322 0
323 0
324 0
325 1
