0 0
1 0
2 0
3 0
4 0
5 0
6 0
7 0
8 0
9 0
10 0
11 0
12 0
13 0
14 0
15 0
16 0
17 0
18 0
19 0
20 0
21 0
22 0
23 0
24 0
25 0
26 0
27 0
28 0
29 0
30 0
31 0
32 0
33 0
34 0
35 0
36 0
37 0
38 0
39 0
40 0
41 0
42 0
43 0
44 0
45 0
46 0
47 0
48 0
49 0
50 0
51 0
52 0
53 0
54 0
55 0
56 0
57 0
58 0
59 0
60 0
61 0
62 0
63 0
64 0
65 0
66 0
67 0
68 0
69 0
70 0
71 0
72 0
73 0
74 0
75 0
76 0
77 0
78 0
79 0
80 0
81 0
82 0
83 0
84 0
85 0
86 0
87 0
88 0
89 0
90 0
91 0
92 0
93 0
94 0
95 0
96 0
97 0
98 0
99 0
100 0
101 0
102 0
103 0
104 0
105 0
106 0
107 0
108 0
109 0
110 0
111 0
112 0
113 0
114 0
115 0
116 0
117 0
118 0
119 0
120 0
121 0
122 0
123 0
124 0
125 0
126 0
127 0
128 0
129 0
130 0
131 1
132 0
133 1
134 1
135 0
136 0
137 0
138 0
139 0
140 0
141 0
142 1
143 1
144 1
145 0
146 2
147 0
148 0
149 0
150 2
151 1
152 6
153 4
154 2
155 5
156 9
157 5
158 7
159 11
160 15
161 16
162 11
163 20
164 19
165 22
166 31
167 33
168 31
169 44
170 52
171 58
172 83
173 87
174 119
175 119
176 142
177 145
178 193
179 163
180 180
181 230
182 227
183 270
184 320
185 340
186 387
187 412
188 462
189 526
190 597
191 690
192 709
193 852
194 1000
195 1033
196 1045
197 1026
198 1064
199 1121
200 1247
201 1256
202 1391
203 1526
204 1617
205 1662
206 1815
207 2071
208 2076
209 2147
210 2110
211 2099
212 2013
213 2016
214 1994
215 1980
216 1948
217 1923
218 2064
219 2068
220 2155
221 2255
222 2348
223 2450
224 2486
225 2539
226 2661
227 2661
228 2651
229 2841
230 2941
231 2983
232 3103
233 3119
234 3245
235 3211
236 3231
237 3282
238 3238
239 3239
240 3395
241 3428
242 3586
243 3383
244 3606
245 3636
246 3542
247 3343
248 3551
249 3479
250 3363
251 3420
252 3183
253 3191
254 2957
255 3038
256 2767
257 2776
258 2589
259 2535
260 2504
261 2346
262 2235
263 2226
264 2093
265 2163
266 2053
267 1908
268 1884
269 1835
270 1881
271 1858
272 1547
273 1649
274 1580
275 1399
276 1363
277 1276
278 1147
279 1109
280 1054
281 962
282 919
283 887
284 944
285 832
286 723
287 727
288 663
289 595
290 585
291 510
292 388
293 387
294 307
295 325
296 240
297 202
298 228
299 197
300 186
301 130
302 110
303 123
304 92
305 81
306 58
307 54
308 49
309 23
310 39
311 27
312 19
313 17
314 12
315 4
316 12
317 4
318 7
319 8
320 6
321 1
322 4
323 0
324 3
325 2
326 1
327 2
328 2
329 1
330 0
331 0
332 0
333 0
334 0
335 0
336 1
337 0
338 1
339 0
340 0
341 1
342 1
