0 0
1 0
2 0
3 0
4 0
5 0
6 0
7 0
8 0
9 0
10 0
11 0
12 0
13 0
14 0
15 0
16 0
17 0
18 0
19 0
20 0
21 0
22 0
23 0
24 0
25 0
26 0
27 0
28 0
29 0
30 0
31 0
32 0
33 0
34 1
35 0
36 0
37 0
38 0
39 0
40 0
41 0
42 0
43 0
44 0
45 0
46 0
47 0
48 1
49 0
50 3
51 1
52 1
53 0
54 2
55 1
56 0
57 1
58 2
59 0
60 1
61 0
62 0
63 5
64 2
65 0
66 0
67 0
68 0
69 1
70 0
71 1
72 2
73 4
74 0
75 0
76 2
77 3
78 0
79 2
80 1
81 1
82 0
83 0
84 0
85 4
86 1
87 1
88 0
89 4
90 1
91 0
92 0
93 1
94 1
95 1
96 0
97 1
98 4
99 2
100 0
101 1
102 4
103 2
104 1
105 2
106 1
107 1
108 5
109 7
110 1
111 4
112 13
113 9
114 5
115 3
116 1
117 5
118 10
119 2
120 5
121 5
122 5
123 3
124 4
125 8
126 3
127 4
128 6
129 5
130 4
131 8
132 6
133 6
134 4
135 11
136 7
137 14
138 16
139 27
140 24
141 23
142 25
143 29
144 38
145 38
146 40
147 30
148 49
149 51
150 44
151 44
152 43
153 40
154 34
155 49
156 62
157 73
158 88
159 75
160 99
161 107
162 119
163 163
164 167
165 169
166 154
167 187
168 176
169 189
170 233
171 228
172 206
173 299
174 292
175 298
176 297
177 325
178 356
179 349
180 383
181 462
182 461
183 578
184 612
185 655
186 742
187 757
188 882
189 1010
190 1103
191 1063
192 1084
193 1146
194 1244
195 1221
196 1225
197 1366
198 1388
199 1509
200 1642
201 1615
202 1750
203 1772
204 1784
205 2054
206 2071
207 2166
208 2217
209 2152
210 2219
211 2167
212 2282
213 2313
214 2327
215 2581
216 2483
217 2668
218 2666
219 2709
220 3020
221 2991
222 3141
223 3047
224 3018
225 2918
226 3076
227 3106
228 3146
229 3150
230 2902
231 2978
232 2890
233 2835
234 3013
235 3067
236 3014
237 3130
238 2996
239 2874
240 2796
241 2698
242 2726
243 2604
244 2535
245 2407
246 2261
247 2317
248 2196
249 2240
250 2080
251 2022
252 1890
253 1850
254 1933
255 1700
256 1792
257 1689
258 1633
259 1540
260 1569
261 1589
262 1557
263 1495
264 1460
265 1458
266 1555
267 1443
268 1549
269 1432
270 1392
271 1445
272 1352
273 1326
274 1336
275 1195
276 1218
277 1208
278 1136
279 1100
280 1032
281 1045
282 1084
283 1027
284 912
285 943
286 928
287 877
288 842
289 775
290 837
291 740
292 711
293 726
294 594
295 630
296 602
297 529
298 459
299 421
300 381
301 346
302 333
303 258
304 329
305 287
306 278
307 222
308 203
309 202
310 203
311 208
312 170
313 159
314 119
315 133
316 117
317 115
318 93
319 81
320 74
321 86
322 73
323 61
324 56
325 64
326 63
327 44
328 43
329 37
330 40
331 40
332 37
333 33
334 30
335 25
336 19
337 24
338 16
339 19
340 16
341 15
342 7
343 6
344 8
345 2
346 4
347 2
348 4
349 0
350 1
351 2
352 0
353 1
354 0
355 0
356 0
357 0
358 0
359 0
360 0
361 0
362 0
363 0
364 0
365 0
366 0
367 0
368 1
369 1
