0 0
1 0
2 0
3 0
4 0
5 0
6 1
7 0
8 0
9 0
10 0
11 0
12 0
13 0
14 0
15 0
16 0
17 0
18 0
19 0
20 0
21 0
22 0
23 0
24 0
25 0
26 0
27 0
28 0
29 0
30 0
31 0
32 0
33 0
34 0
35 0
36 0
37 0
38 0
39 0
40 0
41 0
42 0
43 0
44 0
45 0
46 0
47 0
48 0
49 0
50 0
51 0
52 0
53 0
54 0
55 0
56 0
57 0
58 0
59 1
60 0
61 0
62 0
63 0
64 0
65 0
66 1
67 0
68 0
69 0
70 0
71 0
72 0
73 0
74 0
75 0
76 0
77 1
78 0
79 0
80 1
81 0
82 1
83 0
84 0
85 0
86 0
87 0
88 0
89 0
90 0
91 0
92 0
93 0
94 0
95 0
96 0
97 0
98 0
99 0
100 0
101 0
102 0
103 0
104 0
105 0
106 0
107 1
108 0
109 0
110 0
111 0
112 0
113 0
114 0
115 0
116 0
117 0
118 0
119 1
120 3
121 4
122 4
123 8
124 13
125 25
126 20
127 37
128 29
129 29
130 26
131 42
132 29
133 55
134 34
135 61
136 56
137 70
138 63
139 99
140 84
141 122
142 110
143 112
144 158
145 184
146 203
147 220
148 234
149 235
150 248
151 236
152 249
153 225
154 215
155 305
156 301
157 312
158 295
159 322
160 369
161 419
162 423
163 508
164 492
165 620
166 612
167 749
168 824
169 929
170 1140
171 1298
172 1401
173 1470
174 1773
175 1712
176 1987
177 1909
178 1886
179 1796
180 1873
181 1879
182 1858
183 1847
184 1765
185 1808
186 1896
187 1763
188 1796
189 1842
190 1693
191 1845
192 1921
193 1918
194 1970
195 1982
196 2111
197 2096
198 2365
199 2286
200 2282
201 2409
202 2357
203 2533
204 2400
205 2591
206 2468
207 2588
208 2438
209 2361
210 2296
211 2393
212 2238
213 2292
214 2322
215 2358
216 2268
217 2209
218 2184
219 2044
220 2088
221 2004
222 2042
223 1960
224 1939
225 1736
226 1798
227 1641
228 1601
229 1593
230 1712
231 1632
232 1591
233 1634
234 1643
235 1732
236 1550
237 1538
238 1460
239 1486
240 1533
241 1400
242 1321
243 1295
244 1408
245 1343
246 1359
247 1353
248 1326
249 1349
250 1289
251 1251
252 1354
253 1303
254 1316
255 1246
256 1275
257 1299
258 1380
259 1355
260 1397
261 1355
262 1401
263 1465
264 1493
265 1477
266 1384
267 1497
268 1428
269 1404
270 1374
271 1276
272 1264
273 1214
274 1119
275 1089
276 1074
277 889
278 935
279 857
280 868
281 807
282 816
283 770
284 659
285 706
286 682
287 653
288 603
289 615
290 598
291 549
292 584
293 538
294 527
295 522
296 539
297 473
298 426
299 464
300 426
301 353
302 364
303 395
304 312
305 295
306 283
307 264
308 249
309 307
310 234
311 263
312 264
313 226
314 226
315 206
316 182
317 176
318 201
319 179
320 190
321 186
322 130
323 156
324 185
325 177
326 164
327 155
328 167
329 142
330 124
331 139
332 132
333 96
334 106
335 123
336 118
337 98
338 99
339 85
340 81
341 91
342 82
343 76
344 70
345 58
346 63
347 59
348 38
349 34
350 17
351 18
352 11
353 15
354 18
355 4
356 8
357 8
358 12
359 13
360 5
361 9
362 10
363 8
364 9
365 6
366 15
367 7
368 5
369 9
370 10
371 2
372 4
373 2
374 1
375 0
376 0
377 1
