0 0
1 0
2 0
3 0
4 0
5 0
6 0
7 0
8 0
9 0
10 0
11 0
12 0
13 0
14 0
15 0
16 0
17 0
18 0
19 0
20 0
21 0
22 0
23 0
24 0
25 0
26 0
27 0
28 0
29 0
30 0
31 0
32 0
33 0
34 0
35 0
36 0
37 0
38 0
39 0
40 0
41 0
42 0
43 0
44 0
45 0
46 0
47 0
48 0
49 1
50 0
51 0
52 0
53 0
54 0
55 1
56 1
57 0
58 1
59 1
60 0
61 0
62 0
63 0
64 0
65 0
66 0
67 0
68 0
69 1
70 1
71 0
72 1
73 0
74 0
75 0
76 0
77 0
78 0
79 0
80 0
81 0
82 0
83 0
84 0
85 1
86 0
87 3
88 0
89 1
90 0
91 3
92 8
93 3
94 0
95 0
96 1
97 0
98 0
99 0
100 5
101 0
102 0
103 3
104 7
105 6
106 2
107 6
108 8
109 22
110 23
111 18
112 27
113 43
114 46
115 36
116 46
117 62
118 81
119 61
120 65
121 57
122 56
123 84
124 85
125 96
126 82
127 74
128 118
129 122
130 95
131 201
132 208
133 265
134 234
135 313
136 310
137 293
138 372
139 382
140 389
141 414
142 477
143 620
144 508
145 602
146 592
147 591
148 422
149 367
150 334
151 345
152 393
153 357
154 411
155 432
156 403
157 451
158 411
159 515
160 453
161 543
162 512
163 582
164 669
165 674
166 762
167 762
168 787
169 858
170 881
171 932
172 1102
173 1047
174 1085
175 1180
176 1131
177 1153
178 1237
179 1148
180 1194
181 1217
182 1287
183 1290
184 1304
185 1318
186 1450
187 1451
188 1494
189 1707
190 1629
191 1757
192 1824
193 1846
194 1737
195 1779
196 1947
197 2097
198 1928
199 2007
200 1991
201 2069
202 2041
203 2107
204 2214
205 2167
206 2392
207 2436
208 2545
209 2611
210 2746
211 2915
212 2972
213 3059
214 3033
215 3147
216 2980
217 3009
218 2981
219 2707
220 2739
221 2785
222 2591
223 2698
224 2817
225 2911
226 2902
227 2870
228 3036
229 3163
230 3233
231 3187
232 3260
233 3127
234 2851
235 2951
236 2687
237 2478
238 2529
239 2348
240 2198
241 2194
242 2171
243 2013
244 1970
245 1773
246 1774
247 1800
248 1767
249 1633
250 1498
251 1468
252 1478
253 1319
254 1377
255 1377
256 1189
257 1216
258 1105
259 992
260 1049
261 860
262 867
263 863
264 744
265 721
266 734
267 629
268 629
269 565
270 604
271 566
272 542
273 471
274 479
275 463
276 460
277 398
278 403
279 353
280 349
281 285
282 269
283 241
284 217
285 196
286 173
287 158
288 130
289 159
290 131
291 116
292 143
293 137
294 113
295 102
296 116
297 101
298 130
299 95
300 100
301 81
302 89
303 97
304 98
305 78
306 58
307 40
308 25
309 32
310 20
311 12
312 15
313 9
314 11
315 10
316 6
317 6
318 2
319 3
320 2
321 3
322 1
323 0
324 0
325 0
326 0
327 1
