0 0
1 0
2 0
3 0
4 0
5 0
6 0
7 0
8 0
9 0
10 0
11 0
12 0
13 0
14 0
15 0
16 0
17 0
18 0
19 0
20 0
21 0
22 0
23 0
24 0
25 0
26 0
27 0
28 0
29 0
30 0
31 0
32 0
33 0
34 0
35 0
36 0
37 0
38 0
39 0
40 0
41 0
42 0
43 0
44 0
45 0
46 0
47 0
48 0
49 0
50 0
51 0
52 0
53 0
54 0
55 0
56 0
57 0
58 0
59 0
60 0
61 0
62 0
63 0
64 0
65 0
66 0
67 0
68 0
69 0
70 0
71 0
72 0
73 0
74 0
75 0
76 0
77 0
78 0
79 0
80 0
81 0
82 0
83 0
84 0
85 0
86 0
87 0
88 0
89 0
90 1
91 1
92 0
93 1
94 4
95 0
96 6
97 0
98 2
99 2
100 2
101 4
102 2
103 1
104 4
105 4
106 3
107 6
108 7
109 9
110 9
111 15
112 11
113 17
114 15
115 33
116 26
117 17
118 22
119 35
120 33
121 27
122 37
123 40
124 31
125 32
126 43
127 34
128 56
129 57
130 63
131 71
132 81
133 82
134 78
135 86
136 101
137 99
138 110
139 124
140 140
141 159
142 187
143 215
144 250
145 258
146 248
147 243
148 236
149 293
150 257
151 265
152 312
153 332
154 322
155 390
156 405
157 491
158 596
159 692
160 739
161 858
162 879
163 952
164 995
165 1042
166 1076
167 1102
168 1179
169 1176
170 1184
171 1192
172 1102
173 1163
174 1178
175 1210
176 1259
177 1084
178 1125
179 1198
180 1208
181 1315
182 1413
183 1445
184 1499
185 1696
186 1749
187 1743
188 1944
189 1882
190 2111
191 1909
192 1991
193 2189
194 1950
195 2023
196 2020
197 2194
198 1983
199 1926
200 1974
201 2181
202 2166
203 2159
204 2304
205 2272
206 2212
207 2314
208 2277
209 2233
210 2427
211 2416
212 2277
213 2208
214 2306
215 2292
216 2459
217 2366
218 2404
219 2356
220 2542
221 2506
222 2667
223 2655
224 2766
225 2852
226 2902
227 2812
228 2485
229 2597
230 2344
231 2237
232 2276
233 2223
234 2161
235 2052
236 2063
237 2047
238 2121
239 2108
240 2148
241 2241
242 2153
243 2024
244 2118
245 2130
246 2035
247 1878
248 1867
249 1740
250 1675
251 1722
252 1436
253 1387
254 1255
255 1229
256 1147
257 1080
258 892
259 898
260 853
261 762
262 817
263 788
264 715
265 673
266 615
267 654
268 562
269 543
270 520
271 550
272 539
273 589
274 560
275 548
276 630
277 541
278 619
279 692
280 732
281 796
282 869
283 854
284 709
285 831
286 745
287 718
288 701
289 562
290 497
291 516
292 414
293 434
294 454
295 444
296 467
297 455
298 430
299 376
300 388
301 333
302 322
303 274
304 226
305 216
306 211
307 139
308 122
309 122
310 98
311 113
312 101
313 81
314 81
315 82
316 52
317 58
318 59
319 54
320 46
321 40
322 49
323 41
324 54
325 24
326 25
327 30
328 24
329 35
330 17
331 20
332 16
333 27
334 15
335 6
336 6
337 3
338 0
339 4
340 6
341 2
342 2
343 1
344 3
345 0
346 0
347 1
348 3
349 0
350 1
