0 0
1 0
2 0
3 0
4 0
5 0
6 0
7 0
8 0
9 0
10 0
11 0
12 0
13 0
14 0
15 0
16 1
17 0
18 2
19 3
20 0
21 2
22 3
23 2
24 0
25 0
26 0
27 0
28 0
29 0
30 0
31 0
32 2
33 2
34 1
35 0
36 2
37 1
38 0
39 3
40 1
41 0
42 2
43 0
44 0
45 1
46 2
47 0
48 4
49 1
50 2
51 0
52 0
53 1
54 1
55 2
56 0
57 0
58 1
59 1
60 1
61 2
62 0
63 3
64 0
65 1
66 0
67 1
68 0
69 1
70 0
71 4
72 1
73 0
74 5
75 1
76 1
77 1
78 1
79 1
80 2
81 0
82 0
83 0
84 1
85 2
86 3
87 3
88 0
89 0
90 3
91 1
92 0
93 0
94 0
95 0
96 1
97 1
98 5
99 0
100 1
101 0
102 1
103 1
104 1
105 2
106 0
107 2
108 1
109 2
110 3
111 0
112 0
113 0
114 0
115 0
116 2
117 1
118 0
119 1
120 2
121 1
122 3
123 0
124 0
125 1
126 0
127 1
128 0
129 3
130 0
131 0
132 1
133 2
134 1
135 2
136 1
137 4
138 0
139 7
140 2
141 4
142 2
143 2
144 11
145 6
146 2
147 6
148 10
149 7
150 9
151 10
152 6
153 10
154 12
155 15
156 20
157 25
158 43
159 52
160 53
161 90
162 101
163 85
164 159
165 141
166 141
167 159
168 213
169 199
170 250
171 229
172 304
173 341
174 359
175 427
176 443
177 562
178 683
179 741
180 882
181 1006
182 1164
183 1211
184 1330
185 1228
186 1274
187 1236
188 1393
189 1474
190 1451
191 1558
192 1620
193 1591
194 1780
195 1786
196 1992
197 2063
198 2106
199 2262
200 2344
201 2409
202 2350
203 2455
204 2518
205 2447
206 2589
207 2692
208 2623
209 2637
210 2835
211 2908
212 2832
213 2845
214 2955
215 2791
216 2728
217 2917
218 2783
219 2892
220 2811
221 2864
222 2885
223 2823
224 2810
225 2743
226 2726
227 2645
228 2656
229 2838
230 2776
231 2805
232 2752
233 2863
234 2709
235 2770
236 2461
237 2425
238 2293
239 2290
240 2214
241 2199
242 2249
243 2166
244 2109
245 2134
246 2146
247 1999
248 1913
249 1791
250 1750
251 1580
252 1547
253 1516
254 1433
255 1402
256 1413
257 1304
258 1318
259 1239
260 1254
261 1230
262 1229
263 1112
264 1188
265 1102
266 1124
267 1038
268 1066
269 1038
270 1070
271 1010
272 1059
273 1059
274 1035
275 1031
276 978
277 1003
278 997
279 990
280 938
281 999
282 959
283 900
284 863
285 902
286 912
287 873
288 738
289 730
290 595
291 562
292 509
293 422
294 425
295 402
296 417
297 382
298 330
299 347
300 370
301 309
302 292
303 282
304 288
305 299
306 309
307 298
308 316
309 323
310 258
311 326
312 249
313 219
314 239
315 218
316 199
317 157
318 152
319 107
320 124
321 115
322 94
323 93
324 49
325 45
326 49
327 34
328 35
329 38
330 26
331 39
332 32
333 22
334 25
335 32
336 33
337 30
338 20
339 19
340 23
341 14
342 9
343 9
344 2
345 0
346 2
