0 0
1 0
2 0
3 0
4 0
5 0
6 0
7 0
8 0
9 0
10 0
11 0
12 0
13 0
14 0
15 0
16 0
17 0
18 0
19 0
20 0
21 0
22 0
23 0
24 0
25 0
26 0
27 0
28 0
29 0
30 0
31 0
32 0
33 0
34 0
35 0
36 0
37 0
38 0
39 0
40 0
41 0
42 0
43 0
44 0
45 0
46 0
47 0
48 0
49 0
50 0
51 0
52 0
53 0
54 0
55 0
56 0
57 0
58 0
59 0
60 0
61 0
62 0
63 0
64 0
65 0
66 0
67 0
68 0
69 0
70 0
71 0
72 0
73 0
74 0
75 0
76 0
77 0
78 0
79 0
80 0
81 0
82 0
83 0
84 0
85 0
86 0
87 0
88 0
89 0
90 0
91 0
92 0
93 0
94 0
95 0
96 0
97 0
98 0
99 0
100 0
101 0
102 0
103 0
104 0
105 1
106 0
107 0
108 0
109 0
110 0
111 0
112 0
113 0
114 0
115 0
116 0
117 0
118 0
119 0
120 0
121 0
122 0
123 0
124 0
125 0
126 0
127 0
128 0
129 0
130 0
131 0
132 1
133 0
134 1
135 0
136 1
137 4
138 2
139 1
140 2
141 4
142 2
143 2
144 1
145 5
146 9
147 9
148 25
149 26
150 32
151 32
152 33
153 52
154 33
155 47
156 38
157 43
158 70
159 64
160 78
161 82
162 104
163 103
164 100
165 96
166 73
167 103
168 101
169 127
170 149
171 148
172 174
173 183
174 223
175 244
176 279
177 299
178 291
179 280
180 284
181 354
182 353
183 413
184 395
185 439
186 449
187 477
188 493
189 545
190 515
191 596
192 615
193 629
194 695
195 746
196 719
197 826
198 866
199 804
200 913
201 917
202 1049
203 961
204 1103
205 1154
206 1164
207 1159
208 1277
209 1387
210 1304
211 1491
212 1434
213 1477
214 1545
215 1534
216 1615
217 1642
218 1632
219 1678
220 1769
221 2074
222 2282
223 2184
224 2316
225 2341
226 2312
227 2304
228 2234
229 2297
230 2163
231 2092
232 1913
233 2036
234 1913
235 1880
236 2045
237 2063
238 2129
239 2126
240 2097
241 2106
242 2262
243 2386
244 2457
245 2484
246 2321
247 2501
248 2488
249 2390
250 2366
251 2357
252 2262
253 2337
254 2219
255 2232
256 2210
257 2270
258 2249
259 2148
260 2093
261 2174
262 2049
263 2049
264 1963
265 1873
266 1798
267 1753
268 1896
269 1734
270 1841
271 1745
272 1622
273 1636
274 1675
275 1545
276 1566
277 1441
278 1556
279 1703
280 1762
281 1927
282 1827
283 1815
284 2019
285 1910
286 1771
287 1814
288 1738
289 1720
290 1741
291 1583
292 1687
293 1509
294 1400
295 1540
296 1527
297 1421
298 1445
299 1344
300 1337
301 1196
302 1220
303 1148
304 1027
305 912
306 943
307 834
308 776
309 792
310 788
311 601
312 579
313 611
314 602
315 517
316 437
317 456
318 387
319 344
320 354
321 299
322 365
323 342
324 351
325 321
326 296
327 342
328 297
329 243
330 257
331 231
332 219
333 173
334 202
335 152
336 138
337 141
338 114
339 121
340 88
341 75
342 96
343 85
344 58
345 56
346 45
347 55
348 35
349 36
350 52
351 50
352 35
353 53
354 45
355 54
356 43
357 32
358 41
359 25
360 33
361 11
362 22
363 24
364 10
365 28
366 13
367 5
368 5
369 9
370 6
371 4
372 6
373 6
374 6
375 8
376 4
377 6
378 3
379 4
380 3
381 1
382 2
383 4
384 5
385 1
386 3
387 0
388 1
