0 0
1 0
2 0
3 0
4 0
5 0
6 0
7 0
8 0
9 0
10 0
11 0
12 0
13 0
14 0
15 0
16 0
17 0
18 0
19 0
20 0
21 0
22 0
23 0
24 0
25 0
26 0
27 0
28 0
29 0
30 0
31 0
32 0
33 0
34 0
35 0
36 0
37 0
38 0
39 0
40 0
41 0
42 0
43 0
44 0
45 0
46 0
47 0
48 0
49 0
50 0
51 0
52 0
53 0
54 0
55 0
56 0
57 0
58 0
59 0
60 0
61 0
62 0
63 0
64 0
65 0
66 0
67 0
68 0
69 0
70 0
71 0
72 0
73 0
74 0
75 0
76 0
77 0
78 0
79 0
80 0
81 0
82 0
83 0
84 0
85 0
86 0
87 0
88 0
89 0
90 0
91 0
92 0
93 0
94 0
95 0
96 0
97 0
98 1
99 3
100 0
101 2
102 4
103 1
104 5
105 8
106 5
107 23
108 15
109 30
110 37
111 32
112 25
113 47
114 40
115 50
116 46
117 59
118 72
119 73
120 53
121 87
122 102
123 78
124 89
125 138
126 130
127 116
128 140
129 146
130 167
131 171
132 205
133 190
134 217
135 185
136 201
137 201
138 172
139 183
140 199
141 176
142 209
143 202
144 211
145 199
146 154
147 211
148 206
149 231
150 263
151 298
152 342
153 354
154 354
155 476
156 430
157 457
158 495
159 572
160 616
161 727
162 629
163 776
164 874
165 916
166 936
167 1048
168 1089
169 1298
170 1345
171 1624
172 1621
173 1731
174 1899
175 1903
176 1903
177 1953
178 1953
179 2058
180 1816
181 1831
182 1873
183 1902
184 1930
185 1887
186 1901
187 1868
188 1766
189 1848
190 1888
191 1812
192 1873
193 1751
194 1867
195 1807
196 1985
197 1957
198 1962
199 1949
200 2023
201 1917
202 2068
203 2138
204 2080
205 2193
206 2187
207 2305
208 2310
209 2355
210 2501
211 2738
212 2450
213 2556
214 2359
215 2293
216 2360
217 2266
218 2106
219 2055
220 1958
221 1727
222 1791
223 1721
224 1740
225 1570
226 1480
227 1456
228 1424
229 1437
230 1487
231 1444
232 1483
233 1419
234 1601
235 1476
236 1389
237 1454
238 1464
239 1495
240 1380
241 1478
242 1436
243 1458
244 1418
245 1372
246 1328
247 1395
248 1476
249 1419
250 1482
251 1498
252 1531
253 1469
254 1450
255 1477
256 1412
257 1312
258 1324
259 1313
260 1255
261 1138
262 1222
263 1163
264 1062
265 1101
266 1182
267 1154
268 1106
269 1135
270 1086
271 1073
272 1047
273 971
274 955
275 915
276 955
277 917
278 946
279 923
280 999
281 925
282 874
283 798
284 828
285 879
286 828
287 809
288 754
289 777
290 816
291 758
292 773
293 747
294 700
295 665
296 626
297 606
298 517
299 483
300 430
301 386
302 304
303 318
304 299
305 285
306 280
307 194
308 195
309 148
310 138
311 121
312 112
313 118
314 116
315 110
316 143
317 108
318 116
319 110
320 110
321 101
322 76
323 110
324 109
325 98
326 90
327 66
328 75
329 58
330 55
331 66
332 58
333 58
334 42
335 52
336 49
337 43
338 53
339 53
340 52
341 48
342 54
343 54
344 49
345 42
346 55
347 61
348 48
349 36
350 49
351 46
352 25
353 26
354 25
355 19
356 11
357 8
358 7
359 0
360 0
361 0
362 0
363 1
