0 0
1 0
2 0
3 0
4 0
5 0
6 0
7 0
8 0
9 0
10 0
11 0
12 0
13 0
14 0
15 0
16 0
17 0
18 0
19 0
20 0
21 0
22 0
23 0
24 0
25 0
26 0
27 0
28 0
29 0
30 0
31 0
32 0
33 0
34 0
35 0
36 0
37 0
38 0
39 0
40 0
41 0
42 0
43 0
44 0
45 0
46 0
47 0
48 0
49 0
50 0
51 0
52 0
53 0
54 0
55 0
56 0
57 0
58 0
59 0
60 0
61 0
62 0
63 0
64 0
65 0
66 0
67 0
68 0
69 0
70 0
71 0
72 0
73 0
74 0
75 0
76 0
77 0
78 0
79 0
80 0
81 0
82 0
83 0
84 0
85 0
86 0
87 0
88 0
89 0
90 0
91 0
92 0
93 0
94 0
95 0
96 0
97 0
98 0
99 0
100 0
101 0
102 0
103 0
104 0
105 0
106 0
107 0
108 0
109 0
110 0
111 0
112 0
113 0
114 0
115 0
116 1
117 1
118 1
119 2
120 5
121 8
122 10
123 15
124 17
125 19
126 27
127 32
128 32
129 52
130 47
131 50
132 36
133 64
134 86
135 82
136 113
137 75
138 90
139 88
140 96
141 126
142 147
143 131
144 131
145 113
146 127
147 119
148 145
149 94
150 114
151 122
152 135
153 146
154 150
155 130
156 141
157 133
158 142
159 170
160 167
161 197
162 188
163 190
164 210
165 280
166 264
167 324
168 399
169 435
170 572
171 579
172 543
173 522
174 515
175 485
176 469
177 548
178 576
179 551
180 538
181 579
182 603
183 658
184 688
185 741
186 753
187 792
188 783
189 889
190 967
191 990
192 1192
193 1152
194 1278
195 1254
196 1375
197 1291
198 1404
199 1415
200 1556
201 1556
202 1776
203 1712
204 1867
205 2052
206 1902
207 1833
208 1903
209 1666
210 1701
211 1599
212 1862
213 1808
214 1988
215 1897
216 1954
217 2075
218 2183
219 2187
220 2203
221 2161
222 2202
223 2062
224 2136
225 2173
226 2143
227 2168
228 2110
229 2186
230 2097
231 2027
232 1870
233 2060
234 1973
235 1903
236 1801
237 1844
238 1726
239 1902
240 1860
241 1866
242 1758
243 1927
244 1972
245 1913
246 1916
247 1932
248 1912
249 1997
250 2032
251 1882
252 1836
253 1873
254 1749
255 1819
256 1661
257 1697
258 1652
259 1699
260 1762
261 1666
262 1617
263 1538
264 1534
265 1505
266 1497
267 1595
268 1582
269 1444
270 1516
271 1538
272 1426
273 1499
274 1319
275 1278
276 1308
277 1287
278 1254
279 1238
280 1118
281 1129
282 1103
283 1039
284 1056
285 1067
286 1050
287 1041
288 1079
289 1106
290 1128
291 1091
292 1095
293 1001
294 975
295 1099
296 1061
297 1007
298 1016
299 957
300 974
301 1050
302 946
303 1005
304 1071
305 998
306 1053
307 1013
308 975
309 990
310 956
311 918
312 768
313 751
314 754
315 664
316 699
317 644
318 662
319 642
320 546
321 524
322 517
323 466
324 445
325 359
326 351
327 384
328 295
329 352
330 256
331 257
332 257
333 235
334 206
335 203
336 172
337 109
338 134
339 119
340 112
341 107
342 86
343 86
344 54
345 53
346 49
347 44
348 32
349 51
350 30
351 28
352 16
353 26
354 22
355 34
356 30
357 31
358 19
359 19
360 22
361 24
362 19
363 18
364 25
365 19
366 16
367 11
368 14
369 12
370 14
371 17
372 10
373 11
374 10
375 9
376 4
377 8
378 5
379 4
380 4
381 1
382 0
383 7
384 2
385 2
386 1
387 1
388 1
