0 0
1 0
2 0
3 0
4 0
5 0
6 0
7 0
8 0
9 0
10 0
11 0
12 0
13 0
14 0
15 0
16 1
17 0
18 0
19 0
20 1
21 0
22 0
23 0
24 0
25 0
26 0
27 0
28 0
29 0
30 1
31 0
32 0
33 1
34 1
35 0
36 4
37 2
38 2
39 3
40 0
41 0
42 3
43 2
44 0
45 4
46 1
47 0
48 0
49 0
50 0
51 0
52 0
53 4
54 0
55 1
56 0
57 0
58 0
59 1
60 2
61 0
62 4
63 3
64 0
65 2
66 3
67 0
68 1
69 3
70 1
71 1
72 4
73 0
74 5
75 7
76 1
77 6
78 1
79 4
80 2
81 2
82 0
83 2
84 1
85 0
86 2
87 3
88 6
89 3
90 1
91 3
92 3
93 1
94 3
95 6
96 2
97 2
98 5
99 0
100 1
101 0
102 2
103 3
104 3
105 0
106 5
107 1
108 8
109 1
110 10
111 6
112 1
113 3
114 0
115 1
116 3
117 1
118 3
119 3
120 1
121 9
122 1
123 10
124 6
125 9
126 11
127 11
128 20
129 14
130 27
131 15
132 24
133 16
134 32
135 50
136 48
137 61
138 45
139 80
140 76
141 87
142 104
143 106
144 126
145 136
146 155
147 163
148 202
149 215
150 250
151 293
152 338
153 402
154 398
155 411
156 530
157 605
158 593
159 635
160 629
161 749
162 695
163 687
164 629
165 748
166 708
167 686
168 793
169 847
170 912
171 976
172 1095
173 1083
174 1061
175 1206
176 1247
177 1362
178 1322
179 1423
180 1418
181 1521
182 1553
183 1547
184 1572
185 1661
186 1753
187 1779
188 1837
189 1972
190 1993
191 2105
192 2034
193 2218
194 2265
195 2425
196 2371
197 2435
198 2474
199 2296
200 2388
201 2407
202 2507
203 2651
204 2384
205 2376
206 2373
207 2250
208 2177
209 2158
210 1972
211 2017
212 1943
213 1982
214 2025
215 2031
216 2143
217 2116
218 2268
219 2119
220 2152
221 2183
222 2242
223 2145
224 2142
225 2097
226 2107
227 2057
228 1951
229 1903
230 1944
231 1775
232 1722
233 1741
234 1701
235 1593
236 1658
237 1614
238 1553
239 1483
240 1471
241 1409
242 1482
243 1300
244 1285
245 1250
246 1189
247 1254
248 1206
249 1176
250 1122
251 1069
252 1062
253 1078
254 1026
255 978
256 944
257 988
258 1027
259 969
260 1039
261 1062
262 1044
263 1113
264 1056
265 1150
266 1128
267 1192
268 1139
269 1118
270 1219
271 1209
272 1281
273 1169
274 1329
275 1354
276 1398
277 1484
278 1495
279 1510
280 1401
281 1499
282 1412
283 1370
284 1377
285 1162
286 1016
287 901
288 842
289 708
290 630
291 585
292 513
293 561
294 508
295 482
296 477
297 430
298 528
299 487
300 510
301 530
302 542
303 534
304 456
305 470
306 414
307 362
308 363
309 420
310 427
311 382
312 399
313 381
314 370
315 340
316 332
317 287
318 233
319 198
320 173
321 143
322 159
323 116
324 126
325 108
326 92
327 79
328 77
329 56
330 44
331 48
332 32
333 22
334 15
335 16
336 14
337 12
338 15
339 14
340 6
341 10
342 2
343 8
344 6
345 4
346 5
347 3
348 4
349 5
350 2
351 0
352 0
353 2
354 2
355 0
356 1
357 1
358 0
359 0
360 2
