0 0
1 0
2 0
3 0
4 0
5 0
6 0
7 0
8 0
9 0
10 0
11 0
12 0
13 0
14 0
15 0
16 0
17 0
18 0
19 0
20 0
21 0
22 0
23 0
24 0
25 0
26 0
27 0
28 0
29 0
30 0
31 0
32 0
33 1
34 0
35 1
36 0
37 0
38 0
39 1
40 0
41 0
42 0
43 1
44 0
45 0
46 0
47 0
48 0
49 0
50 0
51 0
52 0
53 0
54 0
55 0
56 0
57 0
58 0
59 0
60 0
61 0
62 1
63 0
64 1
65 0
66 0
67 0
68 0
69 1
70 0
71 0
72 0
73 0
74 0
75 1
76 1
77 0
78 0
79 0
80 0
81 1
82 0
83 0
84 0
85 0
86 0
87 0
88 0
89 0
90 1
91 0
92 0
93 0
94 0
95 0
96 0
97 1
98 0
99 0
100 0
101 0
102 2
103 0
104 2
105 0
106 2
107 1
108 0
109 5
110 8
111 4
112 4
113 15
114 32
115 45
116 21
117 45
118 39
119 54
120 39
121 35
122 31
123 33
124 42
125 33
126 24
127 27
128 26
129 30
130 34
131 40
132 30
133 36
134 36
135 45
136 36
137 57
138 45
139 67
140 66
141 66
142 62
143 83
144 66
145 51
146 69
147 74
148 81
149 101
150 110
151 110
152 107
153 151
154 167
155 172
156 196
157 217
158 226
159 232
160 269
161 266
162 233
163 288
164 307
165 274
166 310
167 356
168 372
169 349
170 443
171 471
172 496
173 506
174 505
175 494
176 568
177 578
178 591
179 691
180 583
181 709
182 789
183 742
184 778
185 739
186 706
187 813
188 837
189 865
190 948
191 936
192 968
193 1042
194 1033
195 1164
196 1188
197 1335
198 1448
199 1551
200 1688
201 1905
202 1815
203 1860
204 1696
205 1679
206 1746
207 1766
208 1667
209 1763
210 1781
211 1807
212 1840
213 1811
214 1890
215 1784
216 1793
217 1945
218 1863
219 1830
220 1828
221 1946
222 1964
223 1917
224 2037
225 2116
226 2000
227 2048
228 1963
229 2066
230 1975
231 2044
232 2194
233 2163
234 2246
235 2310
236 2354
237 2466
238 2506
239 2490
240 2410
241 2535
242 2482
243 2339
244 2281
245 2140
246 2167
247 2045
248 1937
249 1851
250 1927
251 1919
252 1824
253 1976
254 1768
255 1883
256 1947
257 1909
258 1909
259 1906
260 1882
261 1872
262 1818
263 1818
264 1775
265 1831
266 1786
267 1787
268 1756
269 1550
270 1597
271 1505
272 1493
273 1372
274 1397
275 1351
276 1386
277 1421
278 1293
279 1367
280 1320
281 1186
282 1120
283 1098
284 1188
285 1054
286 1120
287 1130
288 1182
289 1166
290 1241
291 1249
292 1293
293 1209
294 1252
295 1188
296 1103
297 1038
298 1117
299 1048
300 980
301 923
302 791
303 770
304 736
305 637
306 541
307 458
308 522
309 433
310 393
311 368
312 364
313 353
314 370
315 343
316 440
317 399
318 356
319 431
320 386
321 432
322 440
323 376
324 384
325 375
326 387
327 360
328 316
329 222
330 181
331 132
332 111
333 65
334 52
335 36
336 40
337 29
338 24
339 22
340 33
341 17
342 35
343 17
344 21
345 19
346 16
347 19
348 15
349 9
350 9
351 5
352 7
353 5
354 3
355 1
356 1
357 1
358 3
359 0
360 1
361 1
362 0
363 2
364 0
365 2
366 1
