0 0
1 0
2 0
3 0
4 0
5 0
6 0
7 0
8 0
9 0
10 0
11 0
12 0
13 0
14 0
15 0
16 0
17 0
18 0
19 0
20 0
21 0
22 0
23 0
24 0
25 0
26 0
27 0
28 0
29 0
30 0
31 0
32 0
33 0
34 0
35 0
36 0
37 0
38 0
39 0
40 0
41 0
42 0
43 0
44 0
45 0
46 0
47 0
48 0
49 0
50 0
51 0
52 0
53 0
54 0
55 0
56 0
57 0
58 0
59 0
60 0
61 0
62 0
63 0
64 0
65 0
66 0
67 0
68 0
69 0
70 0
71 0
72 0
73 0
74 0
75 0
76 0
77 0
78 0
79 0
80 0
81 0
82 0
83 0
84 0
85 0
86 0
87 0
88 0
89 0
90 0
91 0
92 0
93 0
94 0
95 0
96 0
97 0
98 0
99 0
100 0
101 0
102 0
103 0
104 0
105 0
106 0
107 0
108 0
109 0
110 0
111 0
112 0
113 0
114 1
115 0
116 2
117 3
118 5
119 6
120 7
121 15
122 16
123 13
124 14
125 21
126 29
127 26
128 21
129 44
130 39
131 61
132 57
133 58
134 54
135 63
136 104
137 90
138 126
139 118
140 121
141 138
142 130
143 125
144 132
145 134
146 169
147 197
148 161
149 194
150 206
151 229
152 279
153 242
154 287
155 269
156 253
157 261
158 313
159 358
160 446
161 458
162 619
163 795
164 827
165 1012
166 921
167 1018
168 998
169 978
170 994
171 957
172 965
173 958
174 1038
175 1146
176 1276
177 1238
178 1376
179 1422
180 1514
181 1611
182 1595
183 1541
184 1737
185 1634
186 1618
187 1774
188 1852
189 1890
190 1860
191 1938
192 2075
193 2063
194 2062
195 2136
196 2151
197 2107
198 2170
199 2105
200 2157
201 2154
202 2139
203 2113
204 2204
205 2268
206 2201
207 2256
208 2323
209 2340
210 2389
211 2552
212 2378
213 2381
214 2473
215 2477
216 2447
217 2503
218 2400
219 2339
220 2673
221 2691
222 2863
223 2661
224 2655
225 2633
226 2668
227 2546
228 2391
229 2302
230 2324
231 2195
232 2112
233 2214
234 2285
235 2212
236 2126
237 2197
238 2126
239 2262
240 2395
241 2453
242 2271
243 2285
244 2280
245 2195
246 1945
247 1877
248 1768
249 1852
250 1799
251 1600
252 1489
253 1569
254 1406
255 1364
256 1329
257 1243
258 1179
259 1185
260 1162
261 1090
262 1052
263 1028
264 1124
265 1059
266 939
267 971
268 942
269 905
270 909
271 858
272 810
273 808
274 667
275 819
276 656
277 642
278 657
279 584
280 529
281 540
282 488
283 530
284 457
285 458
286 420
287 396
288 419
289 378
290 337
291 373
292 322
293 341
294 322
295 304
296 304
297 260
298 258
299 185
300 197
301 216
302 184
303 153
304 170
305 162
306 161
307 150
308 159
309 156
310 140
311 150
312 164
313 137
314 122
315 143
316 145
317 112
318 113
319 97
320 86
321 91
322 86
323 45
324 49
325 46
326 36
327 32
328 31
329 36
330 14
331 11
332 14
333 23
334 10
335 14
336 18
337 11
338 13
339 10
340 5
341 10
342 16
343 2
344 4
345 10
346 12
347 7
348 2
349 2
350 7
351 0
352 1
353 4
354 3
355 1
356 5
357 0
358 4
359 2
360 1
