0 0
1 0
2 0
3 0
4 0
5 0
6 0
7 0
8 0
9 0
10 0
11 0
12 0
13 0
14 0
15 0
16 0
17 0
18 0
19 0
20 0
21 0
22 0
23 0
24 0
25 0
26 0
27 0
28 0
29 0
30 0
31 0
32 0
33 0
34 0
35 0
36 0
37 0
38 0
39 0
40 0
41 0
42 0
43 0
44 0
45 0
46 0
47 0
48 0
49 0
50 0
51 0
52 0
53 0
54 0
55 0
56 0
57 0
58 0
59 0
60 0
61 0
62 0
63 0
64 0
65 0
66 0
67 0
68 0
69 0
70 0
71 0
72 0
73 0
74 0
75 0
76 0
77 0
78 0
79 0
80 0
81 0
82 0
83 0
84 0
85 0
86 0
87 0
88 0
89 0
90 0
91 0
92 0
93 0
94 0
95 0
96 0
97 0
98 2
99 0
100 0
101 0
102 0
103 0
104 0
105 0
106 0
107 1
108 0
109 2
110 2
111 5
112 4
113 6
114 4
115 7
116 2
117 6
118 8
119 2
120 12
121 17
122 19
123 12
124 16
125 21
126 17
127 22
128 27
129 37
130 40
131 24
132 50
133 73
134 78
135 79
136 104
137 118
138 111
139 169
140 157
141 203
142 195
143 301
144 287
145 261
146 287
147 325
148 380
149 370
150 383
151 435
152 481
153 522
154 556
155 581
156 653
157 749
158 806
159 799
160 790
161 747
162 764
163 811
164 851
165 875
166 967
167 932
168 935
169 1031
170 1064
171 1161
172 1108
173 1219
174 1280
175 1387
176 1473
177 1559
178 1555
179 1633
180 1634
181 1600
182 1676
183 1702
184 1626
185 1571
186 1590
187 1484
188 1408
189 1388
190 1450
191 1436
192 1438
193 1524
194 1495
195 1491
196 1466
197 1435
198 1558
199 1516
200 1589
201 1701
202 1708
203 1709
204 1731
205 1891
206 1846
207 2110
208 2047
209 2164
210 2358
211 2512
212 2555
213 2660
214 2844
215 2942
216 3074
217 3090
218 3111
219 2828
220 2783
221 2653
222 2432
223 2520
224 2318
225 2309
226 2130
227 2093
228 1989
229 1857
230 2056
231 1979
232 1811
233 1800
234 1788
235 1779
236 1899
237 1793
238 1805
239 1867
240 1692
241 1735
242 1806
243 1841
244 1715
245 1719
246 1736
247 1748
248 1632
249 1699
250 1718
251 1718
252 1673
253 1561
254 1569
255 1543
256 1458
257 1534
258 1518
259 1402
260 1496
261 1423
262 1346
263 1295
264 1255
265 1222
266 1233
267 1162
268 1154
269 1154
270 1117
271 1091
272 1095
273 983
274 978
275 832
276 801
277 778
278 741
279 694
280 691
281 666
282 599
283 561
284 567
285 517
286 510
287 478
288 538
289 533
290 530
291 527
292 494
293 486
294 448
295 401
296 400
297 328
298 354
299 311
300 287
301 246
302 235
303 241
304 229
305 206
306 165
307 193
308 136
309 151
310 138
311 137
312 124
313 141
314 109
315 89
316 105
317 75
318 76
319 73
320 79
321 61
322 76
323 58
324 82
325 69
326 86
327 79
328 115
329 68
330 66
331 76
332 89
333 74
334 63
335 70
336 60
337 62
338 54
339 55
340 60
341 70
342 50
343 64
344 64
345 51
346 56
347 75
348 49
349 47
350 25
351 25
352 30
353 11
354 14
355 10
356 9
357 13
358 8
359 4
360 7
361 12
362 1
363 3
364 1
365 2
366 5
367 3
368 0
369 6
370 2
371 3
372 1
373 1
374 0
375 2
376 0
377 0
378 4
