0 0
1 0
2 0
3 0
4 0
5 0
6 0
7 0
8 0
9 0
10 0
11 0
12 0
13 0
14 0
15 0
16 0
17 0
18 0
19 0
20 0
21 0
22 0
23 0
24 0
25 0
26 0
27 0
28 0
29 0
30 0
31 0
32 0
33 0
34 0
35 0
36 0
37 0
38 0
39 0
40 0
41 0
42 0
43 0
44 0
45 0
46 0
47 0
48 0
49 0
50 0
51 0
52 0
53 0
54 0
55 0
56 0
57 0
58 0
59 0
60 0
61 0
62 0
63 0
64 0
65 0
66 0
67 0
68 0
69 0
70 0
71 0
72 0
73 0
74 0
75 0
76 0
77 0
78 0
79 0
80 0
81 0
82 0
83 0
84 1
85 1
86 0
87 0
88 1
89 2
90 0
91 3
92 3
93 8
94 6
95 9
96 18
97 38
98 27
99 42
100 43
101 52
102 80
103 75
104 103
105 88
106 92
107 112
108 110
109 115
110 125
111 96
112 88
113 101
114 116
115 116
116 101
117 90
118 89
119 115
120 129
121 142
122 124
123 130
124 134
125 151
126 160
127 171
128 189
129 177
130 177
131 216
132 234
133 236
134 244
135 246
136 266
137 320
138 369
139 403
140 376
141 441
142 400
143 412
144 496
145 409
146 438
147 445
148 519
149 487
150 567
151 522
152 599
153 679
154 679
155 786
156 743
157 827
158 787
159 769
160 805
161 803
162 771
163 758
164 814
165 846
166 876
167 910
168 963
169 1030
170 1024
171 1111
172 1127
173 1252
174 1402
175 1496
176 1467
177 1479
178 1645
179 1690
180 1680
181 1786
182 1887
183 1867
184 1945
185 2081
186 2145
187 2063
188 2037
189 2194
190 2272
191 2416
192 2422
193 2566
194 2627
195 2598
196 2578
197 2529
198 2653
199 2555
200 2438
201 2396
202 2391
203 2336
204 2330
205 2287
206 2212
207 2158
208 2122
209 2069
210 2055
211 1907
212 1913
213 1944
214 1831
215 1757
216 1802
217 1684
218 1743
219 1656
220 1654
221 1671
222 1727
223 1671
224 1731
225 1766
226 1898
227 2102
228 2030
229 2138
230 2298
231 2159
232 2145
233 2163
234 2288
235 2255
236 2038
237 2034
238 2020
239 2096
240 1896
241 1819
242 1706
243 1645
244 1626
245 1736
246 1641
247 1544
248 1565
249 1489
250 1393
251 1501
252 1468
253 1441
254 1325
255 1387
256 1387
257 1256
258 1308
259 1250
260 1121
261 1161
262 1053
263 844
264 894
265 818
266 686
267 688
268 662
269 677
270 584
271 635
272 540
273 592
274 571
275 539
276 527
277 548
278 542
279 579
280 509
281 504
282 551
283 495
284 440
285 448
286 450
287 433
288 462
289 372
290 341
291 310
292 331
293 279
294 281
295 240
296 243
297 250
298 212
299 247
300 214
301 256
302 211
303 225
304 211
305 205
306 159
307 152
308 161
309 114
310 112
311 104
312 104
313 65
314 65
315 82
316 78
317 63
318 56
319 49
320 66
321 38
322 40
323 42
324 43
325 37
326 43
327 31
328 32
329 22
330 17
331 24
332 25
333 20
334 17
335 20
336 16
337 20
338 9
339 9
340 19
341 17
342 16
343 6
344 10
345 12
346 10
347 7
348 6
349 17
350 7
351 8
352 5
353 6
354 2
355 2
356 4
357 2
358 2
359 1
360 3
361 1
362 1
363 0
364 1
