0 0
1 0
2 0
3 0
4 0
5 0
6 0
7 0
8 0
9 0
10 0
11 0
12 0
13 0
14 0
15 0
16 0
17 0
18 0
19 0
20 0
21 0
22 0
23 0
24 0
25 0
26 0
27 0
28 0
29 0
30 0
31 0
32 0
33 0
34 0
35 0
36 0
37 0
38 0
39 0
40 0
41 0
42 0
43 0
44 0
45 0
46 0
47 0
48 0
49 0
50 0
51 0
52 0
53 0
54 0
55 0
56 0
57 0
58 0
59 0
60 0
61 0
62 0
63 0
64 0
65 0
66 0
67 0
68 0
69 0
70 0
71 0
72 0
73 0
74 0
75 0
76 0
77 0
78 0
79 0
80 0
81 0
82 0
83 0
84 0
85 0
86 0
87 0
88 0
89 1
90 1
91 0
92 1
93 1
94 0
95 0
96 1
97 1
98 4
99 0
100 0
101 2
102 2
103 0
104 0
105 0
106 2
107 2
108 3
109 0
110 1
111 1
112 5
113 0
114 8
115 1
116 1
117 0
118 3
119 3
120 3
121 2
122 2
123 2
124 2
125 9
126 8
127 8
128 11
129 8
130 11
131 3
132 16
133 13
134 20
135 17
136 16
137 33
138 28
139 19
140 23
141 22
142 21
143 35
144 15
145 35
146 28
147 41
148 44
149 38
150 26
151 47
152 40
153 41
154 62
155 44
156 64
157 108
158 102
159 89
160 113
161 140
162 166
163 220
164 208
165 308
166 220
167 235
168 262
169 270
170 316
171 403
172 386
173 440
174 445
175 473
176 537
177 550
178 555
179 564
180 605
181 613
182 615
183 664
184 669
185 815
186 807
187 925
188 869
189 1015
190 1040
191 1016
192 984
193 988
194 973
195 1010
196 1142
197 1052
198 1033
199 1157
200 1182
201 1204
202 1310
203 1344
204 1497
205 1573
206 1736
207 1984
208 2078
209 2337
210 2168
211 2256
212 2031
213 1942
214 1831
215 1918
216 1929
217 1861
218 1779
219 1752
220 1854
221 1814
222 1926
223 2016
224 1954
225 1882
226 1844
227 1797
228 1843
229 1892
230 1908
231 1982
232 1972
233 2012
234 1929
235 2037
236 1967
237 2016
238 1928
239 1983
240 2097
241 2100
242 2146
243 2260
244 2322
245 2219
246 2342
247 2238
248 2151
249 2115
250 2216
251 2092
252 2074
253 2123
254 2089
255 2080
256 2073
257 2089
258 2084
259 2066
260 1976
261 1926
262 2007
263 2015
264 1971
265 1902
266 1908
267 1838
268 1886
269 1849
270 2054
271 1989
272 1897
273 2006
274 2061
275 2066
276 2010
277 1884
278 1917
279 1838
280 1767
281 1662
282 1641
283 1511
284 1446
285 1357
286 1415
287 1361
288 1296
289 1295
290 1221
291 1160
292 1043
293 949
294 928
295 904
296 893
297 846
298 841
299 825
300 806
301 650
302 637
303 654
304 626
305 636
306 564
307 596
308 593
309 491
310 510
311 434
312 450
313 440
314 445
315 447
316 410
317 367
318 401
319 315
320 318
321 297
322 289
323 242
324 267
325 270
326 216
327 219
328 278
329 245
330 208
331 213
332 169
333 165
334 156
335 135
336 104
337 106
338 70
339 74
340 34
341 30
342 22
343 12
344 5
345 14
346 1
347 8
348 11
349 2
350 3
351 3
352 2
353 2
354 1
355 1
356 3
357 4
358 3
359 0
360 2
361 0
362 0
363 2
364 0
365 6
366 0
367 0
368 0
369 0
370 0
371 0
372 1
