0 0
1 0
2 0
3 0
4 0
5 0
6 0
7 0
8 0
9 0
10 0
11 0
12 0
13 0
14 0
15 0
16 0
17 0
18 0
19 0
20 0
21 0
22 0
23 0
24 0
25 0
26 0
27 0
28 0
29 0
30 0
31 0
32 0
33 0
34 0
35 0
36 0
37 0
38 1
39 0
40 0
41 0
42 0
43 0
44 0
45 0
46 1
47 0
48 1
49 2
50 1
51 0
52 1
53 1
54 1
55 0
56 1
57 2
58 5
59 2
60 0
61 0
62 0
63 0
64 2
65 3
66 2
67 1
68 0
69 1
70 0
71 1
72 1
73 0
74 0
75 0
76 0
77 0
78 1
79 0
80 2
81 1
82 0
83 1
84 0
85 0
86 2
87 1
88 1
89 1
90 0
91 1
92 0
93 0
94 1
95 0
96 0
97 1
98 0
99 2
100 0
101 0
102 0
103 1
104 1
105 1
106 1
107 1
108 1
109 0
110 0
111 0
112 0
113 0
114 0
115 0
116 5
117 0
118 0
119 0
120 7
121 5
122 6
123 2
124 11
125 28
126 17
127 36
128 47
129 43
130 75
131 72
132 67
133 83
134 81
135 87
136 139
137 93
138 116
139 151
140 185
141 146
142 217
143 261
144 247
145 249
146 280
147 326
148 374
149 319
150 380
151 444
152 429
153 465
154 435
155 460
156 503
157 568
158 569
159 559
160 595
161 660
162 628
163 687
164 675
165 721
166 807
167 833
168 877
169 908
170 1232
171 1364
172 1413
173 1413
174 1468
175 1456
176 1554
177 1354
178 1441
179 1269
180 1323
181 1369
182 1320
183 1406
184 1460
185 1497
186 1465
187 1517
188 1565
189 1456
190 1674
191 1697
192 1713
193 1899
194 1974
195 2051
196 2043
197 2129
198 2147
199 2136
200 2227
201 2313
202 2198
203 2264
204 2174
205 2255
206 2140
207 2244
208 2410
209 2360
210 2505
211 2622
212 2534
213 2601
214 2763
215 2641
216 2530
217 2593
218 2546
219 2545
220 2496
221 2585
222 2461
223 2510
224 2467
225 2538
226 2716
227 2631
228 2599
229 2745
230 2880
231 2820
232 2879
233 2815
234 2749
235 2715
236 2621
237 2589
238 2422
239 2390
240 2261
241 2101
242 2000
243 1877
244 1860
245 1859
246 1826
247 1784
248 1803
249 1801
250 1642
251 1714
252 1626
253 1488
254 1413
255 1321
256 1302
257 1204
258 1156
259 1136
260 1179
261 1101
262 902
263 1038
264 1022
265 987
266 1095
267 1014
268 1060
269 959
270 873
271 816
272 757
273 661
274 615
275 573
276 483
277 564
278 605
279 590
280 586
281 511
282 530
283 484
284 432
285 434
286 381
287 335
288 347
289 299
290 265
291 223
292 237
293 154
294 139
295 104
296 78
297 93
298 50
299 64
300 63
301 47
302 43
303 38
304 36
305 17
306 20
307 13
308 13
309 9
310 12
311 12
312 7
313 5
314 3
315 4
316 2
317 3
318 1
319 1
