0 0
1 0
2 0
3 0
4 0
5 0
6 0
7 0
8 2
9 0
10 0
11 2
12 0
13 0
14 0
15 1
16 0
17 4
18 1
19 0
20 1
21 0
22 3
23 1
24 4
25 0
26 4
27 1
28 0
29 2
30 2
31 1
32 4
33 2
34 4
35 4
36 4
37 0
38 5
39 0
40 2
41 10
42 2
43 1
44 3
45 5
46 4
47 2
48 1
49 1
50 2
51 4
52 6
53 7
54 6
55 10
56 6
57 3
58 7
59 10
60 5
61 7
62 6
63 13
64 13
65 12
66 13
67 24
68 29
69 21
70 30
71 50
72 42
73 53
74 57
75 45
76 73
77 48
78 44
79 45
80 35
81 41
82 49
83 24
84 43
85 45
86 34
87 44
88 53
89 36
90 39
91 27
92 32
93 32
94 50
95 33
96 36
97 23
98 31
99 25
100 38
101 25
102 37
103 34
104 26
105 44
106 49
107 35
108 50
109 29
110 35
111 34
112 44
113 57
114 42
115 33
116 39
117 53
118 37
119 32
120 33
121 33
122 36
123 45
124 32
125 25
126 40
127 22
128 52
129 48
130 41
131 41
132 52
133 58
134 50
135 70
136 86
137 74
138 106
139 105
140 117
141 135
142 133
143 126
144 159
145 171
146 193
147 196
148 182
149 202
150 167
151 220
152 231
153 185
154 195
155 210
156 212
157 252
158 287
159 255
160 282
161 275
162 349
163 358
164 351
165 399
166 440
167 500
168 498
169 596
170 537
171 621
172 592
173 533
174 608
175 512
176 594
177 587
178 558
179 588
180 580
181 625
182 622
183 665
184 710
185 750
186 807
187 787
188 886
189 866
190 908
191 935
192 882
193 921
194 966
195 955
196 985
197 1026
198 1126
199 1124
200 1218
201 1270
202 1361
203 1332
204 1354
205 1371
206 1370
207 1438
208 1375
209 1389
210 1358
211 1476
212 1458
213 1504
214 1435
215 1443
216 1453
217 1377
218 1460
219 1508
220 1565
221 1547
222 1562
223 1665
224 1515
225 1684
226 1709
227 1624
228 1802
229 1741
230 1817
231 1906
232 1835
233 1855
234 1885
235 1902
236 2039
237 1942
238 2008
239 2079
240 2084
241 2172
242 2258
243 2322
244 2281
245 2332
246 2337
247 2481
248 2416
249 2379
250 2481
251 2301
252 2170
253 2153
254 2091
255 2108
256 2012
257 2011
258 2010
259 1983
260 1979
261 1913
262 1810
263 2051
264 1875
265 1869
266 1927
267 1912
268 1845
269 1956
270 1797
271 1825
272 1743
273 1781
274 1691
275 1598
276 1646
277 1552
278 1560
279 1477
280 1359
281 1413
282 1361
283 1286
284 1266
285 1155
286 1221
287 1156
288 1102
289 1169
290 1090
291 1130
292 1120
293 1074
294 997
295 1007
296 963
297 955
298 878
299 928
300 893
301 843
302 854
303 814
304 778
305 781
306 809
307 709
308 761
309 749
310 744
311 754
312 673
313 581
314 541
315 509
316 451
317 445
318 461
319 480
320 502
321 486
322 478
323 500
324 482
325 369
326 353
327 372
328 346
329 324
330 265
331 281
332 242
333 176
334 171
335 150
336 147
337 132
338 116
339 54
340 50
341 54
342 50
343 37
344 66
345 21
346 45
347 23
348 17
349 19
350 11
351 7
352 12
353 11
354 3
355 4
356 2
357 3
358 1
359 1
360 2
361 1
362 0
363 0
364 1
365 0
366 0
367 0
368 1
