0 0
1 0
2 0
3 0
4 0
5 0
6 0
7 0
8 0
9 0
10 0
11 0
12 0
13 0
14 0
15 0
16 0
17 0
18 0
19 0
20 0
21 0
22 0
23 0
24 0
25 0
26 1
27 0
28 0
29 0
30 0
31 0
32 0
33 0
34 1
35 0
36 0
37 1
38 0
39 0
40 0
41 0
42 0
43 0
44 0
45 0
46 0
47 0
48 0
49 0
50 0
51 0
52 0
53 0
54 0
55 0
56 0
57 0
58 0
59 0
60 0
61 0
62 0
63 0
64 0
65 0
66 0
67 0
68 0
69 0
70 0
71 0
72 0
73 0
74 1
75 0
76 0
77 0
78 1
79 0
80 1
81 0
82 0
83 0
84 0
85 0
86 0
87 0
88 0
89 0
90 0
91 0
92 0
93 0
94 0
95 0
96 0
97 0
98 0
99 0
100 0
101 3
102 0
103 1
104 0
105 0
106 1
107 1
108 1
109 0
110 0
111 1
112 0
113 0
114 0
115 0
116 2
117 0
118 3
119 0
120 0
121 2
122 1
123 2
124 4
125 14
126 18
127 14
128 37
129 28
130 24
131 47
132 42
133 42
134 74
135 59
136 131
137 82
138 70
139 66
140 90
141 103
142 80
143 95
144 86
145 75
146 62
147 56
148 69
149 69
150 68
151 68
152 91
153 73
154 100
155 91
156 72
157 79
158 116
159 126
160 182
161 130
162 156
163 213
164 257
165 254
166 285
167 361
168 438
169 472
170 502
171 539
172 532
173 557
174 567
175 594
176 618
177 654
178 695
179 748
180 744
181 857
182 991
183 953
184 1066
185 1181
186 1188
187 1224
188 1203
189 1185
190 1128
191 1069
192 1025
193 1103
194 1056
195 1160
196 1301
197 1191
198 1275
199 1275
200 1359
201 1445
202 1395
203 1434
204 1474
205 1516
206 1627
207 1735
208 1614
209 1694
210 1731
211 1676
212 1853
213 1895
214 1965
215 1916
216 2044
217 2145
218 2151
219 2059
220 2314
221 2397
222 2542
223 2458
224 2526
225 2524
226 2582
227 2603
228 2473
229 2421
230 2459
231 2270
232 2290
233 2371
234 2278
235 2196
236 2261
237 2174
238 2330
239 2235
240 2338
241 2379
242 2443
243 2491
244 2281
245 2361
246 2321
247 2208
248 2268
249 2261
250 2220
251 2070
252 2074
253 2087
254 2039
255 2054
256 1992
257 1955
258 1932
259 1886
260 1939
261 1906
262 1861
263 1840
264 1910
265 1771
266 1664
267 1766
268 1582
269 1609
270 1501
271 1370
272 1452
273 1525
274 1420
275 1552
276 1355
277 1430
278 1380
279 1363
280 1295
281 1264
282 1268
283 1226
284 1094
285 1014
286 1025
287 1004
288 1090
289 983
290 979
291 973
292 924
293 869
294 815
295 809
296 770
297 779
298 725
299 722
300 631
301 660
302 570
303 522
304 547
305 584
306 541
307 547
308 494
309 489
310 524
311 497
312 354
313 352
314 308
315 304
316 239
317 252
318 214
319 169
320 169
321 138
322 120
323 106
324 87
325 78
326 58
327 80
328 32
329 40
330 34
331 31
332 20
333 20
334 30
335 17
336 15
337 11
338 13
339 12
340 12
341 8
342 10
343 9
344 8
345 5
346 6
347 4
348 1
349 6
350 1
351 3
352 3
353 4
354 2
355 4
356 4
357 0
358 0
359 2
