0 0
1 0
2 0
3 0
4 0
5 0
6 0
7 0
8 0
9 0
10 0
11 0
12 0
13 0
14 0
15 0
16 0
17 0
18 0
19 0
20 0
21 0
22 0
23 0
24 0
25 0
26 0
27 0
28 0
29 0
30 0
31 0
32 0
33 0
34 0
35 0
36 0
37 0
38 0
39 0
40 0
41 0
42 0
43 0
44 0
45 0
46 0
47 0
48 0
49 0
50 0
51 0
52 0
53 0
54 0
55 0
56 0
57 0
58 0
59 0
60 0
61 0
62 0
63 0
64 0
65 0
66 0
67 0
68 0
69 0
70 0
71 0
72 0
73 0
74 0
75 0
76 0
77 0
78 0
79 0
80 0
81 0
82 0
83 0
84 0
85 0
86 0
87 0
88 0
89 0
90 1
91 0
92 0
93 0
94 0
95 0
96 5
97 1
98 3
99 5
100 3
101 4
102 2
103 4
104 3
105 4
106 6
107 3
108 4
109 4
110 6
111 3
112 4
113 6
114 0
115 0
116 6
117 5
118 7
119 14
120 8
121 9
122 10
123 7
124 16
125 8
126 10
127 9
128 4
129 9
130 11
131 5
132 9
133 9
134 12
135 8
136 16
137 16
138 18
139 10
140 11
141 13
142 5
143 12
144 14
145 13
146 12
147 7
148 7
149 14
150 8
151 12
152 11
153 11
154 16
155 6
156 14
157 14
158 31
159 19
160 26
161 25
162 30
163 18
164 30
165 34
166 55
167 49
168 58
169 58
170 63
171 75
172 94
173 96
174 120
175 122
176 139
177 147
178 158
179 161
180 218
181 184
182 197
183 242
184 201
185 272
186 260
187 292
188 267
189 318
190 301
191 312
192 343
193 351
194 419
195 441
196 480
197 466
198 475
199 513
200 524
201 568
202 620
203 605
204 613
205 659
206 625
207 755
208 771
209 841
210 850
211 967
212 1009
213 1059
214 1124
215 1154
216 1106
217 1235
218 1252
219 1327
220 1435
221 1438
222 1494
223 1456
224 1367
225 1552
226 1435
227 1408
228 1616
229 1568
230 1672
231 1679
232 1777
233 1636
234 1724
235 1671
236 1715
237 1947
238 1844
239 1909
240 1960
241 2108
242 2234
243 2164
244 2218
245 2375
246 2408
247 2444
248 2536
249 2440
250 2595
251 2420
252 2500
253 2500
254 2435
255 2540
256 2520
257 2456
258 2502
259 2443
260 2525
261 2515
262 2311
263 2357
264 2345
265 2363
266 2366
267 2344
268 2088
269 2265
270 2121
271 2133
272 2103
273 2196
274 2383
275 2238
276 2269
277 2339
278 2386
279 2378
280 2395
281 2533
282 2414
283 2471
284 2294
285 2472
286 2321
287 2378
288 2211
289 2084
290 2002
291 1852
292 1666
293 1509
294 1295
295 1260
296 1153
297 1072
298 1125
299 976
300 952
301 915
302 933
303 968
304 932
305 990
306 938
307 895
308 884
309 813
310 821
311 739
312 731
313 657
314 656
315 635
316 623
317 594
318 552
319 505
320 490
321 414
322 473
323 369
324 399
325 357
326 340
327 289
328 329
329 279
330 284
331 231
332 241
333 264
334 261
335 303
336 331
337 313
338 383
339 396
340 425
341 508
342 460
343 408
344 301
345 297
346 257
347 201
348 172
349 155
350 149
351 132
352 183
353 124
354 126
355 164
356 159
357 167
358 164
359 139
360 176
361 173
362 147
363 101
364 87
365 97
366 96
367 64
368 66
369 110
370 75
371 85
372 71
373 74
374 57
375 38
376 79
377 87
378 100
379 92
380 80
381 137
382 163
383 131
384 116
385 101
386 144
387 86
388 44
389 70
390 72
391 26
392 16
393 5
