0 0
1 0
2 0
3 0
4 0
5 0
6 0
7 0
8 0
9 0
10 0
11 0
12 0
13 0
14 0
15 0
16 0
17 0
18 1
19 0
20 0
21 0
22 0
23 0
24 0
25 0
26 0
27 0
28 0
29 0
30 0
31 0
32 2
33 0
34 2
35 0
36 0
37 0
38 0
39 1
40 1
41 1
42 0
43 0
44 2
45 0
46 0
47 1
48 0
49 0
50 0
51 0
52 0
53 0
54 0
55 0
56 0
57 0
58 0
59 0
60 0
61 0
62 0
63 0
64 0
65 0
66 0
67 0
68 0
69 0
70 0
71 0
72 2
73 0
74 0
75 0
76 0
77 1
78 0
79 0
80 0
81 0
82 0
83 2
84 2
85 2
86 5
87 7
88 24
89 28
90 38
91 29
92 48
93 59
94 68
95 60
96 39
97 35
98 41
99 46
100 38
101 42
102 30
103 51
104 44
105 44
106 44
107 32
108 36
109 36
110 46
111 43
112 57
113 45
114 50
115 75
116 72
117 78
118 82
119 118
120 111
121 123
122 155
123 161
124 158
125 192
126 213
127 195
128 246
129 228
130 216
131 282
132 297
133 307
134 323
135 312
136 335
137 333
138 336
139 382
140 309
141 369
142 340
143 396
144 456
145 538
146 592
147 628
148 600
149 772
150 788
151 786
152 834
153 736
154 823
155 811
156 817
157 813
158 742
159 771
160 808
161 739
162 747
163 800
164 781
165 883
166 912
167 969
168 978
169 1006
170 1056
171 1164
172 1133
173 1315
174 1358
175 1408
176 1524
177 1477
178 1646
179 1796
180 1777
181 1777
182 1725
183 1908
184 1906
185 1843
186 1897
187 1860
188 1909
189 1961
190 1882
191 2005
192 1932
193 2003
194 2183
195 2272
196 2318
197 2293
198 2391
199 2397
200 2584
201 2361
202 2447
203 2468
204 2414
205 2592
206 2595
207 2450
208 2546
209 2348
210 2458
211 2500
212 2355
213 2350
214 2318
215 2337
216 2226
217 2169
218 2098
219 2166
220 2167
221 2145
222 2125
223 2145
224 2051
225 2200
226 2271
227 2222
228 2349
229 2286
230 2245
231 2324
232 2483
233 2332
234 2406
235 2342
236 2245
237 2356
238 2175
239 2203
240 2223
241 2168
242 2110
243 1931
244 1798
245 1740
246 1715
247 1617
248 1440
249 1410
250 1348
251 1126
252 1193
253 1035
254 1092
255 952
256 929
257 839
258 867
259 895
260 814
261 765
262 734
263 744
264 687
265 707
266 673
267 619
268 624
269 638
270 666
271 606
272 658
273 545
274 476
275 452
276 389
277 400
278 405
279 333
280 370
281 364
282 365
283 303
284 293
285 311
286 221
287 256
288 292
289 195
290 185
291 172
292 133
293 124
294 122
295 158
296 124
297 107
298 105
299 108
300 79
301 99
302 75
303 76
304 58
305 62
306 53
307 61
308 37
309 42
310 69
311 45
312 39
313 47
314 49
315 53
316 46
317 38
318 50
319 46
320 37
321 37
322 26
323 44
324 35
325 32
326 32
327 20
328 22
329 18
330 10
331 11
332 11
333 24
334 18
335 13
336 12
337 15
338 9
339 12
340 13
341 3
342 4
343 1
344 1
345 1
346 0
347 1
