0 0
1 0
2 0
3 0
4 0
5 0
6 0
7 0
8 0
9 0
10 0
11 0
12 0
13 0
14 0
15 0
16 0
17 0
18 0
19 0
20 0
21 0
22 0
23 0
24 0
25 0
26 0
27 0
28 0
29 0
30 0
31 0
32 0
33 0
34 0
35 0
36 0
37 0
38 0
39 0
40 0
41 0
42 0
43 0
44 0
45 0
46 0
47 0
48 0
49 0
50 0
51 0
52 0
53 0
54 0
55 0
56 0
57 0
58 0
59 0
60 0
61 0
62 0
63 0
64 0
65 0
66 0
67 0
68 0
69 0
70 0
71 0
72 0
73 0
74 0
75 0
76 0
77 0
78 0
79 0
80 0
81 0
82 0
83 0
84 0
85 0
86 0
87 0
88 0
89 0
90 0
91 0
92 0
93 0
94 0
95 0
96 0
97 0
98 0
99 2
100 1
101 0
102 0
103 0
104 0
105 2
106 1
107 2
108 2
109 3
110 2
111 11
112 6
113 8
114 7
115 13
116 16
117 7
118 19
119 17
120 14
121 21
122 19
123 24
124 40
125 40
126 45
127 40
128 56
129 64
130 64
131 52
132 76
133 56
134 73
135 80
136 74
137 79
138 64
139 84
140 95
141 92
142 84
143 106
144 88
145 123
146 118
147 113
148 126
149 130
150 156
151 157
152 139
153 180
154 165
155 220
156 233
157 246
158 244
159 281
160 304
161 380
162 492
163 551
164 629
165 717
166 890
167 931
168 976
169 1069
170 1152
171 1222
172 1359
173 1336
174 1455
175 1666
176 1723
177 1817
178 1954
179 1953
180 2010
181 2306
182 2294
183 2294
184 2261
185 2094
186 2070
187 2031
188 1977
189 1981
190 2081
191 2055
192 2111
193 2031
194 2237
195 2340
196 2299
197 2263
198 2341
199 2400
200 2379
201 2332
202 2240
203 2182
204 2187
205 2278
206 2421
207 2434
208 2168
209 2634
210 2290
211 2544
212 2521
213 2444
214 2477
215 2496
216 2469
217 2333
218 2428
219 2442
220 2533
221 2559
222 2504
223 2334
224 2397
225 2337
226 2169
227 2130
228 2160
229 2150
230 2153
231 2016
232 1969
233 1955
234 2018
235 1911
236 2042
237 2113
238 2212
239 2226
240 2167
241 2083
242 1999
243 1964
244 1918
245 1814
246 1799
247 1687
248 1582
249 1508
250 1518
251 1456
252 1447
253 1424
254 1391
255 1367
256 1391
257 1353
258 1374
259 1161
260 1162
261 1080
262 1099
263 1099
264 1141
265 1010
266 923
267 944
268 859
269 776
270 761
271 740
272 691
273 678
274 630
275 633
276 572
277 627
278 569
279 525
280 548
281 538
282 455
283 514
284 448
285 436
286 395
287 394
288 375
289 364
290 347
291 408
292 340
293 249
294 273
295 278
296 251
297 204
298 219
299 204
300 212
301 188
302 163
303 166
304 168
305 100
306 134
307 122
308 108
309 92
310 94
311 65
312 95
313 70
314 69
315 65
316 83
317 50
318 59
319 70
320 68
321 54
322 44
323 73
324 44
325 46
326 34
327 37
328 46
329 34
330 46
331 35
332 23
333 27
334 22
335 31
336 20
337 18
338 22
339 22
340 31
341 11
342 17
343 13
344 6
345 16
346 13
347 15
348 12
349 13
350 17
351 13
352 15
353 12
354 6
355 10
356 8
357 11
358 6
359 4
360 5
361 5
362 9
363 7
364 4
365 6
366 2
367 4
368 4
369 1
370 1
371 0
372 1
373 3
