0 0
1 0
2 0
3 0
4 0
5 0
6 0
7 0
8 0
9 0
10 0
11 0
12 0
13 0
14 0
15 0
16 0
17 0
18 0
19 0
20 0
21 0
22 0
23 0
24 0
25 0
26 0
27 0
28 0
29 0
30 0
31 0
32 0
33 0
34 0
35 0
36 0
37 0
38 0
39 0
40 0
41 0
42 0
43 0
44 0
45 0
46 0
47 0
48 2
49 0
50 2
51 1
52 0
53 0
54 2
55 0
56 0
57 2
58 0
59 0
60 0
61 0
62 0
63 0
64 0
65 1
66 0
67 0
68 2
69 0
70 0
71 0
72 0
73 0
74 0
75 1
76 2
77 0
78 0
79 0
80 0
81 0
82 0
83 0
84 0
85 2
86 0
87 0
88 0
89 1
90 0
91 0
92 0
93 0
94 0
95 0
96 0
97 2
98 0
99 2
100 0
101 2
102 0
103 0
104 0
105 1
106 0
107 0
108 3
109 0
110 0
111 0
112 0
113 4
114 0
115 0
116 1
117 1
118 0
119 2
120 1
121 2
122 0
123 0
124 2
125 9
126 9
127 12
128 34
129 20
130 33
131 49
132 43
133 67
134 77
135 57
136 83
137 69
138 88
139 60
140 76
141 78
142 93
143 79
144 97
145 110
146 129
147 125
148 131
149 132
150 172
151 161
152 181
153 134
154 158
155 122
156 163
157 141
158 124
159 160
160 131
161 171
162 199
163 206
164 225
165 228
166 292
167 303
168 298
169 356
170 395
171 429
172 493
173 465
174 510
175 594
176 679
177 704
178 734
179 767
180 829
181 863
182 956
183 1070
184 1037
185 1132
186 1146
187 1131
188 1254
189 1324
190 1472
191 1493
192 1695
193 1778
194 1864
195 1927
196 1832
197 1771
198 1904
199 1762
200 1787
201 1858
202 1963
203 1761
204 1666
205 1673
206 1702
207 1594
208 1639
209 1756
210 1841
211 2017
212 2012
213 1769
214 1890
215 1903
216 1854
217 1910
218 1841
219 1854
220 1891
221 1940
222 1975
223 2130
224 2088
225 2010
226 2061
227 2076
228 2139
229 2245
230 2187
231 2211
232 2122
233 2168
234 2159
235 2172
236 2185
237 2180
238 2044
239 2164
240 2151
241 2253
242 2285
243 2144
244 2246
245 2170
246 2162
247 2192
248 2071
249 2069
250 1966
251 2055
252 1898
253 2027
254 1838
255 1890
256 1926
257 1958
258 2046
259 2081
260 1984
261 1930
262 1894
263 1749
264 1898
265 1761
266 1783
267 1656
268 1711
269 1627
270 1639
271 1430
272 1496
273 1435
274 1459
275 1360
276 1243
277 1276
278 1295
279 1231
280 1115
281 1150
282 1136
283 1055
284 974
285 967
286 957
287 998
288 878
289 962
290 838
291 866
292 745
293 735
294 727
295 631
296 518
297 564
298 511
299 547
300 479
301 493
302 510
303 460
304 482
305 434
306 337
307 382
308 381
309 326
310 337
311 291
312 350
313 336
314 320
315 349
316 310
317 434
318 423
319 384
320 382
321 395
322 312
323 282
324 313
325 218
326 244
327 216
328 212
329 222
330 191
331 143
332 213
333 166
334 137
335 188
336 172
337 149
338 136
339 137
340 109
341 83
342 85
343 51
344 48
345 38
346 22
347 21
348 15
349 19
350 12
351 15
352 24
353 19
354 19
355 15
356 11
357 11
358 14
359 5
360 15
361 10
362 10
363 8
364 6
365 8
366 2
367 2
368 3
369 4
370 2
371 0
372 1
373 1
374 0
375 0
376 0
377 0
378 0
379 0
380 1
