0 0
1 0
2 0
3 0
4 0
5 0
6 0
7 0
8 0
9 0
10 0
11 0
12 0
13 0
14 0
15 0
16 0
17 0
18 0
19 0
20 0
21 0
22 0
23 0
24 0
25 0
26 0
27 0
28 0
29 0
30 0
31 0
32 0
33 0
34 0
35 0
36 0
37 0
38 0
39 0
40 0
41 0
42 0
43 0
44 0
45 0
46 0
47 0
48 0
49 0
50 0
51 0
52 0
53 0
54 0
55 0
56 0
57 0
58 0
59 0
60 0
61 0
62 0
63 0
64 0
65 0
66 0
67 0
68 0
69 0
70 0
71 0
72 0
73 0
74 0
75 0
76 0
77 0
78 0
79 0
80 0
81 0
82 0
83 0
84 0
85 0
86 0
87 0
88 0
89 0
90 0
91 0
92 0
93 0
94 0
95 0
96 0
97 0
98 0
99 0
100 0
101 0
102 0
103 0
104 0
105 0
106 0
107 0
108 0
109 1
110 0
111 1
112 0
113 0
114 0
115 1
116 1
117 2
118 1
119 4
120 0
121 3
122 7
123 4
124 9
125 20
126 9
127 3
128 12
129 8
130 6
131 5
132 7
133 5
134 1
135 6
136 6
137 7
138 15
139 12
140 18
141 23
142 26
143 21
144 32
145 56
146 46
147 42
148 68
149 77
150 62
151 68
152 64
153 74
154 90
155 116
156 84
157 128
158 118
159 161
160 182
161 181
162 169
163 161
164 219
165 270
166 285
167 363
168 352
169 460
170 425
171 431
172 487
173 542
174 560
175 591
176 619
177 635
178 729
179 745
180 869
181 944
182 938
183 1097
184 1024
185 1097
186 1145
187 1158
188 1218
189 1453
190 1497
191 1572
192 1543
193 1651
194 1756
195 1810
196 1822
197 1957
198 1960
199 1930
200 1921
201 1873
202 1943
203 1803
204 1996
205 1906
206 2111
207 2125
208 2072
209 2142
210 2424
211 2685
212 2913
213 2972
214 3091
215 3209
216 3398
217 3595
218 3357
219 3164
220 3253
221 3134
222 3137
223 3120
224 2895
225 2841
226 2710
227 2607
228 2663
229 2549
230 2672
231 2717
232 2772
233 2724
234 2717
235 2564
236 2377
237 2469
238 2412
239 2237
240 2130
241 2087
242 1935
243 1903
244 1811
245 1861
246 1733
247 1776
248 1633
249 1597
250 1631
251 1568
252 1586
253 1575
254 1643
255 1474
256 1696
257 1626
258 1676
259 1496
260 1532
261 1545
262 1562
263 1581
264 1560
265 1575
266 1662
267 1572
268 1574
269 1409
270 1261
271 1298
272 1212
273 1164
274 1002
275 1048
276 852
277 913
278 793
279 814
280 783
281 756
282 763
283 677
284 666
285 637
286 597
287 557
288 548
289 511
290 451
291 465
292 416
293 440
294 448
295 453
296 469
297 466
298 453
299 418
300 426
301 446
302 358
303 362
304 363
305 285
306 251
307 316
308 264
309 244
310 204
311 253
312 180
313 217
314 174
315 174
316 159
317 161
318 155
319 104
320 80
321 81
322 109
323 108
324 78
325 85
326 112
327 38
328 35
329 60
330 41
331 31
332 41
333 58
334 35
335 46
336 33
337 8
338 28
339 19
340 21
341 20
342 11
343 13
344 11
345 5
346 4
347 3
348 2
349 0
350 1
351 0
352 0
353 1
