0 0
1 0
2 0
3 0
4 0
5 0
6 0
7 0
8 0
9 0
10 0
11 0
12 0
13 0
14 0
15 0
16 0
17 0
18 0
19 0
20 0
21 0
22 0
23 0
24 0
25 0
26 0
27 0
28 1
29 0
30 0
31 0
32 0
33 0
34 0
35 0
36 0
37 0
38 1
39 0
40 0
41 0
42 0
43 0
44 0
45 1
46 0
47 0
48 1
49 0
50 2
51 0
52 1
53 0
54 2
55 0
56 1
57 0
58 0
59 1
60 1
61 1
62 0
63 0
64 0
65 0
66 0
67 1
68 0
69 0
70 0
71 0
72 0
73 0
74 0
75 0
76 2
77 0
78 0
79 0
80 1
81 0
82 0
83 5
84 8
85 6
86 7
87 6
88 4
89 9
90 23
91 23
92 27
93 41
94 56
95 56
96 56
97 58
98 39
99 35
100 60
101 39
102 48
103 24
104 31
105 46
106 40
107 49
108 46
109 58
110 59
111 57
112 63
113 64
114 66
115 49
116 59
117 50
118 66
119 60
120 97
121 100
122 98
123 134
124 146
125 153
126 176
127 154
128 170
129 207
130 186
131 238
132 222
133 248
134 198
135 221
136 197
137 237
138 238
139 277
140 294
141 364
142 315
143 361
144 457
145 522
146 589
147 649
148 622
149 667
150 732
151 851
152 806
153 869
154 843
155 809
156 833
157 803
158 691
159 732
160 803
161 746
162 859
163 827
164 816
165 797
166 863
167 875
168 870
169 1023
170 1084
171 1068
172 1104
173 1245
174 1319
175 1350
176 1474
177 1466
178 1468
179 1586
180 1542
181 1652
182 1622
183 1700
184 1782
185 1704
186 1859
187 1755
188 1797
189 1955
190 1758
191 1879
192 1943
193 2072
194 2008
195 2088
196 2111
197 2112
198 2153
199 2224
200 2285
201 2349
202 2561
203 2464
204 2493
205 2452
206 2522
207 2338
208 2381
209 2309
210 2346
211 2234
212 2323
213 2286
214 2211
215 2286
216 2223
217 2187
218 2136
219 2251
220 2185
221 2201
222 2193
223 2261
224 2352
225 2485
226 2576
227 2430
228 2568
229 2605
230 2462
231 2457
232 2341
233 2416
234 2355
235 2474
236 2444
237 2224
238 2383
239 2352
240 2204
241 2227
242 2076
243 1982
244 1957
245 1703
246 1843
247 1723
248 1662
249 1582
250 1618
251 1544
252 1477
253 1381
254 1237
255 1222
256 1162
257 1151
258 1080
259 994
260 970
261 840
262 834
263 705
264 708
265 629
266 634
267 574
268 560
269 519
270 455
271 461
272 474
273 424
274 433
275 413
276 398
277 417
278 340
279 364
280 421
281 383
282 402
283 348
284 326
285 300
286 309
287 288
288 214
289 197
290 167
291 155
292 145
293 143
294 129
295 113
296 127
297 108
298 91
299 102
300 87
301 115
302 73
303 108
304 63
305 62
306 65
307 71
308 66
309 76
310 72
311 60
312 51
313 48
314 57
315 57
316 50
317 44
318 43
319 51
320 48
321 41
322 43
323 57
324 54
325 40
326 43
327 40
328 43
329 32
330 25
331 30
332 28
333 13
334 18
335 14
336 9
337 20
338 11
339 15
340 18
341 13
342 10
343 22
344 21
345 10
346 6
347 7
348 8
349 3
350 1
351 0
352 0
353 1
354 0
355 1
