0 0
1 0
2 0
3 0
4 0
5 0
6 0
7 0
8 0
9 0
10 0
11 0
12 0
13 0
14 0
15 0
16 0
17 0
18 2
19 0
20 0
21 0
22 0
23 0
24 0
25 0
26 0
27 0
28 0
29 0
30 0
31 0
32 0
33 0
34 0
35 0
36 0
37 0
38 0
39 0
40 0
41 0
42 0
43 0
44 0
45 0
46 0
47 0
48 0
49 0
50 0
51 0
52 0
53 0
54 0
55 0
56 0
57 1
58 0
59 0
60 0
61 0
62 0
63 0
64 0
65 0
66 0
67 0
68 0
69 0
70 0
71 0
72 0
73 0
74 0
75 0
76 0
77 0
78 0
79 0
80 0
81 0
82 0
83 0
84 0
85 0
86 0
87 0
88 1
89 2
90 6
91 0
92 0
93 3
94 2
95 4
96 3
97 4
98 2
99 5
100 9
101 9
102 7
103 4
104 7
105 6
106 3
107 2
108 3
109 7
110 7
111 12
112 8
113 11
114 4
115 3
116 6
117 1
118 3
119 1
120 0
121 9
122 3
123 5
124 15
125 16
126 30
127 18
128 33
129 19
130 36
131 57
132 59
133 62
134 79
135 81
136 61
137 110
138 117
139 132
140 161
141 203
142 154
143 184
144 182
145 179
146 234
147 203
148 265
149 255
150 241
151 254
152 281
153 288
154 236
155 245
156 199
157 221
158 185
159 213
160 219
161 229
162 240
163 289
164 283
165 372
166 368
167 448
168 469
169 498
170 546
171 573
172 574
173 663
174 751
175 774
176 885
177 851
178 899
179 965
180 981
181 1009
182 1023
183 1033
184 1264
185 1139
186 1272
187 1330
188 1279
189 1270
190 1365
191 1509
192 1501
193 1697
194 1657
195 1873
196 1904
197 1878
198 1719
199 1685
200 1751
201 1648
202 1618
203 1700
204 1716
205 1747
206 1891
207 1860
208 1999
209 2066
210 2094
211 2125
212 2070
213 2209
214 2365
215 2398
216 2303
217 2543
218 2623
219 2665
220 2700
221 2656
222 2657
223 2633
224 2565
225 2598
226 2697
227 2594
228 2641
229 2554
230 2440
231 2364
232 2258
233 2190
234 2149
235 2051
236 2068
237 1999
238 2066
239 2042
240 2059
241 2103
242 2059
243 2104
244 2178
245 2016
246 2013
247 2023
248 1882
249 1998
250 1896
251 1848
252 1989
253 1761
254 1776
255 1858
256 1720
257 1781
258 1913
259 1713
260 1626
261 1591
262 1600
263 1559
264 1578
265 1477
266 1502
267 1391
268 1346
269 1314
270 1242
271 1101
272 1160
273 1062
274 1017
275 969
276 980
277 997
278 818
279 896
280 798
281 844
282 844
283 876
284 829
285 877
286 849
287 871
288 786
289 674
290 687
291 621
292 605
293 595
294 577
295 577
296 546
297 483
298 467
299 432
300 430
301 421
302 361
303 438
304 359
305 367
306 374
307 345
308 314
309 357
310 316
311 332
312 262
313 234
314 280
315 262
316 239
317 237
318 257
319 262
320 206
321 201
322 206
323 159
324 154
325 181
326 132
327 180
328 130
329 127
330 113
331 92
332 115
333 103
334 59
335 58
336 67
337 60
338 58
339 74
340 39
341 46
342 19
343 23
344 32
345 30
346 21
347 21
348 15
349 8
350 2
351 9
352 11
353 6
354 13
355 2
356 5
357 9
358 5
359 4
360 9
361 7
362 5
363 11
364 16
365 9
366 11
367 8
368 7
369 8
370 5
371 11
372 17
373 5
374 9
375 9
376 8
377 7
378 2
379 9
380 2
381 3
382 0
383 1
384 1
385 3
386 1
387 1
388 0
389 3
390 1
391 4
392 4
393 4
394 3
395 5
396 7
397 3
398 0
399 0
400 0
401 0
402 0
403 0
404 0
405 1
