0 0
1 0
2 0
3 0
4 0
5 0
6 0
7 0
8 0
9 0
10 0
11 0
12 0
13 0
14 0
15 0
16 0
17 0
18 0
19 0
20 0
21 0
22 0
23 0
24 0
25 0
26 0
27 0
28 0
29 0
30 0
31 0
32 0
33 0
34 0
35 0
36 0
37 0
38 0
39 0
40 0
41 0
42 0
43 0
44 0
45 0
46 0
47 0
48 0
49 0
50 0
51 0
52 0
53 0
54 0
55 0
56 0
57 0
58 0
59 0
60 0
61 0
62 0
63 0
64 0
65 0
66 0
67 0
68 0
69 0
70 0
71 0
72 0
73 0
74 0
75 0
76 0
77 0
78 0
79 0
80 0
81 0
82 0
83 0
84 0
85 0
86 0
87 0
88 0
89 0
90 0
91 0
92 0
93 0
94 0
95 0
96 0
97 0
98 0
99 0
100 0
101 2
102 0
103 1
104 0
105 1
106 5
107 4
108 5
109 12
110 15
111 7
112 20
113 11
114 18
115 18
116 18
117 15
118 19
119 25
120 14
121 16
122 23
123 18
124 37
125 23
126 20
127 14
128 14
129 22
130 30
131 37
132 33
133 42
134 34
135 55
136 74
137 66
138 124
139 170
140 194
141 201
142 260
143 266
144 333
145 405
146 400
147 351
148 312
149 300
150 281
151 224
152 264
153 239
154 203
155 226
156 194
157 219
158 204
159 235
160 291
161 239
162 274
163 284
164 304
165 320
166 356
167 370
168 473
169 414
170 437
171 465
172 611
173 703
174 712
175 657
176 726
177 780
178 852
179 907
180 1018
181 1047
182 1207
183 1280
184 1397
185 1567
186 1707
187 1943
188 1925
189 2149
190 2059
191 2127
192 2112
193 2032
194 1984
195 1955
196 1967
197 2021
198 1969
199 1994
200 1977
201 1907
202 1973
203 1949
204 2107
205 2018
206 2118
207 2089
208 2272
209 2341
210 2392
211 2362
212 2490
213 2457
214 2530
215 2539
216 2544
217 2490
218 2632
219 2814
220 2562
221 2491
222 2530
223 2556
224 2580
225 2635
226 2528
227 2716
228 2616
229 2659
230 2581
231 2580
232 2586
233 2617
234 2589
235 2563
236 2524
237 2498
238 2327
239 2337
240 2290
241 2382
242 2278
243 2270
244 2364
245 2194
246 2185
247 2015
248 2124
249 2190
250 2280
251 2310
252 2074
253 2053
254 1887
255 1717
256 1641
257 1405
258 1420
259 1272
260 1231
261 1114
262 1128
263 1091
264 978
265 1074
266 872
267 918
268 867
269 925
270 850
271 860
272 788
273 804
274 793
275 791
276 765
277 834
278 758
279 733
280 711
281 697
282 731
283 690
284 621
285 582
286 499
287 487
288 485
289 468
290 458
291 473
292 372
293 405
294 381
295 369
296 392
297 357
298 386
299 343
300 366
301 318
302 282
303 275
304 234
305 240
306 175
307 193
308 161
309 132
310 128
311 87
312 92
313 91
314 81
315 73
316 61
317 67
318 74
319 54
320 53
321 52
322 42
323 35
324 45
325 44
326 19
327 51
328 33
329 22
330 27
331 18
332 19
333 14
334 15
335 4
336 8
337 6
338 12
339 2
340 5
341 1
342 1
343 3
344 0
345 0
346 6
347 1
348 2
349 0
350 0
351 0
352 0
353 1
354 2
