0 0
1 0
2 0
3 0
4 0
5 0
6 0
7 0
8 0
9 0
10 0
11 0
12 0
13 0
14 0
15 0
16 0
17 0
18 0
19 0
20 0
21 0
22 0
23 0
24 0
25 0
26 0
27 0
28 0
29 0
30 0
31 0
32 0
33 0
34 0
35 0
36 0
37 0
38 0
39 0
40 0
41 0
42 0
43 0
44 0
45 0
46 0
47 0
48 0
49 0
50 0
51 0
52 0
53 0
54 0
55 0
56 0
57 0
58 0
59 0
60 0
61 0
62 0
63 0
64 0
65 0
66 0
67 0
68 0
69 0
70 0
71 0
72 0
73 0
74 0
75 0
76 0
77 0
78 0
79 0
80 0
81 0
82 0
83 0
84 0
85 0
86 0
87 0
88 0
89 0
90 0
91 0
92 0
93 0
94 0
95 0
96 0
97 0
98 0
99 0
100 0
101 0
102 0
103 0
104 0
105 0
106 0
107 0
108 0
109 0
110 0
111 0
112 0
113 0
114 0
115 0
116 1
117 1
118 1
119 0
120 0
121 5
122 8
123 7
124 7
125 11
126 15
127 20
128 20
129 37
130 27
131 31
132 53
133 41
134 69
135 79
136 89
137 87
138 79
139 101
140 72
141 99
142 141
143 143
144 141
145 172
146 190
147 237
148 235
149 270
150 300
151 346
152 443
153 419
154 516
155 558
156 625
157 662
158 878
159 1012
160 1105
161 1326
162 1359
163 1379
164 1364
165 1454
166 1438
167 1383
168 1359
169 1375
170 1473
171 1379
172 1540
173 1641
174 1647
175 1685
176 1643
177 1707
178 1722
179 1732
180 1803
181 1940
182 1943
183 1993
184 2037
185 2003
186 2014
187 2082
188 2152
189 2073
190 2228
191 2063
192 2001
193 2152
194 1999
195 2047
196 1969
197 1900
198 1993
199 1930
200 1940
201 1988
202 2028
203 2041
204 2076
205 2146
206 2051
207 2102
208 2182
209 2037
210 1950
211 1974
212 2025
213 1958
214 1928
215 1947
216 1834
217 1950
218 1982
219 1913
220 1981
221 1989
222 2007
223 1907
224 1948
225 2013
226 1946
227 1904
228 2019
229 2054
230 2016
231 2187
232 2203
233 2162
234 2189
235 2189
236 2211
237 2137
238 1887
239 1835
240 1685
241 1665
242 1552
243 1469
244 1385
245 1384
246 1347
247 1405
248 1311
249 1385
250 1407
251 1356
252 1358
253 1436
254 1242
255 1224
256 1244
257 1176
258 1189
259 1080
260 1019
261 1183
262 1056
263 1125
264 1178
265 1112
266 1163
267 1070
268 1100
269 1110
270 1019
271 937
272 950
273 941
274 921
275 974
276 948
277 920
278 994
279 832
280 819
281 737
282 825
283 750
284 629
285 560
286 570
287 539
288 504
289 463
290 438
291 434
292 418
293 437
294 415
295 339
296 364
297 293
298 286
299 270
300 266
301 253
302 228
303 222
304 180
305 177
306 177
307 184
308 165
309 155
310 134
311 167
312 138
313 149
314 90
315 108
316 97
317 90
318 77
319 73
320 71
321 73
322 65
323 66
324 63
325 61
326 35
327 43
328 43
329 55
330 39
331 25
332 38
333 37
334 23
335 22
336 20
337 20
338 19
339 21
340 21
341 13
342 22
343 16
344 13
345 3
346 16
347 10
348 14
349 10
350 11
351 5
352 5
353 10
354 9
355 9
356 11
357 2
358 5
359 5
360 3
361 1
362 1
363 0
364 3
365 4
366 1
367 0
368 4
369 0
370 1
371 0
372 1
