0 0
1 0
2 0
3 0
4 0
5 0
6 0
7 0
8 0
9 0
10 0
11 0
12 0
13 0
14 0
15 0
16 0
17 0
18 0
19 0
20 0
21 0
22 0
23 0
24 0
25 0
26 0
27 0
28 0
29 0
30 0
31 0
32 0
33 0
34 0
35 0
36 0
37 0
38 0
39 0
40 0
41 0
42 0
43 0
44 0
45 0
46 0
47 0
48 0
49 0
50 0
51 0
52 0
53 0
54 0
55 0
56 0
57 0
58 0
59 0
60 0
61 0
62 0
63 0
64 0
65 0
66 0
67 0
68 0
69 0
70 0
71 0
72 0
73 0
74 0
75 0
76 0
77 0
78 0
79 1
80 0
81 0
82 0
83 0
84 0
85 0
86 0
87 0
88 0
89 0
90 0
91 0
92 0
93 0
94 0
95 1
96 0
97 0
98 0
99 1
100 0
101 1
102 0
103 0
104 0
105 1
106 1
107 1
108 1
109 0
110 1
111 2
112 6
113 3
114 2
115 3
116 7
117 4
118 2
119 7
120 9
121 6
122 15
123 9
124 15
125 20
126 28
127 32
128 46
129 43
130 47
131 47
132 49
133 63
134 82
135 93
136 92
137 119
138 173
139 157
140 202
141 204
142 249
143 232
144 301
145 399
146 447
147 536
148 629
149 737
150 843
151 964
152 979
153 1096
154 1142
155 1229
156 1118
157 1022
158 923
159 824
160 844
161 796
162 781
163 850
164 924
165 993
166 1164
167 1275
168 1385
169 1402
170 1492
171 1617
172 1677
173 1799
174 1840
175 1927
176 2009
177 2266
178 2376
179 2389
180 2484
181 2482
182 2485
183 2282
184 2186
185 2244
186 2173
187 2082
188 2190
189 2102
190 2112
191 2224
192 2194
193 2219
194 2270
195 2343
196 2279
197 2243
198 2207
199 2162
200 2190
201 2165
202 2129
203 2117
204 2238
205 2165
206 2133
207 2178
208 2262
209 2133
210 1879
211 1898
212 1722
213 1761
214 1608
215 1691
216 1633
217 1593
218 1611
219 1591
220 1548
221 1629
222 1583
223 1543
224 1428
225 1486
226 1358
227 1387
228 1383
229 1401
230 1365
231 1450
232 1367
233 1434
234 1535
235 1583
236 1618
237 1576
238 1573
239 1566
240 1621
241 1660
242 1704
243 1604
244 1603
245 1642
246 1589
247 1377
248 1328
249 1282
250 1222
251 1228
252 1172
253 1149
254 1277
255 1154
256 1125
257 1133
258 1247
259 1095
260 1135
261 1150
262 1065
263 1146
264 1117
265 977
266 1110
267 1146
268 1065
269 1236
270 1129
271 1148
272 1173
273 1047
274 1009
275 836
276 836
277 805
278 780
279 677
280 648
281 670
282 656
283 625
284 544
285 590
286 616
287 565
288 508
289 533
290 441
291 508
292 490
293 476
294 446
295 462
296 429
297 368
298 409
299 349
300 318
301 303
302 298
303 259
304 218
305 190
306 175
307 162
308 160
309 156
310 123
311 107
312 115
313 100
314 93
315 97
316 96
317 99
318 92
319 93
320 77
321 73
322 70
323 75
324 77
325 74
326 70
327 59
328 81
329 50
330 60
331 52
332 56
333 37
334 47
335 46
336 28
337 19
338 37
339 29
340 11
341 14
342 15
343 18
344 16
345 13
346 20
347 17
348 19
349 19
350 9
351 11
352 17
353 12
354 16
355 5
356 6
357 3
358 3
359 3
360 0
361 0
362 4
363 0
364 0
365 0
366 0
367 0
368 0
369 0
370 1
371 0
372 0
373 0
374 0
375 0
376 0
377 0
378 0
379 0
380 0
381 0
382 0
383 0
384 0
385 0
386 1
