0 0
1 0
2 0
3 0
4 0
5 0
6 0
7 0
8 0
9 0
10 0
11 0
12 0
13 0
14 0
15 0
16 0
17 0
18 0
19 0
20 0
21 0
22 0
23 0
24 0
25 0
26 0
27 0
28 0
29 0
30 0
31 0
32 0
33 0
34 0
35 0
36 0
37 0
38 0
39 0
40 0
41 0
42 0
43 0
44 0
45 0
46 0
47 0
48 0
49 0
50 0
51 0
52 0
53 0
54 0
55 0
56 0
57 0
58 0
59 0
60 0
61 0
62 0
63 0
64 0
65 0
66 0
67 0
68 0
69 0
70 0
71 0
72 0
73 0
74 0
75 0
76 0
77 0
78 0
79 0
80 0
81 0
82 0
83 0
84 0
85 0
86 0
87 0
88 0
89 0
90 0
91 0
92 0
93 0
94 0
95 0
96 0
97 0
98 0
99 1
100 0
101 0
102 3
103 1
104 0
105 1
106 8
107 10
108 17
109 31
110 34
111 31
112 22
113 52
114 78
115 74
116 63
117 80
118 114
119 113
120 146
121 169
122 141
123 155
124 180
125 175
126 159
127 180
128 184
129 204
130 227
131 216
132 228
133 263
134 267
135 254
136 301
137 309
138 282
139 288
140 305
141 354
142 377
143 477
144 508
145 557
146 702
147 897
148 1008
149 1170
150 1141
151 1075
152 1129
153 1136
154 1006
155 1190
156 1202
157 1238
158 1148
159 1020
160 1143
161 1070
162 1142
163 1103
164 1086
165 1068
166 1174
167 1136
168 1154
169 1205
170 1282
171 1209
172 1318
173 1327
174 1355
175 1390
176 1398
177 1431
178 1464
179 1616
180 1475
181 1577
182 1584
183 1561
184 1660
185 1615
186 1713
187 1659
188 1743
189 1824
190 1670
191 1701
192 1722
193 1768
194 1721
195 1824
196 1794
197 1914
198 1977
199 2099
200 2040
201 2117
202 2179
203 2184
204 2243
205 2261
206 2350
207 2514
208 2608
209 2753
210 2796
211 2848
212 2832
213 2743
214 2900
215 2787
216 2712
217 2659
218 2604
219 2471
220 2493
221 2364
222 2252
223 2302
224 2114
225 2180
226 2103
227 2080
228 2041
229 1887
230 1975
231 1825
232 1676
233 1788
234 1778
235 1584
236 1531
237 1460
238 1404
239 1292
240 1346
241 1258
242 1288
243 1262
244 1324
245 1308
246 1315
247 1277
248 1290
249 1160
250 1149
251 1067
252 1033
253 1009
254 927
255 867
256 916
257 940
258 904
259 857
260 841
261 889
262 780
263 818
264 729
265 726
266 611
267 621
268 695
269 647
270 693
271 623
272 655
273 645
274 666
275 592
276 538
277 587
278 520
279 551
280 506
281 514
282 478
283 515
284 504
285 455
286 474
287 486
288 441
289 467
290 428
291 497
292 442
293 425
294 402
295 330
296 313
297 290
298 295
299 270
300 221
301 254
302 204
303 237
304 196
305 256
306 296
307 280
308 227
309 274
310 246
311 286
312 252
313 213
314 288
315 219
316 205
317 188
318 159
319 138
320 115
321 111
322 99
323 99
324 103
325 96
326 40
327 36
328 46
329 28
330 24
331 24
332 22
333 17
334 33
335 23
336 20
337 15
338 16
339 17
340 17
341 10
342 12
343 12
344 17
345 8
346 4
347 3
348 3
349 5
350 6
351 1
352 0
353 2
354 1
355 3
356 2
357 0
358 1
359 0
360 1
361 1
362 0
363 0
364 0
365 0
366 0
367 0
368 0
369 0
370 0
371 1
372 0
373 0
374 1
