0 0
1 0
2 0
3 0
4 0
5 0
6 0
7 0
8 0
9 0
10 0
11 0
12 0
13 0
14 0
15 0
16 0
17 0
18 0
19 0
20 0
21 0
22 0
23 0
24 0
25 0
26 0
27 0
28 0
29 0
30 0
31 0
32 0
33 0
34 0
35 0
36 0
37 0
38 0
39 0
40 0
41 0
42 0
43 0
44 0
45 0
46 0
47 0
48 0
49 0
50 0
51 0
52 0
53 0
54 0
55 0
56 0
57 0
58 0
59 0
60 0
61 0
62 0
63 0
64 0
65 0
66 0
67 0
68 0
69 0
70 0
71 0
72 0
73 0
74 1
75 0
76 1
77 0
78 0
79 2
80 0
81 0
82 0
83 0
84 0
85 0
86 0
87 0
88 0
89 0
90 0
91 0
92 0
93 0
94 0
95 0
96 0
97 0
98 0
99 0
100 0
101 0
102 0
103 0
104 0
105 0
106 0
107 6
108 1
109 2
110 4
111 6
112 4
113 10
114 7
115 8
116 9
117 14
118 8
119 15
120 16
121 20
122 11
123 17
124 18
125 24
126 28
127 38
128 44
129 40
130 30
131 42
132 41
133 30
134 48
135 92
136 72
137 85
138 63
139 91
140 87
141 90
142 104
143 121
144 151
145 157
146 143
147 188
148 154
149 189
150 255
151 198
152 255
153 257
154 265
155 398
156 328
157 390
158 417
159 472
160 497
161 523
162 601
163 575
164 574
165 609
166 632
167 615
168 669
169 687
170 626
171 653
172 651
173 744
174 715
175 764
176 802
177 852
178 790
179 833
180 858
181 979
182 1002
183 1069
184 1074
185 1042
186 1154
187 1305
188 1281
189 1549
190 1418
191 1513
192 1490
193 1515
194 1591
195 1713
196 1732
197 1820
198 1800
199 1867
200 2040
201 2118
202 2176
203 2278
204 2281
205 2354
206 2274
207 2305
208 2298
209 2204
210 2404
211 2209
212 2274
213 2325
214 2365
215 2255
216 2436
217 2384
218 2460
219 2492
220 2777
221 2821
222 2934
223 2958
224 2902
225 2612
226 2468
227 2445
228 2409
229 2331
230 2332
231 2412
232 2402
233 2539
234 2463
235 2708
236 2597
237 2412
238 2547
239 2451
240 2610
241 2450
242 2387
243 2370
244 2273
245 2167
246 1981
247 1885
248 1696
249 1600
250 1522
251 1556
252 1290
253 1250
254 1230
255 1097
256 1195
257 1081
258 1070
259 938
260 1033
261 1006
262 954
263 943
264 902
265 855
266 849
267 781
268 833
269 849
270 792
271 731
272 810
273 853
274 860
275 850
276 818
277 817
278 800
279 831
280 817
281 771
282 870
283 863
284 869
285 888
286 841
287 832
288 844
289 947
290 887
291 900
292 898
293 875
294 725
295 722
296 655
297 562
298 561
299 589
300 613
301 489
302 498
303 413
304 405
305 424
306 368
307 358
308 369
309 369
310 281
311 232
312 290
313 253
314 272
315 238
316 205
317 181
318 215
319 223
320 155
321 190
322 140
323 191
324 208
325 170
326 161
327 205
328 231
329 202
330 191
331 248
332 234
333 213
334 179
335 181
336 125
337 77
338 106
339 49
340 21
341 47
342 18
343 29
344 12
345 11
346 14
347 7
348 9
349 6
350 5
351 7
352 2
353 2
354 2
355 4
356 0
357 3
358 2
359 0
360 3
361 0
362 0
363 0
364 0
365 0
366 0
367 0
368 1
369 1
370 0
371 1
