0 0
1 0
2 0
3 0
4 0
5 0
6 0
7 0
8 0
9 0
10 0
11 0
12 0
13 0
14 0
15 0
16 0
17 0
18 0
19 0
20 0
21 0
22 0
23 0
24 0
25 0
26 0
27 0
28 0
29 0
30 0
31 0
32 0
33 0
34 0
35 0
36 0
37 0
38 0
39 0
40 0
41 0
42 0
43 0
44 0
45 0
46 0
47 0
48 0
49 0
50 0
51 0
52 0
53 0
54 0
55 0
56 0
57 0
58 0
59 0
60 0
61 0
62 0
63 0
64 0
65 0
66 0
67 0
68 0
69 0
70 0
71 0
72 0
73 0
74 0
75 0
76 0
77 0
78 1
79 0
80 0
81 0
82 1
83 1
84 0
85 1
86 2
87 2
88 3
89 6
90 5
91 6
92 12
93 10
94 9
95 8
96 8
97 15
98 13
99 9
100 17
101 11
102 15
103 17
104 16
105 9
106 18
107 11
108 8
109 8
110 10
111 5
112 6
113 4
114 9
115 5
116 7
117 8
118 11
119 11
120 29
121 27
122 25
123 37
124 61
125 53
126 84
127 79
128 118
129 104
130 138
131 125
132 196
133 173
134 193
135 224
136 289
137 289
138 315
139 271
140 361
141 238
142 318
143 346
144 302
145 363
146 390
147 410
148 444
149 404
150 469
151 487
152 490
153 533
154 500
155 634
156 696
157 899
158 963
159 1052
160 1144
161 1197
162 1179
163 1304
164 1246
165 1424
166 1373
167 1424
168 1551
169 1575
170 1485
171 1607
172 1565
173 1490
174 1366
175 1444
176 1515
177 1479
178 1560
179 1682
180 1726
181 1631
182 1717
183 1808
184 1812
185 1895
186 1881
187 1901
188 1965
189 1985
190 2163
191 2179
192 2210
193 2257
194 2194
195 2406
196 2266
197 2416
198 2257
199 2318
200 2313
201 2266
202 2261
203 2190
204 2241
205 2208
206 2133
207 2055
208 2007
209 2020
210 1891
211 1836
212 1738
213 1646
214 1722
215 1593
216 1525
217 1494
218 1483
219 1503
220 1531
221 1397
222 1433
223 1418
224 1331
225 1221
226 1297
227 1277
228 1240
229 1230
230 1293
231 1339
232 1283
233 1246
234 1262
235 1330
236 1328
237 1379
238 1458
239 1422
240 1411
241 1401
242 1376
243 1327
244 1291
245 1280
246 1221
247 1295
248 1134
249 1228
250 1197
251 1209
252 1219
253 1245
254 1269
255 1176
256 1215
257 1247
258 1299
259 1126
260 1261
261 1210
262 1103
263 1122
264 1161
265 1121
266 1085
267 1175
268 1167
269 1174
270 1244
271 1161
272 1164
273 1190
274 1244
275 1145
276 1115
277 1067
278 945
279 1034
280 986
281 1087
282 1142
283 993
284 1081
285 1022
286 949
287 939
288 884
289 904
290 825
291 866
292 820
293 740
294 734
295 721
296 726
297 707
298 663
299 557
300 447
301 452
302 391
303 352
304 283
305 294
306 253
307 213
308 218
309 212
310 222
311 233
312 220
313 180
314 246
315 229
316 227
317 231
318 241
319 222
320 205
321 165
322 189
323 166
324 153
325 162
326 123
327 132
328 109
329 103
330 108
331 101
332 82
333 61
334 52
335 48
336 63
337 40
338 36
339 44
340 33
341 17
342 34
343 34
344 20
345 16
346 30
347 21
348 31
349 22
350 17
351 15
352 23
353 10
354 10
355 18
356 4
357 8
358 7
359 9
360 11
361 7
362 3
363 9
364 8
365 14
366 7
367 3
368 3
369 10
370 3
371 2
372 1
373 2
374 0
375 1
376 0
377 0
378 3
379 2
380 3
381 4
382 2
383 1
384 2
385 1
386 0
387 1
388 3
389 0
390 0
391 1
392 2
393 0
394 0
395 1
396 0
397 0
398 0
399 0
400 1
401 0
402 1
403 0
404 0
405 0
406 0
407 0
408 0
409 0
410 0
411 0
412 0
413 0
414 0
415 0
416 0
417 0
418 0
419 0
420 0
421 0
422 1
423 0
424 1
