0 0
1 0
2 0
3 0
4 0
5 0
6 0
7 0
8 0
9 0
10 0
11 0
12 0
13 0
14 0
15 0
16 0
17 0
18 0
19 0
20 0
21 0
22 0
23 0
24 0
25 0
26 0
27 0
28 0
29 0
30 0
31 0
32 0
33 0
34 0
35 0
36 0
37 0
38 0
39 0
40 0
41 0
42 0
43 0
44 0
45 0
46 0
47 0
48 0
49 0
50 0
51 0
52 0
53 0
54 0
55 0
56 0
57 0
58 0
59 0
60 0
61 0
62 0
63 0
64 0
65 0
66 0
67 0
68 0
69 0
70 0
71 0
72 0
73 0
74 0
75 0
76 0
77 0
78 2
79 2
80 0
81 0
82 0
83 0
84 0
85 1
86 1
87 0
88 0
89 0
90 1
91 1
92 1
93 2
94 5
95 0
96 0
97 2
98 1
99 2
100 5
101 5
102 4
103 4
104 9
105 27
106 19
107 17
108 23
109 42
110 32
111 57
112 56
113 66
114 93
115 80
116 94
117 75
118 73
119 87
120 110
121 83
122 90
123 136
124 134
125 144
126 173
127 205
128 167
129 173
130 185
131 192
132 225
133 259
134 188
135 249
136 235
137 242
138 236
139 275
140 221
141 254
142 224
143 284
144 241
145 332
146 320
147 341
148 353
149 394
150 397
151 471
152 461
153 518
154 561
155 593
156 580
157 708
158 829
159 834
160 909
161 991
162 1003
163 1048
164 1192
165 1211
166 1342
167 1333
168 1331
169 1521
170 1521
171 1511
172 1599
173 1641
174 1620
175 1581
176 1504
177 1547
178 1583
179 1540
180 1615
181 1596
182 1584
183 1621
184 1600
185 1654
186 1680
187 1752
188 1783
189 1919
190 1874
191 2047
192 2126
193 2200
194 2036
195 2106
196 2112
197 2212
198 2137
199 2309
200 2420
201 2377
202 2369
203 2468
204 2480
205 2523
206 2621
207 2569
208 2622
209 2590
210 2658
211 2494
212 2393
213 2390
214 2396
215 2406
216 2427
217 2335
218 2364
219 2232
220 2270
221 2247
222 2277
223 2129
224 2117
225 2171
226 2151
227 2079
228 2041
229 2146
230 2136
231 2025
232 2090
233 1963
234 1952
235 1882
236 1847
237 1778
238 1762
239 1848
240 1733
241 1778
242 1773
243 1744
244 1672
245 1610
246 1610
247 1550
248 1599
249 1453
250 1579
251 1516
252 1439
253 1327
254 1270
255 1163
256 1200
257 1094
258 1096
259 1062
260 982
261 938
262 886
263 961
264 826
265 878
266 766
267 731
268 698
269 701
270 632
271 600
272 601
273 634
274 742
275 741
276 647
277 673
278 822
279 811
280 741
281 681
282 593
283 511
284 457
285 384
286 341
287 299
288 287
289 247
290 227
291 207
292 255
293 190
294 199
295 166
296 143
297 140
298 129
299 115
300 136
301 97
302 86
303 116
304 78
305 86
306 79
307 73
308 59
309 44
310 44
311 48
312 28
313 39
314 41
315 33
316 48
317 25
318 17
319 15
320 13
321 19
322 15
323 8
324 11
325 4
326 10
327 10
328 12
329 15
330 11
331 11
332 10
333 10
334 7
335 6
336 9
337 7
338 7
339 2
340 1
341 5
342 0
343 1
344 2
