0 0
1 0
2 0
3 0
4 0
5 0
6 0
7 0
8 0
9 0
10 0
11 0
12 0
13 0
14 0
15 0
16 0
17 0
18 0
19 0
20 0
21 0
22 0
23 0
24 0
25 0
26 0
27 0
28 0
29 0
30 0
31 0
32 0
33 0
34 0
35 0
36 0
37 0
38 0
39 0
40 0
41 0
42 0
43 0
44 0
45 0
46 0
47 0
48 0
49 0
50 0
51 0
52 0
53 0
54 0
55 0
56 0
57 0
58 0
59 0
60 0
61 0
62 0
63 0
64 0
65 0
66 0
67 0
68 0
69 0
70 0
71 0
72 0
73 0
74 0
75 0
76 0
77 0
78 0
79 0
80 0
81 0
82 0
83 0
84 0
85 0
86 0
87 0
88 0
89 0
90 0
91 0
92 0
93 0
94 0
95 0
96 0
97 0
98 0
99 0
100 0
101 0
102 0
103 0
104 0
105 0
106 0
107 0
108 0
109 0
110 0
111 0
112 0
113 0
114 0
115 0
116 0
117 0
118 0
119 0
120 0
121 0
122 1
123 0
124 2
125 0
126 0
127 0
128 0
129 0
130 2
131 8
132 6
133 10
134 24
135 17
136 24
137 33
138 54
139 63
140 59
141 74
142 95
143 90
144 110
145 113
146 106
147 86
148 132
149 85
150 156
151 210
152 254
153 309
154 305
155 346
156 446
157 437
158 525
159 623
160 661
161 706
162 816
163 799
164 1077
165 966
166 1059
167 1166
168 1098
169 1048
170 1086
171 1053
172 1050
173 1042
174 1062
175 1076
176 1214
177 1255
178 1225
179 1280
180 1348
181 1222
182 1443
183 1468
184 1477
185 1535
186 1605
187 1560
188 1829
189 1761
190 1729
191 1715
192 1786
193 1844
194 1888
195 1829
196 1913
197 1966
198 1943
199 1963
200 2073
201 1945
202 2002
203 1953
204 2000
205 2061
206 2031
207 2005
208 2091
209 2174
210 2170
211 2251
212 2216
213 2268
214 2268
215 2381
216 2196
217 2299
218 2311
219 2282
220 2136
221 2121
222 1996
223 1961
224 1979
225 2087
226 2206
227 2317
228 2299
229 2427
230 2388
231 2394
232 2552
233 2760
234 2575
235 2797
236 2725
237 2751
238 2542
239 2643
240 2569
241 2508
242 2448
243 2342
244 2227
245 2207
246 2048
247 1938
248 1757
249 1705
250 1667
251 1615
252 1533
253 1518
254 1500
255 1411
256 1450
257 1412
258 1397
259 1237
260 1213
261 1129
262 1091
263 1115
264 1068
265 1023
266 950
267 960
268 1086
269 981
270 888
271 882
272 887
273 827
274 851
275 724
276 699
277 652
278 602
279 577
280 581
281 574
282 583
283 532
284 544
285 508
286 433
287 542
288 485
289 517
290 478
291 487
292 459
293 429
294 475
295 421
296 393
297 419
298 380
299 377
300 399
301 401
302 419
303 348
304 359
305 350
306 357
307 296
308 309
309 261
310 269
311 255
312 197
313 175
314 202
315 169
316 140
317 164
318 99
319 122
320 109
321 111
322 118
323 141
324 144
325 107
326 130
327 112
328 115
329 103
330 69
331 73
332 51
333 47
334 39
335 30
336 22
337 26
338 25
339 19
340 12
341 19
342 10
343 11
344 9
345 4
346 7
347 9
348 6
349 5
350 3
351 1
352 4
353 2
354 1
