0 0
1 0
2 0
3 0
4 0
5 0
6 0
7 0
8 0
9 0
10 0
11 0
12 0
13 0
14 0
15 0
16 0
17 0
18 0
19 0
20 0
21 0
22 0
23 0
24 0
25 0
26 0
27 0
28 0
29 0
30 0
31 0
32 0
33 0
34 0
35 0
36 0
37 0
38 0
39 0
40 0
41 0
42 0
43 0
44 0
45 0
46 0
47 0
48 0
49 0
50 0
51 0
52 0
53 0
54 0
55 0
56 0
57 0
58 0
59 0
60 0
61 0
62 0
63 0
64 0
65 0
66 0
67 0
68 0
69 0
70 0
71 0
72 0
73 0
74 0
75 0
76 0
77 0
78 0
79 0
80 0
81 0
82 0
83 0
84 0
85 0
86 0
87 0
88 0
89 0
90 0
91 0
92 0
93 0
94 0
95 0
96 0
97 0
98 0
99 0
100 0
101 3
102 1
103 0
104 0
105 3
106 0
107 0
108 5
109 3
110 3
111 0
112 9
113 4
114 8
115 9
116 9
117 2
118 5
119 14
120 20
121 25
122 12
123 15
124 14
125 20
126 13
127 33
128 25
129 34
130 31
131 39
132 39
133 84
134 62
135 53
136 82
137 97
138 153
139 130
140 152
141 227
142 300
143 276
144 330
145 361
146 406
147 439
148 418
149 397
150 425
151 469
152 474
153 485
154 501
155 525
156 529
157 544
158 553
159 489
160 505
161 548
162 556
163 560
164 554
165 624
166 598
167 602
168 574
169 629
170 657
171 788
172 913
173 961
174 917
175 1010
176 1021
177 1015
178 1128
179 1129
180 1220
181 1135
182 1187
183 1179
184 1317
185 1344
186 1298
187 1540
188 1543
189 1534
190 1622
191 1725
192 1656
193 1790
194 1838
195 1875
196 1844
197 1910
198 1863
199 1985
200 2107
201 2122
202 2037
203 2186
204 2262
205 2166
206 2148
207 2303
208 2239
209 2321
210 2327
211 2455
212 2439
213 2415
214 2623
215 2292
216 2426
217 2537
218 2612
219 2394
220 2500
221 2492
222 2576
223 2526
224 2717
225 2522
226 2529
227 2592
228 2387
229 2632
230 2473
231 2430
232 2366
233 2274
234 2371
235 2346
236 2343
237 2559
238 2306
239 2333
240 2194
241 2227
242 2225
243 2228
244 2120
245 1912
246 2083
247 1992
248 1896
249 1857
250 1849
251 1747
252 1715
253 1583
254 1488
255 1403
256 1353
257 1335
258 1348
259 1244
260 1074
261 1237
262 1235
263 1070
264 1141
265 1011
266 1015
267 924
268 923
269 854
270 808
271 823
272 721
273 756
274 692
275 773
276 691
277 628
278 637
279 663
280 666
281 637
282 585
283 577
284 639
285 687
286 691
287 675
288 673
289 709
290 596
291 614
292 596
293 509
294 569
295 544
296 484
297 452
298 484
299 399
300 459
301 342
302 377
303 234
304 230
305 208
306 211
307 174
308 196
309 149
310 158
311 145
312 117
313 97
314 87
315 85
316 81
317 78
318 56
319 57
320 82
321 52
322 62
323 51
324 44
325 53
326 38
327 42
328 27
329 29
330 30
331 26
332 23
333 19
334 15
335 10
336 6
337 6
338 8
339 9
340 8
341 16
342 9
343 7
344 3
345 8
346 5
347 14
348 5
349 3
350 6
351 7
352 2
353 5
354 6
355 3
356 4
357 7
358 2
359 0
360 0
361 0
362 2
363 0
364 0
365 0
366 0
367 0
368 0
369 0
370 0
371 0
372 0
373 1
