0 0
1 0
2 0
3 0
4 0
5 0
6 0
7 0
8 0
9 0
10 0
11 0
12 0
13 0
14 0
15 0
16 0
17 0
18 0
19 0
20 0
21 0
22 0
23 0
24 0
25 0
26 0
27 0
28 0
29 0
30 0
31 0
32 0
33 0
34 0
35 0
36 0
37 0
38 0
39 0
40 0
41 0
42 0
43 0
44 0
45 0
46 0
47 0
48 0
49 0
50 0
51 0
52 0
53 0
54 0
55 0
56 0
57 0
58 0
59 0
60 0
61 0
62 0
63 0
64 0
65 0
66 0
67 0
68 0
69 0
70 0
71 0
72 0
73 0
74 0
75 0
76 0
77 0
78 0
79 0
80 0
81 0
82 0
83 0
84 0
85 0
86 0
87 0
88 0
89 0
90 0
91 2
92 0
93 0
94 3
95 0
96 2
97 10
98 9
99 11
100 13
101 12
102 18
103 14
104 28
105 19
106 20
107 21
108 40
109 34
110 43
111 47
112 58
113 36
114 82
115 86
116 86
117 92
118 104
119 102
120 103
121 105
122 101
123 122
124 144
125 167
126 113
127 136
128 146
129 152
130 184
131 176
132 206
133 188
134 180
135 259
136 250
137 231
138 318
139 331
140 369
141 380
142 380
143 371
144 451
145 416
146 527
147 546
148 609
149 617
150 674
151 607
152 711
153 759
154 816
155 779
156 834
157 895
158 886
159 968
160 1030
161 1122
162 1125
163 1105
164 1272
165 1207
166 1241
167 1291
168 1240
169 1137
170 1171
171 1148
172 1307
173 1349
174 1270
175 1220
176 1292
177 1290
178 1280
179 1321
180 1460
181 1376
182 1415
183 1466
184 1467
185 1609
186 1604
187 1694
188 1688
189 1767
190 1876
191 2053
192 2149
193 2054
194 2182
195 2251
196 2291
197 2305
198 2321
199 2329
200 2246
201 2344
202 2377
203 2358
204 2370
205 2463
206 2598
207 2469
208 2701
209 2763
210 2901
211 3059
212 2777
213 2691
214 2641
215 2717
216 2791
217 2774
218 2587
219 2604
220 2543
221 2530
222 2487
223 2419
224 2378
225 2241
226 2182
227 2096
228 1958
229 1967
230 1815
231 1853
232 1801
233 1664
234 1688
235 1695
236 1650
237 1540
238 1534
239 1348
240 1396
241 1465
242 1425
243 1429
244 1301
245 1419
246 1534
247 1589
248 1576
249 1456
250 1534
251 1694
252 1569
253 1493
254 1530
255 1500
256 1515
257 1449
258 1348
259 1312
260 1118
261 1137
262 998
263 973
264 949
265 868
266 744
267 761
268 721
269 672
270 692
271 633
272 596
273 626
274 555
275 528
276 503
277 496
278 478
279 501
280 424
281 462
282 418
283 327
284 309
285 291
286 264
287 229
288 245
289 202
290 208
291 216
292 230
293 210
294 200
295 210
296 161
297 151
298 167
299 186
300 188
301 155
302 138
303 121
304 107
305 92
306 71
307 64
308 51
309 44
310 32
311 31
312 20
313 22
314 34
315 33
316 34
317 27
318 22
319 24
320 18
321 17
322 17
323 9
324 14
325 5
326 7
327 15
328 7
329 6
330 12
331 4
332 6
333 5
334 6
335 4
336 1
337 1
338 1
339 1
340 0
341 1
