0 0
1 0
2 0
3 0
4 0
5 0
6 0
7 0
8 0
9 0
10 0
11 0
12 0
13 0
14 0
15 0
16 0
17 0
18 0
19 0
20 0
21 0
22 0
23 0
24 0
25 0
26 0
27 0
28 0
29 0
30 0
31 0
32 0
33 0
34 0
35 0
36 0
37 0
38 0
39 0
40 0
41 0
42 0
43 0
44 0
45 0
46 0
47 0
48 0
49 0
50 0
51 0
52 0
53 0
54 0
55 0
56 0
57 0
58 0
59 0
60 0
61 0
62 0
63 0
64 0
65 0
66 0
67 0
68 0
69 0
70 0
71 0
72 0
73 0
74 0
75 0
76 0
77 0
78 0
79 0
80 0
81 0
82 0
83 0
84 0
85 0
86 0
87 0
88 0
89 0
90 0
91 0
92 0
93 0
94 0
95 0
96 0
97 0
98 0
99 0
100 0
101 0
102 1
103 0
104 4
105 3
106 11
107 6
108 15
109 11
110 42
111 35
112 81
113 98
114 108
115 158
116 201
117 189
118 187
119 158
120 199
121 152
122 149
123 137
124 137
125 140
126 119
127 114
128 92
129 126
130 118
131 117
132 116
133 94
134 132
135 154
136 118
137 140
138 170
139 200
140 208
141 213
142 244
143 302
144 352
145 393
146 424
147 451
148 503
149 682
150 689
151 714
152 791
153 867
154 879
155 838
156 787
157 868
158 852
159 806
160 823
161 846
162 817
163 885
164 878
165 814
166 954
167 890
168 962
169 1009
170 1040
171 1014
172 1067
173 1158
174 1126
175 1176
176 1227
177 1298
178 1264
179 1384
180 1292
181 1463
182 1724
183 1692
184 1673
185 1769
186 1864
187 1971
188 1972
189 2154
190 2098
191 2029
192 2038
193 2086
194 2070
195 2039
196 2075
197 2160
198 2081
199 2049
200 2047
201 2108
202 2151
203 2147
204 2285
205 2370
206 2402
207 2327
208 2337
209 2334
210 2448
211 2400
212 2393
213 2267
214 2259
215 2173
216 2310
217 2465
218 2469
219 2395
220 2524
221 2522
222 2477
223 2564
224 2540
225 2316
226 2286
227 2273
228 2158
229 2147
230 2128
231 2113
232 2006
233 1923
234 1908
235 1903
236 1885
237 1799
238 1676
239 1654
240 1678
241 1634
242 1417
243 1481
244 1504
245 1428
246 1382
247 1311
248 1351
249 1354
250 1198
251 1301
252 1250
253 1152
254 1075
255 1035
256 1073
257 1020
258 987
259 950
260 950
261 896
262 977
263 975
264 916
265 969
266 927
267 980
268 940
269 834
270 968
271 868
272 837
273 873
274 846
275 779
276 749
277 660
278 677
279 584
280 574
281 507
282 514
283 503
284 450
285 388
286 452
287 435
288 370
289 411
290 408
291 346
292 393
293 384
294 372
295 324
296 284
297 310
298 322
299 278
300 281
301 284
302 282
303 268
304 245
305 309
306 258
307 249
308 258
309 221
310 214
311 186
312 202
313 216
314 181
315 165
316 148
317 151
318 149
319 142
320 130
321 107
322 105
323 93
324 84
325 97
326 87
327 66
328 78
329 94
330 96
331 72
332 65
333 83
334 75
335 101
336 72
337 70
338 95
339 103
340 81
341 68
342 76
343 34
344 44
345 36
346 42
347 61
348 22
349 24
350 14
351 12
352 11
353 13
354 10
355 10
356 8
357 3
358 9
359 1
360 3
361 4
362 3
363 1
364 0
365 1
366 0
367 1
368 0
369 0
370 1
