0 0
1 0
2 0
3 0
4 0
5 0
6 0
7 0
8 0
9 0
10 0
11 0
12 0
13 0
14 0
15 0
16 0
17 0
18 0
19 0
20 0
21 0
22 0
23 0
24 1
25 0
26 0
27 0
28 0
29 2
30 0
31 0
32 0
33 0
34 0
35 2
36 0
37 0
38 2
39 0
40 0
41 0
42 0
43 0
44 0
45 0
46 2
47 0
48 0
49 0
50 0
51 0
52 0
53 0
54 1
55 0
56 0
57 0
58 0
59 0
60 0
61 0
62 2
63 0
64 0
65 0
66 0
67 0
68 0
69 0
70 0
71 0
72 0
73 2
74 0
75 2
76 0
77 0
78 0
79 0
80 0
81 0
82 2
83 0
84 0
85 0
86 0
87 0
88 0
89 0
90 0
91 0
92 0
93 0
94 0
95 0
96 0
97 0
98 2
99 0
100 0
101 0
102 0
103 0
104 1
105 2
106 0
107 0
108 0
109 2
110 0
111 0
112 0
113 0
114 0
115 1
116 0
117 0
118 1
119 0
120 2
121 0
122 3
123 4
124 4
125 2
126 2
127 4
128 9
129 6
130 9
131 11
132 6
133 9
134 3
135 8
136 14
137 23
138 16
139 18
140 23
141 26
142 16
143 39
144 42
145 38
146 36
147 42
148 50
149 68
150 63
151 50
152 67
153 61
154 89
155 77
156 111
157 123
158 130
159 160
160 179
161 198
162 134
163 216
164 217
165 227
166 228
167 322
168 318
169 321
170 332
171 312
172 361
173 440
174 433
175 444
176 412
177 433
178 446
179 424
180 414
181 419
182 496
183 457
184 506
185 609
186 603
187 673
188 730
189 830
190 890
191 1091
192 1178
193 1310
194 1374
195 1693
196 1728
197 1905
198 1727
199 1649
200 1654
201 1563
202 1673
203 1603
204 1676
205 1586
206 1755
207 1698
208 1701
209 1754
210 1618
211 1742
212 1520
213 1709
214 1766
215 1942
216 1977
217 2048
218 2110
219 2348
220 2119
221 2005
222 2103
223 2035
224 2018
225 2022
226 1953
227 2018
228 2095
229 2111
230 2162
231 2165
232 2240
233 2178
234 2090
235 2052
236 2225
237 2086
238 2079
239 2107
240 2252
241 2206
242 2167
243 2037
244 2146
245 2171
246 2075
247 2130
248 2061
249 2099
250 2085
251 2161
252 2116
253 2021
254 2172
255 2155
256 2118
257 2100
258 2097
259 2181
260 1955
261 2076
262 2128
263 2060
264 2078
265 2134
266 2131
267 2074
268 2163
269 2160
270 2166
271 2004
272 1984
273 1930
274 1810
275 1670
276 1717
277 1566
278 1653
279 1608
280 1455
281 1473
282 1273
283 1319
284 1228
285 1261
286 1191
287 1165
288 1133
289 1065
290 1019
291 912
292 836
293 778
294 818
295 713
296 729
297 642
298 645
299 517
300 498
301 482
302 503
303 473
304 563
305 513
306 562
307 568
308 548
309 596
310 616
311 737
312 729
313 736
314 721
315 609
316 614
317 489
318 406
319 404
320 324
321 246
322 248
323 209
324 145
325 133
326 151
327 118
328 102
329 94
330 91
331 85
332 86
333 55
334 56
335 41
336 37
337 36
338 35
339 23
340 35
341 33
342 26
343 22
344 24
345 22
346 18
347 20
348 13
349 16
350 10
351 11
352 10
353 13
354 14
355 6
356 11
357 7
358 8
359 8
360 3
361 4
362 1
363 1
364 0
365 0
366 1
367 0
368 0
369 1
370 0
371 1
372 0
373 0
374 0
375 0
376 0
377 0
378 0
379 1
