0 0
1 0
2 0
3 0
4 0
5 0
6 0
7 0
8 0
9 0
10 0
11 0
12 0
13 0
14 0
15 0
16 0
17 0
18 0
19 0
20 0
21 0
22 0
23 0
24 0
25 0
26 0
27 0
28 0
29 0
30 0
31 0
32 0
33 0
34 0
35 0
36 0
37 0
38 0
39 0
40 0
41 0
42 0
43 0
44 0
45 0
46 0
47 0
48 0
49 0
50 0
51 0
52 0
53 0
54 0
55 0
56 0
57 0
58 0
59 0
60 0
61 0
62 0
63 0
64 0
65 0
66 0
67 0
68 0
69 0
70 0
71 0
72 0
73 0
74 0
75 0
76 0
77 0
78 0
79 0
80 0
81 0
82 0
83 0
84 0
85 0
86 0
87 0
88 0
89 0
90 0
91 0
92 0
93 0
94 0
95 0
96 0
97 0
98 0
99 0
100 0
101 1
102 1
103 0
104 2
105 1
106 3
107 6
108 1
109 4
110 2
111 5
112 6
113 7
114 6
115 7
116 5
117 9
118 16
119 11
120 18
121 15
122 16
123 23
124 26
125 19
126 15
127 32
128 25
129 32
130 18
131 31
132 41
133 60
134 82
135 119
136 122
137 170
138 147
139 190
140 180
141 171
142 255
143 184
144 230
145 260
146 261
147 225
148 245
149 251
150 239
151 276
152 274
153 330
154 376
155 396
156 412
157 498
158 531
159 512
160 546
161 551
162 626
163 682
164 685
165 708
166 831
167 854
168 923
169 864
170 1017
171 997
172 996
173 973
174 1078
175 1161
176 1276
177 1242
178 1298
179 1324
180 1391
181 1458
182 1333
183 1473
184 1511
185 1652
186 1646
187 1651
188 1923
189 1814
190 1981
191 1973
192 2026
193 2065
194 2103
195 2231
196 2223
197 2073
198 2243
199 2295
200 2278
201 2407
202 2424
203 2371
204 2388
205 2491
206 2466
207 2255
208 2278
209 2295
210 2313
211 2378
212 2275
213 2312
214 2226
215 2358
216 2347
217 2418
218 2407
219 2397
220 2461
221 2509
222 2586
223 2780
224 2598
225 2721
226 2616
227 2527
228 2646
229 2544
230 2563
231 2428
232 2363
233 2324
234 2217
235 2126
236 2213
237 2111
238 1988
239 2038
240 2044
241 1950
242 1881
243 1885
244 1832
245 1841
246 1765
247 1881
248 1770
249 1751
250 1778
251 1738
252 1706
253 1547
254 1573
255 1486
256 1336
257 1267
258 1270
259 1151
260 1125
261 1079
262 1098
263 1006
264 989
265 1003
266 933
267 924
268 865
269 866
270 864
271 892
272 776
273 828
274 715
275 714
276 744
277 723
278 861
279 802
280 758
281 657
282 647
283 610
284 547
285 492
286 490
287 485
288 406
289 387
290 340
291 351
292 370
293 284
294 284
295 266
296 241
297 208
298 225
299 201
300 180
301 179
302 148
303 150
304 172
305 152
306 165
307 132
308 159
309 161
310 107
311 147
312 113
313 121
314 97
315 83
316 67
317 65
318 60
319 62
320 62
321 52
322 45
323 39
324 34
325 38
326 28
327 33
328 20
329 23
330 22
331 18
332 18
333 19
334 17
335 10
336 11
337 9
338 8
339 8
340 13
341 9
342 7
343 7
344 8
345 6
346 9
347 6
348 8
349 11
350 8
351 11
352 8
353 8
354 9
355 9
356 6
357 10
358 2
359 4
360 7
361 5
362 1
363 7
364 2
365 6
366 7
367 1
368 2
369 1
370 2
371 3
372 1
373 3
374 2
375 1
376 1
377 4
378 0
379 0
380 0
381 1
382 0
383 1
384 0
385 0
386 0
387 0
388 0
389 0
390 1
391 1
