0 0
1 0
2 0
3 0
4 0
5 0
6 0
7 0
8 0
9 0
10 0
11 0
12 0
13 0
14 0
15 0
16 0
17 0
18 0
19 0
20 0
21 0
22 0
23 0
24 0
25 0
26 0
27 0
28 0
29 0
30 0
31 0
32 0
33 0
34 0
35 0
36 0
37 0
38 0
39 0
40 0
41 0
42 0
43 0
44 0
45 0
46 0
47 0
48 0
49 0
50 0
51 0
52 0
53 0
54 0
55 0
56 0
57 0
58 0
59 0
60 0
61 0
62 0
63 0
64 0
65 0
66 0
67 0
68 0
69 0
70 0
71 0
72 0
73 0
74 0
75 0
76 0
77 0
78 0
79 0
80 0
81 0
82 0
83 1
84 0
85 0
86 0
87 1
88 0
89 0
90 0
91 0
92 0
93 0
94 0
95 0
96 3
97 4
98 4
99 2
100 5
101 5
102 8
103 8
104 6
105 14
106 9
107 13
108 6
109 17
110 12
111 15
112 26
113 18
114 32
115 36
116 34
117 53
118 31
119 33
120 38
121 51
122 53
123 57
124 69
125 58
126 49
127 49
128 64
129 70
130 77
131 92
132 109
133 98
134 138
135 135
136 201
137 233
138 266
139 333
140 332
141 388
142 374
143 472
144 531
145 488
146 560
147 550
148 630
149 578
150 641
151 654
152 721
153 765
154 749
155 878
156 866
157 841
158 932
159 1037
160 1007
161 910
162 989
163 1057
164 1020
165 1082
166 1065
167 1040
168 1128
169 1104
170 1240
171 1254
172 1416
173 1280
174 1391
175 1441
176 1454
177 1571
178 1406
179 1498
180 1419
181 1532
182 1580
183 1547
184 1508
185 1609
186 1789
187 1791
188 1777
189 1898
190 2085
191 2108
192 2199
193 2107
194 2284
195 2457
196 2346
197 2271
198 2296
199 2087
200 2001
201 2004
202 1865
203 1901
204 1826
205 1826
206 1747
207 1772
208 1738
209 1696
210 1659
211 1755
212 1727
213 1805
214 1760
215 1842
216 1857
217 1867
218 1797
219 1839
220 1812
221 2063
222 1963
223 1947
224 2020
225 2018
226 2062
227 2116
228 2019
229 1997
230 2011
231 1830
232 1829
233 1801
234 1843
235 1893
236 1935
237 1861
238 1980
239 1884
240 1778
241 1676
242 1579
243 1603
244 1622
245 1544
246 1639
247 1580
248 1753
249 1722
250 1773
251 1694
252 1861
253 1774
254 1834
255 1724
256 1762
257 1759
258 1531
259 1560
260 1467
261 1420
262 1385
263 1352
264 1289
265 1159
266 1124
267 1218
268 1051
269 902
270 964
271 897
272 940
273 869
274 806
275 772
276 667
277 671
278 590
279 562
280 519
281 514
282 507
283 397
284 425
285 413
286 433
287 395
288 361
289 400
290 398
291 407
292 358
293 422
294 377
295 307
296 335
297 340
298 363
299 382
300 368
301 338
302 337
303 375
304 317
305 311
306 272
307 326
308 257
309 198
310 180
311 154
312 170
313 154
314 159
315 148
316 130
317 104
318 84
319 78
320 76
321 70
322 56
323 63
324 37
325 36
326 52
327 35
328 20
329 40
330 40
331 28
332 33
333 20
334 26
335 22
336 21
337 32
338 15
339 18
340 19
341 11
342 14
343 15
344 7
345 16
346 25
347 16
348 14
349 18
350 19
351 14
352 18
353 30
354 12
355 7
356 8
357 6
358 2
359 7
360 6
361 10
362 3
363 6
364 3
365 5
366 3
367 6
368 4
369 2
370 1
371 1
372 4
373 1
374 0
375 2
376 2
377 0
378 0
379 2
380 1
381 0
382 0
383 1
