0 0
1 0
2 0
3 0
4 0
5 0
6 0
7 0
8 0
9 0
10 0
11 0
12 0
13 0
14 0
15 0
16 0
17 0
18 0
19 0
20 0
21 0
22 0
23 0
24 0
25 0
26 0
27 0
28 0
29 0
30 0
31 0
32 0
33 2
34 0
35 0
36 0
37 0
38 0
39 0
40 0
41 0
42 0
43 0
44 0
45 0
46 0
47 0
48 0
49 2
50 0
51 0
52 0
53 0
54 0
55 0
56 0
57 0
58 0
59 0
60 0
61 0
62 0
63 0
64 0
65 0
66 0
67 0
68 0
69 0
70 5
71 4
72 0
73 3
74 0
75 1
76 0
77 0
78 0
79 0
80 0
81 0
82 0
83 4
84 0
85 0
86 0
87 0
88 0
89 0
90 0
91 0
92 0
93 0
94 0
95 3
96 0
97 0
98 0
99 0
100 0
101 0
102 0
103 0
104 0
105 0
106 0
107 0
108 0
109 0
110 0
111 3
112 0
113 2
114 0
115 1
116 0
117 0
118 0
119 2
120 3
121 0
122 11
123 6
124 6
125 4
126 2
127 2
128 5
129 3
130 6
131 6
132 5
133 11
134 20
135 15
136 26
137 17
138 39
139 31
140 37
141 45
142 35
143 53
144 66
145 66
146 52
147 67
148 80
149 121
150 84
151 108
152 102
153 137
154 152
155 149
156 180
157 222
158 197
159 241
160 257
161 233
162 255
163 267
164 287
165 352
166 389
167 427
168 429
169 453
170 412
171 479
172 543
173 569
174 570
175 701
176 648
177 667
178 682
179 810
180 806
181 829
182 876
183 888
184 1076
185 1130
186 1216
187 1177
188 1152
189 1202
190 1335
191 1304
192 1405
193 1427
194 1432
195 1587
196 1505
197 1622
198 1697
199 1689
200 1817
201 1774
202 1797
203 1854
204 1852
205 1819
206 1842
207 1992
208 2136
209 2049
210 1968
211 1829
212 1914
213 1922
214 2046
215 1975
216 1865
217 2041
218 1959
219 2035
220 1967
221 1914
222 2052
223 2111
224 1899
225 2170
226 2002
227 1984
228 2121
229 1991
230 2089
231 2105
232 2033
233 2183
234 2200
235 2246
236 2234
237 2218
238 2139
239 2203
240 2136
241 2098
242 1975
243 2039
244 1973
245 2057
246 2041
247 2029
248 1893
249 1908
250 2000
251 2015
252 2005
253 2007
254 2162
255 1984
256 2093
257 2002
258 1928
259 1804
260 1890
261 1719
262 1685
263 1646
264 1668
265 1712
266 1731
267 1568
268 1608
269 1564
270 1778
271 1717
272 1743
273 1819
274 1742
275 1704
276 1664
277 1582
278 1572
279 1484
280 1464
281 1327
282 1302
283 1356
284 1213
285 1210
286 1167
287 1122
288 1040
289 955
290 1006
291 844
292 706
293 696
294 579
295 601
296 525
297 464
298 459
299 397
300 438
301 410
302 420
303 449
304 398
305 390
306 352
307 316
308 333
309 271
310 239
311 237
312 249
313 212
314 217
315 215
316 189
317 180
318 192
319 189
320 185
321 210
322 186
323 201
324 135
325 168
326 139
327 129
328 134
329 111
330 130
331 140
332 114
333 80
334 141
335 73
336 100
337 82
338 112
339 107
340 152
341 100
342 80
343 152
344 83
345 64
346 151
347 132
348 124
349 141
350 157
351 134
352 156
353 126
354 135
355 120
356 118
357 94
358 118
359 89
360 61
361 58
362 41
363 21
364 18
365 16
366 17
367 18
368 7
369 7
370 5
371 3
372 2
373 0
374 0
375 0
376 2
377 1
378 0
379 2
380 0
381 1
