0 0
1 0
2 0
3 0
4 0
5 0
6 0
7 0
8 0
9 0
10 0
11 0
12 0
13 0
14 0
15 0
16 0
17 0
18 0
19 0
20 0
21 0
22 0
23 0
24 0
25 0
26 0
27 0
28 0
29 0
30 0
31 0
32 0
33 0
34 0
35 0
36 0
37 0
38 0
39 0
40 0
41 0
42 0
43 0
44 0
45 0
46 0
47 0
48 0
49 0
50 0
51 0
52 0
53 0
54 0
55 0
56 0
57 0
58 0
59 0
60 0
61 0
62 0
63 0
64 0
65 0
66 0
67 0
68 0
69 0
70 0
71 0
72 0
73 0
74 0
75 0
76 0
77 0
78 0
79 0
80 0
81 0
82 0
83 0
84 0
85 0
86 0
87 0
88 0
89 0
90 0
91 0
92 0
93 0
94 0
95 0
96 0
97 1
98 0
99 2
100 2
101 0
102 0
103 1
104 2
105 2
106 5
107 4
108 5
109 3
110 3
111 1
112 1
113 7
114 0
115 4
116 6
117 5
118 3
119 5
120 4
121 2
122 6
123 5
124 11
125 4
126 9
127 11
128 8
129 8
130 6
131 3
132 11
133 14
134 10
135 19
136 14
137 15
138 18
139 18
140 21
141 12
142 18
143 27
144 30
145 27
146 37
147 34
148 30
149 32
150 64
151 54
152 64
153 52
154 50
155 70
156 83
157 78
158 57
159 81
160 85
161 85
162 89
163 126
164 98
165 92
166 106
167 107
168 96
169 131
170 159
171 123
172 185
173 193
174 189
175 216
176 213
177 263
178 262
179 278
180 279
181 294
182 298
183 305
184 291
185 309
186 316
187 294
188 351
189 357
190 381
191 409
192 410
193 491
194 462
195 530
196 571
197 616
198 632
199 594
200 710
201 717
202 759
203 757
204 869
205 839
206 979
207 1004
208 986
209 1050
210 1122
211 1157
212 1169
213 1214
214 1245
215 1259
216 1435
217 1363
218 1480
219 1499
220 1646
221 1629
222 1825
223 1869
224 1969
225 1796
226 2023
227 1937
228 1983
229 2036
230 2128
231 2144
232 2169
233 2154
234 2275
235 2413
236 2302
237 2508
238 2494
239 2568
240 2603
241 2436
242 2527
243 2615
244 2626
245 2678
246 2842
247 2842
248 2904
249 2963
250 2987
251 2857
252 2780
253 2852
254 2630
255 2619
256 2495
257 2310
258 2344
259 2201
260 2283
261 2256
262 2235
263 2234
264 2176
265 2251
266 2230
267 2072
268 2078
269 2184
270 2140
271 2080
272 2103
273 2079
274 2061
275 1954
276 1845
277 1858
278 1817
279 1803
280 1565
281 1566
282 1488
283 1603
284 1587
285 1553
286 1465
287 1470
288 1365
289 1485
290 1324
291 1387
292 1298
293 1285
294 1324
295 1284
296 1297
297 1291
298 1267
299 1265
300 1323
301 1255
302 1150
303 1165
304 1056
305 994
306 929
307 892
308 847
309 752
310 628
311 630
312 559
313 535
314 510
315 450
316 446
317 403
318 388
319 427
320 369
321 292
322 317
323 336
324 331
325 275
326 325
327 277
328 240
329 210
330 194
331 226
332 188
333 196
334 187
335 188
336 144
337 136
338 142
339 111
340 128
341 110
342 107
343 109
344 93
345 113
346 140
347 131
348 114
349 111
350 125
351 111
352 96
353 118
354 98
355 92
356 50
357 48
358 29
359 41
360 29
361 34
362 28
363 12
364 20
365 20
366 14
367 10
368 7
369 15
370 13
371 16
372 8
373 12
374 6
375 10
376 14
377 3
378 0
379 7
380 1
381 6
382 3
383 5
384 1
385 2
386 6
387 1
388 3
389 5
390 5
391 2
392 0
393 3
394 3
395 2
396 4
397 0
398 0
399 0
400 1
401 0
402 0
403 0
404 0
405 0
406 0
407 1
