0 0
1 0
2 0
3 0
4 0
5 0
6 0
7 0
8 0
9 0
10 0
11 0
12 0
13 0
14 0
15 0
16 0
17 0
18 0
19 0
20 0
21 0
22 0
23 0
24 0
25 0
26 0
27 0
28 0
29 0
30 0
31 0
32 0
33 0
34 0
35 0
36 0
37 0
38 0
39 0
40 0
41 0
42 0
43 0
44 0
45 0
46 0
47 0
48 0
49 0
50 0
51 0
52 0
53 0
54 0
55 0
56 0
57 0
58 0
59 0
60 0
61 0
62 0
63 0
64 0
65 0
66 0
67 0
68 0
69 0
70 0
71 0
72 0
73 0
74 0
75 0
76 0
77 0
78 0
79 0
80 0
81 0
82 0
83 0
84 0
85 0
86 0
87 0
88 0
89 0
90 0
91 0
92 0
93 0
94 0
95 0
96 0
97 0
98 0
99 0
100 0
101 1
102 1
103 1
104 3
105 0
106 2
107 6
108 7
109 7
110 6
111 8
112 6
113 7
114 10
115 10
116 10
117 12
118 15
119 17
120 15
121 13
122 17
123 27
124 23
125 33
126 24
127 15
128 28
129 30
130 35
131 33
132 53
133 59
134 65
135 101
136 80
137 104
138 142
139 141
140 180
141 154
142 178
143 214
144 190
145 236
146 220
147 202
148 237
149 244
150 289
151 362
152 368
153 417
154 400
155 509
156 469
157 513
158 491
159 484
160 514
161 582
162 664
163 599
164 651
165 705
166 707
167 711
168 875
169 843
170 835
171 882
172 886
173 904
174 915
175 920
176 935
177 956
178 957
179 956
180 1014
181 1011
182 1049
183 1126
184 1193
185 1204
186 1287
187 1421
188 1435
189 1509
190 1546
191 1677
192 1729
193 1856
194 2067
195 2108
196 2242
197 2176
198 2401
199 2607
200 2580
201 2768
202 2781
203 2949
204 2735
205 2826
206 2900
207 2951
208 2975
209 2996
210 3013
211 2953
212 3122
213 3059
214 3200
215 2977
216 3054
217 3069
218 3037
219 3135
220 3129
221 2906
222 2785
223 2631
224 2610
225 2418
226 2320
227 2327
228 2300
229 2231
230 2046
231 1992
232 1825
233 1925
234 1825
235 1618
236 1564
237 1430
238 1415
239 1466
240 1373
241 1345
242 1409
243 1263
244 1226
245 1212
246 1180
247 1277
248 1163
249 1116
250 1181
251 1136
252 1068
253 1148
254 1171
255 1120
256 1131
257 1239
258 1147
259 1116
260 1152
261 1073
262 1105
263 1048
264 1076
265 1038
266 1067
267 1015
268 982
269 923
270 931
271 966
272 991
273 969
274 952
275 963
276 976
277 948
278 861
279 882
280 916
281 874
282 832
283 874
284 791
285 766
286 648
287 672
288 618
289 554
290 580
291 609
292 573
293 566
294 474
295 449
296 468
297 410
298 436
299 421
300 332
301 398
302 377
303 318
304 332
305 287
306 315
307 269
308 257
309 240
310 226
311 206
312 226
313 219
314 252
315 224
316 235
317 199
318 155
319 174
320 172
321 152
322 157
323 127
324 108
325 106
326 98
327 80
328 98
329 64
330 54
331 43
332 38
333 28
334 27
335 19
336 21
337 20
338 29
339 11
340 6
341 14
342 8
343 6
344 4
345 6
346 4
347 2
348 5
349 4
350 9
351 3
352 8
353 4
354 4
355 3
356 7
357 0
358 0
359 2
360 0
361 2
362 1
363 3
364 4
365 1
366 2
367 0
368 2
369 0
370 0
371 1
372 0
373 1
