0 0
1 0
2 0
3 0
4 0
5 0
6 0
7 0
8 0
9 0
10 0
11 0
12 0
13 0
14 0
15 0
16 0
17 0
18 0
19 0
20 0
21 0
22 0
23 0
24 0
25 0
26 0
27 0
28 0
29 0
30 0
31 0
32 0
33 0
34 0
35 0
36 0
37 0
38 0
39 0
40 0
41 0
42 0
43 0
44 0
45 0
46 0
47 0
48 0
49 0
50 0
51 0
52 0
53 0
54 0
55 0
56 0
57 0
58 0
59 0
60 0
61 0
62 0
63 0
64 0
65 0
66 0
67 0
68 0
69 0
70 0
71 0
72 0
73 1
74 1
75 1
76 1
77 1
78 0
79 2
80 1
81 1
82 2
83 0
84 2
85 0
86 2
87 1
88 0
89 3
90 2
91 0
92 1
93 2
94 3
95 3
96 2
97 2
98 3
99 5
100 2
101 0
102 0
103 3
104 7
105 1
106 7
107 4
108 6
109 10
110 3
111 5
112 8
113 5
114 5
115 4
116 7
117 1
118 3
119 3
120 4
121 2
122 7
123 8
124 4
125 3
126 2
127 4
128 5
129 3
130 4
131 5
132 9
133 9
134 8
135 17
136 13
137 10
138 13
139 18
140 10
141 15
142 16
143 25
144 12
145 24
146 29
147 15
148 21
149 30
150 36
151 21
152 45
153 34
154 45
155 55
156 78
157 88
158 72
159 91
160 103
161 122
162 101
163 112
164 104
165 109
166 134
167 106
168 150
169 117
170 110
171 121
172 130
173 117
174 127
175 151
176 106
177 146
178 187
179 146
180 142
181 148
182 142
183 162
184 151
185 148
186 184
187 198
188 264
189 283
190 293
191 287
192 305
193 351
194 386
195 377
196 415
197 485
198 505
199 611
200 621
201 716
202 689
203 807
204 938
205 805
206 921
207 953
208 976
209 877
210 872
211 927
212 812
213 837
214 822
215 817
216 715
217 731
218 749
219 755
220 868
221 820
222 813
223 875
224 840
225 902
226 948
227 955
228 1051
229 1069
230 1032
231 1201
232 1278
233 1407
234 1364
235 1496
236 1559
237 1572
238 1695
239 1720
240 1754
241 1748
242 1888
243 1946
244 2030
245 2066
246 2040
247 2061
248 2096
249 2037
250 2215
251 2083
252 2136
253 2380
254 2239
255 2225
256 2213
257 2250
258 2181
259 2083
260 2275
261 2165
262 2238
263 2293
264 2414
265 2323
266 2433
267 2614
268 2539
269 2576
270 2704
271 2510
272 2655
273 2735
274 2589
275 2708
276 2618
277 2504
278 2437
279 2530
280 2324
281 2365
282 2166
283 2283
284 2224
285 2186
286 2153
287 2271
288 2200
289 2237
290 2112
291 1857
292 1859
293 1964
294 1895
295 1888
296 1934
297 1854
298 1885
299 1958
300 1923
301 2131
302 1990
303 1934
304 1831
305 1782
306 1680
307 1601
308 1537
309 1377
310 1276
311 1198
312 1154
313 1033
314 911
315 775
316 691
317 606
318 631
319 541
320 467
321 444
322 474
323 385
324 428
325 392
326 368
327 375
328 372
329 326
330 335
331 329
332 350
333 373
334 329
335 293
336 311
337 317
338 276
339 296
340 276
341 274
342 276
343 284
344 304
345 282
346 285
347 251
348 264
349 256
350 236
351 234
352 216
353 184
354 213
355 183
356 135
357 137
358 95
359 100
360 97
361 60
362 84
363 52
364 36
365 28
366 44
367 35
368 31
369 30
370 26
371 17
372 6
373 5
374 14
375 2
376 10
377 8
378 3
379 4
380 11
381 1
382 6
383 7
384 3
385 4
386 2
387 2
388 1
389 3
390 3
391 0
392 1
393 1
394 2
395 2
396 2
397 0
398 0
399 1
400 1
