0 0
1 0
2 0
3 0
4 0
5 0
6 0
7 0
8 0
9 0
10 0
11 0
12 0
13 0
14 0
15 0
16 0
17 0
18 0
19 0
20 0
21 0
22 0
23 0
24 0
25 0
26 0
27 0
28 0
29 0
30 0
31 0
32 0
33 0
34 0
35 0
36 0
37 0
38 0
39 0
40 0
41 0
42 0
43 0
44 0
45 0
46 0
47 0
48 0
49 0
50 0
51 0
52 0
53 0
54 0
55 0
56 0
57 0
58 0
59 0
60 0
61 0
62 0
63 0
64 0
65 0
66 0
67 0
68 0
69 0
70 0
71 0
72 0
73 0
74 0
75 0
76 0
77 0
78 0
79 0
80 0
81 0
82 0
83 0
84 0
85 0
86 0
87 0
88 0
89 0
90 0
91 0
92 0
93 0
94 0
95 0
96 0
97 0
98 0
99 0
100 0
101 0
102 0
103 0
104 0
105 0
106 0
107 0
108 0
109 0
110 0
111 0
112 0
113 0
114 1
115 0
116 0
117 1
118 2
119 4
120 1
121 6
122 4
123 6
124 6
125 15
126 6
127 13
128 25
129 12
130 24
131 38
132 29
133 39
134 52
135 50
136 76
137 61
138 90
139 72
140 92
141 82
142 118
143 102
144 86
145 79
146 91
147 92
148 112
149 113
150 111
151 126
152 103
153 94
154 114
155 90
156 105
157 108
158 111
159 122
160 124
161 137
162 172
163 212
164 177
165 216
166 263
167 282
168 290
169 262
170 273
171 299
172 319
173 360
174 393
175 378
176 388
177 449
178 585
179 572
180 604
181 721
182 622
183 625
184 702
185 761
186 781
187 885
188 995
189 1017
190 1030
191 1104
192 1109
193 1221
194 1178
195 1159
196 1275
197 1291
198 1302
199 1380
200 1417
201 1510
202 1551
203 1761
204 1802
205 1882
206 1898
207 1969
208 2102
209 2171
210 2291
211 2258
212 2369
213 2224
214 2401
215 2332
216 2436
217 2562
218 2566
219 2653
220 2634
221 2605
222 2488
223 2575
224 2500
225 2407
226 2375
227 2632
228 2537
229 2398
230 2406
231 2263
232 2344
233 2349
234 2240
235 2308
236 2333
237 2417
238 2290
239 2390
240 2453
241 2422
242 2423
243 2480
244 2427
245 2352
246 2402
247 2521
248 2510
249 2462
250 2237
251 2148
252 2057
253 1934
254 1870
255 1887
256 1776
257 1804
258 1851
259 1737
260 1792
261 1961
262 1842
263 1840
264 1831
265 1818
266 1846
267 1892
268 1929
269 1906
270 1815
271 1634
272 1672
273 1606
274 1629
275 1375
276 1395
277 1252
278 1274
279 1208
280 1161
281 1128
282 987
283 1015
284 1082
285 948
286 1002
287 851
288 812
289 807
290 617
291 659
292 593
293 626
294 551
295 549
296 580
297 598
298 683
299 574
300 558
301 617
302 531
303 492
304 544
305 546
306 447
307 495
308 414
309 412
310 406
311 396
312 265
313 268
314 274
315 194
316 214
317 176
318 149
319 145
320 151
321 128
322 122
323 96
324 88
325 79
326 61
327 63
328 49
329 55
330 47
331 31
332 43
333 63
334 69
335 69
336 42
337 31
338 26
339 20
340 18
341 10
342 4
343 5
344 2
345 3
346 1
347 4
348 2
349 1
350 4
351 0
352 0
353 0
354 0
355 2
356 2
357 6
358 2
359 1
360 2
361 1
362 1
363 0
364 4
365 0
366 0
367 1
368 0
369 1
370 0
371 0
372 0
373 0
374 1
375 0
376 0
377 0
378 0
379 0
380 1
381 0
382 0
383 1
384 0
385 1
