0 0
1 0
2 0
3 0
4 0
5 0
6 0
7 0
8 0
9 0
10 0
11 0
12 0
13 0
14 0
15 0
16 0
17 0
18 0
19 0
20 0
21 0
22 0
23 0
24 0
25 0
26 0
27 0
28 0
29 0
30 0
31 0
32 0
33 0
34 0
35 0
36 0
37 0
38 0
39 0
40 0
41 0
42 0
43 0
44 0
45 0
46 0
47 0
48 0
49 0
50 0
51 0
52 0
53 0
54 0
55 0
56 0
57 0
58 0
59 0
60 0
61 0
62 0
63 0
64 0
65 0
66 0
67 0
68 0
69 0
70 0
71 0
72 0
73 0
74 0
75 0
76 0
77 0
78 0
79 0
80 0
81 0
82 0
83 0
84 0
85 0
86 0
87 0
88 0
89 0
90 0
91 0
92 0
93 0
94 0
95 0
96 0
97 0
98 0
99 0
100 0
101 0
102 0
103 0
104 0
105 0
106 0
107 0
108 0
109 0
110 0
111 0
112 0
113 0
114 0
115 0
116 0
117 0
118 0
119 0
120 1
121 0
122 2
123 3
124 0
125 2
126 5
127 6
128 11
129 15
130 35
131 36
132 27
133 25
134 39
135 32
136 29
137 24
138 27
139 31
140 55
141 55
142 34
143 60
144 77
145 86
146 67
147 72
148 89
149 95
150 91
151 119
152 165
153 160
154 190
155 213
156 227
157 219
158 268
159 251
160 342
161 332
162 377
163 400
164 420
165 410
166 555
167 530
168 540
169 580
170 588
171 673
172 699
173 728
174 792
175 839
176 913
177 947
178 1051
179 1070
180 1170
181 1186
182 1205
183 1132
184 1261
185 1272
186 1326
187 1354
188 1324
189 1451
190 1499
191 1422
192 1565
193 1714
194 1731
195 1710
196 2010
197 1934
198 2046
199 2030
200 2227
201 1834
202 1926
203 1962
204 1845
205 1985
206 2013
207 2132
208 2261
209 2291
210 2281
211 2352
212 2346
213 2547
214 2470
215 2648
216 2566
217 2561
218 2449
219 2666
220 2582
221 2592
222 2554
223 2574
224 2616
225 2791
226 2808
227 2763
228 3070
229 3083
230 2860
231 2801
232 2706
233 2742
234 2565
235 2564
236 2463
237 2415
238 2371
239 2429
240 2430
241 2157
242 2269
243 2074
244 2093
245 2012
246 1934
247 1821
248 1792
249 1723
250 1807
251 1713
252 1708
253 1690
254 1666
255 1756
256 1544
257 1649
258 1590
259 1522
260 1471
261 1412
262 1444
263 1526
264 1423
265 1403
266 1453
267 1414
268 1293
269 1409
270 1370
271 1267
272 1173
273 1128
274 1166
275 1093
276 1045
277 1084
278 1067
279 1009
280 932
281 888
282 732
283 770
284 760
285 763
286 721
287 602
288 553
289 528
290 466
291 379
292 305
293 314
294 267
295 269
296 262
297 232
298 261
299 206
300 213
301 191
302 202
303 159
304 176
305 170
306 148
307 169
308 137
309 115
310 127
311 109
312 107
313 64
314 107
315 97
316 98
317 111
318 87
319 102
320 76
321 68
322 76
323 92
324 50
325 71
326 76
327 39
328 33
329 40
330 47
331 44
332 35
333 37
334 19
335 39
336 23
337 30
338 16
339 13
340 16
341 16
342 12
343 8
344 6
345 9
346 7
347 1
348 3
349 1
350 4
351 0
352 0
353 2
