0 0
1 0
2 0
3 0
4 0
5 0
6 0
7 0
8 0
9 0
10 0
11 0
12 0
13 0
14 0
15 0
16 0
17 0
18 0
19 0
20 0
21 0
22 0
23 0
24 0
25 0
26 0
27 0
28 0
29 0
30 0
31 0
32 0
33 0
34 0
35 0
36 0
37 0
38 0
39 0
40 0
41 0
42 0
43 0
44 0
45 0
46 0
47 0
48 7
49 3
50 3
51 0
52 0
53 3
54 6
55 7
56 0
57 0
58 6
59 0
60 6
61 4
62 5
63 5
64 3
65 5
66 17
67 7
68 9
69 13
70 15
71 20
72 9
73 8
74 10
75 9
76 26
77 20
78 10
79 14
80 16
81 8
82 27
83 12
84 11
85 10
86 12
87 22
88 26
89 13
90 30
91 23
92 37
93 36
94 40
95 22
96 46
97 36
98 17
99 13
100 20
101 9
102 30
103 31
104 23
105 27
106 31
107 36
108 31
109 21
110 36
111 40
112 37
113 47
114 23
115 26
116 57
117 34
118 36
119 42
120 40
121 77
122 64
123 83
124 67
125 49
126 37
127 33
128 40
129 47
130 40
131 25
132 52
133 45
134 29
135 50
136 40
137 44
138 54
139 65
140 47
141 60
142 51
143 59
144 51
145 82
146 64
147 83
148 75
149 92
150 83
151 77
152 114
153 98
154 145
155 161
156 177
157 127
158 156
159 147
160 243
161 235
162 289
163 288
164 352
165 315
166 357
167 397
168 407
169 385
170 465
171 497
172 493
173 567
174 574
175 610
176 670
177 680
178 678
179 725
180 739
181 821
182 879
183 954
184 981
185 979
186 1042
187 1135
188 1104
189 1285
190 1385
191 1408
192 1423
193 1495
194 1630
195 1647
196 1614
197 1771
198 1680
199 1651
200 1746
201 1707
202 1834
203 2003
204 2040
205 2075
206 2236
207 2183
208 2215
209 2347
210 2218
211 2186
212 2328
213 2323
214 2380
215 2549
216 2482
217 2557
218 2623
219 2590
220 2512
221 2476
222 2301
223 2344
224 2429
225 2523
226 2502
227 2527
228 2628
229 2529
230 2436
231 2574
232 2477
233 2358
234 2333
235 2333
236 2243
237 2233
238 2410
239 2418
240 2508
241 2475
242 2567
243 2493
244 2452
245 2494
246 2241
247 2339
248 2221
249 2061
250 2021
251 1934
252 1899
253 1717
254 1743
255 1699
256 1672
257 1591
258 1604
259 1712
260 1611
261 1597
262 1467
263 1467
264 1560
265 1497
266 1561
267 1449
268 1503
269 1473
270 1466
271 1434
272 1395
273 1392
274 1223
275 1342
276 1366
277 1368
278 1393
279 1336
280 1423
281 1295
282 1249
283 1224
284 1085
285 1026
286 875
287 826
288 777
289 721
290 569
291 530
292 486
293 443
294 398
295 342
296 346
297 368
298 367
299 322
300 307
301 267
302 226
303 202
304 186
305 183
306 165
307 152
308 119
309 129
310 107
311 85
312 87
313 124
314 96
315 82
316 64
317 89
318 69
319 100
320 85
321 72
322 67
323 51
324 42
325 36
326 31
327 27
328 19
329 28
330 18
331 16
332 10
333 22
334 9
335 14
336 11
337 5
338 8
339 13
340 6
341 10
342 4
343 7
344 4
345 5
346 4
347 8
348 3
349 6
350 7
351 4
352 7
353 4
354 2
355 2
356 3
357 4
358 1
359 3
360 0
361 2
362 5
363 2
364 0
365 1
366 1
