0 0
1 0
2 0
3 0
4 0
5 0
6 0
7 0
8 0
9 0
10 0
11 0
12 0
13 0
14 0
15 0
16 0
17 0
18 0
19 0
20 0
21 0
22 0
23 0
24 0
25 0
26 0
27 0
28 0
29 0
30 0
31 0
32 0
33 0
34 0
35 0
36 0
37 0
38 0
39 0
40 0
41 0
42 0
43 1
44 0
45 0
46 0
47 0
48 0
49 0
50 0
51 0
52 0
53 0
54 0
55 0
56 0
57 0
58 0
59 0
60 0
61 0
62 0
63 0
64 0
65 0
66 0
67 0
68 0
69 0
70 0
71 0
72 0
73 0
74 0
75 0
76 0
77 0
78 0
79 0
80 0
81 0
82 0
83 0
84 0
85 0
86 0
87 0
88 0
89 0
90 0
91 0
92 0
93 0
94 0
95 0
96 0
97 0
98 0
99 0
100 0
101 1
102 1
103 1
104 0
105 2
106 3
107 1
108 1
109 3
110 0
111 2
112 5
113 3
114 0
115 4
116 2
117 5
118 1
119 2
120 4
121 1
122 8
123 6
124 7
125 6
126 11
127 10
128 13
129 23
130 14
131 29
132 15
133 24
134 25
135 23
136 21
137 17
138 20
139 27
140 30
141 15
142 42
143 30
144 26
145 23
146 26
147 23
148 29
149 28
150 32
151 47
152 44
153 40
154 43
155 62
156 83
157 51
158 90
159 92
160 91
161 101
162 72
163 96
164 103
165 131
166 117
167 114
168 141
169 168
170 173
171 183
172 184
173 224
174 258
175 259
176 302
177 271
178 356
179 365
180 382
181 356
182 409
183 425
184 426
185 426
186 505
187 526
188 490
189 605
190 565
191 649
192 659
193 702
194 799
195 901
196 917
197 960
198 956
199 909
200 900
201 889
202 951
203 938
204 1098
205 1169
206 1225
207 1249
208 1350
209 1432
210 1618
211 1631
212 1620
213 1800
214 1876
215 1869
216 1902
217 1921
218 2019
219 1951
220 2017
221 2099
222 2109
223 2089
224 2160
225 2171
226 2189
227 2202
228 2070
229 2238
230 2169
231 2283
232 2153
233 2120
234 2181
235 2393
236 2351
237 2371
238 2330
239 2401
240 2350
241 2346
242 2394
243 2464
244 2549
245 2503
246 2520
247 2547
248 2912
249 2946
250 2922
251 3000
252 2994
253 3215
254 3056
255 3067
256 2936
257 2962
258 2897
259 2734
260 2796
261 2740
262 2515
263 2514
264 2411
265 2357
266 2241
267 2083
268 2209
269 2033
270 2062
271 2023
272 1969
273 1956
274 1859
275 1803
276 1714
277 1520
278 1459
279 1536
280 1313
281 1338
282 1308
283 1281
284 1222
285 1208
286 1127
287 1126
288 1109
289 990
290 978
291 975
292 968
293 897
294 970
295 912
296 929
297 945
298 845
299 852
300 903
301 836
302 881
303 715
304 763
305 747
306 714
307 621
308 640
309 526
310 497
311 458
312 375
313 352
314 278
315 255
316 233
317 194
318 141
319 176
320 113
321 117
322 108
323 74
324 71
325 85
326 64
327 72
328 76
329 76
330 58
331 56
332 41
333 37
334 57
335 42
336 18
337 31
338 25
339 26
340 19
341 9
342 10
343 7
344 6
345 9
346 11
347 10
348 8
349 5
350 5
351 7
352 0
353 2
354 0
355 0
356 0
357 2
