0 0
1 0
2 0
3 0
4 0
5 0
6 0
7 0
8 0
9 0
10 0
11 0
12 0
13 0
14 0
15 0
16 0
17 0
18 0
19 0
20 0
21 0
22 0
23 0
24 0
25 0
26 0
27 0
28 0
29 1
30 0
31 0
32 0
33 0
34 0
35 0
36 0
37 0
38 0
39 0
40 0
41 0
42 0
43 0
44 0
45 0
46 0
47 1
48 0
49 0
50 0
51 0
52 0
53 0
54 0
55 0
56 0
57 0
58 0
59 0
60 0
61 0
62 0
63 1
64 0
65 0
66 1
67 0
68 0
69 0
70 0
71 0
72 0
73 0
74 0
75 0
76 0
77 0
78 0
79 0
80 0
81 0
82 0
83 0
84 0
85 0
86 1
87 0
88 3
89 4
90 1
91 2
92 1
93 3
94 1
95 2
96 5
97 2
98 3
99 4
100 5
101 8
102 8
103 5
104 4
105 10
106 4
107 7
108 6
109 4
110 4
111 5
112 3
113 7
114 5
115 6
116 6
117 5
118 5
119 2
120 4
121 2
122 6
123 6
124 9
125 10
126 3
127 6
128 8
129 11
130 14
131 10
132 14
133 16
134 11
135 12
136 20
137 22
138 25
139 34
140 32
141 37
142 35
143 67
144 57
145 67
146 90
147 81
148 93
149 111
150 139
151 149
152 155
153 164
154 186
155 203
156 282
157 246
158 259
159 265
160 258
161 311
162 243
163 333
164 371
165 300
166 385
167 381
168 449
169 433
170 513
171 558
172 556
173 641
174 631
175 738
176 646
177 720
178 695
179 758
180 751
181 748
182 853
183 854
184 890
185 917
186 900
187 905
188 919
189 965
190 1012
191 1070
192 1169
193 1220
194 1275
195 1299
196 1340
197 1468
198 1344
199 1394
200 1497
201 1429
202 1476
203 1536
204 1654
205 1575
206 1512
207 1662
208 1403
209 1517
210 1356
211 1302
212 1361
213 1377
214 1480
215 1375
216 1410
217 1480
218 1489
219 1467
220 1512
221 1613
222 1502
223 1546
224 1607
225 1675
226 1784
227 1666
228 1926
229 1967
230 1871
231 2018
232 1957
233 1968
234 1950
235 1911
236 1783
237 1879
238 2010
239 1880
240 1890
241 2044
242 1955
243 1884
244 1852
245 1864
246 1957
247 1946
248 2080
249 1989
250 2041
251 2077
252 2087
253 2108
254 2226
255 2321
256 2320
257 2302
258 2291
259 2312
260 2247
261 2190
262 2277
263 2095
264 2001
265 1965
266 1844
267 2094
268 2057
269 2163
270 2126
271 2072
272 2093
273 2147
274 2098
275 1948
276 2013
277 2056
278 1988
279 1985
280 1995
281 2115
282 2154
283 2058
284 2051
285 1931
286 2188
287 2066
288 1908
289 1689
290 1657
291 1620
292 1428
293 1148
294 1067
295 951
296 827
297 856
298 781
299 768
300 681
301 678
302 627
303 554
304 493
305 447
306 425
307 351
308 298
309 214
310 208
311 205
312 149
313 148
314 128
315 118
316 118
317 98
318 105
319 96
320 99
321 113
322 82
323 96
324 85
325 90
326 56
327 54
328 62
329 45
330 29
331 28
332 22
333 22
334 20
335 13
336 7
337 3
338 2
339 2
340 3
341 4
342 4
343 1
344 2
345 4
346 0
347 2
348 0
349 2
350 2
351 0
352 0
353 0
354 0
355 0
356 0
357 0
358 0
359 0
360 0
361 0
362 1
363 0
364 0
365 0
366 0
367 0
368 2
369 0
370 1
371 0
372 1
373 0
374 0
375 0
376 0
377 0
378 0
379 1
