0 0
1 0
2 0
3 1
4 0
5 0
6 0
7 0
8 1
9 0
10 0
11 0
12 0
13 0
14 0
15 0
16 0
17 0
18 0
19 0
20 0
21 0
22 0
23 0
24 1
25 2
26 0
27 0
28 0
29 0
30 2
31 3
32 2
33 5
34 0
35 0
36 0
37 0
38 2
39 2
40 2
41 2
42 5
43 0
44 0
45 1
46 0
47 5
48 1
49 5
50 4
51 4
52 3
53 5
54 1
55 2
56 5
57 6
58 2
59 4
60 4
61 1
62 10
63 9
64 5
65 9
66 10
67 9
68 8
69 20
70 13
71 20
72 25
73 13
74 14
75 12
76 17
77 11
78 14
79 7
80 13
81 15
82 15
83 13
84 14
85 19
86 21
87 25
88 20
89 34
90 51
91 47
92 41
93 54
94 36
95 22
96 35
97 29
98 41
99 53
100 66
101 53
102 29
103 35
104 57
105 34
106 58
107 38
108 44
109 47
110 56
111 66
112 50
113 50
114 46
115 52
116 33
117 49
118 26
119 26
120 34
121 35
122 31
123 37
124 30
125 44
126 41
127 34
128 45
129 30
130 36
131 60
132 81
133 88
134 138
135 139
136 167
137 176
138 236
139 261
140 280
141 379
142 422
143 451
144 456
145 406
146 332
147 391
148 428
149 435
150 476
151 484
152 491
153 527
154 591
155 481
156 405
157 345
158 335
159 329
160 330
161 359
162 297
163 297
164 331
165 326
166 327
167 362
168 390
169 380
170 374
171 400
172 423
173 570
174 558
175 666
176 913
177 950
178 934
179 1044
180 1238
181 1236
182 1252
183 1379
184 1430
185 1522
186 1518
187 1539
188 1518
189 1549
190 1487
191 1446
192 1457
193 1394
194 1486
195 1386
196 1388
197 1415
198 1418
199 1394
200 1530
201 1585
202 1619
203 1570
204 1683
205 1822
206 1770
207 1866
208 1843
209 1931
210 2020
211 2047
212 2162
213 2325
214 2344
215 2287
216 2626
217 2531
218 2785
219 2650
220 2738
221 2864
222 2872
223 2762
224 3003
225 2856
226 2996
227 2993
228 2799
229 2726
230 2665
231 2633
232 2536
233 2362
234 2403
235 2413
236 2218
237 2286
238 2261
239 2283
240 2156
241 2058
242 2164
243 2183
244 2224
245 2142
246 2151
247 2050
248 1978
249 1828
250 1741
251 1740
252 1578
253 1582
254 1451
255 1505
256 1346
257 1458
258 1416
259 1367
260 1250
261 1165
262 1149
263 1162
264 1027
265 1127
266 1093
267 1076
268 1023
269 1083
270 991
271 996
272 1003
273 1030
274 962
275 879
276 934
277 942
278 854
279 884
280 784
281 816
282 849
283 782
284 869
285 890
286 954
287 933
288 1065
289 905
290 784
291 794
292 766
293 757
294 663
295 562
296 497
297 481
298 414
299 382
300 368
301 361
302 329
303 339
304 305
305 290
306 223
307 193
308 130
309 163
310 151
311 123
312 138
313 138
314 140
315 125
316 113
317 82
318 91
319 59
320 57
321 65
322 25
323 51
324 49
325 27
326 33
327 32
328 25
329 24
330 22
331 22
332 12
333 15
334 14
335 7
336 13
337 7
338 6
339 6
340 7
341 8
342 0
343 10
344 5
345 8
346 7
347 2
348 3
349 1
350 2
351 0
352 3
353 2
354 1
355 1
