0 0
1 0
2 0
3 0
4 0
5 0
6 0
7 0
8 0
9 0
10 0
11 0
12 0
13 0
14 0
15 0
16 0
17 2
18 0
19 0
20 0
21 0
22 0
23 0
24 0
25 0
26 0
27 0
28 0
29 5
30 0
31 2
32 0
33 2
34 2
35 3
36 2
37 0
38 1
39 1
40 1
41 1
42 0
43 0
44 6
45 1
46 0
47 5
48 8
49 1
50 2
51 8
52 2
53 2
54 1
55 0
56 2
57 2
58 3
59 2
60 7
61 10
62 8
63 6
64 9
65 17
66 15
67 2
68 5
69 17
70 17
71 23
72 9
73 14
74 8
75 21
76 19
77 32
78 26
79 20
80 31
81 30
82 42
83 31
84 38
85 57
86 60
87 73
88 60
89 42
90 69
91 44
92 65
93 41
94 63
95 71
96 81
97 84
98 74
99 54
100 72
101 99
102 76
103 95
104 77
105 65
106 57
107 35
108 21
109 24
110 22
111 10
112 17
113 11
114 9
115 11
116 13
117 12
118 16
119 13
120 8
121 11
122 12
123 11
124 8
125 12
126 12
127 15
128 6
129 12
130 8
131 19
132 19
133 15
134 19
135 39
136 64
137 58
138 131
139 171
140 195
141 198
142 236
143 271
144 234
145 301
146 355
147 407
148 445
149 493
150 675
151 817
152 875
153 823
154 927
155 765
156 801
157 800
158 819
159 760
160 905
161 924
162 994
163 1048
164 1017
165 1062
166 1068
167 1131
168 1048
169 1220
170 1174
171 1287
172 1273
173 1261
174 1200
175 1342
176 1331
177 1327
178 1377
179 1451
180 1611
181 1503
182 1672
183 1729
184 1660
185 1724
186 1856
187 1821
188 1989
189 2033
190 2000
191 2203
192 2180
193 1982
194 2244
195 2142
196 2040
197 2142
198 2081
199 2137
200 2144
201 2074
202 2146
203 2173
204 2172
205 2171
206 2134
207 2082
208 2126
209 2322
210 2276
211 2145
212 2083
213 2157
214 2186
215 2109
216 2127
217 2159
218 2150
219 2256
220 2179
221 2044
222 2164
223 1989
224 1985
225 1861
226 1813
227 1837
228 1734
229 1764
230 1613
231 1546
232 1485
233 1442
234 1488
235 1571
236 1395
237 1414
238 1503
239 1464
240 1428
241 1447
242 1485
243 1507
244 1621
245 1485
246 1544
247 1542
248 1513
249 1448
250 1407
251 1436
252 1416
253 1326
254 1253
255 1208
256 1262
257 1221
258 1340
259 1272
260 1340
261 1375
262 1235
263 1200
264 1208
265 1121
266 1064
267 1027
268 896
269 959
270 944
271 846
272 854
273 902
274 874
275 858
276 859
277 773
278 846
279 799
280 797
281 804
282 871
283 908
284 827
285 767
286 715
287 768
288 709
289 717
290 652
291 638
292 615
293 571
294 461
295 480
296 442
297 430
298 374
299 379
300 312
301 335
302 316
303 319
304 265
305 261
306 255
307 195
308 188
309 179
310 167
311 212
312 147
313 160
314 149
315 159
316 122
317 138
318 138
319 127
320 114
321 88
322 102
323 86
324 115
325 97
326 86
327 65
328 55
329 54
330 53
331 36
332 49
333 29
334 33
335 30
336 41
337 32
338 26
339 41
340 24
341 31
342 22
343 17
344 32
345 17
346 16
347 15
348 18
349 20
350 21
351 15
352 12
353 13
354 16
355 9
356 9
357 12
358 6
359 6
360 1
361 2
362 3
363 3
364 1
365 2
366 2
