0 0
1 0
2 0
3 0
4 0
5 0
6 0
7 0
8 0
9 0
10 0
11 0
12 0
13 0
14 0
15 0
16 0
17 0
18 0
19 0
20 0
21 0
22 0
23 0
24 0
25 0
26 0
27 0
28 0
29 0
30 0
31 0
32 0
33 0
34 0
35 0
36 0
37 0
38 0
39 0
40 0
41 0
42 0
43 0
44 0
45 0
46 0
47 0
48 0
49 0
50 0
51 0
52 0
53 0
54 0
55 0
56 0
57 0
58 0
59 0
60 0
61 0
62 0
63 0
64 0
65 0
66 0
67 0
68 0
69 0
70 0
71 0
72 0
73 0
74 0
75 0
76 0
77 0
78 0
79 0
80 0
81 0
82 0
83 0
84 0
85 0
86 0
87 0
88 0
89 0
90 0
91 0
92 0
93 0
94 0
95 0
96 0
97 0
98 0
99 0
100 0
101 2
102 1
103 4
104 4
105 11
106 13
107 21
108 26
109 36
110 52
111 70
112 97
113 137
114 149
115 181
116 218
117 187
118 158
119 173
120 168
121 220
122 146
123 131
124 137
125 150
126 167
127 169
128 128
129 153
130 198
131 187
132 177
133 204
134 193
135 214
136 260
137 248
138 225
139 265
140 330
141 438
142 492
143 769
144 716
145 699
146 616
147 591
148 537
149 483
150 606
151 611
152 669
153 710
154 708
155 705
156 716
157 838
158 784
159 833
160 823
161 848
162 791
163 823
164 760
165 731
166 762
167 833
168 820
169 891
170 895
171 942
172 1094
173 1163
174 1124
175 1110
176 1223
177 1278
178 1409
179 1405
180 1492
181 1568
182 1597
183 1729
184 1656
185 1835
186 1960
187 1836
188 2033
189 1899
190 1960
191 1959
192 1936
193 1982
194 1893
195 2041
196 1969
197 1985
198 2047
199 2111
200 1941
201 2076
202 2023
203 2045
204 1913
205 1908
206 1932
207 2001
208 1919
209 1999
210 2007
211 1867
212 1977
213 2040
214 2116
215 2020
216 2273
217 2140
218 2187
219 2101
220 2131
221 2211
222 2203
223 2155
224 2162
225 2128
226 2110
227 2170
228 2067
229 2103
230 2050
231 2006
232 1993
233 1932
234 2086
235 2029
236 2038
237 2007
238 2015
239 2091
240 1994
241 2081
242 2001
243 1841
244 1770
245 1816
246 1644
247 1671
248 1636
249 1612
250 1515
251 1663
252 1525
253 1440
254 1606
255 1570
256 1681
257 1587
258 1613
259 1537
260 1458
261 1429
262 1483
263 1369
264 1470
265 1294
266 1218
267 1189
268 1169
269 1192
270 1074
271 1066
272 932
273 870
274 806
275 693
276 672
277 611
278 615
279 554
280 504
281 510
282 468
283 429
284 443
285 366
286 361
287 326
288 339
289 271
290 270
291 258
292 227
293 248
294 233
295 225
296 201
297 161
298 146
299 149
300 149
301 105
302 112
303 121
304 123
305 89
306 103
307 73
308 89
309 51
310 58
311 48
312 54
313 44
314 35
315 30
316 19
317 14
318 23
319 24
320 15
321 19
322 7
323 14
324 9
325 9
326 4
327 6
328 7
329 9
330 1
331 2
332 1
333 3
334 2
335 3
336 4
337 4
338 5
339 4
340 5
341 1
342 6
343 2
344 2
345 0
346 2
347 1
348 1
349 2
350 0
351 2
