0 0
1 0
2 0
3 0
4 0
5 0
6 0
7 0
8 0
9 0
10 0
11 0
12 0
13 0
14 0
15 0
16 0
17 0
18 0
19 0
20 0
21 0
22 0
23 0
24 0
25 0
26 0
27 0
28 0
29 0
30 0
31 0
32 0
33 0
34 0
35 0
36 0
37 0
38 0
39 0
40 0
41 0
42 0
43 0
44 0
45 0
46 0
47 0
48 0
49 0
50 0
51 0
52 0
53 0
54 0
55 0
56 0
57 0
58 0
59 0
60 0
61 0
62 0
63 0
64 0
65 0
66 0
67 0
68 0
69 0
70 0
71 0
72 0
73 0
74 0
75 0
76 0
77 0
78 0
79 0
80 0
81 0
82 0
83 0
84 0
85 0
86 0
87 0
88 0
89 0
90 0
91 0
92 0
93 0
94 0
95 0
96 0
97 0
98 0
99 0
100 0
101 0
102 0
103 0
104 0
105 0
106 0
107 0
108 0
109 0
110 0
111 0
112 0
113 0
114 0
115 0
116 0
117 0
118 1
119 11
120 14
121 14
122 19
123 10
124 8
125 8
126 9
127 9
128 18
129 15
130 18
131 18
132 16
133 18
134 14
135 16
136 23
137 12
138 20
139 22
140 25
141 36
142 42
143 60
144 52
145 87
146 116
147 110
148 126
149 151
150 193
151 275
152 254
153 284
154 471
155 537
156 747
157 766
158 892
159 959
160 1189
161 1162
162 1152
163 1195
164 1088
165 1092
166 1108
167 1186
168 1109
169 1102
170 1124
171 1187
172 1140
173 1240
174 1284
175 1455
176 1301
177 1526
178 1492
179 1607
180 1764
181 1690
182 1690
183 1723
184 1768
185 1846
186 1962
187 2002
188 2062
189 2019
190 2097
191 2161
192 2142
193 2102
194 2113
195 2084
196 2086
197 2258
198 2222
199 2397
200 2368
201 2318
202 2447
203 2694
204 2517
205 2558
206 2751
207 2650
208 2646
209 2548
210 2675
211 2489
212 2435
213 2464
214 2383
215 2365
216 2451
217 2512
218 2580
219 2676
220 2728
221 2718
222 2605
223 2589
224 2719
225 2629
226 2528
227 2589
228 2482
229 2654
230 2632
231 2547
232 2522
233 2331
234 2329
235 2313
236 2268
237 2122
238 2051
239 1946
240 1741
241 1717
242 1631
243 1497
244 1408
245 1404
246 1334
247 1214
248 1252
249 1207
250 1198
251 1170
252 1236
253 1124
254 1060
255 1023
256 1063
257 1099
258 1044
259 1036
260 985
261 944
262 963
263 949
264 883
265 817
266 890
267 912
268 885
269 747
270 801
271 773
272 713
273 706
274 708
275 609
276 616
277 563
278 545
279 474
280 454
281 457
282 478
283 434
284 395
285 378
286 390
287 379
288 382
289 323
290 333
291 262
292 295
293 240
294 189
295 212
296 195
297 173
298 204
299 203
300 161
301 167
302 168
303 173
304 167
305 154
306 172
307 172
308 150
309 114
310 80
311 95
312 76
313 68
314 59
315 50
316 48
317 42
318 43
319 60
320 41
321 44
322 44
323 47
324 40
325 50
326 26
327 26
328 29
329 25
330 15
331 11
332 6
333 14
334 6
335 7
336 10
337 8
338 1
339 4
340 8
341 4
342 4
343 3
344 5
345 3
346 2
347 6
348 6
349 4
350 3
351 2
352 0
353 0
354 1
