0 0
1 0
2 0
3 0
4 0
5 0
6 0
7 0
8 0
9 0
10 0
11 0
12 0
13 0
14 0
15 0
16 0
17 0
18 0
19 0
20 0
21 0
22 0
23 0
24 0
25 0
26 0
27 0
28 0
29 0
30 0
31 0
32 0
33 0
34 0
35 0
36 0
37 0
38 0
39 0
40 0
41 0
42 0
43 0
44 0
45 0
46 0
47 0
48 0
49 0
50 0
51 1
52 0
53 1
54 0
55 0
56 0
57 4
58 0
59 1
60 0
61 0
62 3
63 0
64 0
65 0
66 0
67 0
68 0
69 0
70 0
71 0
72 0
73 0
74 0
75 0
76 0
77 0
78 0
79 2
80 0
81 0
82 0
83 0
84 0
85 2
86 0
87 3
88 0
89 0
90 0
91 0
92 0
93 0
94 0
95 0
96 0
97 0
98 0
99 0
100 0
101 1
102 0
103 0
104 0
105 1
106 0
107 0
108 0
109 0
110 0
111 0
112 0
113 0
114 0
115 0
116 1
117 1
118 3
119 0
120 4
121 8
122 11
123 7
124 11
125 13
126 32
127 22
128 20
129 43
130 48
131 34
132 50
133 47
134 66
135 57
136 72
137 62
138 92
139 103
140 146
141 144
142 147
143 146
144 146
145 125
146 112
147 100
148 105
149 158
150 149
151 152
152 154
153 169
154 209
155 203
156 221
157 234
158 291
159 285
160 357
161 361
162 354
163 392
164 432
165 406
166 451
167 500
168 496
169 604
170 642
171 662
172 717
173 837
174 732
175 857
176 838
177 880
178 982
179 993
180 1109
181 1143
182 1105
183 1270
184 1134
185 1183
186 1269
187 1299
188 1281
189 1383
190 1361
191 1318
192 1441
193 1604
194 1658
195 1590
196 1719
197 1723
198 1871
199 1868
200 1893
201 1976
202 2067
203 2082
204 2205
205 2208
206 2101
207 2241
208 2054
209 2094
210 1895
211 1794
212 1714
213 1732
214 1648
215 1623
216 1499
217 1599
218 1581
219 1502
220 1628
221 1670
222 1770
223 1711
224 1648
225 1758
226 1671
227 1691
228 1704
229 1689
230 1891
231 1842
232 1793
233 1926
234 1989
235 1998
236 2147
237 2253
238 2310
239 2182
240 2322
241 2219
242 2162
243 2133
244 2230
245 2242
246 2330
247 2189
248 2230
249 2308
250 2197
251 2133
252 2094
253 2135
254 1968
255 2035
256 1884
257 1895
258 1990
259 1789
260 1903
261 1814
262 1778
263 1725
264 1797
265 1804
266 1689
267 1801
268 1691
269 1673
270 1644
271 1459
272 1436
273 1290
274 1157
275 1296
276 1182
277 1151
278 1088
279 1079
280 929
281 887
282 916
283 841
284 812
285 865
286 810
287 791
288 832
289 838
290 770
291 891
292 804
293 877
294 798
295 753
296 856
297 806
298 798
299 806
300 758
301 764
302 861
303 767
304 824
305 757
306 747
307 700
308 618
309 574
310 449
311 355
312 371
313 250
314 229
315 234
316 214
317 181
318 199
319 162
320 152
321 175
322 144
323 142
324 124
325 134
326 121
327 108
328 90
329 79
330 65
331 46
332 56
333 31
334 22
335 10
336 13
337 14
338 4
339 1
340 3
341 1
342 2
343 1
344 1
345 1
346 1
347 0
348 0
349 1
350 2
351 0
352 0
353 1
354 1
