0 0
1 0
2 0
3 0
4 0
5 0
6 0
7 0
8 0
9 0
10 0
11 0
12 0
13 0
14 0
15 0
16 0
17 0
18 0
19 0
20 0
21 0
22 0
23 0
24 0
25 0
26 0
27 0
28 0
29 0
30 0
31 0
32 0
33 0
34 0
35 0
36 0
37 0
38 0
39 0
40 0
41 0
42 0
43 0
44 0
45 0
46 0
47 0
48 0
49 0
50 0
51 0
52 0
53 0
54 0
55 0
56 0
57 0
58 0
59 0
60 0
61 0
62 0
63 0
64 0
65 0
66 0
67 0
68 0
69 0
70 0
71 0
72 0
73 0
74 0
75 0
76 0
77 0
78 0
79 0
80 0
81 0
82 0
83 0
84 0
85 0
86 0
87 0
88 0
89 0
90 0
91 0
92 0
93 0
94 0
95 0
96 0
97 0
98 0
99 0
100 0
101 0
102 0
103 0
104 0
105 0
106 0
107 0
108 0
109 0
110 1
111 0
112 0
113 0
114 0
115 0
116 1
117 0
118 1
119 0
120 0
121 1
122 0
123 0
124 0
125 1
126 0
127 0
128 0
129 1
130 1
131 3
132 9
133 7
134 10
135 19
136 15
137 29
138 29
139 26
140 23
141 30
142 24
143 30
144 32
145 40
146 41
147 43
148 44
149 41
150 51
151 47
152 81
153 96
154 99
155 113
156 152
157 157
158 184
159 205
160 214
161 271
162 269
163 350
164 363
165 407
166 396
167 511
168 571
169 681
170 674
171 663
172 775
173 813
174 962
175 971
176 1047
177 1165
178 1153
179 1248
180 1310
181 1253
182 1270
183 1278
184 1197
185 1226
186 1238
187 1231
188 1333
189 1457
190 1413
191 1556
192 1555
193 1586
194 1709
195 1677
196 1628
197 1764
198 1806
199 1906
200 2029
201 2040
202 2055
203 2308
204 2353
205 2411
206 2769
207 2743
208 2811
209 2723
210 2821
211 2819
212 2841
213 2781
214 2851
215 2821
216 2789
217 2709
218 2429
219 2556
220 2584
221 2672
222 2561
223 2520
224 2626
225 2532
226 2505
227 2640
228 2455
229 2505
230 2579
231 2377
232 2416
233 2291
234 2375
235 2317
236 2344
237 2379
238 2428
239 2141
240 2157
241 2239
242 2126
243 2152
244 2048
245 1956
246 1945
247 2023
248 1868
249 1823
250 1838
251 1810
252 1715
253 1751
254 1818
255 1783
256 1706
257 1768
258 1554
259 1592
260 1435
261 1452
262 1492
263 1390
264 1425
265 1357
266 1250
267 1134
268 1106
269 1109
270 1092
271 1012
272 1004
273 1019
274 939
275 888
276 918
277 848
278 818
279 677
280 773
281 743
282 691
283 659
284 646
285 663
286 632
287 618
288 589
289 605
290 587
291 610
292 504
293 531
294 536
295 475
296 431
297 360
298 364
299 319
300 328
301 324
302 345
303 280
304 296
305 266
306 302
307 234
308 215
309 137
310 128
311 126
312 133
313 88
314 100
315 58
316 77
317 66
318 69
319 57
320 62
321 50
322 32
323 36
324 30
325 35
326 22
327 29
328 27
329 25
330 25
331 31
332 18
333 24
334 29
335 21
336 28
337 16
338 17
339 13
340 21
341 14
342 16
343 16
344 24
345 12
346 12
347 11
348 14
349 5
350 4
351 9
352 5
353 1
354 3
355 1
356 3
357 1
358 1
359 0
360 0
361 0
362 0
363 0
364 1
