0 0
1 0
2 0
3 0
4 0
5 0
6 0
7 0
8 0
9 0
10 0
11 0
12 0
13 0
14 0
15 0
16 0
17 0
18 0
19 0
20 0
21 0
22 0
23 0
24 0
25 0
26 0
27 0
28 0
29 0
30 0
31 0
32 0
33 0
34 0
35 0
36 0
37 0
38 0
39 0
40 0
41 0
42 0
43 0
44 0
45 0
46 0
47 0
48 0
49 0
50 0
51 0
52 0
53 0
54 0
55 1
56 0
57 0
58 2
59 0
60 0
61 1
62 0
63 1
64 3
65 0
66 0
67 0
68 0
69 1
70 0
71 0
72 0
73 0
74 0
75 0
76 1
77 0
78 0
79 0
80 0
81 0
82 0
83 0
84 0
85 0
86 0
87 0
88 3
89 3
90 3
91 3
92 1
93 3
94 1
95 3
96 1
97 0
98 3
99 2
100 6
101 2
102 7
103 3
104 5
105 10
106 4
107 11
108 5
109 4
110 5
111 1
112 5
113 5
114 3
115 5
116 9
117 9
118 13
119 6
120 11
121 18
122 17
123 12
124 30
125 32
126 30
127 24
128 32
129 37
130 35
131 39
132 24
133 51
134 61
135 67
136 54
137 60
138 61
139 64
140 64
141 52
142 82
143 66
144 96
145 97
146 77
147 117
148 113
149 98
150 135
151 164
152 143
153 179
154 200
155 278
156 259
157 299
158 327
159 359
160 383
161 403
162 418
163 414
164 430
165 413
166 453
167 543
168 552
169 577
170 643
171 663
172 849
173 926
174 1081
175 1176
176 1147
177 1221
178 1305
179 1343
180 1600
181 1540
182 1614
183 1619
184 1534
185 1561
186 1641
187 1435
188 1542
189 1553
190 1554
191 1503
192 1499
193 1371
194 1281
195 1251
196 1178
197 1185
198 1273
199 1156
200 1128
201 1261
202 1362
203 1250
204 1424
205 1392
206 1342
207 1538
208 1558
209 1637
210 1637
211 1684
212 1545
213 1727
214 1516
215 1637
216 1711
217 1671
218 1775
219 1854
220 1937
221 1991
222 2166
223 1996
224 2144
225 2129
226 2149
227 2099
228 2161
229 2106
230 2064
231 2152
232 1975
233 1972
234 1862
235 1889
236 1805
237 1939
238 1745
239 1796
240 1824
241 1917
242 2006
243 2042
244 2251
245 2246
246 2401
247 2398
248 2337
249 2506
250 2385
251 2412
252 2467
253 2463
254 2447
255 2307
256 2446
257 2570
258 2375
259 2418
260 2260
261 2105
262 2023
263 1912
264 1751
265 1609
266 1621
267 1468
268 1404
269 1432
270 1415
271 1277
272 1391
273 1364
274 1386
275 1260
276 1311
277 1369
278 1295
279 1409
280 1417
281 1410
282 1355
283 1223
284 1106
285 1054
286 1013
287 856
288 935
289 767
290 788
291 776
292 691
293 746
294 706
295 672
296 682
297 815
298 622
299 605
300 614
301 564
302 415
303 502
304 413
305 348
306 363
307 318
308 326
309 307
310 246
311 201
312 190
313 119
314 133
315 115
316 138
317 114
318 99
319 70
320 73
321 73
322 91
323 71
324 89
325 92
326 83
327 82
328 76
329 83
330 69
331 58
332 54
333 48
334 37
335 27
336 23
337 32
338 13
339 11
340 5
341 7
342 3
343 6
344 4
345 1
346 0
347 1
