0 0
1 0
2 0
3 0
4 0
5 0
6 0
7 0
8 0
9 0
10 0
11 0
12 0
13 0
14 0
15 0
16 0
17 0
18 0
19 0
20 0
21 0
22 0
23 0
24 0
25 0
26 0
27 0
28 0
29 0
30 0
31 0
32 0
33 0
34 0
35 0
36 0
37 0
38 0
39 0
40 0
41 0
42 0
43 0
44 0
45 0
46 0
47 0
48 0
49 0
50 0
51 0
52 0
53 0
54 0
55 0
56 0
57 0
58 0
59 0
60 0
61 0
62 0
63 0
64 0
65 0
66 0
67 0
68 0
69 0
70 0
71 0
72 0
73 0
74 0
75 0
76 0
77 0
78 0
79 0
80 0
81 0
82 0
83 0
84 0
85 0
86 0
87 0
88 0
89 0
90 0
91 0
92 0
93 0
94 0
95 0
96 0
97 0
98 0
99 0
100 0
101 0
102 0
103 0
104 0
105 0
106 0
107 0
108 0
109 0
110 0
111 1
112 1
113 1
114 1
115 0
116 1
117 0
118 0
119 1
120 0
121 1
122 0
123 0
124 2
125 6
126 5
127 1
128 11
129 8
130 16
131 15
132 21
133 29
134 42
135 33
136 66
137 90
138 66
139 76
140 94
141 121
142 122
143 149
144 123
145 160
146 199
147 187
148 183
149 209
150 229
151 226
152 213
153 262
154 292
155 274
156 302
157 326
158 323
159 389
160 385
161 437
162 468
163 464
164 557
165 517
166 556
167 497
168 622
169 590
170 663
171 654
172 769
173 734
174 767
175 847
176 862
177 896
178 895
179 1000
180 983
181 970
182 1041
183 1012
184 1130
185 1155
186 1214
187 1243
188 1367
189 1474
190 1528
191 1558
192 1701
193 1625
194 1747
195 1830
196 1895
197 1900
198 1969
199 2002
200 1887
201 2015
202 2023
203 2079
204 2018
205 2139
206 2229
207 2237
208 2342
209 2270
210 2374
211 2538
212 2454
213 2362
214 2292
215 2410
216 2277
217 2490
218 2352
219 2381
220 2447
221 2405
222 2397
223 2199
224 2486
225 2353
226 2275
227 2423
228 2257
229 2380
230 2288
231 2403
232 2157
233 2146
234 2038
235 1988
236 2041
237 1938
238 1973
239 1918
240 1985
241 1921
242 2092
243 1991
244 2011
245 2003
246 1980
247 2175
248 2081
249 2156
250 2012
251 2088
252 2032
253 1965
254 1980
255 1906
256 1811
257 1808
258 1860
259 1746
260 1594
261 1655
262 1581
263 1505
264 1492
265 1492
266 1419
267 1383
268 1436
269 1351
270 1379
271 1406
272 1336
273 1458
274 1404
275 1356
276 1299
277 1284
278 1320
279 1256
280 1149
281 1011
282 932
283 812
284 676
285 588
286 608
287 444
288 468
289 404
290 387
291 359
292 330
293 368
294 301
295 303
296 272
297 266
298 250
299 258
300 253
301 209
302 223
303 209
304 185
305 171
306 190
307 167
308 170
309 196
310 166
311 203
312 186
313 156
314 173
315 177
316 161
317 156
318 164
319 160
320 155
321 111
322 113
323 96
324 80
325 87
326 64
327 75
328 75
329 69
330 62
331 60
332 72
333 54
334 46
335 71
336 42
337 56
338 46
339 65
340 58
341 61
342 42
343 51
344 60
345 45
346 42
347 45
348 36
349 50
350 28
351 42
352 45
353 36
354 25
355 16
356 24
357 15
358 18
359 18
360 16
361 8
362 3
363 5
364 4
365 7
366 5
367 3
368 4
369 5
370 0
371 5
372 2
373 1
374 4
375 3
376 0
377 0
378 1
379 2
380 2
381 2
382 1
383 2
384 2
385 0
386 2
387 0
388 3
389 0
390 0
391 1
