0 0
1 0
2 0
3 0
4 0
5 0
6 0
7 0
8 0
9 0
10 0
11 0
12 0
13 0
14 0
15 0
16 0
17 0
18 0
19 0
20 0
21 0
22 0
23 0
24 0
25 0
26 0
27 0
28 0
29 0
30 0
31 0
32 0
33 0
34 0
35 0
36 0
37 0
38 0
39 0
40 0
41 0
42 0
43 0
44 0
45 0
46 0
47 0
48 0
49 0
50 0
51 0
52 0
53 0
54 0
55 0
56 0
57 0
58 0
59 0
60 0
61 0
62 0
63 0
64 0
65 0
66 0
67 0
68 0
69 0
70 0
71 0
72 0
73 0
74 0
75 0
76 0
77 0
78 0
79 0
80 0
81 0
82 0
83 0
84 0
85 0
86 0
87 0
88 0
89 0
90 0
91 0
92 0
93 0
94 0
95 0
96 0
97 0
98 0
99 0
100 0
101 0
102 0
103 0
104 0
105 0
106 0
107 0
108 0
109 0
110 0
111 0
112 0
113 0
114 0
115 0
116 0
117 1
118 1
119 3
120 5
121 4
122 4
123 2
124 5
125 2
126 8
127 5
128 12
129 8
130 8
131 13
132 12
133 10
134 18
135 15
136 26
137 28
138 38
139 45
140 66
141 63
142 80
143 71
144 89
145 130
146 131
147 132
148 201
149 230
150 213
151 205
152 277
153 244
154 291
155 343
156 375
157 370
158 416
159 509
160 494
161 569
162 620
163 594
164 630
165 634
166 672
167 625
168 708
169 678
170 714
171 712
172 802
173 813
174 825
175 858
176 932
177 982
178 1065
179 1121
180 1135
181 1371
182 1372
183 1653
184 1681
185 1748
186 1685
187 1734
188 1635
189 1697
190 1676
191 1794
192 1845
193 2249
194 2080
195 2246
196 2129
197 2168
198 2206
199 2320
200 2446
201 2430
202 2510
203 2518
204 2574
205 2495
206 2530
207 2485
208 2512
209 2463
210 2441
211 2417
212 2517
213 2510
214 2566
215 2468
216 2615
217 2506
218 2563
219 2632
220 2661
221 2582
222 2608
223 2658
224 2530
225 2584
226 2580
227 2606
228 2489
229 2596
230 2400
231 2400
232 2380
233 2265
234 2456
235 2376
236 2391
237 2309
238 2317
239 2310
240 2401
241 2275
242 2168
243 2155
244 2046
245 1956
246 1930
247 1831
248 1666
249 1689
250 1725
251 1645
252 1592
253 1598
254 1497
255 1371
256 1304
257 1215
258 1192
259 1119
260 1108
261 988
262 1072
263 1114
264 1054
265 1016
266 982
267 911
268 874
269 802
270 747
271 736
272 714
273 772
274 792
275 749
276 843
277 845
278 803
279 833
280 817
281 855
282 756
283 756
284 761
285 812
286 902
287 875
288 796
289 769
290 613
291 484
292 411
293 333
294 286
295 215
296 197
297 174
298 157
299 132
300 154
301 149
302 103
303 150
304 101
305 97
306 85
307 85
308 80
309 68
310 54
311 67
312 69
313 53
314 43
315 68
316 57
317 57
318 37
319 41
320 44
321 41
322 39
323 36
324 24
325 27
326 22
327 22
328 17
329 6
330 19
331 19
332 30
333 25
334 36
335 17
336 21
337 24
338 17
339 16
340 9
341 4
342 5
343 8
344 2
345 2
346 4
347 3
348 2
349 3
350 2
351 4
352 3
353 0
354 1
355 1
356 0
357 0
358 0
359 0
360 0
361 0
362 0
363 0
364 0
365 0
366 0
367 0
368 0
369 0
370 0
371 0
372 2
373 0
374 1
375 0
376 0
377 0
378 1
