0 0
1 0
2 0
3 0
4 0
5 0
6 0
7 0
8 0
9 0
10 0
11 0
12 0
13 0
14 0
15 0
16 0
17 0
18 0
19 0
20 0
21 0
22 0
23 0
24 0
25 0
26 0
27 0
28 0
29 0
30 0
31 0
32 0
33 0
34 0
35 0
36 0
37 0
38 0
39 0
40 0
41 0
42 0
43 0
44 0
45 0
46 0
47 0
48 0
49 0
50 0
51 0
52 0
53 0
54 0
55 0
56 0
57 0
58 0
59 0
60 0
61 0
62 0
63 0
64 0
65 0
66 0
67 0
68 0
69 0
70 0
71 0
72 0
73 0
74 0
75 0
76 0
77 0
78 0
79 0
80 0
81 0
82 2
83 0
84 0
85 0
86 0
87 0
88 0
89 0
90 0
91 2
92 0
93 0
94 0
95 0
96 3
97 0
98 0
99 0
100 1
101 1
102 0
103 3
104 0
105 1
106 1
107 0
108 2
109 1
110 3
111 0
112 0
113 1
114 2
115 2
116 3
117 5
118 4
119 1
120 3
121 4
122 5
123 4
124 7
125 6
126 19
127 3
128 8
129 16
130 25
131 17
132 25
133 17
134 19
135 23
136 26
137 25
138 36
139 53
140 41
141 59
142 76
143 88
144 127
145 150
146 181
147 138
148 169
149 191
150 229
151 209
152 209
153 157
154 172
155 163
156 156
157 171
158 158
159 199
160 178
161 216
162 224
163 220
164 256
165 284
166 311
167 248
168 308
169 259
170 296
171 441
172 485
173 458
174 491
175 566
176 621
177 727
178 776
179 791
180 869
181 910
182 860
183 1012
184 1058
185 1055
186 1062
187 1139
188 1161
189 1173
190 1214
191 1284
192 1335
193 1462
194 1540
195 1496
196 1561
197 1545
198 1706
199 1768
200 1729
201 1755
202 1914
203 1959
204 2116
205 2041
206 2113
207 2257
208 2417
209 2346
210 2230
211 2459
212 2715
213 2831
214 2639
215 2794
216 2833
217 2739
218 2669
219 2704
220 2866
221 2824
222 2987
223 2992
224 2873
225 2963
226 2886
227 2935
228 2945
229 3119
230 3041
231 2962
232 2971
233 2938
234 2825
235 2898
236 2833
237 2820
238 2678
239 2681
240 2536
241 2485
242 2447
243 2395
244 2393
245 2305
246 2175
247 2387
248 2433
249 2307
250 2166
251 2162
252 1984
253 1933
254 1871
255 1673
256 1675
257 1534
258 1497
259 1463
260 1440
261 1319
262 1346
263 1234
264 1125
265 1050
266 1116
267 1070
268 1032
269 983
270 950
271 874
272 850
273 859
274 826
275 775
276 839
277 757
278 681
279 702
280 609
281 682
282 691
283 666
284 595
285 648
286 592
287 589
288 559
289 506
290 541
291 482
292 490
293 450
294 496
295 407
296 336
297 369
298 329
299 310
300 295
301 283
302 245
303 250
304 208
305 232
306 194
307 212
308 221
309 167
310 199
311 207
312 163
313 178
314 176
315 173
316 168
317 152
318 171
319 125
320 156
321 150
322 146
323 149
324 139
325 139
326 118
327 123
328 136
329 131
330 110
331 145
332 105
333 138
334 122
335 96
336 101
337 117
338 126
339 97
340 97
341 88
342 43
343 41
344 34
345 32
346 25
347 35
348 16
349 11
350 15
351 6
352 16
353 21
354 11
355 12
356 15
357 6
358 16
359 7
360 11
361 10
362 14
363 9
364 8
365 10
366 5
367 8
368 2
369 3
370 4
371 3
372 2
373 1
374 3
375 2
376 0
377 1
378 0
379 0
380 1
381 0
382 1
