0 0
1 0
2 0
3 0
4 0
5 0
6 0
7 0
8 0
9 0
10 0
11 0
12 0
13 0
14 0
15 0
16 0
17 0
18 0
19 0
20 0
21 0
22 0
23 0
24 0
25 0
26 0
27 0
28 0
29 0
30 0
31 0
32 0
33 0
34 0
35 0
36 0
37 0
38 0
39 0
40 0
41 0
42 0
43 0
44 0
45 0
46 0
47 0
48 0
49 0
50 0
51 0
52 0
53 0
54 0
55 0
56 0
57 0
58 0
59 0
60 0
61 0
62 0
63 0
64 0
65 0
66 0
67 0
68 0
69 0
70 0
71 0
72 0
73 0
74 0
75 0
76 0
77 0
78 0
79 0
80 0
81 0
82 0
83 0
84 0
85 0
86 0
87 0
88 0
89 0
90 0
91 0
92 0
93 0
94 0
95 0
96 0
97 0
98 0
99 0
100 0
101 0
102 0
103 0
104 0
105 0
106 0
107 0
108 0
109 0
110 0
111 0
112 0
113 0
114 0
115 1
116 1
117 0
118 0
119 0
120 0
121 0
122 0
123 1
124 1
125 0
126 1
127 4
128 3
129 0
130 7
131 8
132 14
133 24
134 13
135 12
136 14
137 15
138 15
139 15
140 22
141 26
142 38
143 24
144 46
145 39
146 59
147 40
148 65
149 103
150 97
151 102
152 102
153 135
154 230
155 227
156 241
157 223
158 241
159 216
160 287
161 289
162 309
163 357
164 308
165 335
166 308
167 349
168 344
169 396
170 468
171 495
172 463
173 474
174 503
175 634
176 535
177 554
178 583
179 629
180 624
181 628
182 641
183 612
184 756
185 860
186 1010
187 1116
188 1335
189 1297
190 1399
191 1505
192 1485
193 1554
194 1643
195 1732
196 1688
197 1962
198 1861
199 2021
200 2123
201 1972
202 1991
203 2005
204 2052
205 2017
206 2205
207 2346
208 2183
209 2336
210 2348
211 2427
212 2289
213 2129
214 2320
215 2229
216 2305
217 2215
218 2368
219 2259
220 2326
221 2347
222 2417
223 2392
224 2537
225 2431
226 2540
227 2558
228 2657
229 2808
230 2588
231 2675
232 2748
233 2715
234 2647
235 2808
236 2762
237 2611
238 2537
239 2695
240 2695
241 2666
242 2552
243 2609
244 2538
245 2417
246 2489
247 2256
248 2192
249 2189
250 2127
251 2055
252 1976
253 1930
254 1679
255 1707
256 1612
257 1717
258 1605
259 1585
260 1660
261 1608
262 1721
263 1601
264 1674
265 1520
266 1564
267 1469
268 1240
269 1262
270 1203
271 1174
272 1105
273 1142
274 1121
275 1053
276 1047
277 977
278 958
279 941
280 857
281 875
282 858
283 877
284 859
285 888
286 793
287 771
288 726
289 648
290 686
291 644
292 559
293 562
294 527
295 590
296 539
297 486
298 467
299 535
300 492
301 487
302 477
303 411
304 414
305 420
306 418
307 395
308 301
309 275
310 251
311 208
312 190
313 187
314 152
315 122
316 124
317 121
318 100
319 91
320 80
321 69
322 40
323 40
324 44
325 38
326 32
327 28
328 18
329 24
330 19
331 14
332 11
333 12
334 10
335 10
336 13
337 8
338 14
339 2
340 4
341 1
342 5
343 6
344 1
345 2
346 4
347 2
348 3
349 1
350 2
351 3
352 1
353 1
354 1
355 1
356 2
357 0
358 3
359 0
360 2
361 3
362 2
363 1
364 1
