0 0
1 0
2 0
3 0
4 0
5 0
6 0
7 0
8 0
9 0
10 0
11 0
12 0
13 0
14 0
15 0
16 0
17 0
18 0
19 0
20 0
21 0
22 0
23 0
24 0
25 0
26 0
27 0
28 0
29 0
30 0
31 0
32 0
33 0
34 0
35 0
36 0
37 0
38 0
39 0
40 0
41 0
42 0
43 0
44 0
45 0
46 0
47 0
48 0
49 0
50 0
51 0
52 0
53 0
54 0
55 0
56 0
57 0
58 0
59 0
60 0
61 0
62 0
63 0
64 0
65 0
66 0
67 0
68 0
69 0
70 0
71 0
72 0
73 0
74 0
75 0
76 0
77 0
78 0
79 0
80 0
81 0
82 0
83 0
84 0
85 0
86 0
87 0
88 0
89 0
90 0
91 0
92 0
93 0
94 0
95 0
96 0
97 0
98 0
99 0
100 1
101 0
102 0
103 0
104 0
105 0
106 2
107 0
108 0
109 0
110 2
111 2
112 1
113 2
114 2
115 5
116 0
117 8
118 5
119 15
120 13
121 28
122 35
123 25
124 40
125 30
126 45
127 57
128 50
129 46
130 61
131 59
132 73
133 63
134 81
135 78
136 77
137 50
138 89
139 71
140 115
141 104
142 94
143 122
144 133
145 159
146 205
147 249
148 268
149 263
150 312
151 346
152 293
153 364
154 353
155 372
156 401
157 405
158 374
159 356
160 516
161 502
162 563
163 654
164 740
165 854
166 968
167 1092
168 1304
169 1372
170 1519
171 1498
172 1484
173 1362
174 1295
175 1273
176 1304
177 1300
178 1444
179 1449
180 1574
181 1634
182 1784
183 1832
184 1875
185 1912
186 1999
187 2036
188 2103
189 2131
190 2179
191 2246
192 2096
193 1952
194 1915
195 1931
196 1939
197 1965
198 1978
199 2021
200 2105
201 1978
202 2019
203 2189
204 2099
205 2194
206 2141
207 2236
208 2302
209 2203
210 2239
211 2274
212 2334
213 2450
214 2357
215 2328
216 2319
217 2328
218 2406
219 2415
220 2349
221 2303
222 2296
223 2322
224 2327
225 2470
226 2436
227 2353
228 2373
229 2316
230 2307
231 2235
232 2280
233 2244
234 2065
235 2035
236 1899
237 1758
238 1876
239 1720
240 1628
241 1753
242 1648
243 1663
244 1624
245 1677
246 1624
247 1614
248 1615
249 1632
250 1597
251 1527
252 1603
253 1560
254 1591
255 1558
256 1433
257 1272
258 1213
259 1179
260 1077
261 1005
262 1018
263 1016
264 919
265 856
266 811
267 738
268 809
269 798
270 787
271 734
272 691
273 722
274 643
275 627
276 631
277 665
278 532
279 569
280 541
281 516
282 500
283 527
284 431
285 463
286 446
287 505
288 480
289 408
290 527
291 518
292 465
293 510
294 516
295 485
296 461
297 525
298 421
299 365
300 449
301 396
302 346
303 316
304 336
305 349
306 294
307 281
308 255
309 223
310 282
311 270
312 294
313 291
314 360
315 313
316 297
317 311
318 283
319 283
320 220
321 197
322 211
323 185
324 173
325 141
326 140
327 111
328 89
329 94
330 65
331 65
332 43
333 17
334 11
335 6
336 18
337 6
338 4
339 0
340 2
341 6
342 2
343 7
344 2
345 10
346 1
347 3
348 7
349 3
350 4
351 5
352 9
353 10
354 0
355 6
356 6
357 6
358 2
359 9
360 5
361 3
362 0
363 3
364 1
365 1
366 0
367 2
368 0
369 0
370 0
371 0
372 0
373 0
374 0
375 0
376 0
377 0
378 0
379 0
380 1
381 1
382 1
383 0
384 0
385 0
386 0
387 0
388 0
389 0
390 0
391 0
392 0
393 1
394 0
395 0
396 0
397 1
