0 0
1 0
2 0
3 0
4 0
5 0
6 0
7 0
8 0
9 0
10 0
11 0
12 0
13 0
14 0
15 0
16 0
17 0
18 0
19 0
20 0
21 0
22 0
23 0
24 0
25 0
26 0
27 0
28 0
29 0
30 0
31 0
32 0
33 0
34 0
35 0
36 0
37 0
38 0
39 0
40 0
41 0
42 0
43 0
44 0
45 0
46 0
47 0
48 0
49 0
50 0
51 0
52 0
53 0
54 0
55 0
56 0
57 0
58 0
59 0
60 0
61 0
62 0
63 0
64 0
65 0
66 0
67 0
68 0
69 0
70 0
71 0
72 0
73 0
74 0
75 0
76 0
77 0
78 0
79 0
80 0
81 0
82 0
83 0
84 0
85 0
86 0
87 0
88 0
89 0
90 0
91 0
92 0
93 0
94 0
95 0
96 0
97 0
98 0
99 0
100 0
101 0
102 0
103 0
104 0
105 0
106 0
107 0
108 0
109 0
110 0
111 0
112 0
113 0
114 0
115 0
116 0
117 0
118 0
119 0
120 0
121 0
122 0
123 0
124 0
125 0
126 0
127 0
128 1
129 0
130 0
131 1
132 1
133 1
134 0
135 4
136 7
137 7
138 3
139 6
140 11
141 3
142 5
143 3
144 10
145 9
146 12
147 8
148 13
149 10
150 24
151 23
152 19
153 25
154 22
155 30
156 47
157 38
158 49
159 62
160 42
161 73
162 83
163 87
164 112
165 107
166 135
167 185
168 172
169 122
170 158
171 180
172 191
173 210
174 192
175 181
176 191
177 227
178 261
179 242
180 315
181 277
182 318
183 352
184 414
185 411
186 533
187 541
188 645
189 686
190 758
191 899
192 974
193 959
194 1070
195 1029
196 1063
197 1070
198 1112
199 1136
200 1145
201 1193
202 1259
203 1178
204 1136
205 1261
206 1271
207 1334
208 1399
209 1299
210 1488
211 1443
212 1606
213 1587
214 1697
215 1767
216 1855
217 1832
218 1879
219 1936
220 1990
221 1989
222 1987
223 2036
224 1998
225 1918
226 1965
227 1813
228 1761
229 1837
230 1937
231 1724
232 1875
233 1888
234 1920
235 2041
236 2149
237 2102
238 2095
239 2067
240 2106
241 2175
242 2091
243 2068
244 2160
245 2091
246 2332
247 2253
248 2185
249 2249
250 2174
251 2284
252 2109
253 2161
254 2239
255 2336
256 2219
257 2475
258 2581
259 2556
260 2688
261 2735
262 2818
263 2750
264 2772
265 2653
266 2639
267 2575
268 2424
269 2532
270 2386
271 2413
272 2365
273 2291
274 2182
275 2172
276 2171
277 2068
278 1945
279 1911
280 1821
281 1737
282 1683
283 1702
284 1555
285 1570
286 1407
287 1400
288 1364
289 1393
290 1324
291 1336
292 1267
293 1245
294 1230
295 1110
296 970
297 945
298 874
299 895
300 746
301 770
302 713
303 661
304 659
305 667
306 619
307 577
308 530
309 526
310 511
311 523
312 491
313 496
314 433
315 394
316 393
317 356
318 355
319 334
320 301
321 266
322 224
323 200
324 216
325 196
326 148
327 150
328 113
329 146
330 122
331 103
332 95
333 84
334 84
335 78
336 99
337 91
338 87
339 84
340 65
341 52
342 43
343 44
344 35
345 33
346 35
347 29
348 26
349 26
350 28
351 20
352 14
353 12
354 9
355 12
356 10
357 10
358 6
359 9
360 5
361 2
362 4
363 10
364 1
365 1
366 0
367 3
368 0
369 1
370 0
371 0
372 1
373 2
374 2
375 0
376 0
377 2
378 1
379 0
380 0
381 2
