0 0
1 0
2 0
3 0
4 0
5 0
6 0
7 0
8 0
9 0
10 0
11 0
12 0
13 0
14 0
15 0
16 0
17 0
18 0
19 0
20 0
21 0
22 0
23 0
24 0
25 0
26 0
27 0
28 0
29 0
30 0
31 0
32 0
33 0
34 0
35 0
36 0
37 0
38 0
39 0
40 0
41 0
42 0
43 0
44 0
45 0
46 0
47 0
48 0
49 0
50 0
51 0
52 0
53 0
54 0
55 0
56 0
57 0
58 0
59 0
60 0
61 0
62 0
63 0
64 0
65 0
66 0
67 0
68 0
69 0
70 0
71 0
72 0
73 0
74 0
75 0
76 0
77 0
78 0
79 0
80 0
81 0
82 0
83 0
84 0
85 0
86 0
87 0
88 0
89 0
90 0
91 0
92 0
93 0
94 0
95 1
96 0
97 0
98 0
99 0
100 0
101 0
102 0
103 0
104 0
105 0
106 0
107 0
108 0
109 1
110 0
111 0
112 0
113 0
114 0
115 5
116 1
117 0
118 1
119 8
120 3
121 3
122 6
123 7
124 6
125 10
126 21
127 7
128 9
129 19
130 11
131 28
132 16
133 19
134 24
135 27
136 40
137 28
138 27
139 32
140 35
141 43
142 41
143 44
144 51
145 42
146 48
147 82
148 98
149 187
150 184
151 192
152 251
153 353
154 375
155 480
156 533
157 530
158 671
159 593
160 669
161 580
162 686
163 698
164 652
165 682
166 724
167 736
168 767
169 714
170 814
171 753
172 734
173 758
174 728
175 673
176 636
177 673
178 717
179 742
180 715
181 807
182 761
183 875
184 910
185 916
186 984
187 1004
188 1016
189 1086
190 1079
191 1250
192 1200
193 1246
194 1289
195 1418
196 1452
197 1503
198 1552
199 1651
200 1708
201 1726
202 1704
203 1695
204 1849
205 1874
206 1845
207 1946
208 1803
209 1846
210 1967
211 1951
212 1881
213 1853
214 1917
215 1986
216 1993
217 2014
218 2145
219 2162
220 2149
221 2228
222 2176
223 2218
224 2204
225 2197
226 2363
227 2411
228 2408
229 2410
230 2592
231 2735
232 2717
233 2578
234 2545
235 2373
236 2338
237 2175
238 2162
239 2267
240 2178
241 2241
242 2227
243 2250
244 2370
245 2328
246 2261
247 2363
248 2169
249 2230
250 2123
251 2216
252 2173
253 2052
254 2184
255 2064
256 2145
257 2125
258 2269
259 2128
260 2078
261 2034
262 1792
263 1743
264 1680
265 1489
266 1489
267 1410
268 1331
269 1234
270 1309
271 1232
272 1094
273 1175
274 1148
275 1141
276 1117
277 1072
278 1061
279 1087
280 1112
281 1134
282 1017
283 959
284 827
285 882
286 914
287 800
288 711
289 577
290 550
291 463
292 453
293 486
294 483
295 435
296 515
297 417
298 481
299 510
300 498
301 457
302 470
303 449
304 394
305 379
306 412
307 373
308 372
309 369
310 358
311 328
312 279
313 208
314 228
315 242
316 163
317 137
318 177
319 152
320 121
321 129
322 126
323 123
324 113
325 119
326 88
327 84
328 82
329 94
330 70
331 69
332 66
333 69
334 82
335 51
336 79
337 64
338 58
339 44
340 38
341 30
342 42
343 16
344 19
345 26
346 17
347 20
348 22
349 13
350 8
351 4
352 1
353 4
354 7
355 5
356 4
357 2
358 3
359 0
360 2
361 2
362 3
363 2
364 2
365 3
366 0
367 3
368 3
369 3
370 1
371 2
372 2
373 2
374 1
375 8
376 0
377 0
378 8
379 0
380 2
381 0
382 2
