0 0
1 0
2 0
3 0
4 0
5 0
6 0
7 0
8 0
9 0
10 0
11 0
12 0
13 0
14 0
15 0
16 0
17 0
18 0
19 0
20 0
21 0
22 0
23 0
24 0
25 0
26 0
27 0
28 0
29 0
30 0
31 0
32 0
33 0
34 0
35 0
36 0
37 0
38 0
39 0
40 0
41 0
42 0
43 0
44 0
45 0
46 0
47 0
48 0
49 0
50 0
51 0
52 0
53 0
54 0
55 0
56 0
57 0
58 0
59 0
60 0
61 0
62 0
63 0
64 0
65 0
66 0
67 0
68 0
69 0
70 0
71 0
72 0
73 0
74 0
75 0
76 0
77 0
78 0
79 0
80 0
81 0
82 0
83 0
84 0
85 0
86 0
87 0
88 0
89 0
90 0
91 0
92 0
93 0
94 0
95 0
96 0
97 0
98 0
99 0
100 0
101 0
102 0
103 0
104 0
105 0
106 0
107 0
108 0
109 1
110 0
111 1
112 4
113 0
114 4
115 8
116 16
117 13
118 19
119 24
120 37
121 28
122 44
123 43
124 54
125 48
126 79
127 94
128 101
129 102
130 72
131 81
132 74
133 75
134 66
135 75
136 87
137 98
138 80
139 101
140 146
141 126
142 149
143 134
144 150
145 142
146 142
147 151
148 191
149 218
150 216
151 262
152 228
153 304
154 350
155 401
156 409
157 574
158 607
159 665
160 631
161 659
162 690
163 707
164 801
165 730
166 801
167 895
168 957
169 987
170 996
171 1088
172 1114
173 1111
174 1141
175 1139
176 1203
177 1248
178 1387
179 1357
180 1394
181 1499
182 1502
183 1590
184 1700
185 1760
186 1851
187 1769
188 1810
189 1851
190 1908
191 1982
192 1935
193 1934
194 2125
195 2215
196 2239
197 2249
198 2358
199 2384
200 2282
201 2233
202 2377
203 2248
204 2349
205 2400
206 2308
207 2439
208 2295
209 2559
210 2364
211 2388
212 2429
213 2281
214 2356
215 2328
216 2446
217 2400
218 2591
219 2607
220 2673
221 2614
222 2507
223 2646
224 2710
225 2643
226 2592
227 2607
228 2672
229 2457
230 2316
231 2441
232 2290
233 2246
234 2170
235 2125
236 1963
237 1850
238 1780
239 1742
240 1549
241 1561
242 1532
243 1478
244 1551
245 1394
246 1425
247 1420
248 1457
249 1392
250 1454
251 1426
252 1425
253 1383
254 1307
255 1464
256 1378
257 1348
258 1383
259 1283
260 1279
261 1350
262 1177
263 1163
264 1188
265 1101
266 1083
267 902
268 941
269 908
270 882
271 743
272 827
273 870
274 828
275 805
276 734
277 764
278 708
279 799
280 754
281 752
282 681
283 726
284 767
285 679
286 799
287 761
288 739
289 688
290 678
291 592
292 510
293 420
294 359
295 295
296 252
297 232
298 214
299 226
300 192
301 185
302 178
303 170
304 175
305 150
306 145
307 157
308 134
309 139
310 113
311 106
312 117
313 85
314 82
315 98
316 62
317 71
318 62
319 49
320 56
321 66
322 44
323 42
324 46
325 39
326 29
327 36
328 26
329 18
330 26
331 12
332 13
333 8
334 10
335 7
336 1
337 12
338 5
339 4
340 9
341 1
342 2
343 2
