0 0
1 0
2 0
3 0
4 0
5 0
6 0
7 0
8 0
9 0
10 0
11 0
12 0
13 0
14 0
15 0
16 0
17 0
18 0
19 0
20 0
21 0
22 0
23 0
24 0
25 0
26 0
27 0
28 0
29 0
30 0
31 0
32 0
33 0
34 0
35 0
36 0
37 0
38 0
39 0
40 0
41 0
42 0
43 0
44 0
45 0
46 0
47 0
48 0
49 0
50 0
51 0
52 0
53 0
54 0
55 0
56 0
57 0
58 0
59 0
60 0
61 0
62 0
63 0
64 0
65 0
66 0
67 0
68 0
69 0
70 0
71 0
72 0
73 0
74 0
75 0
76 0
77 0
78 0
79 0
80 0
81 0
82 0
83 0
84 0
85 0
86 0
87 0
88 0
89 0
90 0
91 0
92 0
93 0
94 0
95 0
96 0
97 0
98 0
99 0
100 0
101 2
102 1
103 2
104 0
105 0
106 0
107 0
108 0
109 2
110 3
111 3
112 2
113 1
114 4
115 3
116 0
117 1
118 3
119 2
120 0
121 3
122 1
123 1
124 6
125 1
126 2
127 2
128 2
129 1
130 5
131 3
132 1
133 1
134 2
135 2
136 5
137 8
138 2
139 2
140 6
141 10
142 3
143 1
144 6
145 5
146 7
147 5
148 8
149 14
150 9
151 8
152 16
153 15
154 16
155 28
156 22
157 25
158 36
159 37
160 35
161 37
162 54
163 72
164 58
165 34
166 76
167 50
168 40
169 49
170 46
171 60
172 56
173 50
174 65
175 66
176 78
177 141
178 132
179 134
180 140
181 175
182 212
183 220
184 217
185 268
186 294
187 300
188 293
189 339
190 429
191 401
192 427
193 472
194 420
195 546
196 515
197 561
198 538
199 621
200 683
201 690
202 678
203 826
204 765
205 891
206 1063
207 967
208 1081
209 1236
210 1284
211 1500
212 1536
213 1719
214 1710
215 1886
216 1902
217 1988
218 2065
219 2206
220 2280
221 2397
222 2447
223 2562
224 2606
225 2517
226 2624
227 2468
228 2740
229 2514
230 2546
231 2511
232 2547
233 2590
234 2641
235 2631
236 2708
237 2694
238 2592
239 2457
240 2576
241 2536
242 2663
243 2782
244 2728
245 2910
246 2872
247 3010
248 3075
249 2831
250 2947
251 2841
252 2755
253 2870
254 2768
255 2885
256 2641
257 2806
258 2647
259 2507
260 2866
261 2693
262 2808
263 2738
264 2613
265 2577
266 2612
267 2441
268 2386
269 2204
270 2058
271 2034
272 1912
273 1754
274 1817
275 1706
276 1699
277 1624
278 1422
279 1499
280 1363
281 1424
282 1444
283 1382
284 1247
285 1162
286 1088
287 1046
288 1063
289 970
290 892
291 892
292 904
293 846
294 876
295 840
296 771
297 755
298 793
299 786
300 794
301 668
302 706
303 691
304 620
305 577
306 528
307 511
308 471
309 444
310 481
311 477
312 388
313 412
314 401
315 375
316 326
317 308
318 300
319 238
320 275
321 212
322 194
323 169
324 185
325 202
326 197
327 194
328 197
329 197
330 176
331 213
332 152
333 149
334 145
335 165
336 123
337 123
338 103
339 116
340 100
341 92
342 85
343 56
344 75
345 67
346 55
347 40
348 47
349 46
350 54
351 38
352 56
353 47
354 38
355 36
356 34
357 33
358 20
359 19
360 21
361 14
362 17
363 13
364 19
365 24
366 19
367 10
368 25
369 11
370 7
371 13
372 14
373 21
374 27
375 43
376 40
377 53
378 57
379 40
380 32
381 18
382 22
383 5
384 6
385 2
386 1
387 1
388 2
389 0
390 1
