0 0
1 0
2 0
3 0
4 0
5 0
6 0
7 0
8 0
9 0
10 0
11 0
12 0
13 0
14 0
15 0
16 0
17 0
18 0
19 0
20 0
21 0
22 0
23 0
24 0
25 0
26 0
27 0
28 0
29 0
30 0
31 0
32 0
33 0
34 0
35 0
36 0
37 0
38 0
39 0
40 0
41 0
42 0
43 0
44 0
45 0
46 0
47 0
48 0
49 0
50 0
51 0
52 0
53 0
54 0
55 0
56 0
57 0
58 0
59 0
60 0
61 0
62 0
63 0
64 0
65 0
66 0
67 0
68 0
69 0
70 0
71 0
72 0
73 0
74 0
75 0
76 0
77 0
78 0
79 0
80 0
81 0
82 0
83 0
84 0
85 0
86 0
87 1
88 0
89 0
90 0
91 0
92 1
93 0
94 0
95 0
96 0
97 0
98 0
99 3
100 1
101 2
102 2
103 1
104 7
105 2
106 2
107 6
108 7
109 7
110 8
111 11
112 13
113 12
114 10
115 15
116 11
117 23
118 15
119 25
120 17
121 21
122 29
123 24
124 49
125 38
126 44
127 52
128 55
129 69
130 82
131 86
132 83
133 104
134 98
135 79
136 82
137 128
138 99
139 102
140 99
141 95
142 114
143 120
144 103
145 89
146 110
147 148
148 134
149 136
150 148
151 175
152 198
153 202
154 193
155 243
156 264
157 342
158 306
159 406
160 370
161 497
162 464
163 476
164 433
165 484
166 634
167 642
168 674
169 695
170 791
171 804
172 886
173 923
174 937
175 922
176 1067
177 1117
178 1153
179 1250
180 1364
181 1497
182 1630
183 1891
184 1865
185 1913
186 1993
187 1975
188 1880
189 1967
190 1978
191 1961
192 2128
193 2157
194 2086
195 2188
196 2182
197 2243
198 2122
199 2182
200 2171
201 2175
202 2089
203 2121
204 2104
205 2155
206 2114
207 2166
208 2294
209 2244
210 2227
211 2324
212 2305
213 2428
214 2371
215 2434
216 2587
217 2585
218 2498
219 2546
220 2551
221 2467
222 2590
223 2481
224 2482
225 2495
226 2339
227 2307
228 2282
229 2163
230 2131
231 1997
232 1913
233 1855
234 1764
235 1731
236 1608
237 1610
238 1715
239 1754
240 1754
241 1735
242 1846
243 1676
244 1767
245 1702
246 1588
247 1516
248 1441
249 1442
250 1443
251 1367
252 1270
253 1151
254 1120
255 1025
256 999
257 1041
258 989
259 984
260 953
261 918
262 1026
263 987
264 989
265 999
266 1013
267 936
268 944
269 1006
270 972
271 1029
272 998
273 1075
274 1135
275 1035
276 1177
277 1099
278 1089
279 1018
280 1019
281 1015
282 999
283 955
284 1040
285 988
286 954
287 945
288 821
289 818
290 774
291 722
292 734
293 762
294 767
295 763
296 727
297 742
298 753
299 689
300 642
301 599
302 554
303 560
304 504
305 472
306 421
307 384
308 393
309 369
310 312
311 305
312 265
313 248
314 227
315 211
316 215
317 162
318 151
319 128
320 139
321 101
322 105
323 82
324 74
325 64
326 43
327 52
328 41
329 51
330 35
331 50
332 38
333 51
334 27
335 24
336 40
337 30
338 21
339 16
340 23
341 14
342 12
343 15
344 14
345 5
346 6
347 4
348 3
349 2
350 2
351 0
352 0
353 2
354 0
355 0
356 0
357 0
358 0
359 0
360 0
361 0
362 0
363 0
364 0
365 1
