0 0
1 0
2 0
3 0
4 0
5 0
6 0
7 0
8 0
9 0
10 0
11 0
12 0
13 0
14 0
15 0
16 0
17 0
18 0
19 0
20 0
21 0
22 0
23 0
24 0
25 0
26 0
27 0
28 0
29 0
30 0
31 0
32 0
33 0
34 0
35 0
36 0
37 0
38 0
39 0
40 0
41 0
42 0
43 0
44 0
45 0
46 0
47 0
48 0
49 0
50 0
51 0
52 0
53 0
54 0
55 0
56 0
57 0
58 0
59 0
60 0
61 0
62 0
63 0
64 0
65 0
66 0
67 0
68 0
69 0
70 0
71 0
72 0
73 0
74 0
75 0
76 0
77 1
78 0
79 0
80 1
81 0
82 2
83 1
84 0
85 0
86 2
87 1
88 2
89 4
90 1
91 4
92 1
93 1
94 3
95 3
96 4
97 6
98 6
99 7
100 4
101 2
102 9
103 14
104 6
105 12
106 17
107 15
108 17
109 20
110 23
111 26
112 29
113 27
114 32
115 39
116 50
117 61
118 72
119 78
120 86
121 105
122 118
123 143
124 154
125 175
126 169
127 153
128 211
129 225
130 236
131 221
132 271
133 324
134 326
135 309
136 353
137 342
138 368
139 373
140 388
141 352
142 368
143 370
144 446
145 422
146 424
147 423
148 531
149 502
150 574
151 620
152 660
153 778
154 739
155 864
156 982
157 985
158 1028
159 1070
160 1082
161 1186
162 1274
163 1268
164 1209
165 1282
166 1312
167 1154
168 1241
169 1210
170 1305
171 1340
172 1468
173 1331
174 1352
175 1459
176 1596
177 1639
178 1828
179 2031
180 2170
181 2189
182 2282
183 2070
184 2024
185 2201
186 2295
187 2226
188 2067
189 2201
190 2125
191 2132
192 2177
193 2164
194 2127
195 2057
196 2055
197 2159
198 2118
199 2102
200 2066
201 2081
202 1979
203 1947
204 2017
205 2029
206 2055
207 2011
208 2000
209 2185
210 2016
211 2105
212 2111
213 2029
214 1926
215 1973
216 1917
217 1974
218 1859
219 1870
220 1890
221 1866
222 1853
223 1688
224 1631
225 1781
226 1617
227 1607
228 1593
229 1610
230 1574
231 1573
232 1527
233 1560
234 1534
235 1594
236 1588
237 1448
238 1502
239 1523
240 1468
241 1423
242 1427
243 1269
244 1315
245 1242
246 1279
247 1212
248 1137
249 1111
250 1126
251 1011
252 1055
253 1071
254 1088
255 1080
256 1149
257 1080
258 1310
259 1164
260 1217
261 1216
262 1163
263 1217
264 1109
265 1156
266 1114
267 1196
268 1181
269 1201
270 1152
271 1085
272 982
273 928
274 873
275 858
276 946
277 815
278 734
279 743
280 732
281 775
282 755
283 700
284 704
285 724
286 543
287 486
288 528
289 480
290 503
291 468
292 439
293 441
294 446
295 394
296 384
297 343
298 325
299 288
300 279
301 248
302 255
303 231
304 182
305 231
306 158
307 172
308 145
309 172
310 191
311 132
312 138
313 124
314 137
315 143
316 125
317 112
318 112
319 93
320 104
321 73
322 83
323 79
324 65
325 82
326 85
327 94
328 66
329 75
330 49
331 56
332 43
333 59
334 59
335 37
336 33
337 41
338 32
339 35
340 28
341 32
342 24
343 34
344 14
345 16
346 9
347 7
348 5
349 10
350 6
351 12
352 6
353 9
354 8
355 6
356 10
357 11
358 4
359 5
360 5
361 9
362 3
363 4
364 2
365 2
366 5
367 3
368 0
369 2
370 0
371 1
372 0
373 1
374 0
375 0
376 1
377 0
378 0
379 0
380 0
381 0
382 0
383 0
384 0
385 1
386 1
387 0
388 0
389 1
390 1
