0 0
1 0
2 0
3 0
4 0
5 0
6 0
7 0
8 0
9 0
10 0
11 0
12 0
13 0
14 0
15 0
16 0
17 0
18 0
19 0
20 0
21 0
22 0
23 0
24 0
25 0
26 0
27 0
28 0
29 0
30 0
31 0
32 0
33 0
34 0
35 0
36 0
37 0
38 0
39 0
40 0
41 0
42 0
43 0
44 0
45 0
46 0
47 0
48 0
49 0
50 0
51 0
52 0
53 0
54 0
55 0
56 0
57 0
58 0
59 0
60 0
61 0
62 0
63 0
64 0
65 0
66 0
67 0
68 0
69 0
70 0
71 0
72 0
73 0
74 0
75 0
76 0
77 0
78 0
79 0
80 0
81 0
82 0
83 0
84 0
85 0
86 0
87 0
88 2
89 0
90 2
91 2
92 2
93 1
94 7
95 2
96 1
97 13
98 4
99 5
100 8
101 4
102 10
103 7
104 14
105 12
106 20
107 26
108 18
109 19
110 28
111 24
112 19
113 15
114 17
115 11
116 19
117 15
118 12
119 25
120 19
121 20
122 34
123 19
124 29
125 23
126 31
127 30
128 41
129 41
130 58
131 47
132 39
133 71
134 65
135 70
136 110
137 87
138 125
139 116
140 142
141 161
142 175
143 186
144 262
145 244
146 286
147 356
148 424
149 374
150 484
151 454
152 432
153 506
154 501
155 448
156 560
157 582
158 527
159 616
160 620
161 662
162 699
163 711
164 830
165 957
166 1057
167 1124
168 1076
169 1150
170 1144
171 1287
172 1409
173 1378
174 1656
175 1735
176 1704
177 1768
178 1824
179 1797
180 1808
181 1580
182 1545
183 1422
184 1515
185 1416
186 1468
187 1485
188 1461
189 1480
190 1469
191 1439
192 1473
193 1395
194 1490
195 1484
196 1421
197 1542
198 1531
199 1565
200 1548
201 1557
202 1592
203 1629
204 1599
205 1601
206 1685
207 1606
208 1764
209 1829
210 2065
211 2019
212 2088
213 2127
214 2309
215 2294
216 2365
217 2688
218 2427
219 2489
220 2456
221 2444
222 2459
223 2284
224 2376
225 2326
226 2296
227 2358
228 2343
229 2234
230 2273
231 2305
232 2096
233 2031
234 2065
235 2063
236 2111
237 2231
238 2061
239 2267
240 2303
241 2371
242 2384
243 2315
244 2383
245 2469
246 2453
247 2280
248 2136
249 2126
250 2036
251 2063
252 2088
253 1977
254 1929
255 1947
256 1909
257 1750
258 1634
259 1537
260 1499
261 1459
262 1310
263 1253
264 1143
265 1027
266 966
267 993
268 922
269 917
270 866
271 834
272 837
273 807
274 828
275 712
276 723
277 671
278 753
279 722
280 653
281 663
282 608
283 642
284 560
285 530
286 506
287 502
288 413
289 439
290 359
291 401
292 340
293 311
294 289
295 319
296 256
297 259
298 227
299 229
300 209
301 201
302 175
303 173
304 176
305 161
306 157
307 156
308 140
309 110
310 126
311 99
312 85
313 105
314 97
315 70
316 64
317 60
318 61
319 66
320 46
321 71
322 42
323 49
324 52
325 54
326 35
327 35
328 36
329 33
330 21
331 26
332 22
333 26
334 25
335 18
336 18
337 19
338 16
339 10
340 9
341 13
342 18
343 9
344 10
345 25
346 17
347 18
348 29
349 8
350 9
351 9
352 7
353 6
354 8
355 6
356 0
357 2
358 2
359 5
360 1
361 3
362 0
363 2
364 2
365 1
