0 0
1 0
2 0
3 0
4 0
5 0
6 0
7 0
8 0
9 0
10 0
11 0
12 0
13 0
14 0
15 0
16 0
17 0
18 0
19 0
20 0
21 0
22 0
23 0
24 0
25 0
26 0
27 0
28 0
29 0
30 0
31 0
32 0
33 0
34 0
35 0
36 0
37 0
38 0
39 0
40 0
41 0
42 0
43 0
44 0
45 0
46 0
47 0
48 0
49 0
50 0
51 0
52 0
53 0
54 0
55 0
56 0
57 0
58 0
59 0
60 0
61 0
62 0
63 0
64 0
65 0
66 0
67 0
68 0
69 0
70 0
71 0
72 0
73 0
74 0
75 0
76 0
77 0
78 0
79 0
80 0
81 0
82 0
83 0
84 0
85 0
86 0
87 0
88 0
89 0
90 0
91 0
92 0
93 0
94 0
95 0
96 1
97 1
98 3
99 5
100 7
101 6
102 3
103 7
104 4
105 5
106 6
107 3
108 3
109 4
110 4
111 7
112 3
113 8
114 5
115 10
116 11
117 17
118 15
119 29
120 29
121 40
122 47
123 63
124 65
125 70
126 85
127 130
128 180
129 217
130 184
131 259
132 266
133 240
134 338
135 262
136 330
137 373
138 457
139 422
140 477
141 454
142 465
143 495
144 447
145 505
146 414
147 429
148 519
149 456
150 502
151 514
152 595
153 505
154 504
155 504
156 513
157 434
158 469
159 439
160 463
161 516
162 548
163 615
164 699
165 743
166 747
167 910
168 847
169 1006
170 967
171 1103
172 1086
173 1245
174 1244
175 1392
176 1459
177 1364
178 1519
179 1542
180 1529
181 1513
182 1707
183 1629
184 1947
185 1769
186 1757
187 1849
188 1947
189 1740
190 1825
191 1870
192 1812
193 1745
194 1893
195 1921
196 1939
197 1951
198 2080
199 2146
200 2160
201 2128
202 2068
203 1997
204 1874
205 1955
206 1961
207 1885
208 1882
209 1922
210 1907
211 1977
212 2035
213 2163
214 2217
215 2267
216 2214
217 2368
218 2414
219 2452
220 2672
221 2587
222 2609
223 2567
224 2553
225 2470
226 2277
227 2385
228 2259
229 2296
230 2206
231 2391
232 2164
233 2260
234 2218
235 2124
236 2194
237 2156
238 2356
239 2092
240 1933
241 1984
242 1804
243 1831
244 1703
245 1562
246 1458
247 1432
248 1427
249 1399
250 1403
251 1400
252 1352
253 1321
254 1348
255 1269
256 1289
257 1156
258 1143
259 1119
260 1080
261 967
262 902
263 904
264 874
265 821
266 872
267 793
268 800
269 714
270 688
271 720
272 766
273 752
274 731
275 679
276 696
277 765
278 690
279 739
280 637
281 631
282 673
283 567
284 593
285 523
286 428
287 563
288 519
289 496
290 443
291 447
292 477
293 436
294 462
295 403
296 383
297 353
298 361
299 407
300 322
301 316
302 317
303 271
304 227
305 289
306 248
307 253
308 230
309 215
310 225
311 203
312 184
313 212
314 212
315 187
316 218
317 184
318 196
319 203
320 184
321 188
322 156
323 163
324 163
325 144
326 143
327 141
328 110
329 126
330 99
331 88
332 91
333 66
334 70
335 54
336 46
337 43
338 25
339 36
340 17
341 17
342 20
343 9
344 12
345 10
346 13
347 16
348 13
349 9
350 7
351 6
352 5
353 13
354 3
355 5
356 7
357 3
358 9
359 4
360 2
361 2
362 2
363 1
364 1
365 3
366 0
367 0
368 2
369 0
370 0
371 0
372 0
373 0
374 0
375 2
376 2
377 3
378 1
379 1
380 1
381 1
382 2
383 0
384 0
385 1
386 0
387 1
388 0
389 1
390 0
391 0
392 1
393 0
394 2
395 0
396 1
397 0
398 0
399 1
