0 0
1 0
2 0
3 0
4 0
5 0
6 0
7 0
8 0
9 0
10 0
11 0
12 0
13 0
14 0
15 0
16 0
17 0
18 0
19 0
20 0
21 0
22 0
23 0
24 0
25 0
26 0
27 0
28 0
29 0
30 0
31 0
32 0
33 0
34 0
35 0
36 0
37 1
38 0
39 0
40 0
41 0
42 0
43 0
44 0
45 0
46 0
47 0
48 0
49 0
50 0
51 0
52 0
53 0
54 0
55 0
56 0
57 0
58 0
59 0
60 0
61 0
62 0
63 0
64 0
65 0
66 0
67 0
68 0
69 0
70 0
71 0
72 0
73 0
74 0
75 0
76 0
77 0
78 0
79 0
80 0
81 0
82 0
83 0
84 0
85 0
86 0
87 0
88 0
89 0
90 0
91 0
92 0
93 0
94 0
95 0
96 0
97 0
98 0
99 0
100 0
101 0
102 0
103 0
104 0
105 0
106 0
107 0
108 0
109 0
110 2
111 2
112 1
113 0
114 4
115 5
116 1
117 1
118 7
119 6
120 6
121 5
122 6
123 2
124 5
125 12
126 6
127 8
128 8
129 10
130 3
131 11
132 11
133 7
134 11
135 17
136 21
137 8
138 21
139 25
140 33
141 17
142 23
143 35
144 36
145 38
146 74
147 53
148 71
149 81
150 57
151 83
152 101
153 117
154 94
155 118
156 146
157 172
158 176
159 185
160 218
161 186
162 220
163 219
164 258
165 254
166 307
167 307
168 385
169 411
170 499
171 510
172 497
173 612
174 635
175 592
176 701
177 677
178 853
179 977
180 1020
181 1054
182 1141
183 1279
184 1266
185 1358
186 1373
187 1383
188 1345
189 1522
190 1685
191 1645
192 1752
193 1920
194 1913
195 2040
196 1974
197 2150
198 2141
199 2284
200 2216
201 2416
202 2517
203 2479
204 2604
205 2492
206 2587
207 2646
208 2642
209 2656
210 2811
211 2771
212 2721
213 2623
214 2672
215 2573
216 2598
217 2632
218 2479
219 2655
220 2673
221 2659
222 2620
223 2663
224 2683
225 2636
226 2682
227 2528
228 2723
229 2641
230 2548
231 2651
232 2631
233 2576
234 2549
235 2469
236 2531
237 2497
238 2382
239 2349
240 2604
241 2690
242 2605
243 2735
244 2560
245 2593
246 2544
247 2430
248 2278
249 2262
250 2031
251 1958
252 1993
253 1956
254 1864
255 1847
256 1751
257 1700
258 1606
259 1629
260 1632
261 1489
262 1376
263 1448
264 1235
265 1267
266 1341
267 1231
268 1164
269 1117
270 1155
271 1008
272 1036
273 939
274 880
275 909
276 918
277 842
278 776
279 742
280 655
281 590
282 565
283 519
284 413
285 411
286 376
287 345
288 319
289 308
290 253
291 239
292 241
293 201
294 197
295 196
296 172
297 175
298 166
299 143
300 118
301 113
302 135
303 124
304 108
305 75
306 88
307 67
308 83
309 81
310 50
311 51
312 47
313 60
314 46
315 40
316 36
317 29
318 28
319 28
320 29
321 34
322 21
323 19
324 21
325 20
326 23
327 16
328 15
329 11
330 9
331 2
332 4
333 5
334 8
335 4
336 2
337 6
338 2
339 6
340 3
341 1
342 1
343 0
344 2
345 2
