0 1
1 0
2 0
3 0
4 0
5 0
6 0
7 0
8 0
9 0
10 0
11 1
12 0
13 0
14 0
15 0
16 0
17 0
18 0
19 0
20 0
21 0
22 0
23 0
24 0
25 0
26 0
27 0
28 0
29 0
30 0
31 0
32 0
33 0
34 0
35 0
36 0
37 0
38 0
39 0
40 0
41 0
42 0
43 0
44 0
45 0
46 0
47 0
48 0
49 0
50 0
51 0
52 0
53 0
54 0
55 0
56 0
57 0
58 0
59 0
60 0
61 0
62 0
63 0
64 0
65 0
66 0
67 0
68 0
69 0
70 0
71 0
72 0
73 0
74 0
75 0
76 0
77 0
78 0
79 0
80 0
81 0
82 1
83 0
84 0
85 0
86 1
87 1
88 0
89 0
90 0
91 0
92 0
93 0
94 0
95 0
96 0
97 0
98 0
99 0
100 0
101 0
102 1
103 0
104 0
105 1
106 0
107 0
108 0
109 0
110 0
111 0
112 0
113 0
114 0
115 0
116 0
117 1
118 2
119 0
120 0
121 0
122 0
123 2
124 2
125 1
126 4
127 1
128 8
129 7
130 1
131 5
132 8
133 14
134 13
135 11
136 15
137 17
138 11
139 14
140 22
141 30
142 43
143 43
144 40
145 32
146 31
147 33
148 50
149 55
150 62
151 65
152 79
153 96
154 117
155 71
156 120
157 113
158 152
159 152
160 178
161 219
162 230
163 192
164 202
165 234
166 233
167 265
168 360
169 400
170 431
171 457
172 561
173 668
174 625
175 783
176 850
177 929
178 982
179 1034
180 1064
181 1152
182 1123
183 1223
184 1157
185 1102
186 1268
187 1151
188 1147
189 1150
190 1263
191 1226
192 1235
193 1283
194 1403
195 1298
196 1391
197 1449
198 1582
199 1622
200 1653
201 1750
202 1871
203 2000
204 2174
205 2188
206 2383
207 2428
208 2565
209 2563
210 2610
211 2700
212 2832
213 2998
214 2953
215 2979
216 2858
217 3041
218 2985
219 3100
220 3038
221 3025
222 2906
223 3027
224 2934
225 3233
226 3110
227 3075
228 3074
229 3028
230 2797
231 2602
232 2487
233 2521
234 2286
235 2175
236 2376
237 2314
238 2341
239 2504
240 2466
241 2366
242 2328
243 2137
244 2229
245 1903
246 1884
247 1908
248 1751
249 1714
250 1820
251 1655
252 1599
253 1602
254 1573
255 1529
256 1452
257 1512
258 1537
259 1514
260 1396
261 1473
262 1434
263 1419
264 1452
265 1414
266 1422
267 1268
268 1222
269 1199
270 1105
271 1130
272 971
273 980
274 933
275 858
276 834
277 864
278 810
279 919
280 819
281 811
282 758
283 769
284 724
285 706
286 689
287 631
288 648
289 699
290 612
291 611
292 597
293 591
294 626
295 619
296 553
297 489
298 454
299 436
300 430
301 356
302 392
303 341
304 360
305 326
306 311
307 269
308 319
309 228
310 216
311 205
312 203
313 171
314 189
315 164
316 139
317 139
318 161
319 139
320 122
321 128
322 107
323 77
324 63
325 80
326 76
327 78
328 68
329 55
330 51
331 34
332 42
333 43
334 33
335 56
336 32
337 36
338 30
339 39
340 40
341 31
342 38
343 28
344 32
345 29
346 31
347 17
348 13
349 28
350 16
351 8
352 10
353 5
354 8
355 6
356 3
357 8
358 9
359 6
360 2
361 9
362 5
363 4
364 3
365 1
366 0
367 0
368 1
