0 0
1 0
2 0
3 0
4 0
5 0
6 0
7 0
8 0
9 0
10 0
11 0
12 0
13 0
14 0
15 0
16 0
17 0
18 0
19 0
20 0
21 0
22 0
23 0
24 0
25 0
26 0
27 0
28 0
29 0
30 0
31 0
32 0
33 0
34 0
35 0
36 0
37 0
38 0
39 0
40 0
41 0
42 0
43 0
44 0
45 0
46 0
47 0
48 0
49 0
50 0
51 0
52 0
53 0
54 0
55 0
56 0
57 0
58 0
59 0
60 0
61 0
62 0
63 0
64 0
65 0
66 0
67 0
68 0
69 0
70 0
71 0
72 0
73 0
74 0
75 0
76 0
77 0
78 0
79 0
80 0
81 0
82 0
83 0
84 0
85 0
86 0
87 0
88 0
89 0
90 0
91 0
92 0
93 0
94 0
95 0
96 0
97 0
98 0
99 0
100 0
101 0
102 0
103 0
104 1
105 1
106 2
107 0
108 2
109 2
110 6
111 3
112 1
113 1
114 3
115 6
116 10
117 7
118 13
119 20
120 17
121 12
122 16
123 29
124 29
125 24
126 29
127 33
128 36
129 18
130 34
131 25
132 31
133 36
134 30
135 40
136 31
137 32
138 24
139 27
140 39
141 40
142 52
143 39
144 35
145 34
146 34
147 46
148 46
149 47
150 89
151 73
152 81
153 94
154 101
155 114
156 113
157 115
158 155
159 148
160 129
161 161
162 168
163 202
164 192
165 173
166 210
167 230
168 208
169 234
170 267
171 242
172 258
173 288
174 276
175 326
176 344
177 318
178 405
179 376
180 397
181 425
182 466
183 514
184 451
185 532
186 550
187 565
188 579
189 615
190 635
191 620
192 754
193 674
194 749
195 827
196 793
197 866
198 911
199 927
200 1089
201 1052
202 1054
203 1233
204 1283
205 1280
206 1380
207 1414
208 1481
209 1625
210 1724
211 1769
212 1817
213 1808
214 1860
215 2048
216 2101
217 2082
218 2111
219 2084
220 2166
221 2161
222 2256
223 2347
224 2402
225 2427
226 2595
227 2637
228 2701
229 2832
230 2867
231 3073
232 3032
233 3183
234 3372
235 3264
236 3418
237 3574
238 3347
239 3203
240 3325
241 3293
242 3124
243 3131
244 3152
245 3155
246 3059
247 2995
248 3048
249 2861
250 2888
251 2782
252 2657
253 2478
254 2508
255 2485
256 2214
257 2152
258 2101
259 2128
260 1877
261 1825
262 1802
263 1792
264 1707
265 1671
266 1754
267 1747
268 1506
269 1566
270 1412
271 1339
272 1377
273 1226
274 1315
275 1205
276 1182
277 1095
278 1147
279 1068
280 909
281 920
282 1006
283 910
284 870
285 1000
286 973
287 1043
288 932
289 915
290 936
291 995
292 793
293 789
294 744
295 645
296 600
297 610
298 622
299 504
300 517
301 535
302 466
303 500
304 497
305 459
306 439
307 416
308 427
309 362
310 365
311 382
312 337
313 317
314 314
315 279
316 287
317 268
318 237
319 219
320 296
321 273
322 250
323 136
324 133
325 86
326 77
327 96
328 83
329 51
330 45
331 54
332 53
333 53
334 35
335 56
336 36
337 40
338 34
339 29
340 39
341 24
342 43
343 38
344 33
345 24
346 28
347 15
348 33
349 35
350 15
351 28
352 31
353 27
354 17
355 18
356 23
357 17
358 16
359 15
360 21
361 20
362 17
363 9
364 12
365 6
366 8
367 9
368 2
369 5
370 7
371 4
372 0
373 0
374 1
375 1
376 1
377 0
378 2
379 1
380 0
381 1
382 2
