0 0
1 0
2 0
3 0
4 0
5 0
6 0
7 0
8 0
9 0
10 0
11 0
12 0
13 0
14 0
15 0
16 0
17 0
18 0
19 0
20 0
21 0
22 0
23 0
24 0
25 0
26 0
27 0
28 0
29 0
30 0
31 0
32 0
33 0
34 0
35 0
36 0
37 0
38 0
39 0
40 0
41 0
42 0
43 0
44 0
45 0
46 0
47 0
48 0
49 0
50 0
51 0
52 0
53 0
54 0
55 0
56 0
57 0
58 0
59 0
60 0
61 0
62 0
63 0
64 0
65 0
66 0
67 0
68 0
69 0
70 0
71 0
72 0
73 0
74 0
75 0
76 0
77 0
78 0
79 0
80 0
81 0
82 0
83 0
84 0
85 0
86 0
87 0
88 0
89 0
90 0
91 0
92 0
93 0
94 0
95 0
96 0
97 0
98 0
99 0
100 0
101 0
102 0
103 0
104 0
105 0
106 0
107 1
108 0
109 1
110 1
111 1
112 5
113 6
114 4
115 6
116 4
117 4
118 8
119 7
120 8
121 7
122 7
123 7
124 8
125 7
126 8
127 5
128 10
129 10
130 12
131 7
132 8
133 10
134 6
135 6
136 9
137 6
138 13
139 5
140 14
141 7
142 9
143 14
144 10
145 27
146 36
147 53
148 60
149 84
150 69
151 97
152 113
153 87
154 91
155 95
156 104
157 94
158 66
159 80
160 96
161 116
162 105
163 102
164 123
165 140
166 147
167 151
168 132
169 174
170 199
171 201
172 233
173 229
174 303
175 286
176 312
177 385
178 404
179 461
180 423
181 563
182 569
183 635
184 577
185 728
186 726
187 745
188 842
189 852
190 939
191 973
192 957
193 1081
194 1206
195 1206
196 1361
197 1632
198 1543
199 1675
200 1788
201 1952
202 2017
203 2060
204 1947
205 2001
206 1878
207 1897
208 2034
209 1913
210 2066
211 2275
212 2110
213 2342
214 2259
215 2392
216 2530
217 2443
218 2522
219 2670
220 2462
221 2409
222 2472
223 2557
224 2520
225 2658
226 2542
227 2621
228 2615
229 2736
230 2760
231 2830
232 2907
233 2871
234 3042
235 2973
236 3112
237 3019
238 3211
239 3029
240 2946
241 2978
242 2875
243 2838
244 2886
245 2680
246 2628
247 2534
248 2604
249 2369
250 2328
251 2343
252 2311
253 2219
254 2077
255 2117
256 2071
257 1959
258 2076
259 1838
260 1876
261 1912
262 1828
263 1770
264 1839
265 1725
266 1763
267 1732
268 1631
269 1641
270 1535
271 1625
272 1551
273 1632
274 1468
275 1461
276 1385
277 1175
278 1118
279 1122
280 1022
281 973
282 840
283 807
284 788
285 732
286 730
287 629
288 685
289 517
290 512
291 510
292 521
293 452
294 414
295 440
296 413
297 376
298 357
299 294
300 283
301 310
302 252
303 255
304 237
305 250
306 190
307 227
308 190
309 259
310 216
311 186
312 192
313 190
314 206
315 196
316 203
317 168
318 196
319 177
320 157
321 99
322 86
323 39
324 72
325 41
326 54
327 46
328 71
329 27
330 51
331 39
332 29
333 25
334 33
335 17
336 16
337 14
338 13
339 9
340 10
341 14
342 15
343 4
344 9
345 8
346 9
347 3
348 2
349 3
350 5
351 4
352 3
353 0
354 0
355 0
356 1
357 0
358 0
359 1
360 1
361 0
362 2
363 0
364 0
365 0
366 0
367 0
368 0
369 0
370 0
371 0
372 0
373 0
374 2
375 2
