0 0
1 0
2 0
3 0
4 0
5 0
6 0
7 0
8 0
9 0
10 0
11 0
12 0
13 0
14 0
15 0
16 0
17 0
18 0
19 0
20 0
21 0
22 0
23 0
24 0
25 0
26 0
27 0
28 0
29 0
30 0
31 0
32 0
33 0
34 0
35 0
36 0
37 0
38 0
39 0
40 0
41 0
42 0
43 0
44 0
45 0
46 0
47 0
48 0
49 0
50 0
51 0
52 0
53 0
54 0
55 0
56 0
57 0
58 0
59 0
60 0
61 0
62 0
63 0
64 0
65 0
66 0
67 0
68 0
69 0
70 0
71 0
72 0
73 0
74 0
75 0
76 0
77 0
78 0
79 0
80 0
81 0
82 0
83 0
84 0
85 0
86 0
87 0
88 0
89 0
90 0
91 0
92 0
93 0
94 0
95 0
96 0
97 0
98 0
99 0
100 0
101 0
102 1
103 0
104 0
105 0
106 0
107 0
108 0
109 0
110 0
111 0
112 0
113 0
114 0
115 2
116 0
117 2
118 0
119 0
120 1
121 0
122 0
123 0
124 0
125 2
126 0
127 1
128 2
129 6
130 2
131 1
132 4
133 5
134 8
135 6
136 11
137 10
138 3
139 18
140 16
141 20
142 40
143 39
144 32
145 45
146 59
147 44
148 51
149 64
150 60
151 63
152 63
153 88
154 72
155 90
156 119
157 102
158 90
159 100
160 126
161 114
162 152
163 139
164 136
165 161
166 193
167 142
168 196
169 241
170 214
171 259
172 322
173 354
174 343
175 437
176 516
177 419
178 500
179 575
180 597
181 665
182 666
183 740
184 683
185 826
186 836
187 875
188 904
189 951
190 1019
191 1041
192 1101
193 1142
194 1159
195 1156
196 1130
197 1172
198 1257
199 1304
200 1279
201 1373
202 1399
203 1444
204 1557
205 1479
206 1622
207 1682
208 1625
209 1830
210 2044
211 2098
212 2192
213 2310
214 2532
215 2526
216 2514
217 2515
218 2632
219 2730
220 2627
221 2821
222 2944
223 3166
224 3126
225 3137
226 3010
227 3050
228 2971
229 2950
230 3000
231 3039
232 2961
233 2977
234 3041
235 3086
236 2980
237 3136
238 3234
239 3139
240 3063
241 3029
242 2792
243 2880
244 2742
245 2833
246 2660
247 2607
248 2689
249 2622
250 2684
251 2571
252 2643
253 2615
254 2471
255 2353
256 2418
257 2279
258 2405
259 2113
260 2004
261 1977
262 1976
263 1753
264 1679
265 1561
266 1512
267 1503
268 1542
269 1436
270 1363
271 1434
272 1294
273 1265
274 1379
275 1276
276 1134
277 1042
278 919
279 919
280 846
281 705
282 724
283 641
284 599
285 547
286 505
287 477
288 434
289 473
290 457
291 413
292 422
293 348
294 384
295 390
296 381
297 407
298 399
299 413
300 350
301 323
302 273
303 313
304 282
305 253
306 225
307 226
308 157
309 173
310 126
311 91
312 93
313 88
314 87
315 56
316 83
317 66
318 43
319 51
320 62
321 42
322 47
323 32
324 40
325 36
326 37
327 25
328 21
329 35
330 30
331 21
332 17
333 23
334 16
335 20
336 18
337 10
338 11
339 7
340 14
341 11
342 5
343 12
344 10
345 2
346 5
347 2
348 4
349 3
350 1
351 1
352 2
353 1
354 0
355 1
356 0
357 5
358 2
359 2
360 3
361 6
362 1
363 1
364 0
365 0
366 0
367 0
368 0
369 1
