0 0
1 0
2 0
3 0
4 0
5 0
6 0
7 0
8 0
9 0
10 0
11 0
12 0
13 0
14 0
15 0
16 0
17 0
18 0
19 0
20 0
21 0
22 0
23 0
24 0
25 0
26 0
27 0
28 0
29 0
30 0
31 0
32 0
33 0
34 0
35 0
36 0
37 0
38 0
39 0
40 0
41 0
42 0
43 0
44 0
45 0
46 0
47 0
48 0
49 0
50 0
51 0
52 0
53 0
54 0
55 0
56 0
57 0
58 0
59 0
60 0
61 0
62 0
63 0
64 0
65 0
66 0
67 0
68 0
69 0
70 0
71 0
72 0
73 0
74 0
75 0
76 0
77 0
78 0
79 0
80 0
81 0
82 0
83 0
84 0
85 0
86 0
87 0
88 0
89 0
90 0
91 0
92 0
93 0
94 0
95 0
96 0
97 0
98 1
99 2
100 0
101 0
102 1
103 0
104 0
105 3
106 1
107 1
108 2
109 5
110 1
111 4
112 7
113 12
114 12
115 6
116 5
117 10
118 16
119 14
120 14
121 19
122 22
123 24
124 30
125 25
126 29
127 26
128 31
129 43
130 21
131 42
132 43
133 49
134 52
135 53
136 48
137 51
138 72
139 76
140 104
141 90
142 99
143 123
144 133
145 132
146 168
147 164
148 177
149 200
150 220
151 234
152 227
153 279
154 261
155 297
156 320
157 341
158 347
159 364
160 387
161 408
162 439
163 545
164 520
165 562
166 665
167 750
168 778
169 827
170 949
171 1099
172 1166
173 1325
174 1373
175 1531
176 1675
177 1687
178 1635
179 1701
180 1685
181 1852
182 1815
183 1746
184 1972
185 1989
186 2102
187 2110
188 2062
189 2126
190 2260
191 2261
192 2359
193 2456
194 2274
195 2341
196 2425
197 2550
198 2512
199 2521
200 2488
201 2422
202 2255
203 2288
204 2147
205 2277
206 2222
207 2073
208 2300
209 2190
210 2258
211 2378
212 2524
213 2465
214 2373
215 2529
216 2526
217 2451
218 2586
219 2549
220 2618
221 2428
222 2480
223 2481
224 2425
225 2446
226 2456
227 2359
228 2416
229 2425
230 2419
231 2120
232 2294
233 2286
234 2258
235 2263
236 2066
237 2146
238 2078
239 2102
240 2113
241 2036
242 1989
243 1786
244 1987
245 1810
246 1745
247 1681
248 1579
249 1645
250 1607
251 1614
252 1566
253 1534
254 1551
255 1467
256 1423
257 1360
258 1253
259 1393
260 1237
261 1174
262 1117
263 1071
264 1077
265 1147
266 1030
267 1019
268 1002
269 967
270 831
271 860
272 839
273 787
274 667
275 650
276 600
277 577
278 522
279 524
280 445
281 462
282 421
283 386
284 370
285 391
286 361
287 373
288 307
289 339
290 325
291 279
292 289
293 265
294 260
295 250
296 277
297 201
298 187
299 148
300 149
301 116
302 113
303 90
304 84
305 99
306 75
307 73
308 90
309 52
310 41
311 64
312 47
313 42
314 35
315 31
316 39
317 39
318 30
319 30
320 27
321 17
322 17
323 24
324 28
325 18
326 17
327 19
328 22
329 17
330 7
331 14
332 9
333 4
334 10
335 1
336 4
337 4
338 0
339 1
340 0
341 0
342 0
343 0
344 0
345 0
346 0
347 0
348 0
349 0
350 1
351 0
352 0
353 0
354 0
355 0
356 1
