0 0
1 0
2 0
3 0
4 0
5 0
6 0
7 0
8 0
9 0
10 0
11 0
12 0
13 0
14 0
15 0
16 0
17 0
18 0
19 0
20 0
21 0
22 0
23 0
24 0
25 0
26 0
27 0
28 0
29 0
30 0
31 0
32 0
33 0
34 0
35 0
36 0
37 0
38 0
39 0
40 0
41 0
42 0
43 0
44 0
45 0
46 0
47 0
48 0
49 0
50 0
51 0
52 1
53 0
54 0
55 0
56 0
57 0
58 0
59 0
60 0
61 0
62 0
63 0
64 0
65 0
66 1
67 0
68 0
69 0
70 0
71 0
72 0
73 0
74 0
75 0
76 1
77 1
78 0
79 0
80 0
81 0
82 0
83 0
84 0
85 0
86 1
87 1
88 0
89 0
90 6
91 1
92 0
93 3
94 1
95 9
96 0
97 1
98 3
99 3
100 3
101 2
102 2
103 7
104 1
105 3
106 1
107 0
108 9
109 2
110 5
111 7
112 10
113 10
114 7
115 10
116 14
117 14
118 22
119 10
120 22
121 10
122 19
123 15
124 18
125 18
126 20
127 13
128 24
129 34
130 23
131 35
132 57
133 45
134 64
135 64
136 87
137 87
138 109
139 126
140 160
141 216
142 202
143 254
144 228
145 235
146 310
147 326
148 254
149 265
150 286
151 287
152 209
153 212
154 171
155 214
156 179
157 203
158 230
159 219
160 189
161 200
162 156
163 151
164 179
165 166
166 185
167 157
168 162
169 151
170 156
171 145
172 173
173 169
174 158
175 203
176 160
177 184
178 215
179 216
180 255
181 230
182 266
183 330
184 366
185 360
186 426
187 385
188 402
189 399
190 418
191 377
192 393
193 412
194 361
195 470
196 391
197 394
198 403
199 465
200 421
201 443
202 524
203 563
204 572
205 619
206 672
207 703
208 725
209 748
210 787
211 871
212 846
213 839
214 983
215 1039
216 1102
217 1202
218 1236
219 1209
220 1358
221 1364
222 1529
223 1678
224 1849
225 1705
226 1812
227 1803
228 1808
229 1747
230 1813
231 1718
232 1796
233 1839
234 1903
235 1926
236 2042
237 2044
238 2037
239 2123
240 2153
241 2175
242 2151
243 2169
244 2146
245 2273
246 2334
247 2313
248 2344
249 2295
250 2271
251 2407
252 2275
253 2282
254 2499
255 2406
256 2314
257 2527
258 2442
259 2567
260 2473
261 2426
262 2494
263 2455
264 2606
265 2624
266 2676
267 2574
268 2695
269 2773
270 2687
271 2765
272 2706
273 2676
274 2537
275 2507
276 2527
277 2412
278 2240
279 2215
280 2149
281 1972
282 1985
283 1768
284 1860
285 1797
286 1727
287 1683
288 1691
289 1722
290 1648
291 1662
292 1501
293 1528
294 1488
295 1445
296 1497
297 1431
298 1363
299 1396
300 1280
301 1353
302 1272
303 1115
304 1202
305 1110
306 1055
307 1109
308 1003
309 960
310 892
311 811
312 811
313 673
314 574
315 600
316 460
317 428
318 392
319 322
320 319
321 296
322 278
323 238
324 231
325 227
326 206
327 189
328 191
329 166
330 146
331 158
332 139
333 122
334 149
335 121
336 87
337 69
338 77
339 69
340 48
341 66
342 48
343 70
344 60
345 40
346 38
347 42
348 56
349 28
350 36
351 20
352 18
353 23
354 24
355 22
356 10
357 5
358 6
359 14
360 5
361 6
362 4
363 0
364 0
365 0
366 0
367 1
368 0
369 0
370 0
371 0
372 0
373 0
374 0
375 1
376 0
377 1
