0 0
1 0
2 0
3 0
4 0
5 0
6 0
7 0
8 0
9 0
10 0
11 0
12 0
13 0
14 0
15 0
16 0
17 0
18 0
19 0
20 0
21 0
22 0
23 0
24 0
25 0
26 0
27 0
28 0
29 0
30 0
31 0
32 0
33 0
34 0
35 0
36 0
37 0
38 0
39 0
40 0
41 0
42 0
43 0
44 0
45 0
46 0
47 0
48 0
49 0
50 0
51 0
52 0
53 0
54 0
55 0
56 0
57 0
58 0
59 0
60 0
61 0
62 0
63 0
64 0
65 0
66 0
67 0
68 0
69 0
70 0
71 0
72 0
73 0
74 0
75 0
76 0
77 0
78 0
79 0
80 1
81 0
82 1
83 0
84 0
85 0
86 0
87 0
88 0
89 0
90 0
91 0
92 0
93 0
94 0
95 0
96 0
97 0
98 0
99 0
100 0
101 0
102 0
103 0
104 0
105 0
106 0
107 0
108 1
109 0
110 0
111 0
112 0
113 1
114 0
115 0
116 0
117 0
118 0
119 0
120 0
121 0
122 0
123 0
124 0
125 0
126 0
127 1
128 0
129 1
130 2
131 2
132 1
133 1
134 2
135 0
136 2
137 2
138 3
139 0
140 0
141 1
142 1
143 0
144 0
145 0
146 2
147 1
148 5
149 0
150 7
151 5
152 8
153 14
154 6
155 15
156 24
157 29
158 31
159 44
160 55
161 44
162 54
163 64
164 65
165 96
166 109
167 118
168 160
169 193
170 178
171 248
172 255
173 285
174 338
175 340
176 342
177 383
178 502
179 507
180 532
181 543
182 642
183 718
184 767
185 822
186 894
187 885
188 961
189 1055
190 1148
191 1267
192 1285
193 1361
194 1572
195 1565
196 1661
197 1760
198 1746
199 1911
200 1874
201 2022
202 2052
203 2260
204 2254
205 2327
206 2401
207 2463
208 2463
209 2477
210 2358
211 2358
212 2373
213 2511
214 2491
215 2567
216 2706
217 2754
218 2669
219 2783
220 2724
221 2740
222 2849
223 2688
224 2713
225 2671
226 2669
227 2645
228 2675
229 2725
230 2812
231 2799
232 2949
233 3027
234 3063
235 3121
236 3021
237 3016
238 2880
239 2855
240 2712
241 2790
242 2712
243 2590
244 2296
245 2177
246 2236
247 2032
248 1901
249 1849
250 1773
251 1602
252 1674
253 1638
254 1543
255 1429
256 1413
257 1543
258 1451
259 1468
260 1467
261 1391
262 1444
263 1489
264 1483
265 1440
266 1379
267 1386
268 1397
269 1416
270 1397
271 1425
272 1385
273 1272
274 1338
275 1210
276 1175
277 1063
278 1083
279 1045
280 953
281 838
282 815
283 827
284 765
285 752
286 697
287 655
288 638
289 538
290 516
291 594
292 512
293 485
294 480
295 506
296 521
297 466
298 543
299 555
300 558
301 606
302 597
303 610
304 620
305 556
306 515
307 481
308 478
309 428
310 445
311 380
312 345
313 314
314 315
315 299
316 289
317 227
318 192
319 181
320 163
321 161
322 121
323 121
324 110
325 110
326 117
327 111
328 90
329 88
330 100
331 66
332 82
333 71
334 71
335 102
336 83
337 83
338 83
339 74
340 57
341 40
342 26
343 22
344 16
345 15
346 7
347 9
348 3
349 4
350 2
351 1
352 1
353 0
354 2
355 1
356 1
357 1
358 4
359 2
360 3
361 1
362 1
363 0
364 0
365 0
366 1
367 0
368 1
369 1
