0 0
1 0
2 0
3 0
4 0
5 0
6 0
7 0
8 0
9 0
10 0
11 0
12 0
13 0
14 0
15 0
16 0
17 0
18 0
19 0
20 0
21 0
22 0
23 0
24 0
25 0
26 0
27 0
28 0
29 0
30 0
31 0
32 0
33 0
34 0
35 0
36 0
37 0
38 0
39 0
40 0
41 0
42 0
43 0
44 0
45 0
46 0
47 0
48 0
49 0
50 0
51 0
52 0
53 0
54 0
55 0
56 0
57 0
58 0
59 0
60 0
61 0
62 0
63 0
64 0
65 0
66 0
67 0
68 0
69 0
70 0
71 0
72 0
73 0
74 0
75 0
76 0
77 0
78 0
79 0
80 0
81 0
82 0
83 0
84 0
85 0
86 0
87 0
88 0
89 0
90 0
91 0
92 0
93 0
94 0
95 0
96 0
97 0
98 0
99 0
100 2
101 1
102 2
103 0
104 0
105 2
106 3
107 3
108 1
109 1
110 0
111 3
112 1
113 3
114 1
115 6
116 5
117 6
118 1
119 2
120 0
121 6
122 2
123 10
124 2
125 5
126 9
127 10
128 7
129 12
130 9
131 7
132 10
133 4
134 7
135 11
136 20
137 8
138 13
139 3
140 13
141 8
142 12
143 14
144 25
145 28
146 24
147 42
148 35
149 45
150 64
151 40
152 43
153 59
154 58
155 61
156 75
157 61
158 101
159 88
160 112
161 76
162 139
163 141
164 138
165 139
166 163
167 152
168 170
169 152
170 196
171 174
172 185
173 188
174 211
175 202
176 202
177 216
178 260
179 280
180 275
181 299
182 415
183 351
184 411
185 447
186 484
187 547
188 584
189 638
190 680
191 652
192 731
193 785
194 812
195 967
196 894
197 1085
198 1086
199 1144
200 1179
201 1101
202 1193
203 1230
204 1347
205 1356
206 1421
207 1549
208 1501
209 1544
210 1632
211 1834
212 1891
213 1854
214 1992
215 2098
216 2165
217 2186
218 2317
219 2415
220 2308
221 2403
222 2566
223 2605
224 2711
225 2753
226 2757
227 2841
228 2873
229 2766
230 2783
231 2928
232 3028
233 2997
234 3150
235 2904
236 3217
237 3335
238 3296
239 3221
240 3208
241 3386
242 3222
243 3306
244 3276
245 3056
246 2916
247 3094
248 3064
249 3003
250 2944
251 2885
252 2717
253 2908
254 2797
255 2823
256 2629
257 2756
258 2743
259 2503
260 2389
261 2164
262 2226
263 2114
264 2189
265 2026
266 1831
267 1903
268 1956
269 1993
270 1971
271 1971
272 1807
273 1653
274 1590
275 1495
276 1264
277 1318
278 1138
279 1100
280 1106
281 895
282 931
283 894
284 863
285 798
286 760
287 716
288 683
289 638
290 579
291 555
292 474
293 507
294 454
295 482
296 451
297 446
298 331
299 320
300 270
301 273
302 294
303 245
304 215
305 203
306 215
307 201
308 174
309 139
310 148
311 125
312 95
313 75
314 91
315 82
316 73
317 82
318 72
319 85
320 63
321 70
322 40
323 75
324 56
325 47
326 47
327 53
328 49
329 39
330 18
331 22
332 21
333 17
334 21
335 9
336 11
337 7
338 4
339 8
340 6
341 2
342 4
343 8
344 7
345 5
346 5
347 6
348 5
349 4
350 3
351 6
352 2
353 3
354 2
355 4
356 4
357 1
358 2
359 3
360 1
361 0
362 2
363 0
364 0
365 0
366 0
367 0
368 0
369 0
370 0
371 1
