0 0
1 0
2 0
3 0
4 0
5 0
6 0
7 0
8 0
9 0
10 0
11 0
12 0
13 0
14 0
15 0
16 0
17 0
18 0
19 0
20 0
21 0
22 0
23 0
24 0
25 0
26 0
27 0
28 0
29 0
30 0
31 0
32 0
33 0
34 0
35 0
36 0
37 0
38 0
39 0
40 0
41 0
42 0
43 0
44 0
45 0
46 0
47 0
48 0
49 0
50 0
51 0
52 0
53 0
54 0
55 0
56 0
57 0
58 0
59 0
60 0
61 0
62 0
63 0
64 0
65 0
66 0
67 0
68 0
69 0
70 0
71 0
72 0
73 0
74 0
75 0
76 0
77 0
78 0
79 0
80 0
81 0
82 0
83 0
84 0
85 0
86 0
87 0
88 0
89 0
90 0
91 1
92 0
93 0
94 0
95 0
96 0
97 0
98 0
99 0
100 0
101 0
102 0
103 0
104 0
105 0
106 0
107 0
108 0
109 0
110 0
111 0
112 0
113 0
114 0
115 1
116 0
117 0
118 0
119 0
120 0
121 0
122 0
123 0
124 0
125 1
126 0
127 0
128 0
129 1
130 0
131 0
132 2
133 0
134 1
135 0
136 0
137 0
138 0
139 1
140 3
141 0
142 1
143 4
144 2
145 3
146 2
147 5
148 4
149 5
150 10
151 6
152 3
153 7
154 10
155 1
156 8
157 9
158 12
159 14
160 7
161 5
162 17
163 8
164 15
165 19
166 26
167 26
168 26
169 23
170 29
171 28
172 26
173 29
174 52
175 40
176 75
177 54
178 77
179 72
180 74
181 99
182 147
183 153
184 165
185 196
186 220
187 254
188 314
189 306
190 336
191 403
192 417
193 454
194 477
195 536
196 549
197 633
198 566
199 713
200 771
201 765
202 871
203 905
204 1034
205 1000
206 1151
207 1249
208 1331
209 1342
210 1446
211 1530
212 1628
213 1775
214 1708
215 1804
216 1849
217 2011
218 2077
219 2276
220 2301
221 2333
222 2375
223 2459
224 2500
225 2510
226 2796
227 2595
228 2741
229 2813
230 2936
231 3123
232 3216
233 3461
234 3385
235 3694
236 3665
237 3701
238 3825
239 3760
240 3700
241 3541
242 3471
243 3395
244 3446
245 3311
246 3570
247 3281
248 3406
249 3154
250 3150
251 3209
252 3283
253 3306
254 2961
255 2984
256 3070
257 3108
258 2970
259 2902
260 2841
261 2851
262 2864
263 2717
264 2679
265 2595
266 2506
267 2449
268 2589
269 2441
270 2195
271 2330
272 2212
273 2231
274 2026
275 1917
276 1894
277 1802
278 1593
279 1479
280 1187
281 1165
282 959
283 922
284 761
285 672
286 652
287 609
288 588
289 607
290 464
291 459
292 422
293 451
294 370
295 320
296 244
297 253
298 239
299 180
300 163
301 176
302 144
303 121
304 118
305 113
306 94
307 74
308 78
309 58
310 64
311 51
312 57
313 50
314 42
315 59
316 50
317 37
318 28
319 23
320 19
321 15
322 12
323 10
324 15
325 6
326 17
327 5
328 6
329 11
330 3
331 5
332 4
333 2
334 7
335 4
336 7
337 7
338 1
339 3
340 1
341 0
342 0
343 1
344 0
345 0
346 2
347 1
