0 0
1 0
2 0
3 0
4 0
5 0
6 0
7 0
8 0
9 0
10 0
11 0
12 0
13 0
14 0
15 0
16 0
17 0
18 0
19 0
20 0
21 0
22 0
23 0
24 0
25 0
26 0
27 0
28 0
29 0
30 0
31 0
32 0
33 0
34 0
35 0
36 0
37 0
38 0
39 0
40 0
41 0
42 0
43 0
44 0
45 0
46 0
47 0
48 0
49 0
50 0
51 0
52 0
53 0
54 0
55 0
56 0
57 0
58 0
59 0
60 0
61 0
62 0
63 0
64 0
65 0
66 0
67 0
68 0
69 0
70 0
71 0
72 0
73 0
74 0
75 0
76 0
77 0
78 0
79 0
80 0
81 0
82 0
83 0
84 0
85 0
86 0
87 0
88 0
89 1
90 1
91 0
92 1
93 1
94 0
95 5
96 1
97 3
98 1
99 2
100 0
101 2
102 7
103 6
104 4
105 4
106 7
107 5
108 7
109 6
110 13
111 10
112 10
113 8
114 15
115 8
116 14
117 19
118 13
119 17
120 19
121 23
122 23
123 22
124 31
125 30
126 21
127 27
128 33
129 25
130 28
131 39
132 28
133 42
134 53
135 50
136 46
137 53
138 71
139 58
140 58
141 71
142 86
143 100
144 110
145 83
146 134
147 134
148 143
149 169
150 183
151 200
152 194
153 252
154 268
155 293
156 309
157 361
158 451
159 432
160 500
161 539
162 491
163 569
164 589
165 579
166 537
167 545
168 554
169 494
170 472
171 484
172 476
173 483
174 432
175 459
176 549
177 468
178 542
179 581
180 583
181 629
182 662
183 738
184 807
185 781
186 772
187 823
188 958
189 1024
190 1136
191 1241
192 1373
193 1360
194 1447
195 1675
196 1627
197 1733
198 1712
199 1796
200 1972
201 1986
202 1942
203 1909
204 1901
205 1965
206 2044
207 1984
208 1910
209 1897
210 1906
211 2053
212 1972
213 2051
214 2169
215 2408
216 2425
217 2607
218 2485
219 2612
220 2616
221 2459
222 2647
223 2725
224 2681
225 2659
226 2501
227 2611
228 2601
229 2629
230 2608
231 2478
232 2528
233 2692
234 2452
235 2455
236 2594
237 2376
238 2428
239 2411
240 2453
241 2338
242 2452
243 2437
244 2592
245 2604
246 2451
247 2522
248 2402
249 2342
250 2231
251 2311
252 2281
253 2047
254 2078
255 2010
256 1952
257 1838
258 1871
259 1816
260 1758
261 1760
262 1666
263 1647
264 1564
265 1570
266 1496
267 1398
268 1355
269 1344
270 1230
271 1305
272 1302
273 1140
274 1212
275 1131
276 1029
277 1010
278 904
279 862
280 869
281 801
282 831
283 716
284 751
285 695
286 722
287 652
288 591
289 605
290 534
291 524
292 510
293 476
294 508
295 489
296 477
297 455
298 429
299 416
300 376
301 367
302 317
303 311
304 299
305 308
306 287
307 275
308 240
309 238
310 213
311 248
312 217
313 172
314 162
315 147
316 147
317 119
318 107
319 127
320 127
321 103
322 95
323 93
324 81
325 68
326 61
327 67
328 49
329 44
330 47
331 50
332 26
333 19
334 36
335 18
336 23
337 11
338 15
339 14
340 15
341 16
342 11
343 13
344 15
345 7
346 10
347 15
348 12
349 11
350 9
351 17
352 11
353 10
354 8
355 10
356 8
357 8
358 13
359 5
360 7
361 6
362 5
363 5
364 5
365 6
366 2
367 1
368 5
369 0
370 5
371 0
372 2
373 3
374 3
375 0
376 1
377 3
378 3
379 1
380 0
381 0
382 2
383 0
384 2
385 1
386 1
387 0
388 0
389 0
390 0
391 1
