0 0
1 0
2 0
3 0
4 0
5 0
6 0
7 0
8 0
9 0
10 0
11 0
12 0
13 0
14 0
15 0
16 0
17 0
18 0
19 0
20 0
21 0
22 0
23 0
24 0
25 0
26 0
27 0
28 0
29 0
30 0
31 0
32 0
33 0
34 0
35 0
36 0
37 0
38 0
39 0
40 0
41 0
42 0
43 0
44 0
45 0
46 0
47 0
48 0
49 0
50 0
51 0
52 0
53 0
54 0
55 0
56 0
57 0
58 0
59 0
60 0
61 0
62 0
63 0
64 0
65 0
66 0
67 0
68 0
69 0
70 0
71 0
72 0
73 0
74 0
75 0
76 0
77 0
78 0
79 0
80 3
81 4
82 4
83 6
84 3
85 13
86 9
87 9
88 10
89 10
90 21
91 13
92 26
93 21
94 20
95 25
96 29
97 20
98 37
99 25
100 25
101 44
102 51
103 49
104 40
105 45
106 47
107 25
108 44
109 35
110 29
111 32
112 35
113 27
114 26
115 18
116 35
117 39
118 35
119 66
120 35
121 60
122 70
123 93
124 81
125 83
126 107
127 88
128 129
129 106
130 127
131 112
132 143
133 145
134 118
135 137
136 125
137 129
138 168
139 138
140 175
141 133
142 193
143 187
144 201
145 187
146 188
147 236
148 246
149 281
150 269
151 286
152 310
153 334
154 408
155 509
156 553
157 583
158 645
159 691
160 737
161 728
162 859
163 867
164 947
165 1138
166 1163
167 1321
168 1439
169 1421
170 1411
171 1522
172 1515
173 1583
174 1560
175 1676
176 1646
177 1911
178 2068
179 2186
180 2207
181 2115
182 2147
183 2209
184 2267
185 2092
186 2031
187 2105
188 2138
189 2361
190 2360
191 2336
192 2354
193 2455
194 2417
195 2490
196 2545
197 2594
198 2672
199 2729
200 2801
201 2792
202 3023
203 3206
204 3129
205 3053
206 3028
207 3123
208 2948
209 2706
210 2715
211 2595
212 2420
213 2316
214 2139
215 2093
216 1982
217 1885
218 1856
219 1848
220 1986
221 2149
222 2001
223 2084
224 2123
225 2073
226 2231
227 2121
228 2164
229 2147
230 2125
231 2213
232 2185
233 2207
234 2130
235 2091
236 2098
237 1922
238 1966
239 1787
240 1684
241 1507
242 1499
243 1479
244 1541
245 1446
246 1341
247 1291
248 1317
249 1246
250 1213
251 1271
252 1209
253 1167
254 1109
255 1141
256 1042
257 1046
258 998
259 961
260 933
261 840
262 856
263 846
264 781
265 752
266 803
267 800
268 776
269 750
270 824
271 682
272 651
273 646
274 619
275 546
276 484
277 423
278 347
279 356
280 332
281 339
282 386
283 376
284 363
285 304
286 321
287 253
288 281
289 261
290 194
291 174
292 175
293 131
294 109
295 75
296 58
297 60
298 33
299 50
300 19
301 13
302 28
303 23
304 20
305 2
306 17
307 7
308 5
309 7
310 2
311 2
312 2
313 0
314 2
315 3
