0 0
1 0
2 0
3 0
4 0
5 0
6 0
7 0
8 0
9 0
10 0
11 0
12 0
13 0
14 0
15 0
16 0
17 0
18 0
19 0
20 0
21 0
22 0
23 0
24 0
25 0
26 0
27 0
28 0
29 0
30 0
31 0
32 0
33 0
34 0
35 0
36 0
37 0
38 0
39 0
40 0
41 0
42 0
43 0
44 0
45 0
46 0
47 0
48 0
49 0
50 0
51 0
52 0
53 0
54 0
55 0
56 0
57 0
58 0
59 0
60 0
61 0
62 0
63 0
64 0
65 0
66 0
67 0
68 0
69 0
70 0
71 0
72 0
73 0
74 0
75 0
76 0
77 0
78 0
79 0
80 0
81 0
82 0
83 0
84 0
85 0
86 0
87 0
88 0
89 0
90 0
91 1
92 0
93 0
94 0
95 0
96 0
97 2
98 0
99 0
100 0
101 0
102 1
103 2
104 2
105 0
106 4
107 5
108 3
109 5
110 7
111 9
112 9
113 3
114 12
115 22
116 20
117 16
118 29
119 28
120 39
121 29
122 46
123 46
124 53
125 52
126 70
127 53
128 73
129 96
130 73
131 73
132 81
133 82
134 66
135 80
136 74
137 77
138 92
139 113
140 150
141 165
142 168
143 254
144 256
145 325
146 337
147 328
148 377
149 355
150 373
151 312
152 355
153 376
154 432
155 458
156 529
157 562
158 627
159 641
160 633
161 753
162 794
163 870
164 863
165 815
166 1007
167 960
168 929
169 974
170 1008
171 1069
172 1083
173 1063
174 1116
175 1170
176 1221
177 1263
178 1307
179 1243
180 1310
181 1243
182 1301
183 1224
184 1228
185 1370
186 1320
187 1444
188 1461
189 1538
190 1580
191 1579
192 1649
193 1575
194 1716
195 1788
196 1782
197 1890
198 1758
199 1860
200 1880
201 1901
202 1948
203 1961
204 1940
205 2054
206 1992
207 2096
208 2115
209 2075
210 2254
211 2168
212 2505
213 2519
214 2422
215 2581
216 2408
217 2400
218 2406
219 2285
220 2455
221 2396
222 2265
223 2422
224 2336
225 2447
226 2430
227 2393
228 2420
229 2373
230 2309
231 2420
232 2319
233 2391
234 2477
235 2294
236 2401
237 2403
238 2378
239 2212
240 2044
241 2014
242 2127
243 2092
244 1975
245 1908
246 1890
247 1828
248 1876
249 1864
250 1876
251 1847
252 1769
253 1621
254 1489
255 1595
256 1530
257 1287
258 1226
259 1210
260 1136
261 1130
262 1127
263 1082
264 995
265 945
266 1021
267 998
268 988
269 921
270 871
271 977
272 870
273 842
274 877
275 992
276 893
277 893
278 849
279 909
280 944
281 887
282 882
283 891
284 808
285 768
286 742
287 666
288 608
289 638
290 521
291 503
292 477
293 429
294 332
295 316
296 270
297 275
298 293
299 249
300 248
301 191
302 194
303 173
304 198
305 156
306 136
307 146
308 144
309 140
310 94
311 113
312 95
313 104
314 98
315 117
316 90
317 99
318 80
319 90
320 95
321 111
322 124
323 131
324 110
325 128
326 122
327 147
328 103
329 71
330 69
331 46
332 47
333 28
334 23
335 26
336 16
337 20
338 12
339 16
340 5
341 7
342 15
343 6
344 6
345 6
346 8
347 11
348 8
349 4
350 6
351 2
352 9
353 2
354 2
355 2
356 3
357 2
358 2
359 0
360 1
361 1
362 3
363 1
364 0
365 0
366 1
367 1
368 4
369 2
370 3
371 1
372 1
373 2
374 1
375 0
376 1
