0 0
1 0
2 0
3 0
4 0
5 0
6 0
7 0
8 0
9 0
10 0
11 0
12 0
13 0
14 0
15 0
16 0
17 0
18 0
19 0
20 0
21 0
22 0
23 0
24 0
25 0
26 0
27 0
28 0
29 0
30 0
31 0
32 0
33 0
34 0
35 0
36 0
37 0
38 0
39 0
40 0
41 0
42 0
43 0
44 0
45 0
46 0
47 0
48 0
49 0
50 0
51 0
52 0
53 0
54 0
55 0
56 0
57 0
58 0
59 0
60 0
61 0
62 0
63 0
64 0
65 0
66 0
67 0
68 0
69 0
70 0
71 0
72 0
73 0
74 0
75 0
76 0
77 0
78 0
79 0
80 0
81 0
82 0
83 0
84 0
85 0
86 0
87 0
88 0
89 0
90 0
91 0
92 0
93 0
94 1
95 0
96 3
97 0
98 2
99 2
100 0
101 2
102 0
103 2
104 1
105 0
106 0
107 4
108 4
109 6
110 4
111 2
112 6
113 5
114 8
115 10
116 9
117 13
118 9
119 9
120 17
121 14
122 13
123 11
124 23
125 26
126 19
127 28
128 18
129 31
130 22
131 29
132 42
133 34
134 44
135 49
136 74
137 77
138 99
139 88
140 122
141 165
142 158
143 155
144 180
145 207
146 219
147 284
148 234
149 249
150 275
151 336
152 378
153 326
154 362
155 340
156 386
157 336
158 441
159 397
160 407
161 451
162 432
163 408
164 506
165 542
166 613
167 617
168 604
169 670
170 742
171 738
172 732
173 776
174 804
175 933
176 923
177 953
178 1002
179 1030
180 1134
181 1190
182 1213
183 1346
184 1436
185 1489
186 1700
187 1775
188 1750
189 1842
190 1995
191 1989
192 2115
193 2200
194 2294
195 2225
196 2333
197 2327
198 2290
199 2240
200 2294
201 2549
202 2410
203 2393
204 2550
205 2617
206 2703
207 2776
208 2692
209 2938
210 2963
211 3011
212 2956
213 2887
214 2933
215 2922
216 2831
217 2850
218 2867
219 3039
220 2744
221 2739
222 2656
223 2618
224 2508
225 2468
226 2474
227 2460
228 2621
229 2573
230 2601
231 2468
232 2505
233 2432
234 2348
235 2406
236 2329
237 2213
238 2172
239 2148
240 2169
241 2155
242 2120
243 2096
244 2020
245 1967
246 1903
247 1762
248 1727
249 1781
250 1574
251 1426
252 1533
253 1396
254 1338
255 1249
256 1170
257 1215
258 1150
259 1075
260 1065
261 1039
262 949
263 910
264 946
265 947
266 850
267 845
268 905
269 808
270 791
271 753
272 782
273 722
274 785
275 796
276 747
277 707
278 728
279 681
280 667
281 628
282 582
283 506
284 528
285 485
286 448
287 457
288 460
289 381
290 384
291 413
292 343
293 350
294 350
295 313
296 243
297 258
298 286
299 226
300 236
301 179
302 158
303 136
304 133
305 111
306 101
307 65
308 71
309 85
310 39
311 29
312 17
313 36
314 16
315 25
316 18
317 22
318 13
319 12
320 12
321 6
322 5
323 6
324 3
325 6
326 3
327 6
328 4
329 2
330 3
331 1
332 2
333 0
334 1
335 4
336 0
337 1
338 0
339 1
340 0
341 0
342 0
343 0
344 0
345 1
346 1
347 0
348 0
349 1
