0 0
1 0
2 0
3 0
4 0
5 0
6 0
7 0
8 0
9 0
10 0
11 0
12 0
13 0
14 0
15 0
16 0
17 0
18 0
19 0
20 0
21 0
22 0
23 0
24 0
25 0
26 0
27 0
28 0
29 0
30 0
31 0
32 0
33 0
34 0
35 0
36 0
37 0
38 0
39 0
40 0
41 0
42 0
43 0
44 0
45 0
46 0
47 0
48 0
49 0
50 0
51 0
52 0
53 0
54 0
55 0
56 0
57 0
58 0
59 0
60 0
61 0
62 0
63 0
64 0
65 0
66 0
67 0
68 0
69 0
70 0
71 0
72 0
73 0
74 0
75 0
76 0
77 0
78 0
79 0
80 0
81 0
82 0
83 0
84 0
85 0
86 0
87 0
88 0
89 0
90 0
91 0
92 0
93 0
94 0
95 0
96 0
97 0
98 0
99 0
100 0
101 1
102 0
103 0
104 0
105 1
106 2
107 0
108 0
109 2
110 1
111 1
112 0
113 0
114 2
115 0
116 1
117 2
118 0
119 0
120 1
121 0
122 3
123 1
124 4
125 0
126 8
127 6
128 4
129 6
130 7
131 3
132 4
133 7
134 16
135 4
136 9
137 17
138 19
139 20
140 31
141 31
142 36
143 48
144 33
145 35
146 35
147 40
148 70
149 68
150 44
151 39
152 66
153 79
154 96
155 73
156 103
157 92
158 100
159 87
160 109
161 134
162 146
163 162
164 206
165 229
166 263
167 279
168 328
169 333
170 320
171 413
172 419
173 445
174 404
175 508
176 562
177 544
178 590
179 641
180 756
181 754
182 992
183 1045
184 1072
185 1122
186 1208
187 1273
188 1358
189 1271
190 1425
191 1526
192 1512
193 1626
194 1652
195 1754
196 1759
197 1748
198 1844
199 1889
200 1977
201 2060
202 2216
203 2294
204 2298
205 2409
206 2300
207 2470
208 2447
209 2333
210 2436
211 2449
212 2381
213 2423
214 2574
215 2591
216 2717
217 2714
218 2544
219 2572
220 2621
221 2586
222 2453
223 2454
224 2442
225 2334
226 2409
227 2237
228 2306
229 2337
230 2422
231 2400
232 2314
233 2257
234 2324
235 2188
236 2106
237 2143
238 2214
239 2213
240 2211
241 2322
242 2365
243 2318
244 2285
245 2447
246 2383
247 2271
248 2330
249 2387
250 2259
251 2363
252 2210
253 2284
254 2128
255 2089
256 2071
257 2023
258 1976
259 2030
260 1912
261 1945
262 1924
263 1816
264 1844
265 2026
266 1828
267 1815
268 1714
269 1600
270 1488
271 1395
272 1445
273 1234
274 1166
275 1129
276 1161
277 1116
278 1042
279 982
280 1018
281 1011
282 901
283 790
284 815
285 762
286 652
287 500
288 512
289 517
290 532
291 542
292 476
293 508
294 455
295 550
296 428
297 402
298 463
299 412
300 315
301 326
302 249
303 250
304 245
305 175
306 170
307 129
308 120
309 101
310 89
311 61
312 47
313 51
314 37
315 43
316 29
317 29
318 19
319 35
320 30
321 21
322 20
323 19
324 21
325 24
326 16
327 15
328 13
329 16
330 12
331 9
332 7
333 4
334 3
335 9
336 3
337 1
338 2
339 1
340 2
341 4
342 0
343 0
344 2
345 1
346 1
347 1
