0 0
1 0
2 0
3 0
4 0
5 0
6 0
7 0
8 0
9 0
10 0
11 0
12 0
13 0
14 0
15 0
16 0
17 0
18 0
19 0
20 0
21 0
22 0
23 0
24 0
25 0
26 0
27 0
28 0
29 0
30 0
31 0
32 0
33 0
34 0
35 0
36 0
37 0
38 0
39 0
40 0
41 0
42 0
43 0
44 0
45 0
46 0
47 0
48 0
49 0
50 0
51 0
52 0
53 0
54 0
55 0
56 0
57 0
58 0
59 0
60 0
61 0
62 0
63 0
64 0
65 0
66 0
67 0
68 0
69 0
70 0
71 0
72 0
73 0
74 0
75 0
76 0
77 0
78 0
79 0
80 0
81 0
82 0
83 3
84 0
85 0
86 0
87 0
88 2
89 2
90 1
91 2
92 2
93 0
94 1
95 3
96 6
97 4
98 5
99 8
100 8
101 7
102 16
103 8
104 11
105 8
106 17
107 12
108 12
109 14
110 23
111 17
112 12
113 13
114 21
115 20
116 21
117 30
118 35
119 41
120 35
121 38
122 52
123 56
124 64
125 91
126 113
127 136
128 176
129 168
130 161
131 166
132 202
133 169
134 170
135 230
136 245
137 231
138 222
139 276
140 237
141 263
142 273
143 306
144 303
145 319
146 279
147 345
148 333
149 353
150 422
151 409
152 461
153 487
154 530
155 606
156 531
157 604
158 646
159 680
160 715
161 669
162 711
163 762
164 764
165 781
166 809
167 856
168 898
169 914
170 898
171 1021
172 1027
173 1076
174 1152
175 1296
176 1325
177 1392
178 1480
179 1547
180 1688
181 1885
182 2006
183 1912
184 1753
185 1693
186 1727
187 1713
188 1824
189 1881
190 1859
191 1900
192 1951
193 1880
194 1929
195 1855
196 2036
197 2056
198 1969
199 2268
200 2163
201 2140
202 2141
203 1949
204 2192
205 2059
206 2124
207 2097
208 2121
209 2191
210 2236
211 2344
212 2423
213 2370
214 2374
215 2405
216 2337
217 2240
218 2231
219 2293
220 2121
221 2170
222 2219
223 1972
224 2101
225 2113
226 1946
227 1948
228 1784
229 1690
230 1721
231 1723
232 1756
233 1610
234 1615
235 1765
236 1749
237 1859
238 1898
239 1992
240 2045
241 1973
242 1856
243 1911
244 1910
245 1828
246 1710
247 1740
248 1672
249 1665
250 1563
251 1551
252 1486
253 1445
254 1624
255 1437
256 1562
257 1543
258 1453
259 1451
260 1425
261 1341
262 1233
263 1121
264 1030
265 1119
266 1062
267 970
268 933
269 977
270 927
271 926
272 897
273 788
274 771
275 780
276 705
277 711
278 685
279 638
280 582
281 598
282 561
283 544
284 599
285 685
286 652
287 578
288 571
289 601
290 539
291 487
292 443
293 479
294 413
295 469
296 390
297 406
298 355
299 340
300 301
301 332
302 309
303 259
304 243
305 239
306 224
307 196
308 234
309 183
310 214
311 157
312 165
313 155
314 140
315 173
316 163
317 164
318 193
319 182
320 163
321 172
322 173
323 139
324 138
325 110
326 100
327 111
328 103
329 94
330 79
331 72
332 62
333 59
334 58
335 44
336 47
337 43
338 48
339 52
340 46
341 64
342 57
343 39
344 61
345 42
346 38
347 32
348 18
349 18
350 21
351 22
352 14
353 18
354 19
355 8
356 7
357 14
358 16
359 7
360 7
361 4
362 5
363 2
364 1
365 3
366 3
367 4
368 4
369 1
370 1
371 0
372 7
373 0
374 2
375 1
376 1
377 0
378 0
379 0
380 0
381 0
382 0
383 0
384 0
385 0
386 0
387 0
388 1
389 0
390 0
391 0
392 1
393 0
394 1
395 0
396 0
397 0
398 0
399 0
400 0
401 0
402 0
403 0
404 0
405 0
406 0
407 1
