0 0
1 0
2 0
3 0
4 0
5 0
6 0
7 0
8 0
9 0
10 0
11 0
12 0
13 0
14 0
15 0
16 0
17 0
18 0
19 0
20 0
21 0
22 0
23 0
24 0
25 0
26 0
27 0
28 0
29 0
30 0
31 0
32 0
33 0
34 0
35 0
36 0
37 0
38 0
39 0
40 0
41 0
42 0
43 0
44 0
45 0
46 0
47 0
48 0
49 0
50 0
51 0
52 0
53 0
54 0
55 0
56 0
57 0
58 0
59 0
60 0
61 0
62 0
63 0
64 0
65 0
66 0
67 0
68 0
69 0
70 0
71 0
72 0
73 0
74 0
75 0
76 0
77 0
78 0
79 0
80 0
81 0
82 0
83 0
84 0
85 0
86 0
87 0
88 0
89 0
90 0
91 0
92 0
93 0
94 0
95 0
96 0
97 0
98 0
99 0
100 0
101 0
102 0
103 0
104 0
105 0
106 0
107 0
108 0
109 0
110 0
111 0
112 0
113 0
114 0
115 0
116 0
117 0
118 0
119 0
120 0
121 0
122 0
123 0
124 0
125 1
126 0
127 0
128 0
129 0
130 0
131 1
132 0
133 1
134 1
135 1
136 0
137 0
138 0
139 1
140 0
141 1
142 3
143 3
144 2
145 2
146 2
147 1
148 11
149 15
150 23
151 33
152 42
153 58
154 62
155 103
156 114
157 124
158 139
159 209
160 231
161 276
162 323
163 316
164 319
165 342
166 317
167 353
168 399
169 426
170 394
171 457
172 477
173 545
174 656
175 767
176 860
177 845
178 1003
179 1081
180 1170
181 1299
182 1474
183 1632
184 1458
185 1612
186 1671
187 1767
188 1728
189 1871
190 1783
191 1899
192 1843
193 1997
194 2145
195 2129
196 2331
197 2284
198 2317
199 2138
200 2163
201 2239
202 2311
203 2362
204 2301
205 2399
206 2390
207 2243
208 2294
209 2420
210 2304
211 2327
212 2427
213 2360
214 2397
215 2405
216 2427
217 2590
218 2641
219 2751
220 2873
221 2665
222 2936
223 3082
224 2798
225 2671
226 2661
227 2621
228 2602
229 2434
230 2430
231 2406
232 2297
233 2279
234 2345
235 2274
236 2251
237 2321
238 2171
239 2150
240 2246
241 2135
242 2165
243 2359
244 2302
245 2281
246 2336
247 2336
248 2261
249 2476
250 2495
251 2458
252 2499
253 2601
254 2371
255 2288
256 2185
257 2005
258 1977
259 1946
260 1782
261 1639
262 1592
263 1478
264 1428
265 1159
266 1096
267 1021
268 891
269 805
270 799
271 762
272 743
273 708
274 643
275 689
276 638
277 587
278 618
279 505
280 528
281 502
282 510
283 465
284 428
285 377
286 412
287 375
288 366
289 339
290 336
291 276
292 258
293 316
294 304
295 310
296 326
297 353
298 286
299 276
300 232
301 192
302 192
303 179
304 151
305 129
306 122
307 140
308 119
309 182
310 179
311 160
312 178
313 155
314 109
315 74
316 39
317 39
318 18
319 21
320 28
321 20
322 24
323 13
324 13
325 4
326 13
327 6
328 9
329 1
330 2
331 2
332 1
333 0
334 0
335 1
