0 0
1 0
2 0
3 0
4 0
5 0
6 0
7 0
8 0
9 0
10 0
11 0
12 0
13 0
14 0
15 0
16 0
17 0
18 0
19 0
20 0
21 0
22 0
23 0
24 0
25 0
26 0
27 0
28 0
29 0
30 0
31 0
32 0
33 0
34 0
35 0
36 0
37 0
38 0
39 0
40 0
41 0
42 0
43 0
44 0
45 0
46 0
47 0
48 0
49 0
50 0
51 0
52 0
53 0
54 0
55 0
56 0
57 0
58 0
59 0
60 0
61 0
62 0
63 0
64 0
65 0
66 2
67 0
68 0
69 0
70 0
71 0
72 0
73 0
74 0
75 0
76 0
77 2
78 0
79 2
80 0
81 0
82 2
83 0
84 0
85 2
86 0
87 0
88 0
89 0
90 0
91 0
92 4
93 0
94 0
95 0
96 8
97 2
98 2
99 2
100 0
101 2
102 2
103 4
104 2
105 2
106 4
107 2
108 4
109 2
110 0
111 0
112 2
113 3
114 2
115 0
116 4
117 1
118 2
119 2
120 6
121 2
122 2
123 0
124 4
125 5
126 0
127 2
128 0
129 2
130 0
131 2
132 5
133 4
134 2
135 6
136 6
137 2
138 4
139 12
140 2
141 0
142 7
143 1
144 2
145 0
146 2
147 6
148 2
149 8
150 11
151 20
152 10
153 27
154 48
155 49
156 64
157 73
158 66
159 85
160 120
161 148
162 209
163 227
164 302
165 311
166 351
167 288
168 410
169 367
170 318
171 305
172 349
173 361
174 383
175 392
176 440
177 434
178 439
179 441
180 557
181 565
182 635
183 723
184 688
185 839
186 813
187 831
188 851
189 1039
190 903
191 963
192 914
193 1050
194 1110
195 1299
196 1215
197 1342
198 1326
199 1402
200 1561
201 1624
202 1602
203 1654
204 1720
205 1956
206 2038
207 2129
208 2173
209 2210
210 2148
211 2247
212 2292
213 2444
214 2256
215 2393
216 2493
217 2466
218 2572
219 2583
220 2652
221 2641
222 2568
223 2606
224 2620
225 2620
226 2628
227 2482
228 2560
229 2547
230 2488
231 2642
232 2705
233 2555
234 2764
235 2497
236 2595
237 2613
238 2616
239 2684
240 2633
241 2563
242 2542
243 2491
244 2481
245 2545
246 2472
247 2500
248 2571
249 2405
250 2409
251 2282
252 2296
253 2237
254 2277
255 2218
256 2224
257 2196
258 2191
259 2059
260 2145
261 2149
262 2006
263 2070
264 1982
265 1828
266 1641
267 1643
268 1540
269 1343
270 1331
271 1377
272 1276
273 1278
274 1210
275 1339
276 1212
277 1212
278 1158
279 1064
280 1142
281 1041
282 1018
283 989
284 931
285 846
286 778
287 724
288 714
289 677
290 677
291 679
292 664
293 654
294 645
295 603
296 567
297 527
298 472
299 475
300 476
301 472
302 407
303 419
304 443
305 404
306 374
307 349
308 327
309 283
310 263
311 224
312 221
313 214
314 230
315 182
316 176
317 163
318 150
319 189
320 132
321 138
322 112
323 96
324 96
325 90
326 60
327 39
328 33
329 17
330 13
331 15
332 9
333 17
334 5
335 8
336 9
337 6
338 8
339 2
340 3
341 5
342 2
343 0
344 0
345 1
346 1
347 1
348 2
