0 0
1 0
2 0
3 0
4 0
5 0
6 0
7 0
8 0
9 0
10 0
11 0
12 0
13 0
14 0
15 0
16 0
17 0
18 0
19 0
20 0
21 0
22 0
23 0
24 0
25 0
26 0
27 0
28 0
29 0
30 0
31 0
32 0
33 0
34 0
35 0
36 0
37 0
38 0
39 0
40 0
41 0
42 0
43 0
44 0
45 0
46 0
47 0
48 0
49 0
50 0
51 0
52 0
53 0
54 0
55 0
56 0
57 0
58 0
59 0
60 0
61 0
62 0
63 0
64 0
65 0
66 0
67 0
68 0
69 0
70 0
71 0
72 0
73 0
74 0
75 0
76 0
77 0
78 0
79 0
80 0
81 0
82 0
83 0
84 0
85 0
86 0
87 0
88 0
89 0
90 0
91 0
92 0
93 0
94 0
95 0
96 0
97 0
98 0
99 0
100 0
101 0
102 0
103 0
104 0
105 1
106 1
107 1
108 0
109 1
110 1
111 3
112 1
113 3
114 6
115 8
116 8
117 13
118 5
119 4
120 6
121 2
122 6
123 17
124 14
125 22
126 17
127 25
128 31
129 50
130 39
131 53
132 54
133 88
134 93
135 113
136 115
137 123
138 108
139 134
140 135
141 170
142 190
143 232
144 268
145 370
146 391
147 459
148 496
149 569
150 653
151 600
152 730
153 729
154 783
155 819
156 775
157 759
158 808
159 804
160 843
161 902
162 913
163 1033
164 953
165 1019
166 918
167 992
168 987
169 1078
170 1095
171 1231
172 1292
173 1436
174 1574
175 1729
176 1797
177 1843
178 1728
179 1832
180 1753
181 1921
182 1812
183 1889
184 1824
185 1757
186 1872
187 1847
188 1855
189 1740
190 1878
191 1896
192 1987
193 2024
194 2062
195 2132
196 2048
197 2144
198 2201
199 2138
200 2271
201 2340
202 2378
203 2401
204 2267
205 2299
206 2444
207 2217
208 2340
209 2372
210 2262
211 2331
212 2226
213 2299
214 2444
215 2335
216 2307
217 2274
218 2207
219 2093
220 2108
221 1851
222 1978
223 1875
224 1854
225 1914
226 1834
227 1957
228 1931
229 1917
230 1942
231 2002
232 1959
233 1685
234 1651
235 1675
236 1646
237 1580
238 1526
239 1511
240 1475
241 1397
242 1336
243 1393
244 1276
245 1258
246 1281
247 1351
248 1298
249 1304
250 1402
251 1330
252 1347
253 1397
254 1470
255 1287
256 1317
257 1355
258 1267
259 1251
260 1215
261 1192
262 1258
263 1237
264 1232
265 1247
266 1277
267 1286
268 1179
269 1141
270 1069
271 979
272 1027
273 954
274 900
275 1001
276 997
277 982
278 993
279 938
280 910
281 820
282 860
283 813
284 759
285 713
286 640
287 705
288 654
289 602
290 571
291 493
292 361
293 314
294 344
295 286
296 273
297 234
298 209
299 172
300 178
301 201
302 186
303 172
304 163
305 155
306 129
307 133
308 119
309 106
310 78
311 62
312 78
313 82
314 63
315 75
316 73
317 86
318 76
319 66
320 73
321 69
322 44
323 62
324 39
325 48
326 48
327 42
328 37
329 51
330 46
331 30
332 36
333 36
334 34
335 25
336 30
337 20
338 32
339 16
340 15
341 10
342 17
343 16
344 15
345 14
346 14
347 10
348 8
349 6
350 6
351 6
352 18
353 9
354 6
355 0
356 3
