0 0
1 0
2 0
3 0
4 0
5 0
6 0
7 0
8 0
9 0
10 0
11 0
12 0
13 0
14 0
15 0
16 0
17 0
18 0
19 0
20 0
21 0
22 0
23 0
24 0
25 0
26 0
27 0
28 0
29 0
30 0
31 0
32 0
33 0
34 0
35 0
36 0
37 0
38 0
39 0
40 0
41 0
42 0
43 0
44 0
45 0
46 0
47 0
48 0
49 0
50 0
51 0
52 0
53 0
54 0
55 0
56 0
57 0
58 0
59 0
60 0
61 0
62 0
63 0
64 0
65 0
66 0
67 0
68 0
69 0
70 0
71 0
72 0
73 0
74 0
75 0
76 0
77 0
78 0
79 0
80 0
81 0
82 0
83 0
84 0
85 1
86 0
87 0
88 0
89 0
90 0
91 0
92 0
93 0
94 0
95 0
96 0
97 0
98 0
99 0
100 1
101 0
102 0
103 0
104 1
105 0
106 0
107 1
108 1
109 1
110 0
111 0
112 10
113 4
114 9
115 20
116 12
117 14
118 12
119 23
120 39
121 58
122 41
123 71
124 84
125 59
126 73
127 137
128 126
129 162
130 231
131 218
132 278
133 260
134 318
135 260
136 268
137 279
138 298
139 217
140 276
141 222
142 249
143 264
144 221
145 246
146 296
147 312
148 346
149 380
150 426
151 427
152 405
153 470
154 553
155 537
156 575
157 647
158 710
159 733
160 740
161 782
162 941
163 931
164 1067
165 1135
166 1258
167 1396
168 1441
169 1438
170 1475
171 1483
172 1542
173 1615
174 1506
175 1667
176 1628
177 1694
178 1703
179 1772
180 1662
181 1750
182 1743
183 1823
184 2001
185 1946
186 1908
187 2041
188 2047
189 2241
190 2135
191 2104
192 2118
193 2199
194 2136
195 2070
196 2043
197 2065
198 2017
199 1976
200 2079
201 1941
202 1973
203 1954
204 2018
205 2013
206 2124
207 2104
208 2142
209 2197
210 2307
211 2239
212 2235
213 2297
214 2295
215 2255
216 2376
217 2329
218 2263
219 2181
220 2277
221 2220
222 2128
223 2282
224 2043
225 2232
226 2286
227 2381
228 2278
229 2192
230 2100
231 2069
232 2071
233 2023
234 1949
235 1905
236 1942
237 1745
238 1873
239 1822
240 1784
241 1655
242 1556
243 1631
244 1596
245 1587
246 1467
247 1502
248 1479
249 1489
250 1438
251 1436
252 1402
253 1314
254 1293
255 1321
256 1243
257 1260
258 1097
259 1063
260 1107
261 1036
262 989
263 877
264 898
265 890
266 861
267 810
268 798
269 806
270 778
271 746
272 719
273 599
274 682
275 680
276 613
277 597
278 520
279 542
280 511
281 582
282 468
283 466
284 386
285 429
286 453
287 404
288 338
289 349
290 345
291 345
292 316
293 322
294 299
295 321
296 298
297 278
298 278
299 290
300 333
301 267
302 327
303 297
304 292
305 287
306 265
307 248
308 226
309 191
310 186
311 168
312 149
313 142
314 139
315 114
316 138
317 106
318 100
319 92
320 101
321 97
322 58
323 72
324 74
325 72
326 84
327 66
328 66
329 75
330 62
331 47
332 59
333 39
334 45
335 57
336 34
337 35
338 24
339 24
340 19
341 25
342 21
343 22
344 8
345 14
346 11
347 7
348 4
349 7
350 3
351 0
352 0
353 0
354 0
355 2
