0 0
1 0
2 0
3 0
4 0
5 0
6 0
7 0
8 0
9 0
10 0
11 0
12 0
13 0
14 0
15 0
16 0
17 0
18 1
19 0
20 1
21 0
22 0
23 1
24 0
25 0
26 0
27 0
28 0
29 0
30 0
31 0
32 0
33 0
34 0
35 0
36 0
37 0
38 1
39 1
40 0
41 0
42 0
43 0
44 0
45 0
46 0
47 0
48 0
49 0
50 0
51 0
52 0
53 0
54 0
55 0
56 0
57 0
58 0
59 0
60 0
61 0
62 0
63 0
64 0
65 0
66 0
67 0
68 0
69 0
70 0
71 0
72 0
73 0
74 0
75 0
76 0
77 0
78 0
79 0
80 0
81 0
82 0
83 0
84 0
85 0
86 0
87 0
88 0
89 0
90 0
91 0
92 0
93 0
94 0
95 0
96 0
97 0
98 0
99 2
100 0
101 0
102 0
103 1
104 1
105 2
106 1
107 2
108 0
109 0
110 0
111 0
112 1
113 1
114 3
115 0
116 9
117 2
118 12
119 23
120 29
121 46
122 31
123 25
124 49
125 39
126 42
127 31
128 25
129 33
130 22
131 30
132 28
133 31
134 33
135 41
136 47
137 44
138 54
139 39
140 40
141 85
142 47
143 76
144 89
145 122
146 98
147 124
148 187
149 207
150 228
151 252
152 256
153 251
154 286
155 312
156 283
157 296
158 368
159 381
160 350
161 415
162 437
163 471
164 466
165 508
166 528
167 501
168 539
169 573
170 649
171 706
172 709
173 688
174 740
175 787
176 884
177 914
178 1059
179 1115
180 1198
181 1222
182 1268
183 1255
184 1323
185 1263
186 1337
187 1274
188 1374
189 1442
190 1440
191 1416
192 1503
193 1483
194 1567
195 1581
196 1652
197 1737
198 1622
199 1723
200 1769
201 1745
202 1865
203 2051
204 2055
205 2072
206 2072
207 2137
208 2191
209 2201
210 2108
211 2168
212 2260
213 2298
214 2358
215 2535
216 2918
217 2894
218 3052
219 3049
220 2984
221 2972
222 3137
223 3089
224 3027
225 3090
226 3095
227 3153
228 2891
229 2741
230 2818
231 2848
232 2929
233 2708
234 2639
235 2468
236 2299
237 2454
238 2211
239 2241
240 2265
241 2155
242 2181
243 2185
244 2071
245 2154
246 2110
247 1951
248 1870
249 1870
250 1864
251 1698
252 1663
253 1681
254 1657
255 1568
256 1660
257 1537
258 1594
259 1514
260 1408
261 1400
262 1438
263 1436
264 1382
265 1435
266 1317
267 1277
268 1144
269 1152
270 1002
271 942
272 843
273 888
274 830
275 927
276 899
277 841
278 938
279 869
280 868
281 768
282 839
283 806
284 716
285 689
286 579
287 608
288 571
289 536
290 560
291 564
292 521
293 463
294 455
295 405
296 382
297 305
298 318
299 311
300 211
301 222
302 190
303 177
304 161
305 137
306 137
307 116
308 103
309 101
310 74
311 88
312 62
313 79
314 61
315 60
316 59
317 46
318 41
319 37
320 28
321 29
322 23
323 22
324 18
325 12
326 6
327 7
328 4
329 1
330 1
331 1
332 3
333 0
334 1
335 1
336 1
337 0
338 0
339 4
340 1
341 3
342 0
343 0
344 1
345 0
346 0
347 0
348 1
