0 0
1 0
2 1
3 0
4 0
5 0
6 0
7 0
8 0
9 0
10 0
11 0
12 0
13 0
14 1
15 0
16 0
17 0
18 0
19 0
20 0
21 0
22 0
23 0
24 0
25 0
26 1
27 0
28 0
29 0
30 0
31 0
32 0
33 1
34 0
35 0
36 0
37 0
38 0
39 0
40 0
41 0
42 0
43 0
44 0
45 0
46 0
47 0
48 0
49 0
50 0
51 0
52 0
53 0
54 0
55 0
56 0
57 0
58 2
59 0
60 0
61 2
62 0
63 0
64 0
65 0
66 0
67 0
68 0
69 0
70 0
71 0
72 0
73 2
74 0
75 0
76 0
77 0
78 2
79 0
80 0
81 0
82 0
83 0
84 0
85 4
86 2
87 6
88 12
89 4
90 15
91 14
92 14
93 9
94 10
95 17
96 14
97 15
98 36
99 21
100 22
101 10
102 29
103 30
104 21
105 24
106 20
107 25
108 41
109 30
110 18
111 36
112 21
113 32
114 30
115 48
116 36
117 31
118 38
119 48
120 41
121 46
122 41
123 48
124 74
125 69
126 64
127 98
128 86
129 87
130 118
131 131
132 160
133 174
134 203
135 213
136 231
137 195
138 189
139 234
140 252
141 212
142 208
143 265
144 299
145 299
146 294
147 316
148 378
149 404
150 379
151 392
152 481
153 495
154 600
155 585
156 646
157 626
158 658
159 632
160 676
161 686
162 713
163 738
164 760
165 859
166 897
167 976
168 988
169 983
170 1034
171 1113
172 1114
173 1153
174 1207
175 1225
176 1329
177 1494
178 1446
179 1502
180 1548
181 1490
182 1621
183 1659
184 1641
185 1777
186 1972
187 2145
188 2108
189 2302
190 2411
191 2300
192 2374
193 2214
194 2189
195 2090
196 2145
197 2111
198 2175
199 2382
200 2339
201 2354
202 2242
203 2341
204 2388
205 2240
206 2319
207 2391
208 2280
209 2372
210 2212
211 2167
212 2228
213 2091
214 2046
215 2001
216 1854
217 1837
218 2023
219 1819
220 1783
221 1792
222 1835
223 1917
224 1887
225 1784
226 1853
227 1982
228 1897
229 1940
230 1993
231 1892
232 1960
233 1821
234 1704
235 1719
236 1741
237 1762
238 1618
239 1715
240 1808
241 1749
242 1861
243 1696
244 1631
245 1649
246 1748
247 1757
248 1762
249 1820
250 1782
251 1907
252 1884
253 1736
254 1820
255 1657
256 1551
257 1479
258 1424
259 1427
260 1284
261 1224
262 1223
263 1138
264 1085
265 1020
266 948
267 922
268 936
269 979
270 946
271 946
272 891
273 867
274 953
275 855
276 840
277 837
278 773
279 808
280 670
281 662
282 610
283 625
284 619
285 552
286 547
287 530
288 476
289 417
290 467
291 456
292 351
293 421
294 399
295 395
296 315
297 288
298 288
299 234
300 202
301 199
302 187
303 188
304 170
305 167
306 168
307 145
308 157
309 161
310 140
311 136
312 129
313 150
314 107
315 132
316 127
317 113
318 149
319 126
320 119
321 146
322 143
323 129
324 109
325 111
326 83
327 82
328 74
329 77
330 58
331 49
332 47
333 54
334 48
335 46
336 28
337 30
338 37
339 26
340 24
341 15
342 20
343 24
344 22
345 18
346 14
347 10
348 15
349 13
350 8
351 13
352 11
353 12
354 7
355 8
356 4
357 3
358 8
359 2
360 6
361 9
362 1
363 2
364 8
365 3
366 3
367 2
368 7
369 5
370 9
371 3
372 2
373 5
374 6
375 4
376 2
377 0
378 4
379 5
380 3
381 7
382 5
383 3
384 4
385 3
386 2
387 5
388 4
389 2
390 3
391 0
392 2
393 0
394 0
395 0
396 2
397 0
398 4
