0 0
1 0
2 0
3 0
4 0
5 0
6 0
7 0
8 0
9 0
10 0
11 0
12 0
13 0
14 0
15 0
16 0
17 0
18 0
19 0
20 0
21 0
22 0
23 0
24 0
25 0
26 0
27 0
28 0
29 0
30 0
31 0
32 0
33 0
34 0
35 0
36 0
37 0
38 0
39 0
40 0
41 0
42 0
43 0
44 0
45 0
46 0
47 0
48 0
49 0
50 0
51 0
52 0
53 0
54 0
55 0
56 0
57 0
58 0
59 0
60 0
61 0
62 0
63 0
64 0
65 0
66 0
67 0
68 0
69 0
70 0
71 0
72 0
73 0
74 0
75 0
76 0
77 0
78 0
79 0
80 0
81 0
82 0
83 0
84 0
85 0
86 0
87 0
88 0
89 0
90 0
91 0
92 0
93 0
94 0
95 0
96 0
97 0
98 0
99 0
100 0
101 0
102 0
103 0
104 0
105 0
106 0
107 0
108 0
109 0
110 0
111 0
112 0
113 0
114 0
115 0
116 0
117 0
118 0
119 0
120 0
121 0
122 0
123 0
124 1
125 2
126 2
127 1
128 2
129 1
130 0
131 2
132 3
133 1
134 2
135 1
136 6
137 3
138 4
139 3
140 4
141 0
142 7
143 9
144 19
145 4
146 18
147 12
148 24
149 9
150 21
151 31
152 33
153 38
154 39
155 37
156 53
157 53
158 74
159 56
160 107
161 97
162 117
163 109
164 145
165 161
166 169
167 189
168 186
169 219
170 251
171 245
172 273
173 285
174 255
175 296
176 303
177 420
178 429
179 559
180 700
181 627
182 787
183 878
184 908
185 792
186 846
187 894
188 864
189 823
190 856
191 793
192 910
193 947
194 975
195 1025
196 1042
197 1022
198 1019
199 1105
200 1146
201 1129
202 1234
203 1284
204 1246
205 1289
206 1295
207 1289
208 1672
209 1673
210 1767
211 1879
212 1859
213 1885
214 1913
215 1922
216 1894
217 1915
218 2086
219 2179
220 2243
221 2312
222 2265
223 2320
224 2534
225 2370
226 2450
227 2474
228 2528
229 2567
230 2563
231 2727
232 2620
233 2597
234 2538
235 2587
236 2589
237 2560
238 2505
239 2533
240 2415
241 2440
242 2414
243 2418
244 2458
245 2425
246 2375
247 2570
248 2502
249 2489
250 2405
251 2329
252 2403
253 2282
254 2385
255 2370
256 2350
257 2442
258 2347
259 2250
260 2258
261 2272
262 2303
263 2218
264 2150
265 2051
266 2010
267 2055
268 2160
269 2274
270 2227
271 2178
272 2166
273 2372
274 2097
275 2074
276 1825
277 1758
278 1722
279 1615
280 1472
281 1518
282 1434
283 1305
284 1295
285 1210
286 1169
287 1068
288 961
289 954
290 768
291 746
292 847
293 789
294 727
295 699
296 633
297 574
298 531
299 539
300 540
301 466
302 402
303 392
304 411
305 370
306 312
307 313
308 268
309 295
310 263
311 240
312 180
313 229
314 202
315 188
316 175
317 151
318 124
319 136
320 95
321 105
322 73
323 75
324 65
325 64
326 64
327 33
328 37
329 24
330 20
331 15
332 20
333 25
334 12
335 17
336 13
337 16
338 14
339 7
340 13
341 7
342 17
343 10
344 11
345 4
346 13
347 13
348 8
349 3
350 3
351 3
352 3
353 1
354 0
355 3
356 0
357 1
358 0
359 1
360 1
361 0
362 0
363 1
