0 0
1 0
2 0
3 0
4 0
5 0
6 0
7 0
8 0
9 0
10 0
11 0
12 0
13 0
14 0
15 0
16 0
17 0
18 0
19 0
20 0
21 0
22 0
23 0
24 0
25 0
26 0
27 0
28 0
29 0
30 0
31 0
32 0
33 0
34 0
35 0
36 0
37 0
38 0
39 0
40 0
41 0
42 0
43 0
44 0
45 0
46 0
47 0
48 0
49 0
50 0
51 0
52 0
53 0
54 0
55 0
56 0
57 0
58 0
59 0
60 0
61 0
62 0
63 0
64 0
65 0
66 0
67 0
68 0
69 0
70 0
71 0
72 0
73 0
74 0
75 0
76 0
77 0
78 0
79 0
80 0
81 0
82 0
83 0
84 0
85 0
86 0
87 0
88 0
89 0
90 0
91 0
92 0
93 0
94 0
95 0
96 0
97 0
98 0
99 0
100 0
101 0
102 0
103 0
104 1
105 0
106 0
107 1
108 0
109 2
110 4
111 2
112 5
113 3
114 2
115 7
116 2
117 1
118 8
119 10
120 9
121 19
122 9
123 7
124 8
125 12
126 5
127 19
128 13
129 17
130 10
131 20
132 10
133 15
134 17
135 12
136 9
137 17
138 16
139 14
140 17
141 8
142 15
143 17
144 12
145 10
146 13
147 21
148 30
149 45
150 39
151 35
152 54
153 54
154 46
155 54
156 68
157 56
158 68
159 72
160 78
161 77
162 114
163 117
164 113
165 102
166 163
167 145
168 137
169 127
170 144
171 144
172 154
173 164
174 147
175 169
176 169
177 187
178 165
179 227
180 179
181 233
182 265
183 226
184 251
185 303
186 270
187 368
188 324
189 382
190 399
191 426
192 507
193 546
194 536
195 667
196 627
197 776
198 789
199 779
200 827
201 891
202 942
203 914
204 1038
205 1027
206 1137
207 1122
208 1049
209 1078
210 1130
211 1072
212 1181
213 1158
214 1340
215 1363
216 1402
217 1499
218 1635
219 1617
220 1643
221 1560
222 1576
223 1612
224 1573
225 1600
226 1644
227 1741
228 1797
229 1934
230 1964
231 1950
232 2055
233 2117
234 2190
235 2386
236 2416
237 2364
238 2396
239 2514
240 2651
241 2786
242 2838
243 3199
244 3202
245 3053
246 3171
247 3252
248 3324
249 3298
250 3322
251 3272
252 3280
253 3233
254 3333
255 3360
256 3380
257 3313
258 3311
259 3332
260 3384
261 3129
262 3115
263 3012
264 3005
265 2914
266 2890
267 2688
268 2679
269 2566
270 2528
271 2400
272 2265
273 2080
274 2068
275 2111
276 1946
277 1893
278 1749
279 1924
280 1807
281 1762
282 1766
283 1638
284 1519
285 1472
286 1491
287 1181
288 1131
289 1064
290 965
291 942
292 882
293 847
294 814
295 786
296 682
297 682
298 625
299 596
300 505
301 476
302 499
303 490
304 496
305 521
306 557
307 537
308 479
309 472
310 351
311 389
312 364
313 287
314 232
315 266
316 195
317 208
318 179
319 115
320 115
321 96
322 72
323 77
324 67
325 75
326 62
327 74
328 43
329 55
330 55
331 39
332 31
333 38
334 51
335 33
336 32
337 25
338 30
339 41
340 21
341 21
342 15
343 17
344 27
345 22
346 31
347 22
348 14
349 14
350 14
351 15
352 12
353 26
354 20
355 18
356 17
357 2
358 12
359 17
360 18
361 9
362 12
363 7
364 9
365 9
366 1
367 16
368 9
369 7
370 2
371 2
372 3
373 3
374 0
375 4
376 0
377 5
378 1
