0 0
1 0
2 0
3 0
4 0
5 0
6 0
7 0
8 0
9 0
10 0
11 0
12 0
13 0
14 0
15 0
16 0
17 0
18 0
19 0
20 0
21 0
22 0
23 0
24 0
25 0
26 0
27 0
28 0
29 0
30 0
31 0
32 0
33 0
34 0
35 0
36 0
37 0
38 0
39 0
40 0
41 0
42 0
43 0
44 0
45 0
46 0
47 0
48 0
49 0
50 0
51 0
52 0
53 0
54 0
55 0
56 0
57 0
58 0
59 0
60 0
61 0
62 0
63 0
64 0
65 0
66 0
67 0
68 0
69 0
70 0
71 0
72 0
73 0
74 0
75 0
76 0
77 1
78 1
79 0
80 0
81 0
82 0
83 0
84 0
85 0
86 0
87 0
88 0
89 0
90 0
91 0
92 0
93 0
94 0
95 0
96 0
97 0
98 0
99 1
100 0
101 0
102 0
103 0
104 0
105 0
106 0
107 0
108 0
109 0
110 0
111 2
112 0
113 3
114 1
115 6
116 1
117 4
118 4
119 8
120 6
121 7
122 7
123 16
124 15
125 18
126 18
127 36
128 44
129 29
130 76
131 114
132 87
133 109
134 105
135 127
136 135
137 168
138 162
139 187
140 158
141 163
142 142
143 123
144 116
145 118
146 91
147 78
148 83
149 109
150 102
151 98
152 103
153 88
154 81
155 107
156 76
157 113
158 121
159 140
160 178
161 189
162 196
163 220
164 257
165 276
166 286
167 344
168 354
169 293
170 345
171 292
172 262
173 250
174 254
175 244
176 214
177 210
178 229
179 254
180 259
181 301
182 306
183 296
184 371
185 380
186 418
187 522
188 472
189 495
190 534
191 552
192 583
193 591
194 595
195 571
196 585
197 582
198 600
199 529
200 547
201 616
202 626
203 633
204 636
205 623
206 669
207 736
208 794
209 805
210 799
211 882
212 958
213 1059
214 1070
215 1091
216 1119
217 1211
218 1291
219 1310
220 1301
221 1351
222 1363
223 1406
224 1327
225 1377
226 1429
227 1351
228 1344
229 1336
230 1474
231 1539
232 1568
233 1552
234 1694
235 1752
236 1881
237 1978
238 2097
239 2012
240 2226
241 2398
242 2267
243 2427
244 2447
245 2451
246 2539
247 2491
248 2609
249 2515
250 2512
251 2481
252 2483
253 2561
254 2508
255 2562
256 2589
257 2669
258 2795
259 2695
260 2986
261 2996
262 2947
263 3110
264 3142
265 3172
266 3091
267 2886
268 2834
269 2533
270 2420
271 2332
272 2151
273 2265
274 1990
275 1834
276 1949
277 1864
278 1857
279 1760
280 1739
281 1833
282 1704
283 1787
284 1671
285 1682
286 1483
287 1428
288 1494
289 1345
290 1375
291 1336
292 1283
293 1277
294 1212
295 1211
296 1156
297 1168
298 1233
299 1215
300 1173
301 1133
302 1270
303 1220
304 1286
305 1171
306 1039
307 1069
308 976
309 1020
310 959
311 847
312 773
313 762
314 760
315 727
316 724
317 645
318 694
319 606
320 615
321 571
322 532
323 533
324 471
325 412
326 391
327 377
328 307
329 256
330 263
331 193
332 113
333 137
334 128
335 111
336 106
337 83
338 83
339 77
340 56
341 42
342 35
343 33
344 24
345 17
346 9
347 10
348 5
349 9
350 10
351 4
352 1
353 4
354 3
355 3
356 4
357 1
358 1
359 0
360 0
361 0
362 2
