0 0
1 0
2 0
3 0
4 0
5 0
6 0
7 0
8 0
9 0
10 0
11 0
12 0
13 0
14 0
15 0
16 0
17 0
18 0
19 0
20 0
21 0
22 0
23 0
24 0
25 0
26 0
27 0
28 0
29 0
30 0
31 0
32 0
33 0
34 0
35 0
36 0
37 0
38 0
39 0
40 0
41 0
42 0
43 0
44 0
45 0
46 0
47 0
48 0
49 0
50 0
51 0
52 0
53 0
54 0
55 0
56 0
57 0
58 0
59 0
60 0
61 0
62 0
63 0
64 0
65 0
66 0
67 0
68 0
69 0
70 0
71 0
72 0
73 0
74 0
75 0
76 0
77 0
78 0
79 0
80 0
81 0
82 0
83 0
84 0
85 0
86 0
87 0
88 0
89 0
90 0
91 0
92 0
93 0
94 0
95 0
96 0
97 0
98 0
99 0
100 0
101 0
102 0
103 0
104 0
105 0
106 0
107 0
108 2
109 0
110 0
111 4
112 0
113 0
114 3
115 3
116 4
117 5
118 5
119 3
120 15
121 1
122 13
123 7
124 9
125 11
126 7
127 9
128 6
129 1
130 20
131 16
132 9
133 14
134 3
135 13
136 14
137 12
138 17
139 8
140 19
141 37
142 31
143 44
144 42
145 50
146 45
147 69
148 67
149 67
150 73
151 78
152 84
153 83
154 145
155 142
156 152
157 181
158 177
159 252
160 305
161 327
162 360
163 436
164 468
165 501
166 558
167 612
168 640
169 669
170 721
171 769
172 852
173 785
174 888
175 992
176 921
177 900
178 909
179 902
180 895
181 979
182 913
183 1018
184 1032
185 1052
186 1129
187 1149
188 1238
189 1255
190 1468
191 1433
192 1455
193 1449
194 1562
195 1563
196 1707
197 1659
198 1736
199 1812
200 1716
201 1858
202 1937
203 2052
204 2362
205 2209
206 2246
207 2256
208 2356
209 2400
210 2624
211 2558
212 2602
213 2632
214 2650
215 2830
216 2899
217 3077
218 3055
219 3240
220 3123
221 3002
222 3234
223 3359
224 3384
225 3560
226 3497
227 3471
228 3168
229 3026
230 2864
231 2923
232 2616
233 2727
234 2428
235 2548
236 2317
237 2278
238 2080
239 2107
240 2083
241 1993
242 1953
243 1698
244 1756
245 1790
246 1701
247 1610
248 1560
249 1608
250 1720
251 1765
252 1841
253 1859
254 1944
255 2020
256 1775
257 1593
258 1845
259 1643
260 1587
261 1427
262 1344
263 1253
264 1157
265 1085
266 1020
267 920
268 945
269 814
270 873
271 747
272 729
273 700
274 642
275 643
276 575
277 614
278 611
279 506
280 538
281 521
282 582
283 612
284 633
285 639
286 621
287 622
288 564
289 606
290 566
291 566
292 592
293 527
294 504
295 482
296 460
297 441
298 373
299 415
300 323
301 326
302 332
303 355
304 344
305 333
306 340
307 296
308 308
309 302
310 283
311 249
312 245
313 258
314 189
315 189
316 166
317 207
318 158
319 176
320 145
321 160
322 187
323 189
324 206
325 179
326 193
327 152
328 104
329 77
330 42
331 40
332 10
333 27
334 13
335 8
336 2
337 1
338 2
339 0
340 1
341 1
342 0
343 0
344 1
