0 0
1 0
2 0
3 0
4 0
5 0
6 0
7 0
8 0
9 0
10 0
11 0
12 0
13 0
14 0
15 0
16 0
17 0
18 0
19 0
20 0
21 0
22 0
23 0
24 0
25 0
26 0
27 0
28 0
29 0
30 0
31 0
32 0
33 0
34 0
35 0
36 0
37 0
38 0
39 0
40 0
41 0
42 0
43 0
44 0
45 0
46 0
47 0
48 0
49 0
50 0
51 0
52 0
53 0
54 0
55 0
56 0
57 0
58 0
59 0
60 0
61 0
62 0
63 0
64 0
65 0
66 0
67 0
68 0
69 0
70 0
71 0
72 0
73 0
74 0
75 0
76 0
77 0
78 0
79 0
80 0
81 0
82 0
83 0
84 0
85 0
86 0
87 0
88 0
89 0
90 0
91 0
92 0
93 0
94 0
95 0
96 0
97 0
98 0
99 0
100 0
101 0
102 1
103 0
104 0
105 1
106 1
107 0
108 1
109 0
110 0
111 0
112 0
113 0
114 0
115 0
116 0
117 0
118 3
119 6
120 0
121 1
122 0
123 2
124 4
125 4
126 8
127 23
128 14
129 20
130 25
131 47
132 51
133 96
134 105
135 99
136 141
137 192
138 167
139 184
140 244
141 234
142 280
143 294
144 299
145 313
146 292
147 297
148 293
149 341
150 308
151 317
152 314
153 360
154 361
155 386
156 461
157 504
158 478
159 619
160 627
161 652
162 728
163 752
164 815
165 816
166 804
167 870
168 931
169 1017
170 913
171 1005
172 998
173 1122
174 1135
175 1292
176 1187
177 1255
178 1322
179 1291
180 1452
181 1523
182 1561
183 1564
184 1698
185 1772
186 1970
187 2114
188 2232
189 2386
190 2529
191 2381
192 2681
193 2690
194 2547
195 2455
196 2247
197 2184
198 2120
199 2115
200 1910
201 1943
202 1910
203 1780
204 1797
205 1853
206 1898
207 1887
208 1948
209 1974
210 1989
211 1922
212 1834
213 1981
214 1963
215 1903
216 1808
217 1875
218 1933
219 1850
220 1994
221 1923
222 1981
223 2048
224 2080
225 2003
226 1948
227 1951
228 1964
229 1984
230 2023
231 1968
232 2131
233 2078
234 2047
235 2105
236 2253
237 2240
238 2142
239 2068
240 2171
241 2009
242 1867
243 1923
244 1796
245 1681
246 1644
247 1629
248 1736
249 1682
250 1679
251 1771
252 1741
253 1652
254 1526
255 1630
256 1442
257 1415
258 1327
259 1290
260 1315
261 1257
262 1133
263 1228
264 1286
265 1314
266 1311
267 1218
268 1315
269 1167
270 1147
271 1204
272 1095
273 1039
274 1028
275 1007
276 938
277 906
278 828
279 660
280 797
281 751
282 705
283 636
284 581
285 624
286 601
287 513
288 499
289 499
290 472
291 398
292 403
293 423
294 373
295 382
296 351
297 325
298 386
299 344
300 378
301 316
302 339
303 351
304 318
305 278
306 281
307 264
308 246
309 207
310 181
311 179
312 187
313 155
314 150
315 147
316 150
317 111
318 110
319 118
320 121
321 107
322 96
323 91
324 83
325 90
326 77
327 114
328 90
329 107
330 102
331 93
332 85
333 80
334 88
335 61
336 57
337 49
338 49
339 44
340 63
341 45
342 27
343 14
344 16
345 15
346 17
347 10
348 12
349 5
350 6
351 1
352 2
353 1
354 3
355 3
356 2
357 3
358 1
359 0
360 1
361 1
