0 0
1 0
2 0
3 0
4 0
5 0
6 0
7 0
8 0
9 0
10 0
11 0
12 0
13 0
14 0
15 0
16 0
17 0
18 0
19 0
20 0
21 0
22 0
23 0
24 0
25 0
26 0
27 0
28 0
29 0
30 0
31 0
32 0
33 0
34 0
35 0
36 0
37 0
38 0
39 0
40 0
41 0
42 0
43 0
44 0
45 0
46 0
47 0
48 0
49 0
50 0
51 0
52 0
53 0
54 0
55 0
56 0
57 0
58 0
59 0
60 0
61 0
62 0
63 0
64 0
65 0
66 0
67 0
68 0
69 0
70 0
71 0
72 0
73 0
74 0
75 0
76 0
77 0
78 0
79 0
80 0
81 1
82 0
83 0
84 1
85 0
86 0
87 1
88 0
89 3
90 1
91 2
92 2
93 4
94 2
95 4
96 3
97 1
98 7
99 2
100 2
101 4
102 1
103 5
104 2
105 8
106 11
107 4
108 11
109 8
110 12
111 2
112 5
113 5
114 5
115 11
116 8
117 9
118 3
119 9
120 14
121 11
122 14
123 14
124 16
125 31
126 29
127 28
128 37
129 37
130 34
131 32
132 43
133 42
134 53
135 57
136 62
137 75
138 78
139 93
140 109
141 70
142 103
143 113
144 103
145 129
146 128
147 143
148 128
149 147
150 159
151 165
152 188
153 181
154 182
155 194
156 173
157 207
158 235
159 277
160 275
161 351
162 351
163 421
164 387
165 417
166 524
167 572
168 632
169 673
170 724
171 764
172 897
173 784
174 862
175 937
176 878
177 958
178 1094
179 1169
180 1209
181 1371
182 1514
183 1501
184 1638
185 1775
186 1728
187 1716
188 1688
189 1760
190 1708
191 1726
192 1681
193 1876
194 2088
195 2051
196 2091
197 2129
198 2173
199 2282
200 2402
201 2422
202 2343
203 2492
204 2498
205 2635
206 2494
207 2592
208 2551
209 2467
210 2569
211 2532
212 2386
213 2374
214 2462
215 2439
216 2382
217 2433
218 2472
219 2552
220 2553
221 2635
222 2465
223 2372
224 2208
225 2351
226 2172
227 2288
228 2277
229 2211
230 2381
231 2226
232 2340
233 2287
234 2393
235 2256
236 2308
237 2243
238 2279
239 2224
240 2207
241 1933
242 1904
243 1854
244 1848
245 1780
246 1727
247 1753
248 1708
249 1667
250 1807
251 1720
252 1666
253 1650
254 1652
255 1683
256 1657
257 1583
258 1619
259 1533
260 1677
261 1471
262 1428
263 1392
264 1266
265 1279
266 1162
267 1159
268 1130
269 1099
270 1065
271 991
272 959
273 1030
274 944
275 1043
276 1007
277 977
278 902
279 807
280 810
281 668
282 573
283 600
284 494
285 481
286 432
287 440
288 407
289 382
290 333
291 339
292 333
293 381
294 346
295 358
296 363
297 376
298 415
299 405
300 406
301 429
302 407
303 398
304 356
305 347
306 337
307 285
308 261
309 247
310 245
311 207
312 161
313 149
314 114
315 111
316 82
317 90
318 60
319 57
320 69
321 40
322 60
323 40
324 37
325 23
326 25
327 21
328 16
329 16
330 12
331 14
332 9
333 5
334 5
335 4
336 10
337 9
338 7
339 7
340 2
341 4
342 1
343 0
344 0
345 0
346 1
347 1
348 0
349 1
350 0
351 0
352 0
353 0
354 1
