0 0
1 0
2 0
3 0
4 0
5 0
6 0
7 0
8 0
9 0
10 0
11 0
12 0
13 0
14 0
15 0
16 0
17 0
18 0
19 0
20 0
21 0
22 0
23 0
24 0
25 0
26 0
27 0
28 0
29 0
30 0
31 0
32 0
33 0
34 0
35 0
36 0
37 0
38 0
39 0
40 0
41 0
42 0
43 0
44 0
45 0
46 0
47 0
48 0
49 0
50 0
51 0
52 0
53 0
54 0
55 0
56 0
57 0
58 0
59 0
60 0
61 0
62 0
63 0
64 0
65 0
66 0
67 0
68 0
69 0
70 0
71 0
72 0
73 0
74 0
75 0
76 0
77 0
78 0
79 0
80 0
81 0
82 0
83 0
84 0
85 0
86 0
87 0
88 0
89 0
90 0
91 0
92 0
93 0
94 0
95 0
96 0
97 0
98 0
99 0
100 0
101 0
102 0
103 0
104 0
105 0
106 0
107 0
108 0
109 0
110 0
111 0
112 0
113 0
114 0
115 0
116 0
117 1
118 0
119 3
120 1
121 4
122 5
123 4
124 4
125 9
126 10
127 10
128 15
129 19
130 40
131 38
132 31
133 47
134 37
135 54
136 58
137 59
138 47
139 43
140 51
141 43
142 57
143 47
144 51
145 61
146 62
147 56
148 66
149 79
150 114
151 161
152 147
153 113
154 131
155 152
156 140
157 148
158 157
159 209
160 166
161 197
162 187
163 268
164 261
165 253
166 283
167 398
168 444
169 501
170 589
171 602
172 668
173 736
174 733
175 762
176 821
177 823
178 853
179 845
180 949
181 956
182 1028
183 995
184 952
185 1024
186 1143
187 1171
188 1175
189 1278
190 1418
191 1452
192 1550
193 1623
194 1755
195 1871
196 1968
197 1980
198 1992
199 2088
200 2103
201 2198
202 2137
203 2257
204 2291
205 2438
206 2239
207 2295
208 2270
209 2269
210 2441
211 2501
212 2712
213 2580
214 2649
215 2616
216 2718
217 2655
218 2691
219 2719
220 2685
221 2806
222 2734
223 2651
224 2603
225 2863
226 2768
227 2841
228 2809
229 2738
230 2664
231 2730
232 2549
233 2626
234 2626
235 2568
236 2718
237 2605
238 2603
239 2679
240 2645
241 2560
242 2487
243 2499
244 2503
245 2451
246 2461
247 2641
248 2918
249 2895
250 2808
251 2686
252 2580
253 2334
254 2102
255 1798
256 1708
257 1493
258 1435
259 1392
260 1262
261 1196
262 1289
263 1238
264 1260
265 1230
266 1282
267 1122
268 1238
269 1096
270 1124
271 949
272 1039
273 930
274 788
275 848
276 826
277 729
278 684
279 700
280 637
281 707
282 655
283 639
284 623
285 577
286 528
287 447
288 411
289 373
290 310
291 303
292 248
293 230
294 209
295 209
296 159
297 182
298 149
299 137
300 134
301 132
302 103
303 127
304 132
305 115
306 99
307 108
308 111
309 86
310 85
311 71
312 86
313 86
314 90
315 68
316 76
317 55
318 55
319 53
320 21
321 16
322 16
323 16
324 12
325 11
326 11
327 10
328 5
329 2
330 1
331 3
332 0
333 1
334 0
335 0
336 0
337 2
338 0
339 0
340 0
341 2
