0 0
1 0
2 0
3 0
4 0
5 0
6 0
7 0
8 0
9 0
10 0
11 0
12 0
13 0
14 0
15 0
16 0
17 0
18 0
19 0
20 0
21 0
22 0
23 0
24 0
25 0
26 0
27 0
28 0
29 0
30 0
31 0
32 0
33 0
34 0
35 0
36 0
37 0
38 0
39 0
40 0
41 0
42 0
43 0
44 0
45 0
46 0
47 0
48 0
49 0
50 0
51 0
52 0
53 0
54 0
55 0
56 0
57 0
58 0
59 0
60 0
61 0
62 0
63 0
64 0
65 0
66 0
67 0
68 0
69 0
70 0
71 0
72 0
73 0
74 0
75 0
76 0
77 0
78 0
79 0
80 0
81 0
82 0
83 0
84 0
85 0
86 0
87 0
88 0
89 0
90 0
91 0
92 0
93 0
94 0
95 0
96 0
97 0
98 0
99 0
100 2
101 0
102 0
103 0
104 0
105 1
106 1
107 1
108 1
109 0
110 0
111 0
112 0
113 0
114 1
115 0
116 1
117 1
118 0
119 0
120 1
121 1
122 2
123 2
124 2
125 0
126 2
127 1
128 2
129 5
130 0
131 1
132 3
133 2
134 4
135 1
136 3
137 4
138 5
139 4
140 0
141 3
142 5
143 2
144 2
145 2
146 3
147 0
148 16
149 11
150 5
151 10
152 19
153 29
154 51
155 62
156 78
157 102
158 189
159 240
160 297
161 296
162 363
163 315
164 353
165 300
166 321
167 294
168 244
169 271
170 233
171 232
172 247
173 271
174 264
175 285
176 268
177 261
178 304
179 252
180 313
181 301
182 339
183 400
184 395
185 449
186 475
187 525
188 544
189 539
190 644
191 716
192 777
193 782
194 809
195 852
196 872
197 919
198 983
199 1059
200 1079
201 1082
202 1194
203 1167
204 1339
205 1324
206 1464
207 1517
208 1589
209 1713
210 1699
211 1821
212 1988
213 1969
214 1959
215 2148
216 2119
217 2201
218 2292
219 2244
220 2194
221 2275
222 2390
223 2464
224 2484
225 2524
226 2552
227 2457
228 2622
229 2538
230 2547
231 2691
232 2574
233 2637
234 2547
235 2689
236 2749
237 2973
238 2906
239 2906
240 2962
241 2898
242 2951
243 2979
244 2895
245 3022
246 2971
247 2983
248 3142
249 2976
250 2953
251 3143
252 2793
253 2849
254 2689
255 2675
256 2668
257 2615
258 2581
259 2386
260 2363
261 2180
262 2225
263 2002
264 1817
265 1793
266 1740
267 1632
268 1570
269 1421
270 1429
271 1413
272 1492
273 1374
274 1446
275 1406
276 1368
277 1444
278 1419
279 1360
280 1401
281 1299
282 1226
283 1129
284 1109
285 1036
286 951
287 920
288 828
289 928
290 816
291 734
292 677
293 682
294 612
295 517
296 482
297 422
298 438
299 409
300 405
301 369
302 353
303 356
304 393
305 377
306 339
307 333
308 355
309 304
310 321
311 360
312 322
313 305
314 274
315 292
316 239
317 248
318 281
319 293
320 304
321 215
322 201
323 211
324 163
325 184
326 179
327 175
328 234
329 211
330 185
331 251
332 208
333 164
334 76
335 68
336 62
337 41
338 37
339 23
340 25
341 5
342 12
343 1
344 5
345 6
346 3
347 1
348 3
349 2
350 1
351 0
352 2
353 0
354 0
355 0
356 1
