0 0
1 0
2 0
3 0
4 0
5 0
6 0
7 0
8 0
9 0
10 0
11 0
12 0
13 0
14 0
15 0
16 0
17 0
18 0
19 0
20 0
21 0
22 0
23 0
24 0
25 0
26 0
27 0
28 0
29 0
30 0
31 0
32 0
33 0
34 0
35 0
36 0
37 0
38 0
39 0
40 0
41 0
42 0
43 0
44 0
45 2
46 0
47 1
48 0
49 0
50 0
51 0
52 0
53 2
54 0
55 1
56 0
57 0
58 1
59 0
60 0
61 1
62 0
63 0
64 2
65 1
66 2
67 3
68 2
69 3
70 1
71 2
72 2
73 2
74 0
75 2
76 0
77 1
78 0
79 4
80 4
81 1
82 0
83 3
84 3
85 1
86 7
87 3
88 5
89 0
90 3
91 4
92 2
93 5
94 1
95 5
96 1
97 0
98 4
99 6
100 4
101 0
102 5
103 5
104 0
105 3
106 1
107 3
108 4
109 4
110 2
111 0
112 8
113 2
114 3
115 1
116 4
117 2
118 2
119 3
120 4
121 12
122 1
123 3
124 13
125 7
126 9
127 6
128 22
129 5
130 12
131 4
132 13
133 9
134 12
135 15
136 16
137 13
138 23
139 31
140 24
141 33
142 28
143 35
144 37
145 38
146 45
147 42
148 70
149 57
150 84
151 68
152 80
153 64
154 69
155 67
156 79
157 86
158 101
159 105
160 85
161 116
162 110
163 116
164 131
165 161
166 115
167 137
168 150
169 164
170 216
171 194
172 244
173 290
174 347
175 483
176 512
177 586
178 650
179 769
180 834
181 837
182 964
183 1022
184 1081
185 1066
186 1247
187 1344
188 1460
189 1419
190 1612
191 1513
192 1599
193 1667
194 1839
195 1734
196 1800
197 1815
198 1930
199 1962
200 2284
201 2296
202 2411
203 2474
204 2503
205 2369
206 2317
207 2259
208 2260
209 2127
210 2265
211 2287
212 2406
213 2606
214 2535
215 2558
216 2641
217 2662
218 2854
219 2856
220 3126
221 3222
222 3275
223 3304
224 3159
225 3122
226 2974
227 2879
228 2758
229 2775
230 2709
231 2637
232 2518
233 2549
234 2437
235 2511
236 2410
237 2613
238 2571
239 2579
240 2731
241 2689
242 2586
243 2719
244 2627
245 2585
246 2582
247 2450
248 2382
249 2331
250 2164
251 2086
252 1926
253 1875
254 1793
255 1707
256 1653
257 1714
258 1594
259 1669
260 1423
261 1438
262 1353
263 1364
264 1211
265 1238
266 1156
267 1127
268 1131
269 1102
270 1131
271 1087
272 1073
273 1044
274 1001
275 1014
276 1017
277 975
278 990
279 948
280 951
281 1027
282 999
283 914
284 866
285 842
286 758
287 657
288 666
289 657
290 625
291 549
292 475
293 401
294 373
295 271
296 253
297 190
298 159
299 129
300 114
301 107
302 95
303 97
304 95
305 67
306 75
307 88
308 72
309 57
310 88
311 78
312 74
313 72
314 55
315 56
316 37
317 41
318 25
319 21
320 13
321 10
322 6
323 5
324 0
325 4
326 1
327 1
328 1
329 3
330 0
331 2
332 0
333 0
334 1
335 0
336 0
337 0
338 0
339 0
340 1
