0 0
1 0
2 0
3 0
4 0
5 0
6 0
7 0
8 0
9 0
10 0
11 0
12 0
13 0
14 0
15 0
16 0
17 0
18 0
19 0
20 0
21 0
22 0
23 0
24 0
25 0
26 0
27 0
28 0
29 0
30 0
31 0
32 0
33 0
34 0
35 0
36 0
37 0
38 0
39 0
40 0
41 0
42 0
43 0
44 0
45 0
46 0
47 0
48 0
49 0
50 0
51 0
52 0
53 0
54 0
55 0
56 0
57 0
58 0
59 0
60 0
61 0
62 0
63 0
64 0
65 0
66 0
67 0
68 0
69 0
70 0
71 0
72 0
73 0
74 0
75 0
76 0
77 0
78 0
79 0
80 0
81 0
82 0
83 0
84 0
85 0
86 0
87 0
88 0
89 0
90 0
91 0
92 1
93 0
94 0
95 0
96 0
97 0
98 0
99 0
100 0
101 0
102 0
103 0
104 0
105 0
106 0
107 0
108 0
109 0
110 0
111 0
112 0
113 0
114 0
115 1
116 0
117 0
118 0
119 0
120 0
121 3
122 1
123 0
124 0
125 0
126 1
127 1
128 2
129 0
130 0
131 2
132 5
133 2
134 12
135 6
136 7
137 14
138 10
139 4
140 13
141 14
142 8
143 5
144 15
145 9
146 19
147 22
148 24
149 14
150 21
151 30
152 30
153 22
154 22
155 25
156 32
157 39
158 39
159 43
160 42
161 46
162 44
163 56
164 51
165 54
166 52
167 56
168 71
169 60
170 61
171 80
172 82
173 88
174 81
175 84
176 87
177 93
178 124
179 138
180 170
181 138
182 168
183 163
184 189
185 199
186 231
187 211
188 303
189 322
190 355
191 394
192 459
193 524
194 509
195 557
196 577
197 731
198 715
199 733
200 810
201 835
202 877
203 891
204 1059
205 948
206 1110
207 1067
208 1085
209 1205
210 1204
211 1222
212 1226
213 1260
214 1259
215 1342
216 1386
217 1429
218 1480
219 1391
220 1490
221 1580
222 1580
223 1615
224 1613
225 1752
226 1820
227 1903
228 1936
229 2043
230 2172
231 2192
232 2418
233 2441
234 2399
235 2639
236 2647
237 2803
238 3121
239 3029
240 3039
241 3051
242 3233
243 3194
244 3249
245 3368
246 3281
247 3196
248 3230
249 3268
250 3152
251 2953
252 2930
253 2873
254 2910
255 2912
256 2712
257 2645
258 2583
259 2593
260 2426
261 2556
262 2376
263 2289
264 2210
265 2242
266 2144
267 2164
268 2110
269 2110
270 2092
271 2089
272 2025
273 2162
274 2085
275 2028
276 1813
277 1739
278 1890
279 1736
280 1575
281 1624
282 1555
283 1400
284 1437
285 1388
286 1319
287 1267
288 1265
289 1181
290 1198
291 1126
292 1087
293 1084
294 1163
295 1061
296 1096
297 1069
298 1056
299 1093
300 1003
301 1003
302 981
303 1002
304 920
305 863
306 854
307 800
308 758
309 660
310 560
311 563
312 488
313 550
314 496
315 481
316 431
317 420
318 389
319 390
320 317
321 282
322 247
323 220
324 259
325 244
326 193
327 220
328 194
329 190
330 184
331 173
332 138
333 155
334 126
335 98
336 98
337 77
338 77
339 49
340 41
341 47
342 47
343 35
344 25
345 19
346 18
347 16
348 18
349 23
350 21
351 16
352 11
353 3
354 7
355 6
356 4
357 8
358 9
359 14
360 11
361 13
362 14
363 17
364 13
365 13
366 13
367 8
368 14
369 5
370 10
371 10
372 7
373 5
374 4
375 2
376 2
377 0
378 0
379 1
380 0
381 0
382 0
383 1
