0 0
1 0
2 0
3 0
4 0
5 0
6 0
7 0
8 0
9 0
10 0
11 0
12 0
13 0
14 0
15 0
16 0
17 0
18 0
19 0
20 0
21 0
22 0
23 0
24 0
25 0
26 0
27 0
28 0
29 0
30 0
31 0
32 0
33 0
34 0
35 0
36 0
37 0
38 0
39 0
40 0
41 0
42 0
43 0
44 0
45 0
46 0
47 0
48 0
49 0
50 0
51 0
52 0
53 0
54 0
55 0
56 0
57 0
58 0
59 0
60 0
61 0
62 0
63 0
64 0
65 0
66 0
67 0
68 0
69 0
70 0
71 0
72 0
73 0
74 0
75 0
76 0
77 0
78 0
79 0
80 0
81 0
82 0
83 0
84 0
85 0
86 1
87 0
88 0
89 0
90 1
91 0
92 0
93 0
94 0
95 4
96 3
97 3
98 16
99 24
100 19
101 8
102 33
103 35
104 25
105 21
106 43
107 28
108 27
109 22
110 25
111 40
112 15
113 38
114 27
115 24
116 29
117 20
118 34
119 28
120 38
121 40
122 22
123 55
124 37
125 38
126 45
127 68
128 80
129 64
130 77
131 73
132 66
133 88
134 57
135 72
136 65
137 82
138 89
139 89
140 66
141 89
142 81
143 88
144 92
145 140
146 179
147 172
148 225
149 212
150 268
151 308
152 387
153 384
154 398
155 439
156 505
157 555
158 631
159 623
160 666
161 760
162 844
163 878
164 924
165 934
166 985
167 1048
168 1217
169 1146
170 1223
171 1221
172 1335
173 1375
174 1482
175 1542
176 1440
177 1645
178 1582
179 1610
180 1713
181 1548
182 1600
183 1539
184 1676
185 1768
186 1888
187 1959
188 2037
189 2087
190 2217
191 2174
192 2159
193 2156
194 2295
195 2358
196 2212
197 2572
198 2481
199 2583
200 2553
201 2720
202 2580
203 2458
204 2307
205 2310
206 2289
207 2325
208 2356
209 2407
210 2352
211 2469
212 2428
213 2531
214 2725
215 2600
216 2789
217 2723
218 2763
219 2555
220 2504
221 2626
222 2519
223 2642
224 2532
225 2378
226 2324
227 2234
228 2262
229 2274
230 2153
231 2097
232 2196
233 2162
234 2100
235 2055
236 2033
237 1958
238 1945
239 1926
240 1986
241 1832
242 1778
243 1823
244 1829
245 1778
246 1789
247 1662
248 1628
249 1591
250 1459
251 1484
252 1443
253 1484
254 1247
255 1220
256 1182
257 1197
258 1007
259 1042
260 989
261 982
262 1038
263 1008
264 964
265 937
266 964
267 1029
268 893
269 965
270 970
271 906
272 854
273 807
274 770
275 668
276 637
277 610
278 604
279 501
280 461
281 429
282 378
283 329
284 350
285 325
286 235
287 249
288 247
289 197
290 175
291 201
292 226
293 195
294 199
295 187
296 209
297 185
298 180
299 149
300 114
301 130
302 96
303 76
304 55
305 56
306 66
307 52
308 45
309 34
310 33
311 12
312 22
313 21
314 16
315 17
316 14
317 9
318 6
319 6
320 2
321 3
322 6
323 2
324 6
325 3
326 1
327 2
328 1
329 3
330 0
331 2
332 1
333 3
334 1
335 1
336 0
337 0
338 1
339 0
340 0
341 0
342 0
343 1
