0 0
1 0
2 0
3 0
4 0
5 0
6 0
7 0
8 0
9 0
10 0
11 0
12 0
13 0
14 0
15 1
16 0
17 0
18 0
19 0
20 0
21 0
22 0
23 0
24 0
25 0
26 0
27 0
28 0
29 0
30 0
31 0
32 0
33 0
34 0
35 0
36 0
37 0
38 0
39 0
40 0
41 0
42 0
43 0
44 0
45 0
46 0
47 0
48 0
49 0
50 0
51 0
52 0
53 0
54 0
55 0
56 1
57 0
58 0
59 0
60 0
61 0
62 0
63 0
64 0
65 0
66 0
67 1
68 0
69 0
70 0
71 0
72 0
73 0
74 0
75 0
76 0
77 0
78 0
79 0
80 0
81 0
82 0
83 0
84 1
85 0
86 0
87 0
88 0
89 0
90 0
91 0
92 0
93 0
94 1
95 1
96 0
97 0
98 0
99 0
100 1
101 0
102 0
103 0
104 0
105 0
106 0
107 0
108 0
109 0
110 0
111 0
112 0
113 0
114 0
115 0
116 0
117 0
118 0
119 1
120 0
121 0
122 0
123 1
124 3
125 5
126 8
127 18
128 9
129 8
130 13
131 6
132 9
133 10
134 13
135 16
136 15
137 21
138 20
139 25
140 18
141 17
142 16
143 23
144 22
145 17
146 20
147 13
148 27
149 33
150 18
151 29
152 26
153 26
154 20
155 29
156 49
157 48
158 58
159 54
160 57
161 72
162 71
163 83
164 104
165 76
166 103
167 92
168 97
169 128
170 97
171 117
172 107
173 129
174 118
175 120
176 119
177 147
178 122
179 170
180 183
181 160
182 153
183 168
184 222
185 206
186 254
187 218
188 234
189 298
190 290
191 370
192 275
193 369
194 321
195 382
196 381
197 416
198 452
199 439
200 444
201 452
202 501
203 573
204 529
205 591
206 619
207 703
208 712
209 816
210 822
211 959
212 995
213 1144
214 1225
215 1237
216 1371
217 1350
218 1410
219 1225
220 1363
221 1257
222 1308
223 1268
224 1148
225 1291
226 1177
227 1217
228 1403
229 1450
230 1420
231 1486
232 1577
233 1656
234 1802
235 1801
236 1848
237 2071
238 2036
239 2150
240 2162
241 2270
242 2155
243 2207
244 2334
245 2301
246 2395
247 2380
248 2374
249 2364
250 2371
251 2426
252 2329
253 2420
254 2294
255 2409
256 2304
257 2497
258 2346
259 2646
260 2527
261 2595
262 2613
263 2713
264 2756
265 2668
266 2767
267 2705
268 2658
269 2635
270 2772
271 2875
272 2939
273 3023
274 3104
275 3047
276 3197
277 3172
278 3117
279 2910
280 2808
281 2510
282 2416
283 2280
284 2173
285 2008
286 2148
287 1916
288 2039
289 1806
290 1872
291 1830
292 1814
293 1771
294 1682
295 1612
296 1652
297 1552
298 1593
299 1379
300 1354
301 1301
302 1263
303 1093
304 1077
305 932
306 927
307 833
308 846
309 748
310 709
311 712
312 741
313 648
314 598
315 608
316 552
317 537
318 508
319 438
320 407
321 403
322 358
323 349
324 290
325 259
326 232
327 231
328 206
329 210
330 169
331 162
332 155
333 138
334 112
335 123
336 102
337 118
338 122
339 102
340 67
341 68
342 86
343 63
344 43
345 42
346 27
347 27
348 30
349 24
350 11
351 18
352 9
353 13
354 6
355 11
356 10
357 5
358 9
359 7
360 0
361 4
362 0
363 1
364 0
365 1
366 0
367 0
368 0
369 0
370 0
371 0
372 1
373 0
374 0
375 0
376 0
377 2
