0 0
1 0
2 0
3 0
4 0
5 0
6 0
7 0
8 0
9 0
10 0
11 0
12 0
13 0
14 0
15 0
16 0
17 0
18 0
19 0
20 0
21 0
22 0
23 0
24 0
25 0
26 0
27 0
28 0
29 0
30 0
31 0
32 0
33 0
34 0
35 0
36 0
37 0
38 0
39 0
40 0
41 0
42 0
43 0
44 0
45 0
46 0
47 0
48 0
49 0
50 0
51 0
52 0
53 0
54 0
55 0
56 0
57 1
58 0
59 0
60 0
61 0
62 0
63 0
64 0
65 0
66 0
67 0
68 0
69 0
70 0
71 0
72 0
73 0
74 0
75 0
76 0
77 0
78 0
79 0
80 0
81 0
82 0
83 0
84 0
85 0
86 0
87 0
88 0
89 0
90 0
91 0
92 1
93 2
94 0
95 0
96 0
97 0
98 0
99 0
100 0
101 0
102 1
103 2
104 0
105 3
106 0
107 0
108 0
109 2
110 0
111 2
112 5
113 1
114 3
115 0
116 2
117 5
118 2
119 2
120 3
121 6
122 10
123 3
124 26
125 16
126 18
127 29
128 39
129 30
130 38
131 40
132 66
133 45
134 55
135 43
136 50
137 58
138 88
139 106
140 70
141 95
142 114
143 136
144 169
145 136
146 164
147 175
148 203
149 199
150 220
151 268
152 298
153 281
154 403
155 376
156 362
157 427
158 418
159 508
160 566
161 574
162 614
163 700
164 754
165 746
166 779
167 869
168 916
169 990
170 1095
171 995
172 1044
173 1151
174 1230
175 1245
176 1391
177 1410
178 1409
179 1438
180 1625
181 1694
182 1602
183 1826
184 1692
185 1788
186 1858
187 1935
188 1806
189 1753
190 1859
191 1842
192 1879
193 2017
194 2175
195 2084
196 2258
197 2216
198 2112
199 2362
200 2306
201 2189
202 2342
203 2148
204 2246
205 2190
206 2256
207 2232
208 2247
209 2386
210 2259
211 2579
212 2542
213 2692
214 2636
215 2965
216 2849
217 2894
218 2877
219 3021
220 2991
221 2903
222 2899
223 2796
224 2702
225 2696
226 2584
227 2615
228 2417
229 2390
230 2438
231 2315
232 2257
233 2263
234 2180
235 2130
236 2014
237 2024
238 1986
239 1917
240 1890
241 1873
242 1911
243 1738
244 1871
245 1777
246 1535
247 1630
248 1669
249 1590
250 1531
251 1409
252 1442
253 1382
254 1372
255 1266
256 1257
257 1332
258 1261
259 1180
260 1180
261 1053
262 1099
263 983
264 870
265 908
266 859
267 787
268 789
269 771
270 759
271 746
272 707
273 574
274 587
275 595
276 553
277 559
278 564
279 548
280 581
281 474
282 525
283 506
284 510
285 586
286 598
287 580
288 516
289 553
290 492
291 443
292 388
293 390
294 368
295 338
296 323
297 275
298 289
299 258
300 228
301 233
302 256
303 222
304 192
305 215
306 197
307 194
308 205
309 158
310 167
311 121
312 100
313 90
314 88
315 69
316 62
317 82
318 47
319 48
320 35
321 40
322 26
323 31
324 17
325 15
326 19
327 24
328 14
329 18
330 6
331 8
332 17
333 7
334 6
335 4
336 3
337 6
338 2
339 2
340 2
341 2
342 1
343 0
344 1
345 0
346 0
347 0
348 1
349 0
350 1
351 0
352 0
353 0
354 0
355 1
