0 0
1 0
2 0
3 0
4 0
5 0
6 0
7 1
8 0
9 0
10 0
11 0
12 0
13 0
14 0
15 0
16 0
17 0
18 0
19 0
20 0
21 0
22 0
23 0
24 0
25 0
26 0
27 0
28 1
29 0
30 0
31 2
32 0
33 0
34 0
35 0
36 0
37 0
38 0
39 0
40 1
41 0
42 1
43 0
44 1
45 2
46 0
47 0
48 2
49 0
50 0
51 2
52 0
53 0
54 3
55 2
56 0
57 1
58 1
59 6
60 1
61 7
62 2
63 1
64 5
65 6
66 3
67 7
68 4
69 2
70 4
71 3
72 5
73 9
74 4
75 3
76 2
77 6
78 6
79 1
80 2
81 1
82 3
83 2
84 0
85 1
86 2
87 4
88 4
89 2
90 3
91 4
92 3
93 3
94 3
95 6
96 2
97 4
98 2
99 4
100 1
101 2
102 1
103 3
104 2
105 5
106 5
107 6
108 2
109 5
110 4
111 3
112 2
113 4
114 4
115 14
116 4
117 9
118 16
119 6
120 16
121 30
122 20
123 20
124 34
125 32
126 40
127 61
128 51
129 76
130 54
131 118
132 101
133 78
134 126
135 117
136 112
137 139
138 134
139 93
140 127
141 85
142 80
143 73
144 78
145 84
146 86
147 125
148 109
149 116
150 140
151 116
152 132
153 125
154 154
155 134
156 139
157 168
158 187
159 160
160 152
161 188
162 194
163 202
164 192
165 223
166 208
167 181
168 227
169 274
170 335
171 278
172 292
173 295
174 332
175 370
176 334
177 307
178 362
179 315
180 357
181 386
182 413
183 395
184 476
185 515
186 650
187 642
188 729
189 840
190 938
191 1076
192 1151
193 1356
194 1400
195 1581
196 1786
197 1820
198 1998
199 1866
200 1994
201 2017
202 2258
203 2106
204 2185
205 1909
206 2101
207 1879
208 1841
209 1815
210 1788
211 1905
212 1857
213 2014
214 1923
215 2004
216 2147
217 2088
218 2074
219 2250
220 2425
221 2489
222 2731
223 2683
224 2729
225 2899
226 2786
227 2764
228 2683
229 2732
230 2538
231 2564
232 2482
233 2442
234 2474
235 2493
236 2421
237 2606
238 2484
239 2403
240 2484
241 2417
242 2317
243 2227
244 2172
245 2229
246 2120
247 2101
248 2174
249 2138
250 2206
251 2157
252 2210
253 2142
254 2113
255 2183
256 1979
257 2061
258 2057
259 1989
260 1963
261 1941
262 1868
263 1723
264 1700
265 1721
266 1716
267 1712
268 1531
269 1527
270 1508
271 1648
272 1456
273 1518
274 1548
275 1427
276 1304
277 1324
278 1191
279 1214
280 1156
281 1166
282 1211
283 1186
284 1162
285 1013
286 1075
287 1040
288 1077
289 982
290 874
291 855
292 818
293 725
294 666
295 646
296 671
297 555
298 586
299 519
300 454
301 390
302 370
303 401
304 360
305 327
306 264
307 307
308 276
309 248
310 199
311 171
312 168
313 161
314 164
315 153
316 164
317 156
318 134
319 135
320 125
321 102
322 103
323 102
324 66
325 91
326 75
327 85
328 81
329 67
330 58
331 51
332 55
333 57
334 31
335 36
336 29
337 19
338 17
339 12
340 9
341 9
342 7
343 6
344 5
345 4
346 2
347 4
348 5
349 0
350 3
351 0
352 1
353 2
354 1
355 1
356 0
357 0
358 0
359 2
360 0
361 0
362 0
363 1
