0 0
1 0
2 0
3 0
4 0
5 0
6 0
7 0
8 0
9 0
10 0
11 0
12 0
13 0
14 0
15 0
16 0
17 0
18 0
19 0
20 0
21 0
22 0
23 0
24 0
25 0
26 0
27 0
28 0
29 0
30 0
31 0
32 0
33 0
34 0
35 0
36 0
37 0
38 0
39 0
40 0
41 0
42 0
43 0
44 0
45 0
46 0
47 0
48 0
49 0
50 0
51 0
52 0
53 0
54 0
55 0
56 0
57 0
58 0
59 0
60 0
61 0
62 0
63 0
64 0
65 0
66 0
67 0
68 0
69 0
70 0
71 0
72 0
73 0
74 0
75 0
76 0
77 0
78 0
79 0
80 0
81 0
82 0
83 0
84 0
85 0
86 0
87 0
88 0
89 0
90 0
91 1
92 0
93 0
94 0
95 1
96 0
97 1
98 0
99 0
100 0
101 0
102 0
103 0
104 0
105 1
106 0
107 1
108 2
109 3
110 3
111 6
112 6
113 5
114 7
115 7
116 5
117 3
118 6
119 6
120 6
121 10
122 14
123 8
124 19
125 14
126 22
127 16
128 29
129 16
130 25
131 36
132 30
133 20
134 39
135 40
136 57
137 62
138 49
139 70
140 66
141 75
142 91
143 89
144 79
145 81
146 91
147 73
148 82
149 91
150 81
151 79
152 111
153 130
154 143
155 112
156 150
157 181
158 180
159 202
160 239
161 252
162 338
163 375
164 327
165 382
166 495
167 491
168 511
169 571
170 599
171 675
172 718
173 748
174 764
175 780
176 858
177 907
178 966
179 956
180 1001
181 1130
182 1183
183 1174
184 1223
185 1290
186 1321
187 1379
188 1360
189 1533
190 1695
191 1626
192 1738
193 1731
194 1782
195 1900
196 2035
197 2006
198 2195
199 2368
200 2524
201 2666
202 2712
203 3025
204 2781
205 2807
206 2881
207 2929
208 2824
209 2897
210 2904
211 2880
212 3005
213 2855
214 2944
215 2911
216 2970
217 2818
218 2791
219 2958
220 2853
221 2826
222 2717
223 2805
224 2850
225 2703
226 2711
227 2677
228 2599
229 2612
230 2732
231 2730
232 2562
233 2722
234 2658
235 2656
236 2698
237 2567
238 2488
239 2372
240 2261
241 2406
242 2409
243 2326
244 2065
245 2022
246 1934
247 1862
248 1903
249 1796
250 1677
251 1597
252 1575
253 1482
254 1443
255 1433
256 1382
257 1336
258 1243
259 1230
260 1176
261 1216
262 1234
263 1072
264 1115
265 1143
266 1156
267 1014
268 993
269 962
270 915
271 914
272 909
273 877
274 791
275 708
276 743
277 677
278 556
279 583
280 484
281 460
282 420
283 385
284 399
285 373
286 360
287 347
288 323
289 327
290 291
291 278
292 319
293 341
294 272
295 272
296 230
297 271
298 253
299 222
300 228
301 221
302 177
303 168
304 154
305 140
306 138
307 135
308 118
309 90
310 101
311 95
312 94
313 97
314 98
315 65
316 64
317 74
318 71
319 42
320 36
321 51
322 62
323 50
324 54
325 57
326 51
327 39
328 47
329 36
330 31
331 21
332 12
333 28
334 22
335 22
336 17
337 27
338 17
339 13
340 18
341 18
342 19
343 12
344 10
345 12
346 9
347 7
348 11
349 11
350 3
351 6
352 7
353 6
354 5
355 7
356 7
357 3
358 9
359 7
360 7
361 5
362 5
363 7
364 10
365 4
366 10
367 16
368 8
369 10
370 9
371 11
372 7
373 12
374 6
375 9
376 2
377 4
378 7
379 7
380 9
381 3
382 4
383 1
384 4
385 6
386 5
387 4
388 4
389 4
390 2
391 2
392 0
393 2
394 0
395 1
396 0
397 0
398 1
