0 0
1 0
2 0
3 0
4 0
5 0
6 0
7 0
8 0
9 0
10 0
11 0
12 0
13 0
14 0
15 0
16 0
17 0
18 0
19 0
20 0
21 0
22 0
23 0
24 0
25 0
26 0
27 0
28 0
29 0
30 0
31 0
32 0
33 0
34 0
35 0
36 0
37 0
38 0
39 0
40 0
41 0
42 0
43 0
44 0
45 0
46 0
47 0
48 0
49 0
50 1
51 0
52 0
53 0
54 0
55 0
56 0
57 0
58 0
59 0
60 0
61 0
62 0
63 0
64 0
65 0
66 0
67 0
68 0
69 0
70 0
71 0
72 4
73 0
74 0
75 0
76 3
77 3
78 0
79 2
80 6
81 3
82 2
83 0
84 1
85 0
86 2
87 0
88 2
89 7
90 0
91 17
92 6
93 6
94 6
95 7
96 5
97 18
98 21
99 22
100 7
101 8
102 5
103 18
104 19
105 30
106 8
107 21
108 23
109 18
110 43
111 43
112 43
113 24
114 42
115 53
116 59
117 51
118 58
119 62
120 58
121 61
122 81
123 106
124 98
125 87
126 91
127 112
128 110
129 153
130 136
131 148
132 176
133 133
134 147
135 167
136 167
137 117
138 148
139 128
140 120
141 109
142 90
143 110
144 127
145 121
146 155
147 174
148 207
149 231
150 232
151 255
152 262
153 286
154 330
155 328
156 396
157 398
158 391
159 439
160 477
161 465
162 545
163 534
164 621
165 662
166 783
167 856
168 933
169 1036
170 1082
171 1233
172 1205
173 1321
174 1279
175 1545
176 1433
177 1443
178 1520
179 1576
180 1552
181 1763
182 1817
183 1826
184 1907
185 2023
186 2121
187 2028
188 2344
189 2290
190 2253
191 2403
192 2407
193 2480
194 2646
195 2497
196 2664
197 2644
198 2457
199 2733
200 2649
201 2668
202 2826
203 2722
204 2780
205 2912
206 2903
207 2606
208 2759
209 2639
210 2591
211 2545
212 2476
213 2489
214 2371
215 2497
216 2219
217 2265
218 2042
219 1934
220 1793
221 1793
222 1735
223 1781
224 1802
225 1727
226 1714
227 1772
228 1738
229 1656
230 1603
231 1449
232 1495
233 1539
234 1327
235 1325
236 1274
237 1309
238 1211
239 1225
240 1215
241 1177
242 1128
243 1135
244 1169
245 1195
246 1124
247 1200
248 1356
249 1344
250 1517
251 1563
252 1610
253 1590
254 1517
255 1658
256 1703
257 1650
258 1519
259 1402
260 1399
261 1351
262 1208
263 1122
264 1063
265 1008
266 946
267 935
268 934
269 897
270 903
271 830
272 860
273 865
274 852
275 795
276 837
277 868
278 831
279 797
280 907
281 863
282 864
283 720
284 824
285 745
286 722
287 671
288 636
289 675
290 608
291 557
292 561
293 560
294 491
295 514
296 493
297 485
298 446
299 445
300 398
301 434
302 410
303 387
304 361
305 304
306 288
307 246
308 228
309 199
310 185
311 142
312 167
313 137
314 121
315 106
316 114
317 116
318 110
319 70
320 83
321 71
322 86
323 70
324 75
325 82
326 51
327 58
328 38
329 57
330 36
331 46
332 42
333 45
334 43
335 54
336 42
337 27
338 38
339 37
340 32
341 22
342 20
343 23
344 14
345 11
346 15
347 17
348 7
349 3
350 1
351 0
352 0
353 1
354 3
355 1
356 2
357 0
358 0
359 0
360 0
361 0
362 1
363 0
364 0
365 1
366 1
