0 0
1 0
2 0
3 0
4 0
5 0
6 0
7 0
8 0
9 0
10 0
11 0
12 0
13 0
14 0
15 0
16 0
17 0
18 0
19 0
20 0
21 0
22 0
23 0
24 0
25 0
26 0
27 0
28 0
29 0
30 0
31 0
32 0
33 0
34 0
35 0
36 0
37 0
38 0
39 0
40 0
41 0
42 0
43 0
44 0
45 0
46 0
47 0
48 0
49 0
50 0
51 0
52 0
53 0
54 0
55 0
56 0
57 0
58 0
59 0
60 0
61 0
62 0
63 0
64 0
65 0
66 0
67 0
68 0
69 0
70 0
71 0
72 0
73 0
74 0
75 0
76 0
77 0
78 0
79 0
80 0
81 0
82 0
83 0
84 0
85 0
86 0
87 0
88 0
89 1
90 1
91 0
92 0
93 2
94 3
95 3
96 3
97 6
98 2
99 7
100 8
101 12
102 8
103 5
104 8
105 6
106 17
107 14
108 15
109 27
110 19
111 19
112 10
113 22
114 32
115 42
116 37
117 50
118 37
119 41
120 23
121 37
122 38
123 48
124 60
125 57
126 65
127 52
128 45
129 55
130 41
131 61
132 67
133 69
134 94
135 83
136 110
137 126
138 146
139 140
140 182
141 215
142 262
143 267
144 285
145 340
146 358
147 340
148 366
149 454
150 478
151 475
152 476
153 512
154 513
155 485
156 537
157 571
158 620
159 643
160 560
161 614
162 620
163 638
164 614
165 663
166 640
167 722
168 773
169 759
170 829
171 899
172 959
173 1000
174 1013
175 1168
176 1135
177 1281
178 1271
179 1373
180 1354
181 1466
182 1437
183 1480
184 1470
185 1478
186 1583
187 1628
188 1639
189 1549
190 1711
191 1727
192 1556
193 1635
194 1688
195 1706
196 1819
197 2004
198 2001
199 2183
200 2147
201 2322
202 2433
203 2544
204 2644
205 2698
206 2897
207 2821
208 2917
209 2800
210 2844
211 2655
212 2658
213 2501
214 2525
215 2412
216 2202
217 2284
218 2362
219 2258
220 2544
221 2389
222 2423
223 2574
224 2695
225 2549
226 2467
227 2344
228 2317
229 2375
230 2130
231 2057
232 1963
233 1967
234 1956
235 1897
236 1957
237 1887
238 1928
239 1820
240 1799
241 1849
242 1994
243 2050
244 1910
245 1826
246 1639
247 1817
248 1682
249 1582
250 1349
251 1362
252 1278
253 1238
254 1276
255 1153
256 1174
257 1150
258 1109
259 1108
260 1114
261 994
262 1007
263 967
264 935
265 954
266 926
267 876
268 959
269 862
270 807
271 895
272 845
273 831
274 826
275 762
276 779
277 779
278 727
279 656
280 721
281 636
282 605
283 590
284 575
285 543
286 479
287 430
288 420
289 387
290 403
291 401
292 376
293 372
294 342
295 365
296 347
297 329
298 354
299 319
300 362
301 297
302 350
303 300
304 266
305 281
306 315
307 308
308 284
309 244
310 281
311 293
312 261
313 303
314 279
315 204
316 215
317 225
318 189
319 200
320 182
321 151
322 154
323 136
324 144
325 125
326 137
327 112
328 122
329 120
330 107
331 98
332 102
333 119
334 92
335 107
336 77
337 87
338 76
339 61
340 59
341 41
342 38
343 44
344 38
345 35
346 25
347 33
348 15
349 9
350 11
351 16
352 13
353 8
354 8
355 14
356 8
357 6
358 13
359 4
360 12
361 4
362 5
363 5
364 2
365 7
366 4
367 4
368 6
369 3
370 2
371 0
372 2
373 0
374 4
375 4
376 4
377 2
378 4
379 4
380 2
381 2
382 1
383 4
384 0
385 1
386 2
387 2
388 3
389 2
390 3
391 1
392 0
393 0
394 1
395 0
396 0
397 0
398 1
