0 0
1 0
2 0
3 0
4 0
5 0
6 0
7 0
8 0
9 0
10 0
11 0
12 0
13 0
14 0
15 0
16 0
17 0
18 0
19 0
20 0
21 0
22 0
23 0
24 0
25 0
26 0
27 0
28 0
29 0
30 0
31 0
32 0
33 0
34 0
35 0
36 0
37 0
38 0
39 0
40 0
41 0
42 0
43 0
44 0
45 0
46 0
47 0
48 0
49 0
50 0
51 0
52 0
53 0
54 0
55 0
56 0
57 0
58 0
59 0
60 0
61 0
62 0
63 0
64 0
65 0
66 0
67 0
68 0
69 0
70 0
71 0
72 0
73 0
74 0
75 0
76 0
77 1
78 0
79 0
80 0
81 0
82 0
83 0
84 0
85 0
86 0
87 1
88 0
89 0
90 0
91 3
92 2
93 0
94 2
95 0
96 2
97 2
98 4
99 2
100 0
101 0
102 0
103 1
104 1
105 0
106 2
107 0
108 0
109 2
110 2
111 1
112 3
113 2
114 0
115 0
116 1
117 0
118 0
119 2
120 1
121 1
122 0
123 0
124 1
125 1
126 2
127 1
128 2
129 2
130 1
131 1
132 2
133 2
134 2
135 2
136 4
137 4
138 2
139 10
140 13
141 5
142 7
143 7
144 8
145 8
146 6
147 8
148 6
149 10
150 11
151 9
152 10
153 15
154 15
155 13
156 23
157 24
158 13
159 24
160 27
161 32
162 37
163 41
164 60
165 47
166 88
167 113
168 98
169 117
170 141
171 134
172 172
173 133
174 202
175 136
176 148
177 153
178 216
179 223
180 242
181 249
182 275
183 273
184 262
185 290
186 328
187 325
188 374
189 427
190 486
191 571
192 594
193 649
194 697
195 835
196 840
197 1006
198 1061
199 1048
200 1154
201 1215
202 1191
203 1259
204 1400
205 1471
206 1604
207 1702
208 1926
209 1799
210 1951
211 1976
212 1853
213 1949
214 1978
215 2034
216 1931
217 2190
218 2122
219 2147
220 2321
221 2350
222 2418
223 2586
224 2697
225 2782
226 2721
227 2971
228 3013
229 3059
230 3094
231 3180
232 3241
233 3349
234 3391
235 3295
236 3377
237 3235
238 3257
239 3142
240 3216
241 3202
242 3066
243 3108
244 3099
245 2924
246 2780
247 2758
248 2545
249 2490
250 2353
251 2400
252 2331
253 2247
254 2538
255 2435
256 2258
257 2318
258 2440
259 2479
260 2362
261 2468
262 2377
263 2208
264 2191
265 2099
266 1965
267 1915
268 1873
269 1807
270 1842
271 1742
272 1735
273 1677
274 1631
275 1592
276 1621
277 1487
278 1478
279 1391
280 1465
281 1506
282 1400
283 1322
284 1262
285 1212
286 1093
287 1064
288 967
289 914
290 760
291 742
292 730
293 669
294 619
295 637
296 567
297 554
298 503
299 482
300 429
301 436
302 402
303 418
304 330
305 293
306 288
307 253
308 225
309 174
310 178
311 169
312 140
313 138
314 94
315 98
316 72
317 71
318 49
319 56
320 52
321 31
322 18
323 22
324 24
325 17
326 6
327 19
328 10
329 5
330 13
331 3
332 1
333 3
334 3
335 0
336 1
337 1
338 1
339 0
340 1
341 1
342 1
343 1
344 2
345 0
346 0
347 0
348 0
349 0
350 0
351 0
352 0
353 0
354 1
