0 0
1 0
2 0
3 0
4 0
5 0
6 0
7 0
8 0
9 0
10 0
11 0
12 0
13 0
14 0
15 0
16 0
17 0
18 0
19 0
20 0
21 0
22 0
23 0
24 0
25 0
26 0
27 0
28 0
29 0
30 0
31 0
32 0
33 0
34 0
35 0
36 0
37 0
38 0
39 0
40 0
41 0
42 0
43 0
44 0
45 0
46 0
47 0
48 0
49 0
50 0
51 0
52 0
53 0
54 0
55 0
56 0
57 0
58 0
59 0
60 0
61 0
62 0
63 0
64 0
65 0
66 0
67 0
68 0
69 0
70 0
71 0
72 0
73 0
74 0
75 0
76 0
77 0
78 0
79 0
80 0
81 0
82 0
83 0
84 0
85 0
86 0
87 0
88 0
89 0
90 0
91 0
92 0
93 0
94 0
95 0
96 0
97 0
98 0
99 0
100 0
101 0
102 0
103 0
104 2
105 0
106 0
107 1
108 1
109 2
110 3
111 0
112 1
113 1
114 0
115 2
116 0
117 3
118 3
119 1
120 1
121 1
122 2
123 1
124 4
125 1
126 1
127 5
128 3
129 1
130 3
131 2
132 3
133 1
134 2
135 0
136 2
137 3
138 6
139 1
140 3
141 9
142 1
143 6
144 6
145 5
146 6
147 6
148 14
149 10
150 15
151 16
152 12
153 39
154 21
155 12
156 27
157 27
158 38
159 36
160 36
161 45
162 60
163 81
164 85
165 96
166 88
167 100
168 131
169 134
170 137
171 159
172 187
173 188
174 208
175 222
176 281
177 295
178 446
179 433
180 435
181 521
182 621
183 635
184 744
185 771
186 786
187 758
188 887
189 928
190 943
191 895
192 1009
193 933
194 1013
195 1030
196 1082
197 1195
198 1125
199 1191
200 1165
201 1179
202 1226
203 1327
204 1435
205 1442
206 1406
207 1526
208 1549
209 1625
210 1659
211 1651
212 1754
213 1949
214 1911
215 1738
216 1935
217 2038
218 2053
219 2142
220 2161
221 2246
222 2274
223 2443
224 2579
225 2611
226 2632
227 2736
228 2879
229 2876
230 2781
231 2837
232 2635
233 2804
234 2774
235 2854
236 2923
237 2902
238 2927
239 2937
240 2874
241 2864
242 2680
243 2646
244 2517
245 2382
246 2315
247 2297
248 2130
249 2219
250 2263
251 2343
252 2334
253 2486
254 2462
255 2505
256 2384
257 2177
258 2108
259 2174
260 2053
261 2021
262 1955
263 1879
264 1990
265 1941
266 1783
267 1769
268 1688
269 1649
270 1690
271 1686
272 1584
273 1514
274 1508
275 1408
276 1468
277 1412
278 1428
279 1343
280 1342
281 1264
282 1378
283 1271
284 1270
285 1265
286 1224
287 1132
288 1171
289 998
290 1077
291 1020
292 1002
293 1062
294 915
295 937
296 896
297 829
298 741
299 724
300 657
301 615
302 583
303 606
304 612
305 539
306 633
307 575
308 497
309 503
310 421
311 386
312 358
313 335
314 305
315 362
316 289
317 226
318 185
319 165
320 151
321 77
322 88
323 81
324 71
325 61
326 56
327 46
328 35
329 35
330 48
331 29
332 27
333 35
334 19
335 26
336 18
337 10
338 12
339 7
340 10
341 7
342 11
343 0
344 9
345 7
346 8
347 7
348 3
349 9
350 6
351 12
352 11
353 7
354 11
355 3
356 8
357 7
358 1
359 10
360 5
361 7
362 1
363 4
364 6
365 5
366 6
367 5
368 1
369 6
370 0
371 6
372 0
373 4
374 2
375 1
376 2
