0 0
1 0
2 0
3 0
4 0
5 0
6 0
7 0
8 0
9 0
10 0
11 0
12 0
13 0
14 0
15 0
16 0
17 0
18 0
19 0
20 0
21 0
22 0
23 0
24 0
25 0
26 0
27 3
28 3
29 3
30 3
31 0
32 2
33 1
34 0
35 5
36 5
37 4
38 5
39 3
40 7
41 5
42 5
43 9
44 5
45 5
46 3
47 2
48 4
49 6
50 1
51 5
52 3
53 1
54 6
55 9
56 3
57 10
58 6
59 6
60 5
61 0
62 3
63 1
64 10
65 0
66 12
67 5
68 6
69 2
70 9
71 5
72 9
73 2
74 5
75 4
76 4
77 4
78 3
79 1
80 7
81 8
82 3
83 0
84 7
85 3
86 4
87 5
88 6
89 6
90 9
91 12
92 7
93 5
94 5
95 12
96 5
97 4
98 12
99 11
100 6
101 9
102 19
103 12
104 10
105 9
106 22
107 13
108 18
109 22
110 27
111 28
112 33
113 37
114 35
115 39
116 53
117 54
118 74
119 101
120 75
121 108
122 116
123 122
124 138
125 164
126 156
127 161
128 156
129 237
130 255
131 335
132 281
133 329
134 316
135 287
136 328
137 377
138 410
139 389
140 425
141 484
142 599
143 614
144 725
145 787
146 823
147 917
148 905
149 1020
150 1004
151 1074
152 1009
153 1132
154 1014
155 1020
156 996
157 1032
158 1019
159 1114
160 1132
161 1109
162 1127
163 1271
164 1325
165 1308
166 1413
167 1546
168 1694
169 1749
170 1794
171 1949
172 2132
173 2342
174 2376
175 2474
176 2571
177 2373
178 2282
179 2288
180 2301
181 2281
182 2265
183 2211
184 2196
185 2274
186 2219
187 2001
188 2146
189 2077
190 2237
191 2125
192 2274
193 2121
194 2146
195 2256
196 2229
197 2177
198 2247
199 2198
200 2230
201 2154
202 2092
203 2088
204 2085
205 2087
206 2092
207 2086
208 2287
209 2218
210 2191
211 2330
212 2313
213 2243
214 2323
215 2357
216 2335
217 2263
218 2075
219 2135
220 2057
221 1950
222 1865
223 1839
224 1871
225 1779
226 1828
227 2012
228 1739
229 1664
230 1806
231 1772
232 1738
233 1847
234 1879
235 1831
236 1868
237 1699
238 1641
239 1644
240 1579
241 1645
242 1545
243 1518
244 1516
245 1521
246 1591
247 1684
248 1625
249 1679
250 1487
251 1349
252 1128
253 1042
254 873
255 870
256 764
257 784
258 734
259 598
260 674
261 629
262 687
263 662
264 594
265 599
266 568
267 553
268 486
269 546
270 519
271 471
272 432
273 353
274 289
275 257
276 275
277 231
278 192
279 178
280 154
281 166
282 170
283 156
284 145
285 113
286 130
287 101
288 103
289 105
290 73
291 83
292 82
293 75
294 71
295 62
296 51
297 50
298 24
299 26
300 31
301 30
302 40
303 17
304 35
305 31
306 29
307 26
308 20
309 20
310 16
311 14
312 15
313 16
314 10
315 4
316 5
317 11
318 2
319 0
320 3
321 2
322 4
323 5
324 2
325 2
326 3
327 1
328 0
329 0
330 1
