0 0
1 0
2 0
3 0
4 0
5 0
6 0
7 0
8 0
9 0
10 0
11 0
12 0
13 0
14 0
15 0
16 0
17 0
18 0
19 0
20 0
21 0
22 0
23 0
24 0
25 0
26 0
27 0
28 0
29 0
30 0
31 0
32 0
33 0
34 0
35 0
36 0
37 0
38 0
39 0
40 0
41 0
42 0
43 0
44 0
45 0
46 0
47 0
48 0
49 0
50 0
51 0
52 0
53 0
54 0
55 0
56 0
57 0
58 0
59 0
60 0
61 0
62 0
63 0
64 0
65 0
66 0
67 0
68 0
69 0
70 0
71 0
72 0
73 0
74 0
75 0
76 0
77 0
78 0
79 0
80 0
81 0
82 0
83 0
84 0
85 0
86 0
87 0
88 0
89 0
90 0
91 0
92 0
93 0
94 0
95 0
96 0
97 0
98 0
99 0
100 0
101 0
102 0
103 0
104 0
105 0
106 0
107 0
108 0
109 0
110 0
111 0
112 0
113 0
114 0
115 0
116 0
117 0
118 0
119 0
120 0
121 0
122 0
123 0
124 0
125 0
126 0
127 0
128 0
129 0
130 0
131 1
132 4
133 7
134 4
135 8
136 12
137 24
138 41
139 34
140 47
141 52
142 69
143 77
144 83
145 72
146 84
147 89
148 98
149 91
150 82
151 106
152 126
153 147
154 142
155 128
156 152
157 173
158 194
159 184
160 189
161 186
162 208
163 208
164 245
165 320
166 334
167 393
168 499
169 503
170 515
171 577
172 581
173 651
174 672
175 722
176 806
177 886
178 973
179 930
180 1165
181 1145
182 1350
183 1342
184 1589
185 1590
186 1801
187 1809
188 1828
189 1910
190 1909
191 2014
192 1881
193 2184
194 2153
195 2219
196 2143
197 2106
198 2025
199 1916
200 1999
201 1890
202 1783
203 1847
204 1921
205 2066
206 2054
207 2153
208 2181
209 2182
210 2305
211 2315
212 2366
213 2523
214 2525
215 2610
216 2707
217 2557
218 2519
219 2498
220 2500
221 2417
222 2563
223 2377
224 2173
225 2194
226 2046
227 2081
228 2123
229 2110
230 2172
231 2115
232 2329
233 2243
234 2407
235 2413
236 2435
237 2463
238 2326
239 2364
240 2269
241 2315
242 2007
243 2108
244 2035
245 2014
246 1871
247 1870
248 1991
249 1852
250 1953
251 1867
252 1890
253 1895
254 1888
255 1849
256 1809
257 1809
258 1752
259 1782
260 1704
261 1702
262 1616
263 1618
264 1498
265 1518
266 1518
267 1507
268 1328
269 1385
270 1379
271 1337
272 1353
273 1342
274 1367
275 1291
276 1208
277 1195
278 1109
279 941
280 958
281 922
282 840
283 771
284 693
285 649
286 599
287 622
288 552
289 506
290 492
291 449
292 426
293 365
294 363
295 341
296 348
297 337
298 280
299 280
300 260
301 279
302 218
303 238
304 230
305 195
306 165
307 232
308 178
309 181
310 154
311 152
312 139
313 108
314 112
315 124
316 84
317 65
318 51
319 54
320 66
321 32
322 37
323 43
324 20
325 34
326 28
327 33
328 27
329 21
330 20
331 20
332 13
333 14
334 8
335 6
336 2
337 5
338 8
339 1
340 1
341 1
342 4
343 1
344 1
345 1
346 6
347 6
348 3
349 0
350 1
351 1
352 0
353 1
354 3
355 0
356 1
