0 0
1 0
2 0
3 0
4 0
5 0
6 0
7 0
8 0
9 0
10 0
11 0
12 0
13 0
14 0
15 0
16 0
17 0
18 0
19 0
20 0
21 0
22 0
23 0
24 0
25 0
26 0
27 0
28 0
29 0
30 0
31 0
32 0
33 0
34 1
35 0
36 0
37 0
38 0
39 0
40 0
41 0
42 0
43 0
44 0
45 0
46 0
47 0
48 0
49 0
50 0
51 0
52 0
53 0
54 0
55 0
56 0
57 0
58 0
59 1
60 1
61 0
62 0
63 0
64 0
65 0
66 0
67 0
68 0
69 0
70 0
71 0
72 0
73 1
74 0
75 0
76 0
77 1
78 0
79 1
80 0
81 2
82 0
83 1
84 0
85 0
86 0
87 0
88 0
89 1
90 2
91 1
92 1
93 0
94 2
95 5
96 1
97 1
98 1
99 2
100 4
101 3
102 2
103 0
104 1
105 2
106 2
107 7
108 4
109 0
110 4
111 3
112 1
113 6
114 3
115 0
116 5
117 8
118 5
119 3
120 3
121 6
122 1
123 6
124 1
125 5
126 6
127 8
128 14
129 6
130 14
131 9
132 12
133 11
134 13
135 34
136 51
137 41
138 55
139 54
140 50
141 69
142 77
143 80
144 72
145 121
146 75
147 108
148 92
149 122
150 146
151 164
152 164
153 163
154 203
155 244
156 221
157 252
158 223
159 254
160 262
161 286
162 242
163 260
164 278
165 307
166 360
167 359
168 361
169 352
170 405
171 406
172 441
173 449
174 555
175 512
176 677
177 648
178 746
179 825
180 818
181 926
182 918
183 1010
184 1064
185 1075
186 1165
187 1304
188 1256
189 1329
190 1347
191 1633
192 1582
193 1679
194 1620
195 1643
196 1742
197 1760
198 1720
199 1908
200 1851
201 2002
202 1914
203 1913
204 1917
205 2039
206 1996
207 1987
208 1992
209 2040
210 2161
211 2243
212 2104
213 2236
214 2193
215 2091
216 2045
217 1964
218 1796
219 1815
220 1863
221 1826
222 1955
223 1863
224 1922
225 1898
226 2037
227 2097
228 2144
229 2222
230 2320
231 2526
232 2668
233 2507
234 2557
235 2564
236 2392
237 2396
238 2501
239 2239
240 2378
241 2263
242 2216
243 2206
244 2371
245 2177
246 2331
247 2313
248 2342
249 2373
250 2306
251 2328
252 2279
253 2231
254 2313
255 2438
256 2396
257 2477
258 2501
259 2497
260 2451
261 2352
262 2146
263 1921
264 1772
265 1644
266 1655
267 1646
268 1461
269 1524
270 1529
271 1385
272 1534
273 1378
274 1173
275 1150
276 1085
277 842
278 856
279 791
280 746
281 785
282 760
283 776
284 746
285 796
286 729
287 713
288 614
289 642
290 635
291 591
292 514
293 515
294 501
295 507
296 531
297 476
298 454
299 410
300 458
301 479
302 441
303 405
304 377
305 428
306 397
307 369
308 368
309 324
310 276
311 300
312 222
313 194
314 181
315 174
316 168
317 111
318 122
319 79
320 65
321 64
322 51
323 46
324 53
325 53
326 47
327 30
328 53
329 59
330 45
331 47
332 70
333 67
334 64
335 68
336 55
337 54
338 54
339 41
340 31
341 24
342 24
343 15
344 7
345 12
346 4
347 8
348 4
349 0
350 0
351 2
352 2
353 1
354 0
355 0
356 0
357 2
358 0
359 0
360 0
361 3
