0 0
1 0
2 0
3 0
4 0
5 0
6 0
7 0
8 0
9 0
10 0
11 0
12 0
13 0
14 0
15 0
16 0
17 0
18 0
19 0
20 0
21 0
22 1
23 0
24 0
25 0
26 0
27 0
28 0
29 0
30 1
31 0
32 0
33 0
34 0
35 1
36 0
37 1
38 0
39 0
40 0
41 0
42 0
43 0
44 1
45 0
46 0
47 0
48 0
49 1
50 0
51 0
52 0
53 0
54 0
55 0
56 0
57 0
58 0
59 0
60 0
61 0
62 0
63 0
64 0
65 0
66 0
67 0
68 0
69 0
70 0
71 0
72 0
73 0
74 0
75 0
76 0
77 0
78 0
79 0
80 0
81 0
82 0
83 0
84 0
85 0
86 0
87 0
88 0
89 0
90 0
91 0
92 0
93 0
94 1
95 2
96 0
97 4
98 3
99 0
100 0
101 1
102 3
103 0
104 1
105 1
106 1
107 1
108 1
109 3
110 3
111 0
112 2
113 2
114 4
115 0
116 2
117 3
118 1
119 0
120 3
121 2
122 0
123 1
124 4
125 0
126 1
127 0
128 2
129 3
130 2
131 2
132 4
133 1
134 6
135 0
136 1
137 1
138 6
139 1
140 4
141 3
142 7
143 10
144 9
145 8
146 6
147 5
148 8
149 7
150 21
151 16
152 32
153 30
154 63
155 65
156 52
157 60
158 107
159 119
160 108
161 111
162 93
163 158
164 200
165 232
166 241
167 262
168 326
169 296
170 342
171 443
172 489
173 498
174 518
175 612
176 531
177 479
178 463
179 494
180 514
181 476
182 629
183 563
184 636
185 679
186 779
187 844
188 912
189 966
190 942
191 1066
192 1164
193 1226
194 1189
195 1322
196 1398
197 1488
198 1427
199 1500
200 1587
201 1603
202 1654
203 1606
204 1759
205 1824
206 1795
207 1970
208 2011
209 1944
210 2129
211 2180
212 2055
213 1993
214 2005
215 2194
216 2035
217 2233
218 2220
219 2356
220 2373
221 2356
222 2446
223 2476
224 2691
225 2795
226 2796
227 2746
228 2821
229 3006
230 2844
231 2852
232 2934
233 2868
234 2796
235 2784
236 2900
237 2759
238 2779
239 2683
240 2786
241 2571
242 2429
243 2492
244 2385
245 2446
246 2410
247 2396
248 2478
249 2360
250 2530
251 2482
252 2468
253 2340
254 2366
255 2323
256 2396
257 2376
258 2397
259 2287
260 2216
261 2161
262 2021
263 2032
264 1971
265 1947
266 1874
267 1824
268 1759
269 1744
270 1531
271 1626
272 1578
273 1405
274 1277
275 1130
276 1021
277 996
278 942
279 941
280 856
281 858
282 858
283 811
284 771
285 756
286 722
287 627
288 690
289 622
290 582
291 580
292 589
293 592
294 621
295 719
296 756
297 677
298 761
299 568
300 626
301 597
302 422
303 498
304 377
305 406
306 337
307 312
308 336
309 188
310 189
311 154
312 168
313 111
314 61
315 87
316 68
317 54
318 45
319 28
320 18
321 23
322 20
323 11
324 13
325 19
326 8
327 2
328 2
329 3
330 0
331 1
332 2
333 1
334 5
335 1
336 4
337 3
338 5
339 1
340 5
341 3
342 2
343 2
344 4
345 0
346 1
347 3
348 1
349 1
350 1
351 4
352 1
353 0
354 1
355 2
