0 0
1 0
2 0
3 0
4 0
5 0
6 0
7 0
8 0
9 0
10 0
11 0
12 0
13 0
14 0
15 0
16 0
17 0
18 0
19 0
20 0
21 0
22 0
23 0
24 0
25 0
26 0
27 0
28 0
29 0
30 0
31 0
32 0
33 0
34 0
35 0
36 0
37 0
38 0
39 0
40 0
41 1
42 1
43 0
44 0
45 0
46 0
47 1
48 0
49 0
50 1
51 2
52 2
53 1
54 2
55 5
56 2
57 1
58 5
59 1
60 1
61 3
62 8
63 2
64 3
65 4
66 1
67 3
68 2
69 5
70 3
71 4
72 1
73 2
74 2
75 0
76 2
77 0
78 2
79 0
80 1
81 0
82 1
83 1
84 0
85 1
86 1
87 1
88 1
89 0
90 0
91 1
92 1
93 2
94 0
95 3
96 7
97 1
98 0
99 5
100 1
101 3
102 0
103 3
104 3
105 2
106 6
107 2
108 3
109 1
110 1
111 2
112 5
113 1
114 3
115 6
116 3
117 1
118 0
119 5
120 1
121 1
122 5
123 5
124 2
125 3
126 4
127 10
128 11
129 13
130 8
131 8
132 11
133 22
134 13
135 12
136 21
137 28
138 24
139 33
140 25
141 43
142 42
143 53
144 53
145 40
146 45
147 59
148 44
149 44
150 63
151 57
152 72
153 57
154 87
155 82
156 78
157 96
158 80
159 117
160 112
161 133
162 194
163 192
164 221
165 306
166 316
167 351
168 437
169 474
170 520
171 602
172 674
173 832
174 930
175 993
176 1042
177 1080
178 1082
179 1113
180 1142
181 1185
182 1249
183 1267
184 1341
185 1414
186 1561
187 1636
188 1574
189 1619
190 1802
191 1867
192 1904
193 2022
194 2247
195 2398
196 2622
197 2678
198 2766
199 2766
200 2885
201 2843
202 2712
203 2787
204 2631
205 2759
206 2707
207 2657
208 2896
209 2766
210 2755
211 2825
212 2714
213 2807
214 2670
215 2721
216 2764
217 2611
218 2898
219 2827
220 2946
221 3093
222 3305
223 3436
224 3625
225 3500
226 3453
227 3261
228 3157
229 3139
230 2918
231 2953
232 2587
233 2544
234 2451
235 2453
236 2369
237 2263
238 2355
239 2493
240 2523
241 2332
242 2316
243 2452
244 2251
245 2083
246 2046
247 1933
248 1856
249 1850
250 1767
251 1723
252 1620
253 1509
254 1374
255 1449
256 1353
257 1283
258 1211
259 1295
260 1142
261 1124
262 1165
263 1060
264 1045
265 959
266 1125
267 993
268 968
269 831
270 849
271 721
272 672
273 676
274 665
275 559
276 542
277 486
278 434
279 388
280 354
281 330
282 274
283 284
284 249
285 211
286 223
287 194
288 174
289 141
290 132
291 140
292 146
293 99
294 93
295 113
296 87
297 98
298 87
299 87
300 57
301 76
302 81
303 53
304 52
305 44
306 60
307 47
308 55
309 56
310 29
311 35
312 27
313 36
314 45
315 44
316 43
317 40
318 38
319 44
320 29
321 25
322 23
323 8
324 8
325 4
326 4
327 2
328 0
329 1
330 1
