0 0
1 0
2 0
3 0
4 0
5 0
6 0
7 0
8 0
9 0
10 0
11 0
12 0
13 0
14 0
15 0
16 0
17 0
18 0
19 1
20 0
21 0
22 0
23 0
24 0
25 0
26 0
27 0
28 0
29 0
30 1
31 0
32 1
33 0
34 0
35 0
36 0
37 0
38 0
39 0
40 0
41 0
42 0
43 0
44 0
45 2
46 0
47 0
48 1
49 0
50 0
51 0
52 1
53 1
54 0
55 1
56 1
57 0
58 0
59 0
60 0
61 0
62 0
63 0
64 0
65 0
66 1
67 1
68 1
69 0
70 0
71 0
72 0
73 0
74 0
75 0
76 0
77 0
78 0
79 0
80 0
81 0
82 0
83 1
84 1
85 0
86 0
87 0
88 0
89 0
90 0
91 0
92 0
93 1
94 0
95 0
96 1
97 1
98 1
99 1
100 2
101 8
102 1
103 0
104 1
105 0
106 3
107 2
108 1
109 2
110 3
111 3
112 2
113 4
114 2
115 1
116 2
117 9
118 7
119 5
120 18
121 19
122 31
123 24
124 29
125 37
126 42
127 16
128 34
129 36
130 44
131 41
132 44
133 43
134 66
135 58
136 48
137 51
138 50
139 85
140 64
141 64
142 63
143 66
144 80
145 65
146 100
147 104
148 86
149 135
150 134
151 172
152 153
153 179
154 222
155 234
156 277
157 316
158 366
159 410
160 464
161 587
162 595
163 652
164 747
165 756
166 852
167 928
168 996
169 975
170 983
171 985
172 918
173 1061
174 1051
175 954
176 1058
177 1004
178 1054
179 973
180 991
181 1118
182 1025
183 1054
184 1098
185 1137
186 1115
187 1085
188 1200
189 1238
190 1135
191 1171
192 1245
193 1312
194 1281
195 1395
196 1565
197 1604
198 1564
199 1527
200 1555
201 1563
202 1553
203 1568
204 1617
205 1862
206 1825
207 1867
208 1976
209 1985
210 2144
211 2088
212 2354
213 2428
214 2368
215 2727
216 2789
217 2964
218 2780
219 2696
220 2712
221 2602
222 2565
223 2639
224 2506
225 2433
226 2287
227 2449
228 2325
229 2363
230 2365
231 2372
232 2400
233 2403
234 2489
235 2380
236 2503
237 2432
238 2464
239 2475
240 2637
241 2611
242 2666
243 2648
244 2812
245 2637
246 2699
247 2672
248 2575
249 2617
250 2471
251 2387
252 2338
253 2167
254 2156
255 1940
256 1786
257 1638
258 1527
259 1491
260 1369
261 1198
262 1216
263 1111
264 1102
265 1015
266 958
267 994
268 878
269 856
270 777
271 826
272 746
273 641
274 713
275 717
276 666
277 695
278 640
279 587
280 613
281 643
282 600
283 658
284 609
285 570
286 543
287 615
288 511
289 469
290 463
291 479
292 462
293 456
294 449
295 456
296 391
297 364
298 381
299 402
300 357
301 324
302 271
303 275
304 270
305 277
306 293
307 281
308 216
309 262
310 245
311 295
312 192
313 183
314 193
315 196
316 225
317 161
318 245
319 246
320 233
321 276
322 340
323 293
324 351
325 279
326 302
327 241
328 198
329 198
330 129
331 115
332 67
333 42
334 28
335 40
336 14
337 10
338 9
339 11
340 9
341 3
342 2
343 2
344 1
345 1
346 2
347 1
348 0
349 2
350 2
351 1
352 1
353 0
354 0
355 0
356 3
357 3
358 3
359 1
360 4
361 3
362 1
363 3
364 0
365 2
366 0
367 2
368 1
369 1
370 0
371 3
372 0
373 6
374 2
375 2
376 2
377 4
378 0
379 3
380 3
381 4
382 0
383 0
384 4
385 0
386 0
387 0
388 3
