0 0
1 0
2 0
3 0
4 0
5 0
6 0
7 0
8 0
9 0
10 0
11 0
12 0
13 0
14 0
15 0
16 0
17 0
18 0
19 0
20 0
21 0
22 0
23 0
24 0
25 0
26 0
27 0
28 0
29 0
30 0
31 0
32 0
33 0
34 0
35 0
36 0
37 0
38 0
39 0
40 0
41 0
42 0
43 0
44 0
45 0
46 0
47 0
48 0
49 0
50 0
51 0
52 0
53 0
54 0
55 0
56 0
57 0
58 0
59 0
60 0
61 0
62 0
63 0
64 0
65 0
66 0
67 0
68 0
69 0
70 0
71 0
72 0
73 0
74 0
75 0
76 0
77 0
78 0
79 0
80 0
81 0
82 0
83 0
84 0
85 0
86 0
87 0
88 0
89 0
90 0
91 0
92 0
93 0
94 0
95 0
96 0
97 0
98 0
99 0
100 0
101 0
102 0
103 0
104 0
105 0
106 0
107 0
108 0
109 0
110 0
111 0
112 0
113 0
114 0
115 0
116 0
117 1
118 0
119 1
120 0
121 0
122 2
123 3
124 3
125 6
126 7
127 7
128 7
129 19
130 19
131 33
132 32
133 38
134 32
135 56
136 50
137 68
138 60
139 57
140 70
141 92
142 100
143 122
144 149
145 187
146 246
147 244
148 280
149 286
150 283
151 315
152 337
153 321
154 343
155 364
156 407
157 370
158 360
159 417
160 400
161 483
162 450
163 509
164 468
165 475
166 463
167 436
168 482
169 487
170 505
171 475
172 501
173 555
174 547
175 596
176 621
177 642
178 632
179 706
180 777
181 815
182 905
183 1055
184 1076
185 1148
186 1218
187 1220
188 1177
189 1289
190 1332
191 1326
192 1299
193 1475
194 1463
195 1492
196 1645
197 1747
198 2000
199 2150
200 2350
201 2293
202 2393
203 2293
204 2203
205 2392
206 2288
207 2447
208 2719
209 2850
210 2878
211 2998
212 2977
213 3049
214 3098
215 3238
216 3116
217 3157
218 3044
219 2914
220 2972
221 2778
222 2751
223 2721
224 2689
225 2626
226 2649
227 2510
228 2436
229 2434
230 2433
231 2330
232 2292
233 2058
234 2162
235 2182
236 2114
237 2200
238 2138
239 2185
240 2084
241 1998
242 2005
243 2049
244 2004
245 1883
246 1907
247 1862
248 1889
249 1838
250 1911
251 1819
252 1766
253 1627
254 1617
255 1576
256 1437
257 1486
258 1350
259 1269
260 1333
261 1279
262 1177
263 1199
264 1178
265 1013
266 1099
267 1070
268 969
269 961
270 917
271 967
272 859
273 871
274 909
275 921
276 912
277 903
278 927
279 1036
280 928
281 862
282 818
283 737
284 755
285 676
286 674
287 662
288 659
289 660
290 736
291 645
292 669
293 519
294 599
295 540
296 553
297 458
298 371
299 329
300 390
301 328
302 313
303 278
304 256
305 231
306 216
307 252
308 262
309 284
310 204
311 196
312 205
313 198
314 182
315 199
316 193
317 125
318 122
319 149
320 116
321 118
322 115
323 111
324 113
325 89
326 77
327 86
328 84
329 88
330 75
331 66
332 84
333 57
334 60
335 63
336 58
337 74
338 47
339 46
340 34
341 17
342 29
343 18
344 4
345 4
346 6
347 3
348 0
349 2
350 1
351 2
352 1
353 0
354 0
355 0
356 0
357 0
358 0
359 1
360 0
361 0
362 0
363 0
364 1
