0 0
1 0
2 0
3 0
4 0
5 0
6 0
7 0
8 0
9 0
10 0
11 0
12 0
13 0
14 0
15 0
16 0
17 0
18 0
19 0
20 1
21 0
22 0
23 0
24 0
25 0
26 0
27 0
28 0
29 0
30 0
31 0
32 0
33 0
34 0
35 0
36 0
37 1
38 0
39 0
40 0
41 0
42 0
43 0
44 0
45 0
46 0
47 1
48 0
49 0
50 1
51 0
52 0
53 1
54 2
55 2
56 2
57 2
58 1
59 0
60 3
61 2
62 0
63 1
64 2
65 5
66 0
67 1
68 1
69 1
70 2
71 4
72 0
73 3
74 1
75 3
76 0
77 1
78 0
79 1
80 2
81 0
82 1
83 0
84 2
85 1
86 1
87 3
88 0
89 0
90 2
91 2
92 5
93 1
94 3
95 1
96 5
97 1
98 0
99 2
100 3
101 1
102 4
103 4
104 3
105 2
106 3
107 1
108 4
109 2
110 2
111 2
112 3
113 2
114 3
115 2
116 4
117 5
118 3
119 2
120 5
121 5
122 1
123 3
124 3
125 6
126 2
127 4
128 5
129 3
130 1
131 1
132 2
133 6
134 4
135 4
136 4
137 6
138 17
139 11
140 23
141 17
142 31
143 35
144 31
145 32
146 47
147 41
148 59
149 64
150 65
151 101
152 93
153 128
154 125
155 143
156 167
157 200
158 204
159 203
160 224
161 232
162 284
163 319
164 339
165 415
166 442
167 509
168 558
169 645
170 673
171 697
172 776
173 774
174 829
175 907
176 1007
177 1005
178 1160
179 1174
180 1287
181 1310
182 1309
183 1500
184 1575
185 1593
186 1766
187 1744
188 1751
189 1974
190 1984
191 2149
192 2122
193 2217
194 2205
195 2085
196 2316
197 2077
198 2165
199 2279
200 2211
201 2143
202 2374
203 2307
204 2334
205 2524
206 2656
207 2604
208 2783
209 2827
210 2919
211 2973
212 2913
213 2944
214 3065
215 3123
216 2959
217 3021
218 2959
219 2801
220 2708
221 2607
222 2648
223 2604
224 2607
225 2565
226 2471
227 2411
228 2502
229 2565
230 2471
231 2446
232 2443
233 2563
234 2571
235 2671
236 2781
237 2770
238 2804
239 2632
240 2554
241 2476
242 2284
243 2315
244 2125
245 2090
246 1999
247 2003
248 1969
249 1845
250 1790
251 1817
252 1704
253 1660
254 1585
255 1430
256 1432
257 1308
258 1363
259 1359
260 1257
261 1245
262 1233
263 1192
264 1200
265 1244
266 1261
267 1160
268 1187
269 1189
270 1054
271 997
272 880
273 881
274 806
275 719
276 601
277 576
278 491
279 440
280 406
281 414
282 351
283 337
284 349
285 302
286 256
287 229
288 233
289 224
290 219
291 196
292 178
293 163
294 161
295 166
296 159
297 156
298 134
299 142
300 115
301 97
302 69
303 48
304 31
305 34
306 29
307 21
308 12
309 10
310 15
311 12
312 8
313 15
314 16
315 7
316 13
317 12
318 17
319 7
320 10
321 10
322 17
323 18
324 12
325 19
326 18
327 15
328 16
329 11
330 13
331 6
332 7
333 4
334 3
335 2
336 1
337 1
338 0
339 1
340 1
341 0
342 0
343 0
344 0
345 0
346 0
347 0
348 0
349 0
350 0
351 0
352 0
353 1
