0 0
1 0
2 0
3 0
4 0
5 0
6 0
7 0
8 0
9 0
10 0
11 0
12 0
13 0
14 0
15 0
16 0
17 0
18 0
19 0
20 0
21 0
22 0
23 0
24 0
25 0
26 0
27 0
28 0
29 0
30 0
31 0
32 0
33 0
34 0
35 0
36 0
37 0
38 0
39 0
40 0
41 0
42 0
43 0
44 0
45 0
46 0
47 0
48 0
49 0
50 0
51 0
52 0
53 0
54 0
55 0
56 0
57 0
58 0
59 0
60 0
61 0
62 0
63 0
64 0
65 0
66 0
67 0
68 0
69 1
70 0
71 0
72 5
73 0
74 0
75 0
76 5
77 0
78 2
79 5
80 3
81 11
82 3
83 0
84 6
85 5
86 9
87 10
88 11
89 6
90 5
91 10
92 4
93 9
94 12
95 13
96 12
97 23
98 15
99 19
100 15
101 24
102 19
103 23
104 16
105 31
106 17
107 15
108 25
109 39
110 31
111 28
112 31
113 29
114 28
115 42
116 35
117 40
118 33
119 37
120 57
121 18
122 30
123 33
124 64
125 51
126 40
127 45
128 64
129 52
130 45
131 46
132 58
133 47
134 71
135 71
136 64
137 57
138 66
139 51
140 67
141 82
142 91
143 118
144 133
145 127
146 162
147 162
148 204
149 176
150 262
151 255
152 240
153 301
154 333
155 352
156 402
157 411
158 480
159 552
160 598
161 579
162 599
163 659
164 705
165 745
166 727
167 805
168 797
169 865
170 866
171 939
172 1032
173 896
174 1131
175 1066
176 1190
177 1151
178 1252
179 1207
180 1357
181 1384
182 1539
183 1614
184 1692
185 1732
186 1697
187 1803
188 1877
189 1978
190 2097
191 2166
192 2323
193 2248
194 2251
195 2195
196 2150
197 2075
198 1979
199 1960
200 2020
201 2029
202 2065
203 2214
204 2111
205 2262
206 2216
207 2115
208 2246
209 2183
210 2274
211 2358
212 2473
213 2389
214 2447
215 2254
216 2364
217 2451
218 2221
219 2260
220 2322
221 2194
222 2112
223 2139
224 1984
225 2014
226 1949
227 2007
228 1946
229 2086
230 2154
231 2080
232 2299
233 2306
234 2174
235 2245
236 2176
237 2245
238 2303
239 2201
240 2215
241 2119
242 1904
243 1803
244 1931
245 1806
246 1681
247 1801
248 1677
249 1713
250 1656
251 1710
252 1664
253 1691
254 1749
255 1745
256 1769
257 1585
258 1596
259 1701
260 1548
261 1697
262 1799
263 1653
264 1716
265 1646
266 1654
267 1568
268 1463
269 1456
270 1139
271 1157
272 1050
273 973
274 902
275 829
276 848
277 806
278 684
279 683
280 579
281 568
282 519
283 499
284 470
285 476
286 381
287 383
288 386
289 359
290 287
291 292
292 323
293 285
294 270
295 237
296 238
297 186
298 235
299 230
300 162
301 164
302 127
303 166
304 156
305 171
306 138
307 95
308 99
309 87
310 78
311 61
312 55
313 65
314 67
315 51
316 64
317 75
318 51
319 67
320 71
321 66
322 67
323 55
324 63
325 53
326 32
327 41
328 43
329 44
330 39
331 41
332 28
333 38
334 24
335 15
336 17
337 13
338 12
339 4
340 8
341 1
342 2
343 5
344 2
345 2
346 2
347 0
348 1
349 0
350 0
351 0
352 0
353 0
354 0
355 0
356 0
357 3
358 0
359 0
360 0
361 1
