0 0
1 0
2 0
3 0
4 0
5 0
6 0
7 0
8 0
9 0
10 0
11 0
12 0
13 0
14 0
15 0
16 0
17 0
18 0
19 0
20 0
21 0
22 0
23 0
24 0
25 0
26 0
27 0
28 0
29 0
30 0
31 0
32 0
33 0
34 0
35 0
36 0
37 0
38 0
39 0
40 0
41 0
42 0
43 0
44 0
45 0
46 0
47 0
48 0
49 0
50 0
51 0
52 0
53 0
54 0
55 0
56 0
57 0
58 0
59 0
60 0
61 0
62 0
63 0
64 0
65 0
66 0
67 0
68 0
69 0
70 0
71 0
72 0
73 0
74 0
75 0
76 0
77 0
78 0
79 0
80 0
81 0
82 0
83 0
84 1
85 1
86 0
87 0
88 0
89 2
90 0
91 0
92 0
93 0
94 1
95 1
96 1
97 0
98 0
99 1
100 0
101 0
102 0
103 0
104 1
105 0
106 1
107 7
108 6
109 11
110 10
111 20
112 17
113 32
114 14
115 19
116 16
117 38
118 17
119 18
120 24
121 14
122 31
123 27
124 36
125 26
126 35
127 41
128 47
129 31
130 52
131 45
132 47
133 70
134 77
135 77
136 94
137 89
138 85
139 111
140 97
141 99
142 80
143 114
144 121
145 139
146 188
147 195
148 248
149 274
150 289
151 325
152 347
153 367
154 401
155 445
156 525
157 566
158 634
159 751
160 837
161 904
162 872
163 1073
164 1154
165 1089
166 1062
167 1129
168 1156
169 1250
170 1367
171 1273
172 1343
173 1265
174 1198
175 1242
176 1263
177 1434
178 1471
179 1635
180 1540
181 1620
182 1710
183 1744
184 1660
185 1638
186 1680
187 1766
188 1684
189 1729
190 1695
191 1775
192 1795
193 1808
194 1871
195 1941
196 1985
197 2131
198 2172
199 2297
200 2390
201 2480
202 2515
203 2485
204 2550
205 2635
206 2811
207 2881
208 2803
209 2707
210 2803
211 2858
212 2858
213 2753
214 2769
215 2824
216 2710
217 2565
218 2766
219 2702
220 2719
221 2600
222 2509
223 2544
224 2572
225 2493
226 2503
227 2575
228 2619
229 2472
230 2466
231 2450
232 2308
233 2324
234 2234
235 2241
236 2195
237 2189
238 2110
239 2060
240 2076
241 1968
242 1960
243 1935
244 1732
245 1537
246 1524
247 1362
248 1472
249 1337
250 1326
251 1396
252 1345
253 1280
254 1215
255 1201
256 1197
257 1157
258 1118
259 1070
260 1007
261 891
262 875
263 859
264 862
265 804
266 760
267 750
268 708
269 626
270 686
271 715
272 665
273 673
274 688
275 651
276 625
277 571
278 509
279 536
280 474
281 428
282 402
283 379
284 438
285 341
286 405
287 387
288 328
289 336
290 321
291 252
292 283
293 313
294 308
295 256
296 235
297 168
298 180
299 160
300 161
301 225
302 169
303 116
304 99
305 97
306 91
307 76
308 62
309 51
310 48
311 38
312 30
313 32
314 40
315 20
316 12
317 14
318 11
319 9
320 9
321 2
322 5
323 2
324 0
325 2
326 0
327 2
328 0
329 2
330 0
331 0
332 3
333 0
334 0
335 1
