0 0
1 0
2 0
3 0
4 0
5 0
6 0
7 0
8 0
9 0
10 0
11 0
12 0
13 0
14 0
15 0
16 0
17 0
18 0
19 0
20 0
21 0
22 0
23 0
24 0
25 0
26 0
27 0
28 0
29 0
30 0
31 0
32 0
33 0
34 0
35 0
36 0
37 0
38 0
39 0
40 0
41 0
42 0
43 0
44 0
45 0
46 0
47 0
48 0
49 0
50 0
51 0
52 0
53 0
54 0
55 0
56 0
57 0
58 0
59 0
60 0
61 0
62 0
63 0
64 0
65 0
66 0
67 0
68 0
69 0
70 0
71 0
72 0
73 0
74 0
75 0
76 0
77 0
78 0
79 0
80 0
81 0
82 0
83 0
84 0
85 0
86 0
87 0
88 0
89 0
90 0
91 0
92 0
93 0
94 0
95 0
96 0
97 0
98 0
99 0
100 0
101 0
102 0
103 0
104 0
105 0
106 0
107 0
108 0
109 0
110 0
111 0
112 0
113 0
114 0
115 0
116 0
117 0
118 0
119 0
120 0
121 0
122 0
123 0
124 0
125 0
126 0
127 0
128 0
129 0
130 2
131 0
132 0
133 2
134 2
135 1
136 2
137 0
138 0
139 10
140 3
141 10
142 0
143 5
144 7
145 2
146 0
147 5
148 5
149 11
150 18
151 14
152 10
153 24
154 34
155 38
156 44
157 39
158 59
159 62
160 66
161 59
162 62
163 56
164 67
165 70
166 70
167 72
168 88
169 86
170 90
171 96
172 91
173 97
174 126
175 102
176 135
177 144
178 155
179 164
180 167
181 176
182 166
183 241
184 231
185 206
186 240
187 307
188 282
189 350
190 335
191 400
192 360
193 419
194 522
195 534
196 532
197 572
198 657
199 681
200 716
201 822
202 761
203 821
204 821
205 871
206 891
207 965
208 945
209 1074
210 1046
211 1034
212 1084
213 1190
214 1263
215 1314
216 1241
217 1311
218 1377
219 1376
220 1384
221 1389
222 1502
223 1460
224 1586
225 1792
226 1905
227 1995
228 2135
229 2281
230 2390
231 2600
232 2538
233 2742
234 2592
235 2578
236 2577
237 2736
238 2759
239 2995
240 2900
241 3164
242 3319
243 3454
244 3593
245 3694
246 3712
247 3729
248 3792
249 3826
250 3560
251 3373
252 3188
253 3167
254 3181
255 2948
256 2859
257 2926
258 2735
259 2718
260 2571
261 2454
262 2455
263 2328
264 2273
265 2167
266 2194
267 2114
268 2142
269 2107
270 2001
271 1865
272 1811
273 1819
274 1979
275 1971
276 1976
277 1894
278 1904
279 1807
280 1754
281 1641
282 1638
283 1539
284 1503
285 1479
286 1354
287 1350
288 1420
289 1191
290 1201
291 1076
292 1117
293 1088
294 996
295 995
296 1028
297 909
298 921
299 841
300 795
301 810
302 790
303 751
304 722
305 698
306 594
307 611
308 607
309 471
310 475
311 432
312 444
313 385
314 393
315 337
316 417
317 310
318 310
319 284
320 246
321 220
322 223
323 206
324 225
325 165
326 163
327 163
328 165
329 128
330 166
331 159
332 113
333 117
334 107
335 101
336 57
337 69
338 61
339 69
340 53
341 55
342 50
343 45
344 46
345 52
346 66
347 19
348 27
349 11
350 15
351 7
352 10
353 8
354 3
355 2
356 1
357 3
358 3
359 0
360 0
361 0
362 0
363 0
364 0
365 0
366 1
