0 0
1 0
2 0
3 0
4 0
5 0
6 0
7 0
8 0
9 0
10 0
11 1
12 0
13 0
14 0
15 0
16 0
17 0
18 1
19 0
20 0
21 0
22 0
23 0
24 0
25 0
26 0
27 0
28 0
29 0
30 0
31 0
32 0
33 1
34 1
35 1
36 0
37 0
38 0
39 0
40 0
41 0
42 0
43 0
44 1
45 0
46 0
47 0
48 0
49 1
50 0
51 1
52 0
53 0
54 0
55 0
56 0
57 0
58 0
59 0
60 0
61 0
62 0
63 0
64 0
65 0
66 0
67 0
68 0
69 0
70 1
71 0
72 0
73 0
74 0
75 0
76 0
77 0
78 0
79 0
80 0
81 0
82 0
83 0
84 1
85 0
86 1
87 0
88 0
89 0
90 0
91 0
92 0
93 1
94 0
95 1
96 0
97 0
98 0
99 0
100 0
101 0
102 0
103 0
104 0
105 0
106 0
107 0
108 0
109 1
110 0
111 0
112 0
113 0
114 0
115 3
116 2
117 1
118 1
119 0
120 0
121 0
122 7
123 15
124 12
125 15
126 35
127 32
128 42
129 46
130 45
131 37
132 41
133 37
134 36
135 45
136 42
137 41
138 46
139 73
140 74
141 55
142 76
143 88
144 79
145 108
146 145
147 145
148 185
149 235
150 295
151 292
152 343
153 368
154 430
155 444
156 491
157 563
158 537
159 507
160 511
161 500
162 522
163 494
164 456
165 530
166 576
167 517
168 665
169 641
170 722
171 722
172 712
173 804
174 878
175 920
176 982
177 983
178 1028
179 1042
180 1139
181 1119
182 1227
183 1236
184 1379
185 1429
186 1618
187 1675
188 1887
189 1905
190 2020
191 2109
192 2064
193 2115
194 2100
195 2237
196 2186
197 2338
198 2283
199 2358
200 2402
201 2536
202 2671
203 2682
204 2441
205 2572
206 2570
207 2466
208 2476
209 2528
210 2459
211 2489
212 2600
213 2564
214 2508
215 2458
216 2392
217 2384
218 2415
219 2306
220 2195
221 2130
222 2076
223 1965
224 2075
225 2148
226 2080
227 2006
228 2010
229 2072
230 2203
231 2274
232 2345
233 2368
234 2371
235 2369
236 2366
237 2487
238 2453
239 2375
240 2235
241 2197
242 2190
243 2137
244 2081
245 1964
246 1955
247 1711
248 1754
249 1799
250 1693
251 1573
252 1615
253 1616
254 1599
255 1655
256 1496
257 1577
258 1584
259 1548
260 1527
261 1509
262 1396
263 1331
264 1263
265 1147
266 1163
267 1146
268 1106
269 1049
270 896
271 1006
272 905
273 827
274 843
275 919
276 849
277 759
278 770
279 777
280 699
281 645
282 626
283 667
284 593
285 565
286 514
287 526
288 542
289 521
290 481
291 481
292 467
293 469
294 402
295 374
296 284
297 311
298 224
299 252
300 208
301 212
302 225
303 193
304 183
305 191
306 184
307 177
308 174
309 139
310 120
311 121
312 124
313 118
314 89
315 96
316 96
317 57
318 53
319 55
320 36
321 32
322 21
323 9
324 13
325 10
326 8
327 5
328 8
329 4
330 3
331 7
332 11
333 4
334 3
335 7
336 2
337 1
338 2
339 2
340 6
341 9
342 7
343 4
344 4
345 0
346 5
347 0
348 0
349 3
350 3
351 2
352 2
353 6
354 3
355 2
356 4
357 0
358 2
359 1
360 2
361 2
362 1
363 3
364 2
365 6
366 0
367 2
368 1
369 5
370 0
371 0
372 1
373 0
374 0
375 3
376 1
