0 0
1 0
2 0
3 0
4 0
5 0
6 0
7 0
8 0
9 0
10 0
11 0
12 0
13 0
14 0
15 0
16 0
17 0
18 0
19 0
20 0
21 0
22 0
23 0
24 0
25 0
26 0
27 0
28 0
29 0
30 0
31 0
32 0
33 0
34 0
35 0
36 0
37 0
38 0
39 0
40 0
41 0
42 0
43 0
44 0
45 0
46 0
47 0
48 0
49 0
50 0
51 0
52 0
53 0
54 0
55 0
56 0
57 0
58 0
59 0
60 0
61 0
62 0
63 0
64 0
65 0
66 0
67 0
68 0
69 0
70 0
71 0
72 0
73 0
74 0
75 0
76 0
77 0
78 0
79 0
80 0
81 0
82 0
83 0
84 0
85 0
86 0
87 0
88 0
89 0
90 7
91 0
92 0
93 3
94 2
95 10
96 18
97 13
98 5
99 15
100 28
101 19
102 12
103 36
104 27
105 32
106 32
107 36
108 42
109 39
110 47
111 44
112 36
113 33
114 33
115 47
116 36
117 37
118 51
119 49
120 42
121 68
122 63
123 70
124 69
125 89
126 69
127 82
128 74
129 99
130 106
131 127
132 132
133 118
134 175
135 168
136 216
137 200
138 190
139 207
140 228
141 219
142 232
143 259
144 285
145 300
146 309
147 367
148 323
149 375
150 363
151 363
152 494
153 399
154 506
155 508
156 480
157 548
158 590
159 641
160 768
161 794
162 869
163 942
164 853
165 936
166 982
167 1097
168 1076
169 1094
170 1177
171 1162
172 1413
173 1330
174 1335
175 1499
176 1628
177 1635
178 1617
179 1846
180 1886
181 1848
182 1881
183 1850
184 1885
185 1697
186 1838
187 1826
188 1856
189 1813
190 1809
191 1794
192 1894
193 1855
194 1870
195 1904
196 1986
197 1901
198 1982
199 1973
200 1955
201 2132
202 2020
203 2119
204 2113
205 2212
206 2338
207 2385
208 2306
209 2427
210 2429
211 2295
212 2302
213 2332
214 2188
215 2287
216 2464
217 2252
218 2257
219 2136
220 2185
221 2040
222 2046
223 2032
224 1826
225 1767
226 1604
227 1639
228 1564
229 1552
230 1508
231 1530
232 1547
233 1421
234 1402
235 1441
236 1386
237 1411
238 1424
239 1293
240 1315
241 1317
242 1164
243 1184
244 1218
245 1158
246 1265
247 1163
248 1226
249 1295
250 1266
251 1220
252 1277
253 1313
254 1268
255 1280
256 1315
257 1432
258 1325
259 1414
260 1427
261 1380
262 1364
263 1465
264 1281
265 1394
266 1526
267 1415
268 1422
269 1426
270 1489
271 1460
272 1479
273 1512
274 1302
275 1281
276 1212
277 1164
278 1069
279 960
280 844
281 853
282 748
283 710
284 793
285 751
286 705
287 828
288 727
289 682
290 687
291 633
292 693
293 592
294 588
295 568
296 522
297 464
298 447
299 449
300 342
301 360
302 350
303 294
304 315
305 279
306 240
307 213
308 236
309 203
310 168
311 170
312 134
313 139
314 111
315 116
316 143
317 106
318 121
319 128
320 96
321 79
322 97
323 84
324 77
325 52
326 73
327 71
328 61
329 74
330 68
331 71
332 53
333 41
334 45
335 34
336 41
337 34
338 33
339 21
340 31
341 18
342 23
343 19
344 24
345 22
346 20
347 15
348 24
349 10
350 10
351 4
352 16
353 13
354 6
355 4
356 7
357 2
358 5
359 2
360 2
361 3
362 1
363 3
364 0
365 0
366 3
