0 0
1 0
2 0
3 0
4 0
5 0
6 0
7 0
8 0
9 0
10 0
11 0
12 0
13 0
14 0
15 0
16 0
17 0
18 0
19 0
20 2
21 0
22 2
23 0
24 0
25 0
26 0
27 0
28 0
29 2
30 0
31 0
32 0
33 0
34 0
35 0
36 0
37 2
38 0
39 0
40 0
41 0
42 0
43 0
44 0
45 0
46 0
47 0
48 0
49 2
50 2
51 0
52 0
53 0
54 0
55 2
56 0
57 0
58 0
59 0
60 0
61 0
62 0
63 0
64 0
65 0
66 0
67 0
68 2
69 0
70 0
71 0
72 0
73 0
74 3
75 0
76 0
77 0
78 2
79 0
80 0
81 0
82 0
83 0
84 0
85 1
86 2
87 0
88 0
89 1
90 0
91 0
92 3
93 0
94 2
95 0
96 0
97 2
98 0
99 3
100 3
101 3
102 5
103 4
104 1
105 17
106 4
107 8
108 31
109 22
110 26
111 33
112 15
113 41
114 35
115 31
116 34
117 31
118 47
119 46
120 40
121 56
122 43
123 49
124 43
125 36
126 46
127 59
128 64
129 79
130 50
131 65
132 82
133 88
134 88
135 123
136 142
137 139
138 117
139 142
140 145
141 154
142 164
143 196
144 222
145 253
146 258
147 307
148 301
149 348
150 360
151 421
152 449
153 466
154 505
155 483
156 538
157 576
158 575
159 602
160 641
161 701
162 726
163 690
164 738
165 725
166 772
167 872
168 831
169 943
170 926
171 929
172 955
173 894
174 1024
175 1003
176 1106
177 1136
178 1087
179 1057
180 1177
181 1188
182 1103
183 1323
184 1269
185 1323
186 1425
187 1380
188 1530
189 1712
190 1710
191 1961
192 1960
193 2174
194 2288
195 2447
196 2568
197 2561
198 2713
199 2583
200 2487
201 2552
202 2454
203 2550
204 2661
205 2622
206 2846
207 2858
208 2904
209 2919
210 2991
211 3217
212 3252
213 3060
214 3177
215 3010
216 2864
217 2994
218 2773
219 2843
220 2587
221 2706
222 2478
223 2459
224 2541
225 2358
226 2348
227 2291
228 2337
229 2294
230 2280
231 2226
232 2192
233 2181
234 2052
235 1979
236 2070
237 1970
238 2007
239 2040
240 2000
241 1886
242 1900
243 1934
244 1832
245 1711
246 1728
247 1647
248 1656
249 1536
250 1502
251 1402
252 1358
253 1373
254 1209
255 1314
256 1302
257 1253
258 1336
259 1245
260 1386
261 1307
262 1203
263 1296
264 1262
265 1331
266 1217
267 1213
268 1244
269 1111
270 1004
271 1107
272 1078
273 922
274 871
275 745
276 664
277 666
278 617
279 427
280 400
281 373
282 283
283 266
284 245
285 196
286 180
287 155
288 171
289 145
290 131
291 102
292 118
293 89
294 80
295 85
296 53
297 35
298 51
299 46
300 30
301 24
302 14
303 25
304 11
305 5
306 7
307 6
308 3
309 1
310 2
311 0
312 2
313 1
