0 0
1 0
2 0
3 0
4 0
5 0
6 0
7 0
8 0
9 0
10 0
11 0
12 0
13 0
14 0
15 0
16 0
17 0
18 0
19 1
20 0
21 0
22 0
23 2
24 4
25 1
26 3
27 9
28 3
29 8
30 5
31 4
32 6
33 4
34 1
35 9
36 4
37 4
38 3
39 1
40 2
41 1
42 6
43 4
44 8
45 3
46 7
47 3
48 9
49 4
50 6
51 7
52 3
53 1
54 6
55 6
56 5
57 3
58 6
59 7
60 3
61 2
62 5
63 6
64 8
65 0
66 3
67 2
68 6
69 1
70 6
71 4
72 5
73 4
74 1
75 4
76 1
77 3
78 1
79 2
80 2
81 5
82 5
83 1
84 4
85 2
86 4
87 7
88 3
89 4
90 4
91 6
92 12
93 4
94 7
95 16
96 8
97 10
98 21
99 22
100 20
101 42
102 34
103 24
104 33
105 22
106 19
107 33
108 37
109 40
110 40
111 44
112 46
113 61
114 73
115 95
116 79
117 58
118 95
119 89
120 93
121 79
122 89
123 81
124 113
125 104
126 111
127 118
128 144
129 145
130 149
131 173
132 177
133 198
134 208
135 272
136 262
137 350
138 366
139 433
140 473
141 478
142 486
143 559
144 556
145 584
146 670
147 752
148 885
149 961
150 1062
151 1142
152 1214
153 1354
154 1248
155 1427
156 1246
157 1332
158 1077
159 995
160 1035
161 948
162 871
163 935
164 956
165 1044
166 1057
167 1243
168 1363
169 1485
170 1593
171 1643
172 1841
173 2051
174 2145
175 2214
176 2212
177 2248
178 2196
179 1999
180 2130
181 2030
182 1981
183 1979
184 1981
185 2097
186 2156
187 2127
188 2180
189 1992
190 2292
191 2268
192 2299
193 2404
194 2368
195 2468
196 2660
197 2548
198 2646
199 2627
200 2783
201 2753
202 2863
203 2743
204 2554
205 2384
206 2396
207 2367
208 2120
209 2080
210 2229
211 2143
212 2128
213 2101
214 2031
215 2133
216 2077
217 2043
218 2126
219 1965
220 1977
221 2024
222 1861
223 1969
224 2033
225 1963
226 1803
227 1763
228 1804
229 1786
230 1782
231 1846
232 1953
233 1866
234 1906
235 1844
236 1775
237 1921
238 1667
239 1711
240 1647
241 1537
242 1525
243 1520
244 1541
245 1557
246 1599
247 1704
248 1648
249 1687
250 1681
251 1749
252 1466
253 1294
254 1201
255 1100
256 932
257 879
258 861
259 751
260 696
261 689
262 608
263 547
264 532
265 440
266 349
267 340
268 440
269 418
270 361
271 411
272 433
273 372
274 349
275 317
276 234
277 258
278 238
279 185
280 179
281 174
282 153
283 118
284 115
285 111
286 81
287 93
288 88
289 79
290 64
291 48
292 49
293 38
294 44
295 46
296 51
297 34
298 40
299 25
300 17
301 31
302 18
303 15
304 17
305 10
306 11
307 5
308 2
309 12
310 1
311 1
312 2
313 5
314 3
315 2
316 5
317 1
318 2
319 5
320 1
321 2
322 1
323 1
324 2
325 1
326 0
327 0
328 0
329 0
330 1
