0 1
1 0
2 0
3 0
4 0
5 0
6 0
7 0
8 0
9 0
10 0
11 0
12 0
13 0
14 0
15 0
16 0
17 0
18 0
19 0
20 1
21 0
22 0
23 0
24 0
25 0
26 0
27 0
28 0
29 0
30 0
31 0
32 0
33 0
34 0
35 0
36 0
37 0
38 0
39 0
40 0
41 0
42 0
43 0
44 0
45 0
46 0
47 0
48 0
49 0
50 0
51 0
52 0
53 0
54 0
55 0
56 0
57 0
58 0
59 0
60 0
61 0
62 0
63 0
64 0
65 0
66 0
67 0
68 0
69 0
70 0
71 0
72 0
73 0
74 0
75 0
76 0
77 0
78 0
79 0
80 0
81 0
82 0
83 0
84 0
85 0
86 0
87 0
88 0
89 0
90 0
91 0
92 0
93 0
94 0
95 0
96 0
97 0
98 0
99 0
100 0
101 0
102 2
103 0
104 0
105 1
106 0
107 0
108 0
109 0
110 0
111 0
112 0
113 0
114 0
115 6
116 0
117 7
118 7
119 5
120 8
121 2
122 14
123 18
124 15
125 17
126 27
127 27
128 31
129 43
130 31
131 37
132 22
133 27
134 55
135 56
136 30
137 48
138 36
139 63
140 79
141 94
142 102
143 132
144 141
145 175
146 203
147 175
148 238
149 223
150 221
151 272
152 284
153 286
154 297
155 336
156 338
157 340
158 378
159 445
160 465
161 463
162 553
163 537
164 583
165 613
166 648
167 674
168 630
169 676
170 675
171 733
172 820
173 811
174 804
175 886
176 871
177 1019
178 1066
179 1100
180 1133
181 1174
182 1247
183 1293
184 1364
185 1429
186 1450
187 1513
188 1494
189 1563
190 1767
191 1783
192 1892
193 1822
194 1813
195 1707
196 1909
197 2008
198 1871
199 1970
200 2077
201 1951
202 2020
203 1937
204 2217
205 2180
206 2182
207 2429
208 2270
209 2465
210 2623
211 2730
212 2816
213 2767
214 2783
215 2906
216 2768
217 2855
218 2612
219 2737
220 2789
221 2771
222 2732
223 2928
224 2862
225 2798
226 2734
227 2757
228 2900
229 2726
230 2813
231 2624
232 2654
233 2590
234 2419
235 2354
236 2295
237 2138
238 2076
239 2090
240 1872
241 1965
242 2029
243 1846
244 1937
245 1867
246 1815
247 1841
248 1844
249 1820
250 1716
251 1691
252 1596
253 1506
254 1365
255 1527
256 1370
257 1453
258 1567
259 1399
260 1433
261 1506
262 1406
263 1311
264 1260
265 1230
266 1115
267 987
268 912
269 987
270 880
271 834
272 789
273 749
274 786
275 773
276 727
277 682
278 637
279 640
280 631
281 607
282 597
283 531
284 567
285 520
286 467
287 491
288 494
289 470
290 582
291 532
292 481
293 535
294 543
295 603
296 627
297 643
298 627
299 475
300 471
301 430
302 346
303 256
304 196
305 125
306 116
307 97
308 81
309 86
310 74
311 60
312 61
313 37
314 54
315 46
316 21
317 20
318 22
319 28
320 15
321 22
322 23
323 15
324 14
325 14
326 10
327 14
328 5
329 10
330 7
331 2
332 6
333 5
334 3
335 9
336 3
337 2
338 2
339 1
340 2
341 0
342 1
343 0
344 1
345 2
