0 0
1 0
2 0
3 0
4 0
5 0
6 0
7 0
8 0
9 0
10 0
11 0
12 0
13 0
14 0
15 0
16 0
17 0
18 0
19 0
20 0
21 0
22 0
23 0
24 0
25 0
26 0
27 0
28 0
29 0
30 0
31 0
32 0
33 0
34 0
35 0
36 0
37 0
38 0
39 0
40 0
41 0
42 0
43 0
44 0
45 0
46 0
47 0
48 0
49 0
50 0
51 1
52 0
53 0
54 0
55 0
56 0
57 0
58 0
59 0
60 0
61 0
62 1
63 1
64 0
65 1
66 0
67 0
68 0
69 0
70 0
71 1
72 0
73 0
74 0
75 1
76 0
77 0
78 0
79 0
80 0
81 0
82 0
83 0
84 0
85 0
86 0
87 0
88 0
89 0
90 0
91 0
92 0
93 0
94 1
95 0
96 0
97 0
98 1
99 0
100 0
101 0
102 0
103 0
104 0
105 0
106 1
107 1
108 0
109 1
110 1
111 6
112 3
113 3
114 5
115 6
116 8
117 8
118 12
119 12
120 20
121 24
122 15
123 23
124 22
125 32
126 42
127 40
128 55
129 70
130 106
131 153
132 137
133 173
134 152
135 145
136 134
137 156
138 130
139 140
140 129
141 137
142 112
143 134
144 111
145 162
146 128
147 156
148 147
149 184
150 218
151 268
152 267
153 289
154 275
155 322
156 392
157 345
158 463
159 415
160 427
161 407
162 390
163 437
164 415
165 393
166 413
167 416
168 390
169 421
170 426
171 438
172 518
173 430
174 405
175 423
176 451
177 423
178 378
179 383
180 381
181 362
182 374
183 371
184 335
185 304
186 327
187 289
188 279
189 292
190 324
191 354
192 368
193 465
194 480
195 480
196 511
197 492
198 521
199 549
200 536
201 504
202 478
203 508
204 545
205 553
206 534
207 587
208 564
209 643
210 701
211 684
212 690
213 833
214 825
215 875
216 820
217 869
218 938
219 969
220 1077
221 1144
222 1183
223 1263
224 1309
225 1327
226 1395
227 1514
228 1568
229 1604
230 1574
231 1661
232 1762
233 1714
234 1786
235 1705
236 1815
237 1905
238 1973
239 1964
240 2058
241 2154
242 2102
243 2086
244 2089
245 2077
246 1990
247 1976
248 2105
249 2013
250 2064
251 2013
252 2127
253 2067
254 2092
255 2175
256 2153
257 2248
258 2243
259 2195
260 2337
261 2312
262 2375
263 2340
264 2449
265 2520
266 2438
267 2517
268 2513
269 2511
270 2489
271 2318
272 2310
273 2175
274 2127
275 2015
276 2110
277 1839
278 1882
279 2039
280 1986
281 2074
282 2008
283 2037
284 2182
285 2317
286 2175
287 2278
288 2164
289 2063
290 2153
291 2036
292 1960
293 1830
294 1739
295 1613
296 1639
297 1666
298 1645
299 1429
300 1499
301 1487
302 1328
303 1349
304 1223
305 1135
306 1087
307 983
308 945
309 969
310 928
311 824
312 726
313 791
314 698
315 631
316 636
317 542
318 517
319 509
320 462
321 447
322 423
323 418
324 373
325 388
326 391
327 416
328 405
329 374
330 384
331 401
332 384
333 337
334 311
335 288
336 226
337 239
338 198
339 184
340 109
341 77
342 84
343 58
344 36
345 52
346 20
347 11
348 26
349 14
350 17
351 10
352 9
353 8
354 5
355 1
356 0
357 4
358 5
359 6
360 2
361 0
362 7
363 0
364 2
365 7
366 3
367 2
368 1
369 0
370 1
371 1
372 1
373 0
374 1
375 0
376 0
377 0
378 2
379 0
380 0
381 1
