0 0
1 0
2 0
3 0
4 0
5 0
6 0
7 0
8 0
9 0
10 0
11 0
12 0
13 0
14 0
15 0
16 0
17 0
18 0
19 0
20 0
21 0
22 0
23 0
24 0
25 0
26 0
27 0
28 0
29 0
30 0
31 0
32 0
33 0
34 0
35 0
36 0
37 0
38 0
39 0
40 0
41 0
42 0
43 0
44 0
45 0
46 0
47 0
48 0
49 0
50 0
51 0
52 0
53 0
54 0
55 0
56 2
57 3
58 2
59 0
60 1
61 0
62 0
63 0
64 0
65 0
66 1
67 1
68 4
69 0
70 2
71 2
72 0
73 0
74 0
75 1
76 0
77 1
78 0
79 0
80 0
81 0
82 0
83 1
84 1
85 2
86 0
87 0
88 2
89 2
90 0
91 1
92 1
93 3
94 1
95 0
96 2
97 0
98 3
99 2
100 0
101 1
102 2
103 0
104 0
105 2
106 6
107 5
108 3
109 0
110 3
111 1
112 2
113 0
114 0
115 4
116 2
117 0
118 1
119 0
120 1
121 7
122 8
123 4
124 4
125 11
126 5
127 13
128 20
129 11
130 15
131 14
132 22
133 16
134 33
135 25
136 22
137 27
138 25
139 20
140 34
141 38
142 59
143 32
144 47
145 40
146 40
147 31
148 50
149 45
150 45
151 55
152 63
153 68
154 68
155 67
156 71
157 89
158 98
159 90
160 100
161 120
162 131
163 157
164 188
165 194
166 180
167 208
168 235
169 228
170 242
171 261
172 280
173 275
174 253
175 308
176 299
177 287
178 309
179 282
180 317
181 288
182 335
183 357
184 342
185 358
186 388
187 431
188 402
189 412
190 408
191 395
192 468
193 537
194 559
195 518
196 556
197 610
198 643
199 653
200 696
201 673
202 736
203 718
204 702
205 674
206 770
207 774
208 772
209 784
210 825
211 823
212 1019
213 1102
214 1129
215 1056
216 1096
217 1220
218 1158
219 1208
220 1227
221 1336
222 1387
223 1465
224 1492
225 1539
226 1551
227 1634
228 1514
229 1719
230 1760
231 1736
232 1755
233 1749
234 1907
235 1916
236 1787
237 1941
238 1998
239 2006
240 1880
241 2013
242 1944
243 1958
244 2002
245 2081
246 2027
247 2065
248 2217
249 2176
250 2253
251 2140
252 2210
253 2251
254 2248
255 2312
256 2206
257 2284
258 2262
259 2441
260 2382
261 2384
262 2412
263 2473
264 2525
265 2646
266 2457
267 2674
268 2867
269 2691
270 2730
271 2817
272 2928
273 2755
274 2779
275 2622
276 2515
277 2420
278 2465
279 2261
280 2065
281 2335
282 2134
283 2132
284 2093
285 1921
286 1826
287 1791
288 1719
289 1686
290 1598
291 1427
292 1449
293 1314
294 1389
295 1309
296 1293
297 1318
298 1270
299 1222
300 1179
301 1135
302 1132
303 1061
304 976
305 929
306 822
307 809
308 799
309 775
310 746
311 708
312 704
313 645
314 691
315 642
316 665
317 667
318 638
319 622
320 523
321 383
322 384
323 419
324 323
325 327
326 323
327 285
328 307
329 393
330 345
331 400
332 350
333 379
334 360
335 304
336 415
337 366
338 379
339 290
340 250
341 236
342 230
343 260
344 184
345 156
346 167
347 124
348 103
349 80
350 75
351 38
352 46
353 40
354 24
355 32
356 16
357 27
358 25
359 30
360 17
361 22
362 19
363 14
364 11
365 6
366 8
367 2
368 8
369 3
370 8
371 7
372 3
373 2
374 3
375 4
376 4
377 0
378 2
379 0
380 2
381 2
382 1
383 0
384 2
385 2
386 1
