0 0
1 0
2 0
3 0
4 0
5 0
6 0
7 0
8 0
9 0
10 0
11 0
12 0
13 0
14 0
15 0
16 0
17 0
18 0
19 0
20 0
21 0
22 0
23 0
24 0
25 0
26 0
27 0
28 0
29 0
30 0
31 0
32 0
33 0
34 0
35 0
36 0
37 0
38 0
39 0
40 1
41 0
42 0
43 1
44 0
45 0
46 0
47 0
48 0
49 0
50 0
51 0
52 0
53 0
54 0
55 0
56 0
57 1
58 0
59 0
60 0
61 0
62 0
63 0
64 1
65 0
66 0
67 0
68 0
69 0
70 0
71 0
72 0
73 0
74 0
75 0
76 0
77 0
78 0
79 0
80 0
81 0
82 0
83 0
84 0
85 0
86 2
87 0
88 0
89 0
90 1
91 1
92 1
93 1
94 3
95 0
96 1
97 0
98 0
99 0
100 0
101 0
102 0
103 0
104 0
105 0
106 0
107 1
108 0
109 0
110 0
111 2
112 1
113 0
114 1
115 0
116 2
117 5
118 7
119 3
120 6
121 2
122 11
123 5
124 7
125 12
126 23
127 12
128 22
129 28
130 20
131 30
132 27
133 13
134 31
135 30
136 42
137 32
138 42
139 41
140 47
141 42
142 82
143 87
144 127
145 125
146 176
147 226
148 217
149 241
150 302
151 305
152 359
153 395
154 420
155 356
156 463
157 420
158 459
159 516
160 500
161 502
162 617
163 550
164 530
165 578
166 623
167 629
168 545
169 599
170 566
171 575
172 539
173 619
174 624
175 629
176 634
177 633
178 668
179 699
180 861
181 794
182 802
183 869
184 832
185 925
186 1019
187 983
188 1154
189 1133
190 1256
191 1237
192 1371
193 1432
194 1544
195 1458
196 1645
197 1789
198 1720
199 1663
200 1773
201 1772
202 1780
203 1798
204 1817
205 1858
206 2017
207 2010
208 2220
209 2427
210 2659
211 2791
212 2755
213 2829
214 2817
215 2795
216 2863
217 2813
218 2830
219 2899
220 2762
221 2589
222 2653
223 2454
224 2447
225 2363
226 2400
227 2408
228 2355
229 2418
230 2252
231 2367
232 2309
233 2421
234 2443
235 2235
236 2181
237 2266
238 2226
239 2197
240 2016
241 2138
242 2015
243 2030
244 1925
245 2072
246 2011
247 2030
248 1965
249 2012
250 2083
251 2012
252 2000
253 1926
254 1859
255 1779
256 1744
257 1760
258 1615
259 1532
260 1513
261 1508
262 1337
263 1419
264 1211
265 1243
266 1172
267 1120
268 1150
269 1087
270 1111
271 1006
272 997
273 892
274 881
275 962
276 901
277 950
278 916
279 821
280 777
281 754
282 721
283 635
284 674
285 679
286 648
287 685
288 639
289 735
290 702
291 698
292 725
293 796
294 687
295 575
296 635
297 540
298 546
299 498
300 539
301 508
302 527
303 571
304 556
305 586
306 553
307 541
308 581
309 520
310 419
311 389
312 370
313 250
314 247
315 177
316 162
317 120
318 90
319 107
320 120
321 89
322 102
323 91
324 91
325 90
326 98
327 97
328 73
329 98
330 94
331 99
332 78
333 81
334 75
335 63
336 56
337 64
338 51
339 37
340 30
341 31
342 39
343 18
344 15
345 18
346 19
347 15
348 8
349 16
350 8
351 10
352 13
353 6
354 1
355 6
356 4
357 2
358 5
359 4
360 3
361 4
362 0
363 4
364 2
365 1
366 0
367 3
368 0
369 2
370 1
371 6
372 2
373 0
374 0
375 0
376 1
377 2
378 1
379 1
