0 0
1 0
2 0
3 0
4 0
5 0
6 0
7 0
8 0
9 0
10 0
11 0
12 0
13 0
14 0
15 0
16 0
17 0
18 0
19 0
20 0
21 0
22 0
23 0
24 0
25 0
26 0
27 0
28 0
29 0
30 0
31 0
32 0
33 0
34 0
35 0
36 0
37 0
38 0
39 0
40 0
41 0
42 0
43 0
44 0
45 0
46 0
47 0
48 0
49 0
50 0
51 0
52 0
53 0
54 1
55 0
56 0
57 0
58 0
59 0
60 0
61 0
62 0
63 0
64 1
65 0
66 0
67 1
68 0
69 0
70 1
71 0
72 0
73 0
74 0
75 0
76 0
77 0
78 0
79 0
80 0
81 0
82 1
83 0
84 1
85 0
86 0
87 0
88 0
89 0
90 0
91 0
92 0
93 0
94 0
95 0
96 0
97 0
98 0
99 0
100 0
101 0
102 0
103 0
104 0
105 0
106 0
107 0
108 0
109 0
110 0
111 1
112 0
113 2
114 2
115 2
116 0
117 4
118 3
119 3
120 2
121 2
122 3
123 2
124 16
125 16
126 7
127 6
128 7
129 13
130 14
131 13
132 14
133 13
134 14
135 18
136 18
137 34
138 34
139 26
140 43
141 30
142 56
143 41
144 34
145 51
146 67
147 44
148 55
149 39
150 51
151 68
152 81
153 90
154 103
155 85
156 118
157 125
158 151
159 130
160 199
161 168
162 164
163 220
164 222
165 285
166 258
167 303
168 285
169 321
170 446
171 433
172 586
173 530
174 606
175 646
176 718
177 726
178 788
179 795
180 1001
181 989
182 1009
183 1149
184 1150
185 1149
186 1137
187 1139
188 1205
189 1236
190 1217
191 1261
192 1277
193 1371
194 1425
195 1563
196 1672
197 1671
198 1773
199 1811
200 1872
201 2000
202 2031
203 2077
204 2121
205 2188
206 2253
207 2349
208 2304
209 2375
210 2327
211 2390
212 2472
213 2608
214 2660
215 2563
216 2621
217 2711
218 2604
219 2782
220 2751
221 2733
222 2758
223 2564
224 2490
225 2465
226 2516
227 2468
228 2521
229 2654
230 2556
231 2553
232 2542
233 2555
234 2606
235 2647
236 2802
237 2861
238 2935
239 2797
240 2630
241 2487
242 2393
243 2248
244 2251
245 2269
246 2245
247 2259
248 2198
249 2300
250 2249
251 2186
252 2131
253 2079
254 2169
255 1980
256 1825
257 1859
258 1788
259 1662
260 1710
261 1532
262 1446
263 1391
264 1274
265 1340
266 1289
267 1148
268 1066
269 1147
270 1200
271 1106
272 1134
273 1143
274 1128
275 1020
276 1044
277 953
278 852
279 831
280 781
281 672
282 664
283 531
284 496
285 511
286 526
287 545
288 488
289 554
290 539
291 560
292 525
293 471
294 503
295 497
296 512
297 507
298 442
299 445
300 447
301 512
302 422
303 445
304 451
305 588
306 444
307 466
308 541
309 416
310 396
311 272
312 238
313 184
314 148
315 104
316 76
317 77
318 43
319 44
320 40
321 52
322 23
323 31
324 33
325 28
326 25
327 21
328 14
329 12
330 18
331 10
332 9
333 10
334 14
335 16
336 13
337 12
338 12
339 13
340 4
341 10
342 14
343 8
344 5
345 5
346 3
347 2
348 3
349 2
350 2
351 10
352 0
353 2
354 0
355 1
356 1
357 1
358 0
359 1
