0 0
1 0
2 0
3 0
4 0
5 0
6 0
7 0
8 0
9 0
10 0
11 0
12 0
13 0
14 0
15 0
16 0
17 0
18 0
19 0
20 0
21 1
22 0
23 0
24 0
25 1
26 0
27 0
28 1
29 0
30 0
31 1
32 0
33 0
34 1
35 3
36 1
37 3
38 1
39 2
40 3
41 2
42 6
43 1
44 4
45 5
46 3
47 5
48 2
49 2
50 3
51 3
52 3
53 0
54 3
55 2
56 3
57 0
58 0
59 2
60 2
61 3
62 5
63 6
64 1
65 4
66 4
67 11
68 3
69 8
70 10
71 10
72 9
73 11
74 8
75 14
76 10
77 6
78 7
79 5
80 8
81 15
82 10
83 7
84 9
85 12
86 12
87 20
88 25
89 21
90 21
91 19
92 26
93 33
94 30
95 29
96 34
97 34
98 21
99 17
100 21
101 31
102 17
103 25
104 12
105 26
106 25
107 22
108 16
109 19
110 26
111 21
112 13
113 18
114 15
115 14
116 11
117 18
118 20
119 17
120 34
121 28
122 33
123 20
124 37
125 23
126 25
127 33
128 46
129 46
130 54
131 52
132 70
133 89
134 87
135 74
136 102
137 113
138 153
139 149
140 162
141 180
142 185
143 226
144 212
145 213
146 224
147 234
148 224
149 270
150 251
151 252
152 299
153 292
154 295
155 274
156 379
157 354
158 377
159 480
160 443
161 526
162 566
163 615
164 653
165 708
166 709
167 813
168 878
169 870
170 979
171 1051
172 1147
173 1072
174 1304
175 1454
176 1390
177 1472
178 1406
179 1399
180 1286
181 1271
182 1151
183 1238
184 1200
185 1312
186 1366
187 1391
188 1581
189 1734
190 1681
191 1694
192 1840
193 1763
194 1821
195 1830
196 1786
197 1866
198 1815
199 1843
200 1895
201 1843
202 1911
203 1802
204 1847
205 1743
206 1779
207 1788
208 1896
209 2038
210 2073
211 2098
212 2401
213 2345
214 2252
215 2278
216 2058
217 2227
218 2029
219 2036
220 2094
221 1965
222 2064
223 2110
224 2119
225 2127
226 2137
227 2097
228 2158
229 2166
230 2107
231 2113
232 1966
233 2006
234 2028
235 1937
236 2030
237 1974
238 1880
239 1933
240 1899
241 1813
242 1899
243 1799
244 1720
245 1805
246 1771
247 1746
248 1795
249 1786
250 1861
251 1848
252 1776
253 1777
254 1821
255 1703
256 1717
257 1706
258 1560
259 1520
260 1523
261 1397
262 1323
263 1320
264 1209
265 1143
266 1105
267 1143
268 1089
269 1125
270 1163
271 1056
272 975
273 911
274 976
275 933
276 931
277 924
278 801
279 819
280 767
281 854
282 843
283 781
284 831
285 782
286 753
287 782
288 724
289 729
290 674
291 576
292 566
293 538
294 543
295 481
296 449
297 490
298 521
299 466
300 487
301 471
302 463
303 473
304 409
305 376
306 407
307 353
308 399
309 397
310 365
311 410
312 456
313 487
314 413
315 355
316 391
317 275
318 266
319 237
320 262
321 232
322 207
323 210
324 199
325 138
326 177
327 136
328 112
329 107
330 92
331 64
332 53
333 52
334 31
335 28
336 26
337 26
338 14
339 20
340 10
341 9
342 5
343 4
344 8
345 6
346 3
347 5
348 3
349 0
350 6
351 3
352 3
353 2
354 4
355 0
356 4
357 5
358 11
359 3
360 8
361 6
362 2
363 4
364 3
365 11
366 3
367 2
368 6
369 3
370 2
371 3
