0 0
1 0
2 0
3 0
4 0
5 0
6 0
7 0
8 0
9 0
10 0
11 0
12 0
13 0
14 0
15 0
16 0
17 0
18 0
19 0
20 0
21 0
22 0
23 0
24 0
25 0
26 0
27 0
28 0
29 0
30 0
31 0
32 0
33 0
34 0
35 0
36 0
37 0
38 0
39 0
40 0
41 0
42 0
43 0
44 0
45 0
46 0
47 0
48 0
49 0
50 0
51 0
52 0
53 0
54 0
55 0
56 0
57 0
58 0
59 0
60 0
61 0
62 0
63 0
64 0
65 0
66 0
67 0
68 0
69 0
70 0
71 0
72 0
73 1
74 0
75 3
76 0
77 3
78 1
79 1
80 0
81 3
82 0
83 2
84 7
85 2
86 5
87 3
88 5
89 8
90 4
91 6
92 4
93 11
94 6
95 4
96 4
97 12
98 7
99 9
100 3
101 6
102 4
103 3
104 2
105 4
106 9
107 8
108 3
109 5
110 7
111 2
112 6
113 6
114 6
115 8
116 9
117 9
118 9
119 10
120 15
121 8
122 18
123 24
124 24
125 13
126 8
127 28
128 29
129 22
130 11
131 22
132 31
133 23
134 24
135 30
136 30
137 28
138 28
139 34
140 36
141 28
142 27
143 26
144 28
145 29
146 30
147 36
148 39
149 52
150 42
151 49
152 47
153 66
154 46
155 70
156 61
157 71
158 76
159 86
160 119
161 107
162 116
163 136
164 132
165 140
166 123
167 117
168 140
169 203
170 191
171 209
172 257
173 281
174 289
175 334
176 379
177 381
178 416
179 501
180 534
181 523
182 538
183 524
184 547
185 554
186 527
187 497
188 511
189 585
190 508
191 555
192 531
193 546
194 628
195 625
196 597
197 647
198 679
199 701
200 645
201 785
202 763
203 806
204 818
205 907
206 983
207 908
208 980
209 965
210 1065
211 1126
212 1162
213 1176
214 1189
215 1342
216 1368
217 1483
218 1384
219 1401
220 1530
221 1585
222 1716
223 1706
224 1750
225 1992
226 1949
227 1910
228 1901
229 1943
230 1887
231 1849
232 1784
233 1838
234 2055
235 2014
236 2165
237 2227
238 2321
239 2435
240 2625
241 2775
242 2760
243 2808
244 2803
245 2706
246 2892
247 2755
248 2834
249 2730
250 2683
251 2731
252 2525
253 2563
254 2546
255 2443
256 2329
257 2300
258 2389
259 2334
260 2317
261 2288
262 2190
263 2223
264 2131
265 2075
266 2101
267 2258
268 2149
269 2211
270 2184
271 2135
272 2301
273 2263
274 2244
275 2259
276 2299
277 2438
278 2293
279 2326
280 2240
281 2101
282 2352
283 2152
284 1958
285 2017
286 1897
287 1776
288 1829
289 1511
290 1479
291 1387
292 1307
293 1258
294 1211
295 1138
296 1152
297 1138
298 1018
299 979
300 924
301 843
302 885
303 819
304 725
305 648
306 610
307 524
308 512
309 522
310 516
311 506
312 522
313 424
314 475
315 431
316 451
317 432
318 400
319 374
320 382
321 363
322 366
323 294
324 237
325 281
326 213
327 185
328 196
329 131
330 135
331 113
332 88
333 61
334 55
335 40
336 29
337 12
338 24
339 25
340 8
341 11
342 4
343 3
344 4
345 4
346 1
347 4
348 0
349 1
350 2
351 1
352 1
