0 0
1 0
2 0
3 0
4 0
5 0
6 0
7 0
8 0
9 0
10 0
11 0
12 0
13 0
14 0
15 0
16 0
17 0
18 0
19 0
20 0
21 0
22 0
23 0
24 0
25 0
26 0
27 0
28 0
29 0
30 0
31 0
32 0
33 0
34 0
35 0
36 0
37 0
38 0
39 0
40 0
41 0
42 0
43 0
44 0
45 0
46 0
47 0
48 0
49 0
50 0
51 0
52 0
53 0
54 0
55 0
56 0
57 0
58 0
59 0
60 0
61 0
62 0
63 0
64 0
65 0
66 0
67 0
68 0
69 0
70 0
71 0
72 0
73 0
74 0
75 0
76 0
77 0
78 0
79 0
80 0
81 0
82 0
83 0
84 0
85 0
86 0
87 0
88 0
89 0
90 0
91 0
92 0
93 0
94 0
95 0
96 0
97 0
98 0
99 0
100 0
101 0
102 0
103 0
104 0
105 0
106 0
107 0
108 0
109 0
110 0
111 0
112 0
113 0
114 0
115 0
116 0
117 0
118 0
119 0
120 0
121 0
122 0
123 0
124 0
125 0
126 0
127 0
128 0
129 0
130 0
131 0
132 0
133 0
134 0
135 0
136 0
137 0
138 0
139 0
140 0
141 0
142 0
143 0
144 0
145 0
146 0
147 0
148 0
149 0
150 0
151 0
152 0
153 1
154 0
155 0
156 0
157 0
158 0
159 0
160 0
161 0
162 3
163 1
164 1
165 5
166 2
167 2
168 6
169 3
170 12
171 11
172 5
173 14
174 13
175 11
176 21
177 15
178 30
179 38
180 48
181 51
182 60
183 79
184 77
185 84
186 134
187 154
188 188
189 199
190 250
191 272
192 331
193 383
194 344
195 393
196 397
197 407
198 411
199 547
200 550
201 541
202 620
203 697
204 711
205 750
206 786
207 831
208 855
209 903
210 991
211 1173
212 1292
213 1370
214 1497
215 1537
216 1631
217 1919
218 1914
219 1933
220 1879
221 2023
222 2009
223 1977
224 2008
225 2078
226 2223
227 2265
228 2449
229 2704
230 2945
231 2970
232 3199
233 3250
234 3318
235 3478
236 3716
237 3910
238 3937
239 4031
240 3996
241 4033
242 4062
243 4048
244 4054
245 3979
246 4143
247 4021
248 4172
249 4142
250 4047
251 4014
252 3860
253 3776
254 3673
255 3556
256 3485
257 3214
258 3201
259 3060
260 2904
261 2945
262 2762
263 2797
264 2783
265 2691
266 2688
267 2632
268 2466
269 2401
270 2424
271 2320
272 2038
273 1955
274 1903
275 1735
276 1541
277 1425
278 1397
279 1407
280 1223
281 1124
282 1080
283 1025
284 929
285 863
286 801
287 738
288 730
289 714
290 573
291 560
292 516
293 503
294 506
295 422
296 417
297 428
298 306
299 329
300 270
301 270
302 244
303 216
304 170
305 124
306 104
307 93
308 100
309 53
310 46
311 39
312 36
313 17
314 18
315 22
316 16
317 13
318 7
319 7
320 6
321 3
322 2
323 2
324 3
325 1
