0 0
1 0
2 0
3 0
4 0
5 0
6 0
7 0
8 0
9 0
10 0
11 0
12 0
13 0
14 0
15 0
16 0
17 0
18 0
19 0
20 0
21 0
22 0
23 0
24 0
25 0
26 0
27 0
28 0
29 0
30 0
31 0
32 0
33 0
34 0
35 0
36 0
37 0
38 0
39 0
40 0
41 0
42 0
43 0
44 0
45 0
46 0
47 0
48 0
49 0
50 0
51 0
52 0
53 0
54 0
55 0
56 0
57 0
58 0
59 0
60 0
61 0
62 0
63 0
64 0
65 0
66 0
67 0
68 0
69 0
70 0
71 0
72 0
73 0
74 0
75 0
76 0
77 0
78 0
79 0
80 0
81 1
82 0
83 0
84 0
85 1
86 0
87 0
88 0
89 0
90 0
91 0
92 0
93 0
94 0
95 0
96 0
97 0
98 0
99 0
100 0
101 0
102 0
103 0
104 1
105 0
106 1
107 2
108 2
109 3
110 1
111 2
112 2
113 3
114 5
115 4
116 6
117 3
118 5
119 6
120 7
121 6
122 5
123 11
124 10
125 8
126 17
127 13
128 17
129 15
130 16
131 12
132 15
133 15
134 16
135 14
136 17
137 18
138 15
139 19
140 20
141 28
142 27
143 19
144 21
145 20
146 21
147 19
148 13
149 19
150 13
151 13
152 12
153 14
154 13
155 18
156 22
157 22
158 33
159 51
160 58
161 58
162 51
163 46
164 40
165 52
166 60
167 68
168 60
169 63
170 68
171 77
172 106
173 140
174 141
175 130
176 145
177 189
178 221
179 245
180 246
181 214
182 259
183 292
184 274
185 343
186 325
187 397
188 456
189 446
190 486
191 470
192 479
193 483
194 487
195 499
196 580
197 598
198 680
199 692
200 718
201 722
202 846
203 817
204 872
205 860
206 980
207 1009
208 1054
209 1117
210 1251
211 1222
212 1384
213 1664
214 1652
215 1615
216 1714
217 1651
218 1705
219 1751
220 1717
221 1943
222 2073
223 2134
224 2247
225 2362
226 2262
227 2281
228 2395
229 2389
230 2562
231 2515
232 2652
233 2661
234 2731
235 2934
236 2944
237 3172
238 3082
239 3127
240 3092
241 3077
242 3069
243 3213
244 3036
245 2987
246 3012
247 2849
248 2967
249 2828
250 2958
251 2816
252 3030
253 3050
254 2940
255 2884
256 2890
257 2880
258 2908
259 2767
260 2707
261 2866
262 2617
263 2700
264 2582
265 2498
266 2591
267 2531
268 2476
269 2419
270 2254
271 2322
272 2108
273 2124
274 1935
275 2013
276 1854
277 1728
278 1761
279 1556
280 1608
281 1539
282 1429
283 1376
284 1293
285 1321
286 1172
287 1116
288 1156
289 1205
290 1116
291 1060
292 993
293 999
294 916
295 853
296 812
297 781
298 682
299 645
300 583
301 512
302 483
303 424
304 372
305 373
306 352
307 270
308 255
309 251
310 206
311 199
312 207
313 197
314 143
315 145
316 135
317 118
318 127
319 119
320 102
321 110
322 92
323 99
324 115
325 98
326 85
327 85
328 96
329 83
330 71
331 91
332 65
333 66
334 76
335 59
336 59
337 66
338 50
339 52
340 62
341 51
342 59
343 49
344 56
345 62
346 35
347 39
348 37
349 27
350 38
351 45
352 38
353 35
354 29
355 35
356 40
357 33
358 23
359 17
360 20
361 22
362 22
363 21
364 21
365 32
366 7
367 3
368 7
369 5
370 6
371 2
372 4
373 2
374 0
375 3
376 1
377 1
378 3
379 0
380 0
381 0
382 0
383 0
384 0
385 0
386 0
387 3
388 1
