0 0
1 0
2 0
3 0
4 0
5 0
6 0
7 0
8 0
9 0
10 0
11 0
12 0
13 0
14 0
15 0
16 0
17 0
18 0
19 0
20 0
21 0
22 0
23 0
24 0
25 0
26 0
27 0
28 0
29 0
30 0
31 0
32 0
33 0
34 0
35 0
36 0
37 0
38 0
39 0
40 0
41 0
42 0
43 0
44 0
45 0
46 0
47 0
48 0
49 0
50 0
51 0
52 0
53 0
54 0
55 0
56 0
57 0
58 0
59 0
60 0
61 0
62 0
63 0
64 0
65 0
66 0
67 0
68 0
69 0
70 0
71 0
72 0
73 0
74 0
75 0
76 0
77 0
78 0
79 0
80 0
81 0
82 0
83 0
84 0
85 0
86 0
87 0
88 0
89 0
90 0
91 0
92 0
93 0
94 0
95 0
96 0
97 0
98 0
99 0
100 0
101 0
102 0
103 0
104 0
105 1
106 4
107 0
108 3
109 4
110 2
111 2
112 4
113 2
114 5
115 0
116 8
117 12
118 2
119 6
120 20
121 19
122 21
123 19
124 31
125 28
126 46
127 58
128 69
129 54
130 74
131 84
132 66
133 97
134 91
135 73
136 75
137 110
138 112
139 132
140 141
141 139
142 144
143 145
144 182
145 186
146 180
147 233
148 276
149 276
150 219
151 296
152 410
153 349
154 502
155 487
156 526
157 480
158 550
159 611
160 769
161 734
162 859
163 902
164 875
165 863
166 886
167 801
168 829
169 896
170 1016
171 973
172 1022
173 986
174 1128
175 1018
176 1132
177 1136
178 1160
179 1382
180 1330
181 1369
182 1395
183 1521
184 1487
185 1520
186 1659
187 1703
188 1808
189 1974
190 1970
191 2171
192 2098
193 2315
194 2267
195 2509
196 2415
197 2579
198 2855
199 2746
200 3030
201 3052
202 3112
203 3184
204 3284
205 3129
206 3338
207 3321
208 3102
209 3218
210 3123
211 3112
212 3013
213 3036
214 2865
215 2898
216 2900
217 2758
218 2699
219 2440
220 2344
221 2235
222 2246
223 2103
224 2114
225 1990
226 1934
227 2064
228 1851
229 1912
230 2017
231 1895
232 1757
233 1919
234 1740
235 1901
236 1972
237 1912
238 1884
239 1826
240 1967
241 1901
242 1852
243 1825
244 1762
245 1678
246 1702
247 1583
248 1673
249 1642
250 1652
251 1616
252 1651
253 1615
254 1463
255 1525
256 1462
257 1382
258 1370
259 1264
260 1146
261 1050
262 973
263 1007
264 961
265 833
266 830
267 823
268 851
269 801
270 739
271 678
272 615
273 597
274 544
275 506
276 459
277 446
278 472
279 457
280 450
281 483
282 425
283 478
284 408
285 347
286 336
287 334
288 326
289 326
290 251
291 217
292 211
293 193
294 149
295 135
296 123
297 101
298 88
299 86
300 73
301 73
302 56
303 40
304 64
305 74
306 68
307 74
308 50
309 43
310 51
311 58
312 44
313 38
314 38
315 39
316 37
317 25
318 25
319 19
320 9
321 10
322 13
323 16
324 16
325 5
326 8
327 6
328 10
329 8
330 5
331 3
332 4
333 2
334 1
335 3
336 4
337 3
338 4
339 1
340 2
341 1
342 2
