0 0
1 0
2 0
3 0
4 0
5 0
6 0
7 0
8 0
9 0
10 0
11 0
12 0
13 0
14 0
15 0
16 0
17 0
18 0
19 0
20 0
21 0
22 0
23 0
24 0
25 0
26 0
27 0
28 0
29 0
30 0
31 0
32 0
33 0
34 0
35 0
36 0
37 0
38 0
39 0
40 0
41 0
42 0
43 0
44 0
45 0
46 0
47 0
48 0
49 0
50 0
51 0
52 0
53 0
54 0
55 0
56 0
57 0
58 0
59 0
60 0
61 0
62 0
63 0
64 0
65 0
66 0
67 0
68 0
69 0
70 0
71 0
72 0
73 0
74 0
75 0
76 0
77 0
78 0
79 0
80 0
81 0
82 0
83 0
84 0
85 0
86 0
87 0
88 0
89 2
90 0
91 0
92 8
93 1
94 0
95 1
96 3
97 11
98 18
99 15
100 26
101 26
102 41
103 34
104 31
105 17
106 18
107 28
108 50
109 18
110 26
111 26
112 22
113 31
114 18
115 33
116 19
117 17
118 11
119 18
120 15
121 23
122 9
123 28
124 19
125 33
126 45
127 27
128 47
129 77
130 80
131 123
132 96
133 118
134 188
135 162
136 198
137 245
138 221
139 273
140 272
141 267
142 351
143 313
144 376
145 378
146 413
147 399
148 530
149 530
150 503
151 533
152 588
153 641
154 609
155 706
156 709
157 758
158 806
159 828
160 850
161 903
162 908
163 928
164 980
165 1190
166 1268
167 1501
168 1672
169 1964
170 1899
171 2019
172 1929
173 1859
174 1993
175 1888
176 2005
177 1868
178 1927
179 1909
180 1917
181 1985
182 2052
183 2015
184 2115
185 1987
186 1995
187 1985
188 1911
189 1838
190 1850
191 1893
192 1735
193 1842
194 1753
195 1712
196 1747
197 1774
198 1770
199 1810
200 1928
201 2107
202 1935
203 1863
204 2039
205 1879
206 1843
207 1885
208 1821
209 1866
210 1795
211 1911
212 1858
213 1853
214 1909
215 1914
216 1815
217 1966
218 1936
219 2049
220 1919
221 1937
222 1880
223 1935
224 1923
225 1927
226 1782
227 1781
228 1733
229 1678
230 1821
231 1731
232 1865
233 1809
234 1812
235 1894
236 1776
237 1848
238 1860
239 1721
240 1734
241 1604
242 1451
243 1441
244 1522
245 1461
246 1392
247 1468
248 1470
249 1403
250 1508
251 1477
252 1505
253 1467
254 1345
255 1327
256 1260
257 1160
258 1088
259 969
260 908
261 914
262 860
263 820
264 740
265 734
266 758
267 681
268 679
269 691
270 690
271 661
272 767
273 661
274 767
275 766
276 732
277 744
278 716
279 783
280 753
281 717
282 755
283 736
284 740
285 694
286 746
287 689
288 738
289 783
290 638
291 661
292 629
293 581
294 571
295 574
296 611
297 565
298 562
299 567
300 488
301 510
302 472
303 477
304 449
305 361
306 346
307 324
308 344
309 299
310 279
311 292
312 222
313 209
314 223
315 174
316 182
317 186
318 134
319 162
320 157
321 133
322 129
323 116
324 126
325 108
326 130
327 105
328 96
329 87
330 112
331 91
332 50
333 52
334 37
335 27
336 14
337 11
338 15
339 11
340 8
341 9
342 7
343 5
344 4
345 8
346 6
347 2
348 2
349 5
350 2
351 3
352 3
353 1
354 1
355 0
356 1
