0 0
1 0
2 0
3 0
4 0
5 0
6 0
7 0
8 0
9 0
10 0
11 0
12 0
13 0
14 0
15 0
16 0
17 0
18 0
19 0
20 0
21 0
22 0
23 0
24 0
25 0
26 0
27 0
28 0
29 0
30 0
31 0
32 0
33 0
34 0
35 0
36 0
37 0
38 0
39 0
40 0
41 0
42 0
43 0
44 0
45 0
46 0
47 0
48 0
49 0
50 0
51 0
52 0
53 0
54 0
55 0
56 0
57 0
58 0
59 0
60 0
61 0
62 0
63 0
64 0
65 0
66 0
67 0
68 0
69 2
70 0
71 0
72 0
73 0
74 0
75 0
76 0
77 0
78 0
79 1
80 1
81 1
82 1
83 0
84 0
85 0
86 1
87 5
88 1
89 5
90 0
91 0
92 8
93 7
94 2
95 1
96 9
97 10
98 6
99 9
100 1
101 6
102 10
103 15
104 20
105 11
106 12
107 30
108 27
109 18
110 16
111 18
112 17
113 17
114 19
115 27
116 29
117 41
118 16
119 28
120 32
121 47
122 39
123 44
124 48
125 32
126 40
127 35
128 50
129 27
130 36
131 30
132 33
133 35
134 48
135 39
136 55
137 65
138 48
139 88
140 71
141 81
142 96
143 87
144 83
145 107
146 112
147 150
148 148
149 150
150 131
151 171
152 188
153 198
154 230
155 333
156 280
157 370
158 416
159 477
160 548
161 538
162 579
163 674
164 688
165 737
166 725
167 811
168 744
169 792
170 727
171 785
172 780
173 870
174 806
175 853
176 1000
177 939
178 1041
179 1210
180 1140
181 1218
182 1177
183 1259
184 1319
185 1397
186 1441
187 1542
188 1599
189 1494
190 1487
191 1629
192 1517
193 1501
194 1503
195 1507
196 1571
197 1636
198 1607
199 1660
200 1690
201 1814
202 2008
203 2040
204 1937
205 2071
206 2116
207 2212
208 2174
209 2296
210 2168
211 2235
212 2368
213 2271
214 2465
215 2498
216 2370
217 2366
218 2328
219 2297
220 2239
221 2168
222 2045
223 1943
224 2215
225 2081
226 2160
227 2153
228 2276
229 2413
230 2346
231 2479
232 2504
233 2639
234 2629
235 2815
236 2765
237 2746
238 2616
239 2502
240 2695
241 2245
242 2400
243 2254
244 2086
245 1938
246 1872
247 1815
248 1849
249 1850
250 1815
251 1783
252 1691
253 1727
254 1646
255 1674
256 1653
257 1469
258 1375
259 1336
260 1300
261 1290
262 1238
263 1217
264 1297
265 1249
266 1292
267 1291
268 1376
269 1528
270 1548
271 1545
272 1548
273 1407
274 1341
275 1179
276 1018
277 1042
278 940
279 866
280 804
281 680
282 612
283 631
284 669
285 599
286 575
287 555
288 613
289 546
290 538
291 551
292 511
293 494
294 499
295 445
296 419
297 407
298 342
299 314
300 311
301 285
302 271
303 231
304 244
305 203
306 197
307 158
308 153
309 158
310 147
311 152
312 144
313 147
314 136
315 145
316 168
317 140
318 167
319 144
320 137
321 136
322 107
323 98
324 130
325 117
326 120
327 94
328 117
329 111
330 103
331 103
332 81
333 61
334 61
335 68
336 61
337 61
338 39
339 37
340 37
341 35
342 39
343 45
344 48
345 46
346 48
347 33
348 43
349 23
350 21
351 7
352 27
353 13
354 17
355 8
356 3
357 7
358 8
359 7
360 2
361 8
362 5
363 5
364 8
365 3
366 3
367 1
368 2
369 3
370 0
371 0
372 2
373 1
