0 0
1 0
2 0
3 0
4 0
5 0
6 0
7 0
8 0
9 0
10 0
11 0
12 0
13 0
14 0
15 0
16 0
17 0
18 0
19 0
20 0
21 0
22 0
23 0
24 0
25 0
26 0
27 0
28 0
29 0
30 0
31 0
32 0
33 0
34 0
35 0
36 0
37 0
38 0
39 0
40 0
41 0
42 0
43 0
44 0
45 0
46 0
47 0
48 0
49 0
50 0
51 0
52 0
53 0
54 0
55 0
56 0
57 0
58 0
59 0
60 0
61 0
62 0
63 0
64 0
65 0
66 0
67 0
68 0
69 0
70 0
71 0
72 0
73 0
74 0
75 0
76 0
77 0
78 0
79 0
80 0
81 0
82 0
83 0
84 0
85 0
86 0
87 0
88 0
89 0
90 0
91 0
92 0
93 0
94 0
95 0
96 0
97 0
98 0
99 1
100 0
101 0
102 0
103 0
104 1
105 0
106 1
107 0
108 1
109 0
110 0
111 0
112 1
113 0
114 3
115 3
116 0
117 0
118 1
119 1
120 4
121 3
122 3
123 4
124 15
125 5
126 4
127 3
128 8
129 14
130 14
131 17
132 26
133 14
134 30
135 31
136 25
137 56
138 49
139 64
140 80
141 92
142 99
143 112
144 126
145 142
146 172
147 167
148 185
149 231
150 239
151 246
152 273
153 314
154 388
155 384
156 451
157 545
158 607
159 707
160 795
161 826
162 994
163 1028
164 1232
165 1056
166 1074
167 940
168 1009
169 933
170 1097
171 1015
172 1018
173 1013
174 1091
175 943
176 1006
177 988
178 980
179 1070
180 1116
181 1138
182 1300
183 1290
184 1280
185 1417
186 1468
187 1552
188 1637
189 1692
190 1819
191 1853
192 1918
193 1993
194 1962
195 2034
196 2051
197 1977
198 1937
199 2176
200 2266
201 2423
202 2467
203 2559
204 2493
205 2622
206 2670
207 2809
208 2690
209 2640
210 2888
211 2803
212 2706
213 2928
214 2827
215 2883
216 2912
217 2854
218 2822
219 2804
220 2848
221 2741
222 2693
223 2746
224 2846
225 2740
226 2770
227 2731
228 2625
229 2653
230 2536
231 2487
232 2330
233 2439
234 2244
235 2366
236 2306
237 2226
238 2160
239 2110
240 1992
241 1892
242 1972
243 1964
244 1785
245 1846
246 1745
247 1711
248 1673
249 1570
250 1620
251 1510
252 1499
253 1404
254 1405
255 1266
256 1218
257 1275
258 1446
259 1382
260 1568
261 1657
262 1635
263 1690
264 1645
265 1648
266 1576
267 1422
268 1247
269 1183
270 967
271 848
272 829
273 707
274 678
275 506
276 421
277 368
278 320
279 337
280 283
281 245
282 231
283 214
284 153
285 194
286 138
287 154
288 142
289 154
290 140
291 117
292 130
293 113
294 86
295 73
296 98
297 101
298 87
299 82
300 81
301 83
302 67
303 50
304 48
305 36
306 31
307 34
308 26
309 17
310 12
311 19
312 17
313 9
314 10
315 15
316 3
317 5
318 9
319 5
320 1
321 1
322 6
323 2
324 1
325 2
326 1
327 0
328 0
329 0
330 0
331 2
332 0
333 1
334 1
335 0
336 0
337 0
338 0
339 0
340 0
341 1
