0 0
1 0
2 0
3 0
4 0
5 0
6 0
7 0
8 0
9 0
10 0
11 0
12 0
13 0
14 0
15 0
16 0
17 0
18 0
19 0
20 0
21 0
22 0
23 0
24 0
25 0
26 0
27 0
28 0
29 0
30 0
31 0
32 0
33 0
34 0
35 0
36 0
37 0
38 0
39 0
40 0
41 0
42 0
43 0
44 0
45 0
46 0
47 0
48 0
49 0
50 0
51 0
52 0
53 0
54 0
55 0
56 0
57 0
58 0
59 0
60 0
61 0
62 0
63 0
64 0
65 0
66 0
67 0
68 0
69 0
70 0
71 0
72 0
73 0
74 0
75 0
76 0
77 1
78 0
79 0
80 0
81 0
82 1
83 0
84 0
85 2
86 0
87 0
88 0
89 1
90 1
91 1
92 0
93 0
94 2
95 0
96 1
97 1
98 1
99 1
100 1
101 1
102 1
103 2
104 1
105 1
106 4
107 1
108 1
109 4
110 5
111 6
112 5
113 5
114 4
115 12
116 2
117 32
118 12
119 8
120 13
121 36
122 24
123 31
124 34
125 51
126 48
127 28
128 57
129 54
130 73
131 73
132 62
133 76
134 104
135 93
136 71
137 99
138 106
139 92
140 126
141 132
142 118
143 113
144 142
145 153
146 142
147 169
148 168
149 184
150 200
151 205
152 183
153 206
154 220
155 286
156 216
157 238
158 270
159 277
160 327
161 294
162 301
163 296
164 282
165 291
166 266
167 320
168 338
169 332
170 320
171 363
172 348
173 366
174 385
175 429
176 436
177 471
178 538
179 572
180 649
181 726
182 739
183 781
184 832
185 812
186 924
187 976
188 975
189 994
190 1152
191 1079
192 1243
193 1276
194 1326
195 1472
196 1558
197 1606
198 1714
199 1754
200 1832
201 1742
202 1863
203 1847
204 1868
205 1810
206 1854
207 2105
208 2065
209 2112
210 2119
211 2141
212 2078
213 2171
214 2164
215 2098
216 2243
217 2119
218 2339
219 2162
220 2190
221 2091
222 2087
223 2220
224 2319
225 2275
226 2514
227 2521
228 2445
229 2643
230 2594
231 2513
232 2706
233 2677
234 2590
235 2470
236 2497
237 2428
238 2494
239 2558
240 2332
241 2374
242 2480
243 2543
244 2388
245 2486
246 2375
247 2523
248 2444
249 2538
250 2608
251 2566
252 2438
253 2525
254 2459
255 2496
256 2471
257 2269
258 2433
259 2384
260 2073
261 2079
262 1803
263 1638
264 1792
265 1768
266 1894
267 1691
268 1669
269 1715
270 1561
271 1537
272 1447
273 1405
274 1225
275 1167
276 1148
277 1117
278 900
279 893
280 781
281 761
282 743
283 750
284 622
285 663
286 642
287 619
288 621
289 615
290 525
291 538
292 511
293 431
294 413
295 423
296 406
297 353
298 288
299 339
300 320
301 288
302 261
303 258
304 274
305 255
306 240
307 267
308 229
309 257
310 199
311 188
312 213
313 197
314 195
315 144
316 168
317 151
318 147
319 119
320 128
321 124
322 157
323 105
324 86
325 103
326 81
327 60
328 64
329 67
330 59
331 47
332 54
333 47
334 50
335 30
336 25
337 43
338 31
339 35
340 31
341 41
342 12
343 11
344 24
345 12
346 14
347 9
348 14
349 9
350 4
351 8
352 5
353 4
354 5
355 7
356 12
357 1
358 4
359 4
360 1
361 4
362 3
363 4
364 6
365 4
366 3
367 6
368 2
369 2
370 0
371 1
