0 0
1 0
2 0
3 0
4 0
5 0
6 0
7 0
8 0
9 0
10 0
11 0
12 0
13 0
14 0
15 0
16 0
17 0
18 0
19 0
20 0
21 0
22 0
23 0
24 0
25 0
26 0
27 0
28 0
29 0
30 0
31 0
32 0
33 0
34 0
35 0
36 0
37 0
38 0
39 0
40 0
41 0
42 0
43 0
44 0
45 0
46 0
47 0
48 0
49 0
50 0
51 0
52 0
53 0
54 0
55 0
56 0
57 0
58 0
59 0
60 0
61 0
62 0
63 0
64 0
65 0
66 0
67 0
68 0
69 0
70 0
71 0
72 0
73 0
74 0
75 0
76 0
77 0
78 0
79 0
80 0
81 0
82 0
83 0
84 0
85 0
86 0
87 0
88 0
89 0
90 0
91 0
92 0
93 0
94 0
95 0
96 0
97 0
98 0
99 0
100 0
101 0
102 0
103 0
104 2
105 1
106 0
107 0
108 1
109 0
110 0
111 0
112 1
113 2
114 1
115 1
116 4
117 1
118 3
119 0
120 7
121 7
122 10
123 9
124 6
125 7
126 12
127 8
128 21
129 13
130 27
131 26
132 40
133 33
134 48
135 42
136 37
137 39
138 57
139 67
140 63
141 69
142 90
143 101
144 134
145 140
146 158
147 152
148 195
149 201
150 205
151 260
152 278
153 292
154 278
155 274
156 304
157 331
158 346
159 383
160 359
161 303
162 326
163 408
164 398
165 412
166 457
167 388
168 464
169 390
170 434
171 453
172 414
173 464
174 532
175 508
176 546
177 604
178 683
179 704
180 789
181 894
182 964
183 970
184 1025
185 1040
186 1086
187 1248
188 1188
189 1343
190 1301
191 1379
192 1514
193 1436
194 1576
195 1479
196 1639
197 1586
198 1569
199 1639
200 1811
201 1664
202 1830
203 1810
204 1786
205 1868
206 1600
207 1673
208 1729
209 1871
210 1942
211 1901
212 1811
213 1990
214 1979
215 1937
216 2035
217 2001
218 2099
219 2175
220 2278
221 2353
222 2281
223 2394
224 2541
225 2314
226 2473
227 2669
228 2667
229 2731
230 2915
231 2931
232 2815
233 2825
234 2777
235 2680
236 2703
237 2745
238 2698
239 2795
240 2808
241 2727
242 2615
243 2818
244 2743
245 2732
246 2719
247 2876
248 2790
249 2819
250 2730
251 2608
252 2626
253 2533
254 2303
255 2307
256 2137
257 2110
258 1940
259 1894
260 1831
261 1865
262 1701
263 1710
264 1624
265 1597
266 1497
267 1472
268 1403
269 1411
270 1319
271 1271
272 1238
273 1243
274 1382
275 1173
276 1130
277 1037
278 1027
279 949
280 931
281 803
282 851
283 719
284 634
285 639
286 583
287 516
288 477
289 443
290 405
291 394
292 359
293 342
294 333
295 259
296 277
297 279
298 204
299 247
300 185
301 163
302 147
303 180
304 147
305 157
306 143
307 142
308 121
309 132
310 144
311 142
312 131
313 154
314 119
315 109
316 85
317 65
318 76
319 63
320 56
321 32
322 28
323 38
324 25
325 29
326 21
327 24
328 17
329 15
330 35
331 2
332 16
333 9
334 14
335 7
336 15
337 3
338 15
339 9
340 10
341 1
342 16
343 15
344 10
345 8
346 0
347 1
348 0
349 0
350 2
351 0
352 0
353 0
354 0
355 0
356 1
357 0
358 0
359 2
360 0
361 0
362 1
363 0
364 0
365 0
366 1
