0 0
1 0
2 0
3 0
4 0
5 0
6 0
7 0
8 0
9 0
10 0
11 2
12 0
13 0
14 0
15 0
16 0
17 0
18 0
19 0
20 0
21 0
22 0
23 0
24 0
25 0
26 0
27 0
28 0
29 0
30 0
31 0
32 0
33 1
34 0
35 0
36 0
37 2
38 0
39 0
40 0
41 0
42 1
43 2
44 5
45 6
46 9
47 10
48 19
49 11
50 22
51 21
52 26
53 18
54 22
55 25
56 11
57 20
58 16
59 6
60 14
61 12
62 11
63 13
64 13
65 6
66 6
67 12
68 1
69 8
70 1
71 6
72 5
73 11
74 4
75 8
76 5
77 1
78 3
79 6
80 5
81 2
82 13
83 8
84 2
85 2
86 4
87 3
88 4
89 5
90 4
91 6
92 5
93 3
94 4
95 5
96 2
97 4
98 3
99 13
100 11
101 5
102 12
103 11
104 22
105 14
106 18
107 43
108 39
109 45
110 46
111 47
112 44
113 49
114 67
115 70
116 49
117 33
118 36
119 29
120 40
121 31
122 51
123 40
124 30
125 41
126 48
127 44
128 60
129 54
130 63
131 65
132 59
133 59
134 107
135 99
136 97
137 105
138 109
139 107
140 132
141 106
142 123
143 118
144 150
145 170
146 163
147 155
148 139
149 170
150 205
151 198
152 239
153 248
154 266
155 288
156 273
157 283
158 250
159 291
160 267
161 337
162 345
163 324
164 400
165 366
166 400
167 357
168 398
169 366
170 426
171 393
172 378
173 494
174 458
175 450
176 514
177 487
178 537
179 636
180 604
181 727
182 811
183 913
184 1000
185 1189
186 1232
187 1237
188 1328
189 1380
190 1450
191 1562
192 1506
193 1463
194 1558
195 1469
196 1533
197 1313
198 1317
199 1378
200 1333
201 1229
202 1281
203 1339
204 1338
205 1331
206 1327
207 1376
208 1435
209 1428
210 1513
211 1569
212 1716
213 2023
214 2035
215 2045
216 2084
217 1997
218 2012
219 1918
220 2051
221 2034
222 2019
223 2105
224 2120
225 2053
226 2055
227 1999
228 1966
229 2000
230 2043
231 2022
232 2074
233 2053
234 2072
235 2082
236 2080
237 2082
238 2023
239 2107
240 2007
241 1874
242 1880
243 1902
244 1744
245 1769
246 1734
247 1721
248 1777
249 1734
250 1777
251 1784
252 1673
253 1781
254 1724
255 1691
256 1827
257 1793
258 1707
259 1670
260 1697
261 1612
262 1562
263 1533
264 1533
265 1627
266 1706
267 1846
268 1840
269 1834
270 1923
271 1943
272 2010
273 1984
274 1910
275 1916
276 1859
277 1826
278 1688
279 1705
280 1774
281 1758
282 1628
283 1434
284 1367
285 1311
286 1194
287 1111
288 1014
289 1032
290 970
291 903
292 918
293 944
294 831
295 847
296 863
297 849
298 807
299 795
300 741
301 681
302 609
303 556
304 546
305 531
306 461
307 474
308 452
309 431
310 361
311 376
312 376
313 349
314 357
315 355
316 370
317 311
318 286
319 271
320 248
321 253
322 293
323 240
324 245
325 176
326 209
327 192
328 207
329 190
330 222
331 186
332 168
333 172
334 141
335 141
336 119
337 88
338 79
339 105
340 123
341 126
342 127
343 150
344 120
345 101
346 83
347 57
348 31
349 34
350 42
351 43
352 20
353 32
354 33
355 41
356 46
357 41
358 21
359 29
360 41
361 44
362 49
363 52
364 42
365 45
366 40
367 27
368 24
369 34
370 30
371 19
372 11
373 12
374 9
375 9
376 16
377 9
378 6
379 6
380 4
381 0
382 4
383 3
384 4
385 10
386 2
