0 0
1 0
2 0
3 0
4 0
5 0
6 0
7 0
8 1
9 0
10 0
11 0
12 0
13 0
14 0
15 0
16 0
17 0
18 0
19 0
20 0
21 0
22 0
23 0
24 0
25 0
26 0
27 0
28 1
29 0
30 0
31 0
32 0
33 0
34 0
35 0
36 0
37 0
38 0
39 0
40 0
41 0
42 0
43 0
44 0
45 0
46 0
47 0
48 0
49 2
50 0
51 0
52 0
53 0
54 0
55 0
56 0
57 0
58 0
59 0
60 0
61 0
62 0
63 0
64 0
65 0
66 0
67 0
68 0
69 0
70 0
71 0
72 0
73 0
74 0
75 0
76 0
77 0
78 0
79 0
80 0
81 0
82 0
83 0
84 0
85 0
86 1
87 1
88 1
89 1
90 2
91 1
92 0
93 1
94 2
95 1
96 0
97 1
98 0
99 0
100 2
101 1
102 5
103 6
104 5
105 5
106 8
107 17
108 28
109 28
110 21
111 12
112 32
113 28
114 14
115 22
116 32
117 19
118 22
119 11
120 18
121 29
122 31
123 30
124 51
125 42
126 31
127 42
128 35
129 41
130 43
131 38
132 74
133 83
134 58
135 75
136 88
137 94
138 117
139 99
140 121
141 148
142 132
143 162
144 173
145 209
146 171
147 173
148 217
149 196
150 232
151 267
152 341
153 286
154 321
155 381
156 396
157 525
158 574
159 560
160 608
161 682
162 797
163 796
164 852
165 958
166 978
167 1016
168 1058
169 1223
170 1300
171 1275
172 1362
173 1227
174 1378
175 1280
176 1368
177 1283
178 1361
179 1413
180 1278
181 1360
182 1362
183 1503
184 1587
185 1547
186 1672
187 1715
188 1796
189 1879
190 1977
191 1997
192 2118
193 2352
194 2378
195 2395
196 2376
197 2258
198 2294
199 2017
200 2212
201 2056
202 2167
203 2197
204 2207
205 2220
206 2392
207 2549
208 2664
209 2520
210 2604
211 2610
212 2475
213 2621
214 2488
215 2631
216 2582
217 2483
218 2372
219 2349
220 2365
221 2355
222 2397
223 2252
224 2301
225 2336
226 2271
227 2268
228 2230
229 2188
230 1927
231 2061
232 1859
233 1811
234 1771
235 1702
236 1657
237 1676
238 1667
239 1627
240 1567
241 1517
242 1514
243 1386
244 1297
245 1279
246 1374
247 1350
248 1132
249 1154
250 1229
251 1034
252 1109
253 1209
254 1140
255 1197
256 1234
257 1275
258 1302
259 1330
260 1353
261 1348
262 1279
263 1312
264 1287
265 1446
266 1549
267 1453
268 1454
269 1411
270 1428
271 1323
272 1284
273 1280
274 1223
275 1149
276 1055
277 1061
278 941
279 960
280 824
281 833
282 788
283 731
284 719
285 666
286 622
287 641
288 566
289 556
290 405
291 495
292 493
293 389
294 408
295 416
296 359
297 269
298 291
299 282
300 222
301 252
302 216
303 187
304 154
305 169
306 146
307 124
308 94
309 85
310 107
311 83
312 95
313 90
314 64
315 62
316 58
317 30
318 47
319 41
320 39
321 33
322 32
323 41
324 36
325 39
326 36
327 36
328 39
329 35
330 43
331 30
332 29
333 35
334 22
335 19
336 20
337 21
338 16
339 12
340 21
341 12
342 14
343 10
344 16
345 10
346 7
347 8
348 2
349 6
350 0
351 4
352 6
353 0
354 2
355 1
356 0
357 2
358 1
359 2
