0 0
1 0
2 0
3 0
4 0
5 0
6 0
7 0
8 0
9 0
10 0
11 0
12 0
13 0
14 0
15 0
16 0
17 0
18 0
19 0
20 0
21 0
22 0
23 0
24 0
25 0
26 0
27 0
28 0
29 0
30 0
31 0
32 0
33 0
34 0
35 0
36 0
37 0
38 0
39 0
40 0
41 0
42 0
43 0
44 0
45 0
46 0
47 0
48 0
49 0
50 0
51 0
52 0
53 0
54 0
55 0
56 0
57 0
58 0
59 0
60 0
61 0
62 0
63 0
64 0
65 0
66 0
67 0
68 0
69 0
70 0
71 0
72 0
73 0
74 0
75 0
76 0
77 0
78 0
79 0
80 0
81 0
82 0
83 0
84 0
85 0
86 0
87 0
88 0
89 0
90 0
91 0
92 0
93 0
94 0
95 0
96 0
97 0
98 0
99 0
100 0
101 0
102 0
103 0
104 0
105 0
106 0
107 0
108 0
109 0
110 0
111 0
112 0
113 0
114 1
115 0
116 2
117 1
118 1
119 3
120 0
121 2
122 0
123 2
124 2
125 2
126 3
127 2
128 5
129 14
130 12
131 10
132 12
133 22
134 16
135 18
136 37
137 38
138 50
139 54
140 70
141 53
142 65
143 56
144 52
145 66
146 63
147 66
148 46
149 78
150 82
151 68
152 98
153 102
154 86
155 116
156 92
157 102
158 130
159 110
160 138
161 146
162 198
163 206
164 224
165 278
166 234
167 288
168 321
169 294
170 290
171 315
172 364
173 322
174 366
175 419
176 415
177 467
178 490
179 458
180 454
181 439
182 468
183 496
184 540
185 532
186 607
187 676
188 657
189 781
190 841
191 852
192 1015
193 1018
194 1131
195 1233
196 1189
197 1321
198 1379
199 1524
200 1386
201 1499
202 1431
203 1464
204 1563
205 1588
206 1634
207 1582
208 1665
209 1703
210 1756
211 1820
212 1739
213 1822
214 1853
215 1899
216 1932
217 1954
218 2067
219 2089
220 2058
221 1877
222 2038
223 2015
224 1956
225 1988
226 2044
227 2017
228 1951
229 1870
230 2073
231 1944
232 2141
233 2046
234 2103
235 2159
236 2042
237 2175
238 2243
239 2237
240 2294
241 2318
242 2381
243 2398
244 2462
245 2450
246 2638
247 2761
248 2609
249 2650
250 2686
251 2562
252 2604
253 2532
254 2531
255 2523
256 2460
257 2597
258 2623
259 2864
260 2693
261 2754
262 2617
263 2569
264 2473
265 2251
266 2367
267 2117
268 2148
269 2085
270 2019
271 2139
272 2196
273 2067
274 1870
275 1898
276 1679
277 1594
278 1505
279 1510
280 1303
281 1245
282 1170
283 1113
284 1002
285 1002
286 929
287 941
288 955
289 881
290 819
291 948
292 836
293 808
294 786
295 707
296 666
297 621
298 592
299 573
300 548
301 503
302 468
303 513
304 456
305 408
306 355
307 316
308 338
309 334
310 279
311 245
312 264
313 213
314 200
315 166
316 220
317 191
318 156
319 140
320 138
321 158
322 160
323 145
324 150
325 135
326 115
327 137
328 114
329 126
330 118
331 86
332 79
333 84
334 74
335 85
336 85
337 57
338 49
339 58
340 44
341 44
342 49
343 38
344 56
345 55
346 33
347 32
348 23
349 33
350 25
351 18
352 26
353 19
354 24
355 14
356 14
357 26
358 13
359 20
360 15
361 21
362 18
363 11
364 7
365 13
366 12
367 2
368 2
369 1
370 0
371 3
372 2
