0 0
1 0
2 0
3 0
4 0
5 0
6 0
7 0
8 0
9 0
10 0
11 0
12 0
13 0
14 0
15 0
16 0
17 0
18 0
19 0
20 0
21 0
22 0
23 0
24 0
25 0
26 0
27 0
28 0
29 0
30 0
31 0
32 0
33 0
34 0
35 0
36 0
37 0
38 0
39 0
40 0
41 0
42 0
43 0
44 0
45 0
46 0
47 0
48 0
49 0
50 0
51 0
52 0
53 0
54 0
55 0
56 0
57 0
58 0
59 0
60 0
61 0
62 0
63 0
64 0
65 0
66 0
67 0
68 0
69 0
70 0
71 0
72 0
73 0
74 0
75 0
76 0
77 0
78 0
79 0
80 0
81 0
82 0
83 0
84 0
85 0
86 0
87 0
88 0
89 0
90 0
91 0
92 0
93 0
94 0
95 0
96 0
97 0
98 0
99 0
100 0
101 0
102 0
103 0
104 0
105 0
106 0
107 0
108 0
109 0
110 0
111 0
112 0
113 0
114 0
115 0
116 0
117 0
118 0
119 1
120 0
121 1
122 0
123 0
124 1
125 1
126 0
127 0
128 0
129 0
130 0
131 0
132 0
133 1
134 0
135 0
136 0
137 1
138 2
139 0
140 4
141 11
142 10
143 22
144 26
145 27
146 43
147 59
148 109
149 49
150 113
151 151
152 137
153 190
154 181
155 189
156 186
157 188
158 200
159 190
160 154
161 202
162 155
163 193
164 193
165 219
166 276
167 248
168 295
169 316
170 287
171 379
172 338
173 389
174 369
175 381
176 396
177 401
178 429
179 420
180 465
181 461
182 449
183 477
184 478
185 526
186 564
187 549
188 615
189 628
190 676
191 699
192 834
193 797
194 908
195 883
196 964
197 960
198 947
199 898
200 1062
201 1091
202 1179
203 1123
204 1192
205 1330
206 1208
207 1457
208 1461
209 1559
210 1607
211 1592
212 1600
213 1620
214 1699
215 1794
216 1714
217 1746
218 1893
219 1856
220 2002
221 2015
222 2121
223 2104
224 2439
225 2278
226 2438
227 2321
228 2452
229 2328
230 2584
231 2618
232 2621
233 2475
234 2635
235 2724
236 2608
237 2361
238 2582
239 2514
240 2517
241 2677
242 2618
243 2647
244 2631
245 2874
246 2619
247 2730
248 2556
249 2672
250 2622
251 2520
252 2463
253 2511
254 2521
255 2514
256 2601
257 2574
258 2462
259 2665
260 2422
261 2492
262 2428
263 2364
264 2314
265 2185
266 2100
267 2170
268 2007
269 2000
270 1782
271 1779
272 1803
273 1702
274 1687
275 1603
276 1557
277 1516
278 1536
279 1407
280 1291
281 1339
282 1389
283 1209
284 1193
285 1305
286 1203
287 1117
288 1102
289 1094
290 1070
291 1108
292 929
293 833
294 810
295 775
296 630
297 614
298 455
299 500
300 470
301 472
302 362
303 361
304 333
305 330
306 290
307 323
308 264
309 296
310 232
311 281
312 244
313 212
314 219
315 206
316 209
317 165
318 164
319 175
320 154
321 179
322 169
323 143
324 168
325 164
326 161
327 171
328 163
329 192
330 169
331 136
332 126
333 142
334 162
335 135
336 136
337 130
338 149
339 110
340 141
341 118
342 166
343 141
344 115
345 136
346 146
347 117
348 106
349 118
350 114
351 78
352 85
353 61
354 53
355 52
356 36
357 32
358 18
359 17
360 14
361 12
362 5
363 1
364 3
365 1
366 2
367 12
368 0
369 0
370 1
371 1
372 1
373 1
