0 0
1 0
2 0
3 0
4 0
5 0
6 0
7 0
8 0
9 0
10 0
11 0
12 0
13 0
14 0
15 0
16 0
17 0
18 0
19 0
20 0
21 0
22 0
23 0
24 0
25 0
26 0
27 0
28 0
29 0
30 0
31 0
32 0
33 0
34 0
35 0
36 0
37 0
38 0
39 0
40 0
41 0
42 0
43 0
44 0
45 0
46 0
47 0
48 0
49 0
50 0
51 0
52 0
53 0
54 0
55 0
56 0
57 0
58 0
59 0
60 0
61 0
62 0
63 0
64 0
65 0
66 0
67 0
68 0
69 0
70 0
71 0
72 0
73 0
74 0
75 0
76 0
77 0
78 0
79 0
80 0
81 0
82 0
83 0
84 0
85 0
86 0
87 0
88 0
89 3
90 0
91 0
92 0
93 0
94 3
95 4
96 3
97 10
98 9
99 27
100 61
101 95
102 131
103 160
104 197
105 159
106 165
107 207
108 202
109 186
110 233
111 183
112 265
113 268
114 293
115 182
116 164
117 174
118 170
119 123
120 150
121 123
122 139
123 136
124 158
125 160
126 188
127 195
128 285
129 268
130 257
131 246
132 301
133 270
134 260
135 318
136 294
137 306
138 393
139 374
140 368
141 370
142 442
143 434
144 398
145 387
146 423
147 422
148 430
149 468
150 456
151 556
152 553
153 656
154 681
155 709
156 757
157 715
158 724
159 723
160 667
161 651
162 825
163 705
164 760
165 787
166 856
167 903
168 931
169 1007
170 1037
171 1152
172 1195
173 1265
174 1393
175 1459
176 1495
177 1615
178 1781
179 1759
180 2026
181 2188
182 2177
183 2374
184 2489
185 2398
186 2391
187 2317
188 2298
189 2206
190 2182
191 2268
192 2088
193 2178
194 2188
195 2103
196 2093
197 2194
198 2219
199 2199
200 2231
201 2343
202 2437
203 2394
204 2341
205 2642
206 2506
207 2583
208 2470
209 2569
210 2560
211 2498
212 2536
213 2445
214 2517
215 2353
216 2303
217 2007
218 1942
219 1879
220 1930
221 1779
222 1889
223 1852
224 1827
225 1827
226 1873
227 1932
228 1925
229 1931
230 1875
231 1985
232 2018
233 2082
234 2028
235 2157
236 2055
237 1952
238 1984
239 1938
240 1952
241 1815
242 1888
243 1787
244 1610
245 1561
246 1381
247 1354
248 1313
249 1175
250 1269
251 1147
252 1072
253 1041
254 1011
255 1025
256 918
257 933
258 1011
259 910
260 799
261 909
262 813
263 811
264 801
265 760
266 738
267 771
268 689
269 679
270 665
271 599
272 542
273 549
274 489
275 541
276 546
277 528
278 535
279 566
280 661
281 672
282 686
283 593
284 614
285 570
286 591
287 493
288 427
289 474
290 387
291 390
292 295
293 319
294 296
295 292
296 241
297 228
298 141
299 153
300 137
301 113
302 81
303 74
304 74
305 85
306 55
307 43
308 28
309 34
310 18
311 24
312 18
313 16
314 14
315 7
316 5
317 2
318 10
319 2
320 0
321 1
322 2
323 1
324 1
325 1
326 0
327 0
328 2
329 2
330 0
331 0
332 0
333 1
334 1
335 0
336 0
337 2
338 1
