0 0
1 0
2 0
3 0
4 0
5 0
6 0
7 0
8 0
9 0
10 0
11 0
12 0
13 0
14 0
15 0
16 0
17 0
18 0
19 0
20 0
21 0
22 0
23 0
24 0
25 0
26 0
27 0
28 0
29 0
30 0
31 0
32 0
33 0
34 0
35 0
36 0
37 0
38 0
39 0
40 0
41 0
42 0
43 1
44 0
45 0
46 1
47 0
48 0
49 0
50 0
51 1
52 0
53 1
54 0
55 0
56 0
57 0
58 0
59 0
60 0
61 0
62 0
63 0
64 0
65 1
66 0
67 0
68 0
69 1
70 0
71 1
72 0
73 2
74 1
75 0
76 0
77 0
78 1
79 0
80 0
81 1
82 1
83 2
84 2
85 0
86 0
87 3
88 0
89 2
90 1
91 2
92 0
93 0
94 0
95 0
96 0
97 0
98 1
99 0
100 0
101 0
102 0
103 0
104 0
105 0
106 0
107 0
108 0
109 0
110 0
111 0
112 0
113 0
114 0
115 1
116 2
117 0
118 2
119 0
120 1
121 2
122 0
123 0
124 5
125 3
126 1
127 3
128 5
129 5
130 4
131 2
132 16
133 8
134 16
135 11
136 24
137 16
138 17
139 19
140 21
141 15
142 23
143 60
144 66
145 115
146 114
147 124
148 152
149 193
150 201
151 260
152 239
153 306
154 349
155 505
156 512
157 534
158 572
159 600
160 664
161 633
162 736
163 685
164 704
165 661
166 684
167 637
168 622
169 633
170 641
171 567
172 618
173 582
174 725
175 744
176 712
177 704
178 724
179 794
180 755
181 770
182 747
183 800
184 901
185 890
186 883
187 804
188 940
189 962
190 920
191 815
192 1079
193 1077
194 1068
195 1233
196 1338
197 1406
198 1402
199 1449
200 1514
201 1598
202 1632
203 1663
204 1739
205 1934
206 1859
207 1835
208 1950
209 1956
210 2001
211 2005
212 2102
213 2271
214 2304
215 2428
216 2277
217 2453
218 2486
219 2385
220 2473
221 2515
222 2668
223 2697
224 2786
225 2900
226 3040
227 3239
228 3124
229 3055
230 2939
231 2904
232 2938
233 3066
234 3028
235 2842
236 2811
237 2777
238 2847
239 2660
240 2633
241 2522
242 2488
243 2363
244 2254
245 2257
246 2103
247 2178
248 2056
249 2182
250 2137
251 1974
252 1910
253 2046
254 2041
255 1900
256 1960
257 1847
258 1841
259 1748
260 1706
261 1677
262 1573
263 1465
264 1449
265 1430
266 1397
267 1307
268 1295
269 1224
270 1176
271 1100
272 1130
273 1096
274 1086
275 1025
276 970
277 893
278 909
279 892
280 932
281 862
282 735
283 747
284 775
285 684
286 680
287 624
288 624
289 626
290 596
291 528
292 535
293 499
294 428
295 491
296 388
297 388
298 336
299 335
300 326
301 313
302 323
303 274
304 263
305 263
306 199
307 219
308 223
309 223
310 194
311 186
312 175
313 172
314 130
315 166
316 168
317 141
318 138
319 156
320 154
321 133
322 107
323 117
324 92
325 94
326 80
327 87
328 83
329 63
330 59
331 63
332 47
333 41
334 35
335 22
336 19
337 27
338 14
339 11
340 3
341 10
342 7
343 10
344 10
345 4
346 0
347 4
348 2
349 7
350 1
351 1
352 2
353 1
354 0
355 2
356 1
357 2
358 0
359 0
360 0
361 0
362 0
363 0
364 0
365 0
366 0
367 0
368 0
369 0
370 0
371 2
