0 0
1 0
2 0
3 0
4 0
5 0
6 0
7 0
8 0
9 0
10 0
11 0
12 0
13 0
14 0
15 0
16 0
17 0
18 0
19 0
20 0
21 0
22 0
23 0
24 0
25 0
26 0
27 0
28 0
29 0
30 0
31 0
32 0
33 0
34 0
35 0
36 0
37 0
38 0
39 0
40 0
41 0
42 0
43 0
44 0
45 0
46 0
47 0
48 0
49 0
50 0
51 0
52 0
53 0
54 0
55 0
56 0
57 0
58 0
59 2
60 0
61 0
62 0
63 0
64 0
65 0
66 0
67 0
68 0
69 0
70 0
71 0
72 0
73 0
74 0
75 0
76 0
77 0
78 0
79 0
80 0
81 0
82 0
83 0
84 0
85 1
86 0
87 0
88 0
89 0
90 0
91 0
92 0
93 0
94 1
95 0
96 1
97 0
98 1
99 1
100 0
101 2
102 0
103 1
104 0
105 0
106 3
107 1
108 3
109 0
110 2
111 2
112 1
113 3
114 7
115 6
116 2
117 1
118 10
119 1
120 5
121 7
122 1
123 0
124 1
125 0
126 3
127 2
128 6
129 8
130 4
131 2
132 7
133 4
134 11
135 8
136 3
137 7
138 10
139 19
140 19
141 23
142 27
143 35
144 48
145 41
146 52
147 74
148 77
149 94
150 125
151 126
152 127
153 142
154 199
155 253
156 221
157 196
158 263
159 261
160 306
161 281
162 344
163 384
164 419
165 389
166 446
167 487
168 504
169 538
170 546
171 588
172 668
173 626
174 656
175 709
176 729
177 716
178 828
179 826
180 826
181 824
182 839
183 907
184 979
185 977
186 1008
187 1115
188 1103
189 1128
190 1111
191 1162
192 1194
193 1257
194 1167
195 1195
196 1302
197 1365
198 1363
199 1368
200 1364
201 1327
202 1396
203 1488
204 1431
205 1619
206 1726
207 1599
208 1750
209 1605
210 1665
211 1764
212 1804
213 2006
214 1951
215 1978
216 2150
217 2218
218 2181
219 2253
220 2282
221 2353
222 2634
223 2718
224 2900
225 3009
226 3233
227 3005
228 3264
229 3252
230 3126
231 3181
232 3170
233 3062
234 2936
235 2668
236 2658
237 2549
238 2626
239 2516
240 2478
241 2556
242 2703
243 2692
244 2617
245 2558
246 2376
247 2411
248 2355
249 2445
250 2301
251 2330
252 2166
253 2284
254 2091
255 2238
256 2226
257 2294
258 2279
259 2206
260 2186
261 2155
262 2067
263 1987
264 1904
265 1743
266 1854
267 1700
268 1603
269 1555
270 1706
271 1590
272 1504
273 1473
274 1465
275 1274
276 1257
277 1175
278 998
279 948
280 794
281 768
282 666
283 688
284 613
285 568
286 476
287 464
288 456
289 395
290 408
291 384
292 344
293 375
294 327
295 326
296 286
297 330
298 289
299 264
300 236
301 225
302 210
303 234
304 191
305 171
306 147
307 142
308 157
309 125
310 122
311 124
312 95
313 123
314 126
315 108
316 143
317 132
318 119
319 123
320 125
321 109
322 88
323 102
324 72
325 78
326 45
327 53
328 37
329 36
330 41
331 36
332 28
333 20
334 29
335 11
336 13
337 15
338 13
339 21
340 13
341 15
342 11
343 15
344 13
345 5
346 7
347 6
348 5
349 3
350 8
351 2
352 3
353 2
354 4
355 1
356 3
357 2
358 2
359 0
360 1
