0 0
1 0
2 0
3 0
4 0
5 0
6 0
7 0
8 0
9 0
10 0
11 0
12 0
13 0
14 0
15 0
16 0
17 0
18 0
19 0
20 0
21 0
22 0
23 0
24 0
25 0
26 0
27 0
28 0
29 0
30 0
31 0
32 0
33 0
34 0
35 0
36 0
37 0
38 0
39 0
40 0
41 0
42 0
43 0
44 0
45 0
46 0
47 0
48 0
49 0
50 0
51 0
52 0
53 0
54 0
55 0
56 0
57 0
58 0
59 0
60 0
61 0
62 0
63 0
64 0
65 0
66 0
67 0
68 0
69 0
70 0
71 0
72 0
73 0
74 0
75 0
76 0
77 0
78 0
79 0
80 0
81 0
82 0
83 0
84 0
85 0
86 0
87 0
88 1
89 0
90 0
91 0
92 0
93 0
94 0
95 0
96 3
97 0
98 0
99 0
100 1
101 0
102 0
103 1
104 0
105 0
106 1
107 3
108 8
109 9
110 12
111 6
112 5
113 12
114 13
115 12
116 12
117 21
118 29
119 44
120 53
121 44
122 69
123 90
124 121
125 119
126 163
127 164
128 229
129 186
130 176
131 203
132 214
133 202
134 273
135 226
136 279
137 298
138 325
139 301
140 376
141 455
142 425
143 512
144 571
145 612
146 641
147 663
148 723
149 769
150 966
151 984
152 1105
153 1109
154 1282
155 1104
156 1191
157 1263
158 1281
159 1324
160 1311
161 1293
162 1385
163 1276
164 1242
165 1393
166 1348
167 1412
168 1515
169 1431
170 1512
171 1516
172 1612
173 1661
174 1769
175 1810
176 1789
177 1970
178 1834
179 1952
180 1928
181 2034
182 2051
183 1942
184 2016
185 1985
186 1941
187 1915
188 1987
189 2010
190 2046
191 2039
192 2064
193 2011
194 2155
195 2070
196 2057
197 2355
198 2125
199 2179
200 2137
201 2103
202 1984
203 2042
204 2114
205 2024
206 1793
207 1940
208 1805
209 1887
210 1756
211 1701
212 1805
213 1857
214 1745
215 1766
216 1748
217 1773
218 1772
219 1781
220 1729
221 1777
222 1832
223 1806
224 1814
225 1887
226 1834
227 1825
228 1736
229 1736
230 1950
231 1853
232 1854
233 1888
234 1913
235 1988
236 1975
237 2101
238 2353
239 2306
240 2434
241 2392
242 2316
243 2144
244 1983
245 1877
246 1741
247 1494
248 1464
249 1482
250 1406
251 1412
252 1339
253 1306
254 1205
255 1168
256 1261
257 1115
258 1198
259 1110
260 1092
261 1040
262 994
263 939
264 907
265 879
266 847
267 852
268 768
269 804
270 750
271 690
272 605
273 615
274 624
275 598
276 553
277 523
278 487
279 438
280 424
281 368
282 332
283 337
284 338
285 319
286 274
287 265
288 247
289 270
290 232
291 187
292 213
293 167
294 197
295 154
296 130
297 109
298 79
299 105
300 98
301 63
302 57
303 69
304 41
305 50
306 39
307 23
308 40
309 38
310 24
311 31
312 23
313 14
314 24
315 24
316 17
317 8
318 6
319 11
320 6
321 7
322 6
323 8
324 8
325 12
326 8
327 8
328 9
329 3
330 0
331 4
332 1
333 3
334 3
335 0
336 0
337 0
338 0
339 1
