0 0
1 0
2 0
3 0
4 0
5 0
6 0
7 0
8 0
9 0
10 0
11 0
12 0
13 0
14 0
15 0
16 0
17 0
18 0
19 0
20 0
21 0
22 0
23 0
24 0
25 0
26 0
27 0
28 0
29 0
30 0
31 0
32 0
33 0
34 0
35 0
36 0
37 0
38 0
39 0
40 0
41 0
42 0
43 0
44 0
45 0
46 0
47 0
48 0
49 0
50 0
51 0
52 0
53 0
54 0
55 0
56 0
57 0
58 0
59 0
60 0
61 0
62 0
63 0
64 0
65 0
66 0
67 0
68 0
69 0
70 0
71 0
72 0
73 0
74 0
75 0
76 0
77 0
78 0
79 0
80 0
81 0
82 0
83 0
84 0
85 0
86 0
87 0
88 0
89 0
90 0
91 0
92 0
93 0
94 0
95 0
96 0
97 0
98 0
99 1
100 0
101 1
102 1
103 2
104 1
105 2
106 1
107 0
108 4
109 4
110 2
111 5
112 2
113 3
114 7
115 4
116 14
117 9
118 9
119 9
120 8
121 4
122 12
123 3
124 10
125 18
126 18
127 21
128 13
129 17
130 13
131 13
132 21
133 14
134 19
135 16
136 10
137 19
138 20
139 18
140 16
141 27
142 18
143 11
144 23
145 18
146 17
147 18
148 17
149 24
150 12
151 19
152 16
153 31
154 19
155 27
156 29
157 24
158 29
159 22
160 43
161 23
162 24
163 42
164 39
165 45
166 38
167 48
168 40
169 50
170 39
171 67
172 72
173 68
174 77
175 104
176 81
177 94
178 120
179 102
180 118
181 109
182 135
183 114
184 99
185 142
186 132
187 167
188 175
189 195
190 214
191 261
192 205
193 224
194 291
195 308
196 313
197 409
198 337
199 358
200 358
201 389
202 402
203 435
204 419
205 528
206 490
207 549
208 623
209 611
210 746
211 766
212 739
213 747
214 854
215 842
216 913
217 962
218 924
219 983
220 1214
221 1175
222 1157
223 1177
224 1219
225 1261
226 1314
227 1330
228 1447
229 1459
230 1497
231 1637
232 1719
233 1847
234 1851
235 2051
236 1991
237 2125
238 2227
239 2272
240 2255
241 2285
242 2325
243 2509
244 2452
245 2514
246 2604
247 2618
248 2462
249 2587
250 2563
251 2444
252 2594
253 2759
254 2730
255 2776
256 2878
257 3099
258 3023
259 2776
260 2829
261 2667
262 2658
263 2692
264 2759
265 2829
266 2827
267 2815
268 2875
269 2876
270 2671
271 2644
272 2570
273 2424
274 2329
275 2313
276 2219
277 2173
278 2218
279 2107
280 1981
281 1983
282 1971
283 1952
284 1792
285 1797
286 1685
287 1555
288 1583
289 1495
290 1439
291 1417
292 1423
293 1293
294 1204
295 1234
296 1245
297 1239
298 1194
299 1148
300 1255
301 1160
302 1183
303 1212
304 1160
305 1113
306 1159
307 1186
308 1144
309 1129
310 1151
311 1129
312 1053
313 1123
314 1064
315 1036
316 887
317 911
318 841
319 813
320 782
321 695
322 793
323 666
324 685
325 622
326 615
327 537
328 531
329 471
330 522
331 462
332 481
333 376
334 348
335 340
336 359
337 321
338 309
339 287
340 267
341 265
342 284
343 235
344 273
345 224
346 162
347 178
348 174
349 163
350 135
351 106
352 109
353 85
354 84
355 74
356 52
357 56
358 23
359 34
360 32
361 19
362 19
363 9
364 21
365 22
366 12
367 22
368 19
369 21
370 12
371 14
372 21
373 21
374 9
375 20
376 12
377 17
378 14
379 18
380 13
381 10
382 18
383 5
384 10
385 3
386 12
387 8
388 6
389 2
390 2
391 1
392 0
393 0
394 0
395 1
396 1
397 1
398 1
399 1
400 0
401 0
402 1
403 0
404 1
405 0
406 0
407 0
408 1
