0 0
1 0
2 0
3 0
4 0
5 0
6 0
7 0
8 0
9 0
10 0
11 0
12 0
13 0
14 0
15 0
16 0
17 0
18 0
19 0
20 0
21 0
22 0
23 0
24 0
25 0
26 0
27 0
28 0
29 0
30 0
31 0
32 0
33 0
34 0
35 0
36 0
37 0
38 0
39 0
40 0
41 0
42 0
43 0
44 0
45 0
46 0
47 0
48 0
49 0
50 0
51 0
52 0
53 0
54 0
55 0
56 0
57 0
58 0
59 0
60 0
61 0
62 0
63 0
64 0
65 0
66 0
67 0
68 0
69 0
70 0
71 0
72 0
73 0
74 0
75 0
76 0
77 0
78 0
79 0
80 0
81 0
82 0
83 0
84 0
85 0
86 0
87 0
88 0
89 0
90 0
91 0
92 0
93 0
94 0
95 0
96 0
97 0
98 0
99 0
100 0
101 0
102 0
103 0
104 0
105 0
106 0
107 0
108 0
109 0
110 1
111 0
112 0
113 0
114 0
115 2
116 0
117 0
118 0
119 2
120 0
121 0
122 0
123 0
124 1
125 0
126 1
127 0
128 0
129 0
130 5
131 1
132 1
133 1
134 6
135 2
136 4
137 6
138 4
139 7
140 12
141 19
142 28
143 41
144 46
145 59
146 61
147 81
148 64
149 75
150 91
151 80
152 84
153 96
154 94
155 75
156 99
157 59
158 70
159 73
160 67
161 81
162 82
163 71
164 96
165 101
166 121
167 153
168 144
169 127
170 254
171 204
172 243
173 203
174 241
175 228
176 269
177 272
178 244
179 323
180 335
181 327
182 375
183 435
184 438
185 536
186 556
187 629
188 756
189 766
190 868
191 889
192 931
193 1007
194 1037
195 1052
196 1249
197 1277
198 1400
199 1357
200 1414
201 1552
202 1517
203 1632
204 1663
205 1709
206 1826
207 1911
208 1890
209 2197
210 2216
211 2471
212 2422
213 2645
214 2606
215 2779
216 3025
217 3085
218 2980
219 2953
220 3167
221 3154
222 3193
223 3173
224 3196
225 3259
226 3054
227 3209
228 3282
229 3300
230 3212
231 3187
232 3046
233 2904
234 2962
235 3175
236 3024
237 2967
238 3171
239 3055
240 2894
241 2750
242 2843
243 2879
244 2759
245 2675
246 2714
247 2442
248 2520
249 2434
250 2504
251 2369
252 2318
253 2218
254 2178
255 2021
256 1957
257 1928
258 1924
259 1736
260 1616
261 1607
262 1512
263 1482
264 1459
265 1486
266 1335
267 1314
268 1235
269 1271
270 1166
271 1125
272 1188
273 1216
274 1151
275 1121
276 1101
277 1130
278 1148
279 1090
280 941
281 946
282 971
283 870
284 829
285 808
286 767
287 767
288 687
289 738
290 609
291 594
292 501
293 478
294 452
295 394
296 415
297 345
298 363
299 354
300 290
301 266
302 308
303 309
304 303
305 272
306 281
307 279
308 272
309 278
310 265
311 265
312 255
313 288
314 290
315 267
316 315
317 323
318 265
319 251
320 171
321 124
322 93
323 72
324 27
325 14
326 21
327 22
328 18
329 11
330 10
331 17
332 18
333 8
334 19
335 7
336 6
337 3
338 8
339 4
340 12
341 6
342 4
343 4
344 3
345 3
346 1
347 1
348 1
349 8
350 4
351 0
352 1
353 3
354 0
355 3
356 2
357 2
358 0
359 0
360 0
361 0
362 0
363 1
