0 0
1 0
2 0
3 0
4 0
5 0
6 0
7 0
8 0
9 0
10 0
11 0
12 0
13 0
14 0
15 0
16 0
17 0
18 0
19 0
20 0
21 0
22 0
23 0
24 0
25 0
26 0
27 0
28 0
29 0
30 0
31 0
32 0
33 0
34 0
35 0
36 0
37 0
38 0
39 0
40 0
41 0
42 0
43 0
44 0
45 0
46 0
47 0
48 0
49 0
50 0
51 0
52 0
53 0
54 0
55 0
56 0
57 0
58 0
59 0
60 0
61 0
62 0
63 0
64 0
65 0
66 0
67 0
68 0
69 0
70 0
71 0
72 0
73 0
74 0
75 0
76 0
77 0
78 0
79 0
80 0
81 0
82 0
83 0
84 0
85 0
86 0
87 0
88 0
89 0
90 0
91 0
92 0
93 0
94 2
95 0
96 0
97 2
98 3
99 3
100 4
101 4
102 4
103 11
104 4
105 8
106 8
107 4
108 6
109 8
110 11
111 6
112 7
113 14
114 15
115 11
116 25
117 17
118 14
119 31
120 30
121 22
122 38
123 33
124 28
125 30
126 26
127 55
128 51
129 50
130 49
131 79
132 80
133 122
134 156
135 162
136 193
137 208
138 277
139 280
140 284
141 399
142 360
143 410
144 364
145 358
146 360
147 342
148 331
149 353
150 379
151 358
152 399
153 465
154 452
155 475
156 501
157 555
158 542
159 572
160 614
161 737
162 751
163 669
164 759
165 692
166 713
167 805
168 816
169 840
170 858
171 873
172 839
173 963
174 1001
175 1070
176 1201
177 1154
178 1189
179 1403
180 1433
181 1474
182 1537
183 1637
184 1665
185 1673
186 1895
187 1888
188 2036
189 2097
190 2211
191 2193
192 2389
193 2386
194 2415
195 2569
196 2368
197 2556
198 2425
199 2415
200 2334
201 2175
202 2272
203 2169
204 2442
205 2223
206 2274
207 2418
208 2411
209 2530
210 2399
211 2274
212 2243
213 2174
214 2207
215 2024
216 2172
217 2125
218 2128
219 2126
220 1943
221 2063
222 2080
223 1912
224 1933
225 1870
226 1887
227 1800
228 2006
229 1847
230 1940
231 2094
232 2104
233 2185
234 2085
235 2166
236 2102
237 1999
238 1925
239 1852
240 1816
241 1760
242 1759
243 1620
244 1558
245 1693
246 1447
247 1524
248 1565
249 1454
250 1531
251 1562
252 1517
253 1597
254 1487
255 1470
256 1394
257 1339
258 1266
259 1308
260 1108
261 1052
262 1014
263 1144
264 953
265 963
266 977
267 864
268 841
269 778
270 766
271 738
272 759
273 775
274 732
275 773
276 758
277 703
278 701
279 774
280 772
281 786
282 859
283 785
284 874
285 938
286 845
287 805
288 735
289 721
290 590
291 670
292 562
293 651
294 545
295 464
296 461
297 318
298 308
299 291
300 287
301 238
302 254
303 215
304 186
305 217
306 187
307 174
308 162
309 177
310 172
311 164
312 149
313 185
314 133
315 125
316 154
317 139
318 130
319 105
320 124
321 109
322 105
323 92
324 85
325 70
326 81
327 67
328 63
329 55
330 73
331 71
332 71
333 44
334 62
335 45
336 49
337 62
338 43
339 41
340 53
341 39
342 56
343 76
344 63
345 67
346 65
347 64
348 61
349 47
350 48
351 35
352 29
353 28
354 18
355 31
356 23
357 13
358 16
359 3
360 8
361 4
362 6
363 1
364 8
365 4
366 7
367 6
368 3
369 7
370 4
371 5
372 6
373 3
374 2
375 6
376 3
377 2
378 4
379 4
380 1
381 2
382 2
383 3
384 2
385 1
386 0
387 1
388 0
389 0
390 0
391 0
392 2
393 0
394 0
395 1
396 1
