0 0
1 0
2 0
3 0
4 0
5 0
6 0
7 0
8 0
9 0
10 0
11 0
12 0
13 0
14 0
15 0
16 0
17 0
18 0
19 0
20 0
21 0
22 0
23 0
24 0
25 0
26 0
27 0
28 0
29 0
30 0
31 0
32 0
33 0
34 0
35 0
36 0
37 0
38 0
39 0
40 0
41 0
42 0
43 0
44 0
45 0
46 0
47 0
48 0
49 0
50 0
51 0
52 0
53 0
54 0
55 0
56 0
57 0
58 0
59 0
60 0
61 0
62 0
63 0
64 0
65 0
66 0
67 0
68 0
69 0
70 0
71 0
72 0
73 0
74 0
75 0
76 0
77 0
78 0
79 0
80 0
81 0
82 0
83 0
84 0
85 0
86 0
87 0
88 0
89 0
90 0
91 0
92 0
93 0
94 0
95 0
96 0
97 0
98 0
99 0
100 0
101 0
102 0
103 0
104 0
105 0
106 0
107 0
108 0
109 0
110 0
111 0
112 0
113 0
114 0
115 0
116 0
117 0
118 0
119 1
120 0
121 0
122 2
123 0
124 1
125 0
126 2
127 2
128 9
129 7
130 9
131 5
132 11
133 17
134 33
135 32
136 31
137 46
138 31
139 56
140 46
141 53
142 53
143 76
144 60
145 72
146 64
147 58
148 64
149 53
150 68
151 67
152 61
153 46
154 90
155 92
156 72
157 90
158 94
159 90
160 101
161 115
162 100
163 152
164 152
165 153
166 183
167 151
168 177
169 218
170 180
171 236
172 188
173 246
174 277
175 302
176 280
177 303
178 358
179 310
180 332
181 407
182 411
183 439
184 457
185 468
186 536
187 556
188 604
189 728
190 775
191 850
192 933
193 992
194 1056
195 1088
196 1256
197 1310
198 1360
199 1513
200 1559
201 1560
202 1594
203 1563
204 1724
205 1841
206 1934
207 2044
208 2081
209 2303
210 2446
211 2637
212 2695
213 2743
214 2695
215 2885
216 2718
217 2837
218 2833
219 2970
220 2691
221 2630
222 2667
223 2704
224 2524
225 2566
226 2716
227 2633
228 2528
229 2631
230 2592
231 2678
232 2597
233 2589
234 2498
235 2661
236 2415
237 2464
238 2444
239 2404
240 2544
241 2388
242 2286
243 2368
244 2509
245 2548
246 2559
247 2361
248 2333
249 2245
250 2244
251 2180
252 2159
253 2059
254 2136
255 2170
256 2366
257 2218
258 2413
259 2411
260 2522
261 2348
262 2334
263 2424
264 2268
265 2172
266 2033
267 1967
268 1813
269 1631
270 1564
271 1391
272 1375
273 1277
274 1235
275 1188
276 1039
277 1064
278 1085
279 982
280 1009
281 893
282 882
283 841
284 810
285 831
286 785
287 747
288 773
289 726
290 745
291 636
292 638
293 580
294 529
295 574
296 484
297 514
298 495
299 588
300 541
301 490
302 544
303 464
304 422
305 434
306 410
307 407
308 353
309 267
310 309
311 259
312 268
313 233
314 208
315 197
316 189
317 150
318 148
319 101
320 111
321 91
322 97
323 73
324 73
325 75
326 67
327 52
328 65
329 67
330 44
331 29
332 42
333 54
334 39
335 64
336 62
337 59
338 47
339 40
340 43
341 30
342 30
343 15
344 10
345 9
346 3
347 5
348 3
349 1
350 1
351 1
352 1
353 0
354 2
355 1
356 0
357 0
358 1
