0 0
1 0
2 0
3 0
4 0
5 0
6 0
7 0
8 0
9 0
10 0
11 0
12 0
13 0
14 0
15 0
16 0
17 0
18 0
19 0
20 0
21 0
22 0
23 0
24 0
25 0
26 0
27 0
28 0
29 0
30 0
31 0
32 0
33 0
34 0
35 0
36 0
37 0
38 0
39 0
40 0
41 0
42 0
43 0
44 0
45 0
46 0
47 0
48 0
49 0
50 0
51 0
52 0
53 0
54 0
55 0
56 0
57 0
58 0
59 0
60 0
61 0
62 0
63 0
64 0
65 0
66 0
67 0
68 0
69 0
70 0
71 0
72 0
73 0
74 0
75 0
76 0
77 0
78 0
79 0
80 0
81 0
82 0
83 0
84 0
85 0
86 1
87 0
88 0
89 0
90 0
91 0
92 0
93 0
94 0
95 0
96 0
97 0
98 0
99 1
100 1
101 0
102 0
103 0
104 1
105 0
106 2
107 1
108 2
109 2
110 3
111 0
112 0
113 0
114 3
115 2
116 0
117 3
118 4
119 4
120 6
121 2
122 2
123 5
124 5
125 10
126 5
127 7
128 13
129 19
130 8
131 27
132 25
133 19
134 16
135 20
136 13
137 22
138 21
139 20
140 14
141 15
142 31
143 25
144 15
145 14
146 28
147 14
148 18
149 22
150 20
151 28
152 24
153 53
154 40
155 75
156 66
157 84
158 76
159 87
160 91
161 83
162 80
163 91
164 115
165 110
166 97
167 127
168 98
169 101
170 97
171 84
172 98
173 103
174 99
175 102
176 112
177 122
178 124
179 143
180 171
181 152
182 180
183 189
184 289
185 262
186 291
187 327
188 342
189 396
190 402
191 386
192 513
193 528
194 644
195 708
196 937
197 993
198 1092
199 1276
200 1282
201 1217
202 1238
203 1328
204 1139
205 1143
206 1116
207 1011
208 1029
209 1034
210 988
211 1079
212 1024
213 959
214 1016
215 1145
216 1136
217 1127
218 1227
219 1178
220 1218
221 1291
222 1303
223 1212
224 1252
225 1284
226 1350
227 1206
228 1372
229 1531
230 1442
231 1409
232 1501
233 1492
234 1551
235 1610
236 1548
237 1538
238 1705
239 1677
240 1675
241 1656
242 1758
243 1736
244 1913
245 1872
246 1992
247 2194
248 2094
249 2256
250 2396
251 2572
252 2522
253 2667
254 2509
255 2528
256 2802
257 2593
258 2609
259 2618
260 2504
261 2570
262 2560
263 2654
264 2659
265 2762
266 2691
267 2829
268 2763
269 2741
270 2451
271 2372
272 2321
273 2260
274 2088
275 2007
276 2024
277 2032
278 1908
279 1859
280 1789
281 1770
282 1745
283 1715
284 1682
285 1701
286 1778
287 1593
288 1565
289 1765
290 1558
291 1471
292 1539
293 1526
294 1528
295 1541
296 1582
297 1507
298 1472
299 1483
300 1387
301 1394
302 1283
303 1307
304 1266
305 1260
306 1196
307 1182
308 1160
309 1188
310 1112
311 1071
312 1160
313 1105
314 1003
315 893
316 910
317 824
318 772
319 676
320 576
321 669
322 635
323 589
324 526
325 455
326 467
327 408
328 437
329 391
330 336
331 282
332 268
333 282
334 276
335 231
336 252
337 195
338 185
339 228
340 190
341 135
342 141
343 101
344 128
345 106
346 84
347 95
348 83
349 86
350 87
351 65
352 58
353 67
354 66
355 34
356 67
357 65
358 49
359 30
360 46
361 28
362 19
363 15
364 11
365 22
366 15
367 10
368 4
369 6
370 14
371 7
372 5
373 3
374 4
375 8
376 7
377 6
378 3
379 0
380 7
381 6
382 1
383 8
384 1
385 3
386 6
387 4
388 6
389 4
390 2
391 1
392 8
393 3
