0 0
1 0
2 0
3 0
4 0
5 0
6 0
7 0
8 0
9 0
10 0
11 0
12 0
13 0
14 0
15 0
16 0
17 0
18 0
19 0
20 0
21 0
22 0
23 0
24 0
25 0
26 0
27 0
28 0
29 0
30 0
31 0
32 0
33 0
34 0
35 0
36 0
37 0
38 0
39 0
40 0
41 0
42 0
43 0
44 0
45 0
46 0
47 0
48 0
49 0
50 0
51 0
52 0
53 0
54 0
55 0
56 0
57 0
58 0
59 0
60 0
61 0
62 0
63 0
64 0
65 0
66 0
67 0
68 0
69 0
70 0
71 0
72 0
73 0
74 0
75 0
76 0
77 0
78 0
79 0
80 0
81 0
82 0
83 0
84 0
85 0
86 0
87 0
88 0
89 0
90 0
91 0
92 0
93 0
94 0
95 0
96 0
97 0
98 0
99 0
100 0
101 0
102 0
103 0
104 0
105 0
106 0
107 0
108 0
109 1
110 0
111 0
112 1
113 0
114 0
115 0
116 0
117 1
118 1
119 1
120 2
121 2
122 0
123 0
124 0
125 1
126 2
127 4
128 4
129 5
130 3
131 5
132 3
133 3
134 9
135 5
136 10
137 9
138 1
139 3
140 6
141 8
142 11
143 11
144 5
145 7
146 15
147 18
148 17
149 16
150 13
151 18
152 8
153 19
154 15
155 27
156 22
157 16
158 18
159 29
160 32
161 41
162 50
163 60
164 65
165 65
166 53
167 51
168 81
169 118
170 90
171 95
172 121
173 140
174 135
175 173
176 192
177 205
178 269
179 268
180 294
181 307
182 317
183 386
184 465
185 401
186 523
187 514
188 511
189 604
190 584
191 757
192 829
193 876
194 991
195 1026
196 1155
197 1209
198 1420
199 1435
200 1395
201 1656
202 1582
203 1720
204 1678
205 1720
206 1708
207 1675
208 1759
209 1852
210 1881
211 1990
212 2094
213 2084
214 2216
215 2142
216 2260
217 2394
218 2287
219 2474
220 2531
221 2621
222 2671
223 2933
224 2863
225 3007
226 3077
227 3278
228 3314
229 3308
230 3321
231 3449
232 3422
233 3356
234 3477
235 3473
236 3423
237 3171
238 3208
239 3162
240 3298
241 3124
242 3068
243 2987
244 3037
245 2890
246 2792
247 2737
248 2576
249 2519
250 2340
251 2242
252 2236
253 2170
254 2103
255 2044
256 2072
257 2086
258 2138
259 2035
260 1998
261 2068
262 1999
263 1681
264 1818
265 1796
266 1748
267 1732
268 1666
269 1633
270 1661
271 1625
272 1645
273 1487
274 1409
275 1408
276 1294
277 1289
278 1145
279 1154
280 1102
281 1025
282 1048
283 1001
284 897
285 777
286 813
287 748
288 691
289 618
290 551
291 614
292 556
293 572
294 569
295 573
296 557
297 532
298 495
299 526
300 539
301 551
302 422
303 443
304 398
305 354
306 292
307 292
308 214
309 195
310 144
311 148
312 114
313 130
314 111
315 78
316 86
317 70
318 67
319 56
320 63
321 40
322 33
323 36
324 26
325 21
326 24
327 24
328 21
329 22
330 12
331 15
332 11
333 9
334 8
335 8
336 16
337 7
338 11
339 8
340 8
341 9
342 10
343 14
344 4
345 12
346 6
347 9
348 13
349 8
350 10
351 25
352 21
353 8
354 13
355 13
356 12
357 3
358 8
359 13
360 11
361 6
362 0
363 3
364 3
365 3
366 2
367 1
