0 0
1 0
2 0
3 0
4 0
5 0
6 0
7 0
8 0
9 0
10 0
11 0
12 0
13 0
14 0
15 0
16 0
17 0
18 0
19 0
20 0
21 0
22 0
23 0
24 0
25 0
26 0
27 0
28 0
29 0
30 0
31 0
32 0
33 0
34 0
35 0
36 0
37 0
38 0
39 0
40 0
41 0
42 0
43 0
44 0
45 0
46 0
47 0
48 0
49 0
50 0
51 0
52 0
53 0
54 0
55 0
56 0
57 0
58 0
59 0
60 0
61 0
62 0
63 0
64 0
65 0
66 0
67 0
68 0
69 0
70 0
71 0
72 0
73 0
74 0
75 0
76 0
77 0
78 0
79 0
80 0
81 0
82 0
83 0
84 0
85 0
86 0
87 0
88 0
89 0
90 0
91 0
92 0
93 0
94 0
95 0
96 0
97 0
98 0
99 0
100 0
101 0
102 2
103 1
104 1
105 3
106 2
107 3
108 5
109 14
110 8
111 32
112 29
113 17
114 37
115 59
116 50
117 36
118 43
119 30
120 66
121 38
122 26
123 28
124 47
125 53
126 57
127 64
128 62
129 74
130 76
131 122
132 67
133 85
134 111
135 151
136 164
137 142
138 178
139 224
140 248
141 266
142 285
143 341
144 365
145 349
146 361
147 378
148 395
149 403
150 468
151 427
152 452
153 518
154 546
155 503
156 577
157 613
158 636
159 690
160 712
161 750
162 778
163 839
164 868
165 962
166 955
167 1005
168 1076
169 1121
170 1182
171 1167
172 1388
173 1193
174 1346
175 1232
176 1431
177 1392
178 1567
179 1540
180 1550
181 1717
182 1797
183 2035
184 2053
185 2131
186 2401
187 2280
188 2348
189 2259
190 2341
191 2418
192 2567
193 2654
194 2643
195 2820
196 2726
197 2774
198 2735
199 2741
200 2527
201 2524
202 2408
203 2506
204 2374
205 2431
206 2305
207 2187
208 2133
209 2226
210 2189
211 2138
212 2175
213 2234
214 2158
215 2226
216 2203
217 2173
218 2156
219 2143
220 2202
221 2157
222 2240
223 2237
224 2298
225 2267
226 2101
227 2250
228 2290
229 2223
230 2209
231 2276
232 2161
233 2248
234 2089
235 2195
236 2047
237 2087
238 2155
239 2044
240 2070
241 1979
242 2050
243 1901
244 1964
245 1809
246 1800
247 1782
248 1797
249 1679
250 1660
251 1584
252 1535
253 1350
254 1297
255 1387
256 1279
257 1441
258 1163
259 1174
260 1195
261 1140
262 1171
263 1259
264 1235
265 1075
266 958
267 721
268 725
269 625
270 679
271 597
272 579
273 533
274 446
275 483
276 510
277 476
278 500
279 480
280 378
281 305
282 277
283 215
284 188
285 204
286 184
287 158
288 153
289 109
290 120
291 124
292 105
293 121
294 85
295 73
296 89
297 75
298 63
299 52
300 45
301 13
302 20
303 28
304 15
305 18
306 15
307 6
308 12
309 6
310 7
311 0
312 5
313 3
314 0
315 0
316 0
317 0
318 0
319 0
320 0
321 1
322 0
323 0
324 0
325 0
326 0
327 1
328 1
329 0
330 0
331 3
