0 0
1 0
2 0
3 0
4 0
5 0
6 0
7 0
8 0
9 0
10 0
11 0
12 0
13 0
14 0
15 0
16 0
17 0
18 0
19 0
20 0
21 0
22 0
23 0
24 0
25 0
26 0
27 0
28 0
29 0
30 0
31 0
32 0
33 0
34 0
35 0
36 0
37 0
38 0
39 0
40 0
41 0
42 0
43 0
44 0
45 0
46 0
47 0
48 0
49 0
50 0
51 0
52 0
53 0
54 0
55 0
56 0
57 0
58 0
59 0
60 0
61 0
62 0
63 0
64 0
65 0
66 0
67 0
68 0
69 0
70 0
71 0
72 0
73 0
74 0
75 0
76 0
77 0
78 0
79 0
80 0
81 0
82 0
83 0
84 0
85 0
86 3
87 0
88 0
89 0
90 0
91 0
92 2
93 1
94 0
95 0
96 4
97 1
98 0
99 2
100 2
101 3
102 0
103 2
104 0
105 0
106 1
107 0
108 6
109 3
110 4
111 5
112 6
113 16
114 11
115 22
116 22
117 27
118 44
119 35
120 39
121 54
122 67
123 69
124 76
125 108
126 97
127 131
128 118
129 133
130 161
131 136
132 138
133 140
134 157
135 169
136 174
137 153
138 148
139 114
140 128
141 157
142 145
143 158
144 211
145 185
146 256
147 299
148 352
149 370
150 408
151 415
152 426
153 464
154 455
155 439
156 495
157 581
158 622
159 665
160 725
161 791
162 876
163 810
164 856
165 804
166 840
167 868
168 843
169 885
170 1009
171 936
172 940
173 1148
174 1147
175 1304
176 1366
177 1414
178 1430
179 1481
180 1633
181 1724
182 1684
183 1790
184 1891
185 1863
186 1916
187 1937
188 1831
189 1890
190 2055
191 2080
192 2037
193 2161
194 2233
195 2401
196 2386
197 2427
198 2609
199 2501
200 2650
201 2761
202 2776
203 2915
204 3078
205 3159
206 3104
207 3057
208 3165
209 3069
210 3070
211 2977
212 2941
213 2824
214 3089
215 2936
216 3007
217 2980
218 3115
219 3185
220 3139
221 3106
222 2925
223 2863
224 2937
225 2924
226 2714
227 2725
228 2673
229 2623
230 2528
231 2445
232 2274
233 2440
234 2263
235 2290
236 2196
237 2055
238 2030
239 2233
240 2012
241 1836
242 1881
243 1760
244 1651
245 1739
246 1592
247 1485
248 1472
249 1450
250 1346
251 1256
252 1273
253 1198
254 1163
255 1076
256 1123
257 1052
258 1045
259 929
260 860
261 746
262 768
263 686
264 713
265 676
266 548
267 530
268 475
269 393
270 370
271 352
272 315
273 289
274 245
275 269
276 249
277 217
278 209
279 172
280 178
281 151
282 107
283 119
284 99
285 76
286 66
287 80
288 53
289 60
290 45
291 26
292 34
293 21
294 21
295 20
296 16
297 18
298 13
299 17
300 6
301 8
302 9
303 3
304 4
305 1
306 2
307 4
308 1
309 1
310 0
311 1
312 0
313 2
314 1
315 0
316 0
317 0
318 2
319 0
320 0
321 1
