0 0
1 0
2 0
3 0
4 0
5 0
6 0
7 0
8 0
9 0
10 0
11 0
12 0
13 0
14 0
15 0
16 0
17 0
18 0
19 0
20 0
21 0
22 0
23 0
24 0
25 0
26 0
27 0
28 0
29 0
30 0
31 0
32 0
33 0
34 0
35 0
36 0
37 0
38 0
39 0
40 0
41 0
42 0
43 0
44 0
45 0
46 0
47 0
48 0
49 0
50 0
51 0
52 0
53 0
54 0
55 0
56 0
57 0
58 0
59 0
60 0
61 0
62 0
63 0
64 0
65 0
66 0
67 0
68 0
69 0
70 0
71 0
72 0
73 0
74 0
75 0
76 0
77 0
78 0
79 0
80 0
81 0
82 0
83 0
84 0
85 0
86 0
87 0
88 0
89 0
90 0
91 0
92 0
93 0
94 0
95 1
96 2
97 0
98 0
99 0
100 0
101 0
102 2
103 1
104 0
105 1
106 3
107 0
108 2
109 2
110 4
111 2
112 2
113 2
114 3
115 3
116 6
117 5
118 5
119 0
120 6
121 10
122 6
123 9
124 14
125 4
126 13
127 11
128 6
129 19
130 26
131 19
132 27
133 19
134 28
135 22
136 22
137 40
138 30
139 29
140 32
141 38
142 40
143 49
144 72
145 107
146 80
147 128
148 95
149 123
150 179
151 190
152 179
153 175
154 211
155 227
156 237
157 234
158 277
159 274
160 349
161 326
162 408
163 476
164 533
165 548
166 679
167 676
168 746
169 675
170 829
171 855
172 805
173 841
174 948
175 998
176 1075
177 1129
178 1236
179 1272
180 1216
181 1290
182 1358
183 1495
184 1477
185 1497
186 1645
187 1672
188 1744
189 1854
190 1888
191 1929
192 2031
193 2006
194 2026
195 1942
196 2083
197 2119
198 2226
199 2295
200 2369
201 2446
202 2676
203 2402
204 2441
205 2605
206 2574
207 2658
208 2677
209 2697
210 2391
211 2305
212 2257
213 2322
214 2190
215 2116
216 2192
217 2308
218 2180
219 2191
220 2327
221 2336
222 2236
223 2338
224 2365
225 2428
226 2487
227 2475
228 2362
229 2378
230 2145
231 2294
232 2304
233 2342
234 2329
235 2279
236 2188
237 2208
238 2266
239 2113
240 1996
241 2012
242 1919
243 1822
244 1797
245 1661
246 1818
247 1707
248 1870
249 1913
250 1881
251 1917
252 1987
253 1836
254 1830
255 1847
256 1752
257 1691
258 1579
259 1480
260 1352
261 1473
262 1337
263 1368
264 1413
265 1350
266 1255
267 1157
268 1086
269 992
270 942
271 950
272 938
273 839
274 793
275 809
276 805
277 837
278 826
279 763
280 746
281 685
282 672
283 557
284 532
285 571
286 566
287 532
288 517
289 420
290 434
291 430
292 403
293 503
294 427
295 436
296 489
297 405
298 366
299 347
300 341
301 278
302 261
303 235
304 210
305 193
306 167
307 156
308 156
309 153
310 141
311 111
312 113
313 118
314 123
315 90
316 134
317 114
318 94
319 87
320 93
321 97
322 101
323 93
324 95
325 103
326 68
327 82
328 63
329 96
330 53
331 60
332 60
333 68
334 51
335 45
336 31
337 38
338 29
339 22
340 14
341 16
342 14
343 9
344 16
345 12
346 11
347 13
348 7
349 17
350 11
351 10
352 8
353 10
354 5
355 8
356 9
357 6
358 10
359 10
360 15
361 6
362 12
363 6
364 12
365 5
366 4
367 8
368 1
369 2
370 4
371 1
372 0
373 0
374 1
