0 0
1 0
2 0
3 0
4 0
5 0
6 0
7 0
8 0
9 0
10 0
11 0
12 0
13 0
14 0
15 0
16 0
17 0
18 0
19 0
20 0
21 0
22 0
23 0
24 0
25 0
26 0
27 0
28 0
29 0
30 0
31 0
32 0
33 0
34 0
35 0
36 0
37 0
38 0
39 0
40 0
41 0
42 0
43 0
44 0
45 0
46 0
47 0
48 0
49 0
50 0
51 0
52 0
53 0
54 0
55 0
56 0
57 0
58 0
59 0
60 0
61 0
62 0
63 0
64 0
65 0
66 0
67 0
68 0
69 0
70 0
71 0
72 0
73 0
74 0
75 1
76 0
77 1
78 0
79 0
80 0
81 0
82 0
83 0
84 0
85 0
86 0
87 0
88 0
89 2
90 0
91 0
92 0
93 0
94 0
95 0
96 0
97 0
98 0
99 0
100 0
101 0
102 0
103 0
104 0
105 0
106 0
107 1
108 3
109 1
110 1
111 6
112 5
113 8
114 3
115 4
116 2
117 4
118 2
119 5
120 3
121 10
122 1
123 6
124 10
125 6
126 5
127 7
128 7
129 12
130 11
131 7
132 14
133 15
134 10
135 24
136 12
137 10
138 11
139 12
140 14
141 9
142 8
143 13
144 13
145 16
146 18
147 14
148 21
149 32
150 28
151 17
152 41
153 31
154 54
155 57
156 75
157 68
158 81
159 120
160 118
161 119
162 120
163 129
164 184
165 161
166 173
167 135
168 148
169 135
170 182
171 178
172 198
173 169
174 204
175 198
176 214
177 238
178 267
179 253
180 273
181 264
182 307
183 380
184 407
185 422
186 501
187 540
188 614
189 620
190 663
191 657
192 634
193 707
194 758
195 795
196 819
197 887
198 1018
199 1029
200 1045
201 1134
202 1194
203 1208
204 1380
205 1448
206 1553
207 1585
208 1746
209 1704
210 1742
211 1743
212 1794
213 1932
214 2023
215 2051
216 2271
217 2371
218 2416
219 2408
220 2523
221 2635
222 2539
223 2678
224 2512
225 2739
226 2527
227 2767
228 2631
229 2750
230 2698
231 2653
232 2643
233 2746
234 2651
235 2679
236 2610
237 2622
238 2610
239 2704
240 2493
241 2675
242 2523
243 2743
244 2740
245 2748
246 2850
247 2791
248 2838
249 2817
250 2719
251 2736
252 2971
253 2798
254 3066
255 2692
256 2874
257 2849
258 2734
259 2752
260 2675
261 2640
262 2627
263 2473
264 2365
265 2292
266 2238
267 2087
268 2018
269 2019
270 1831
271 1821
272 1780
273 1662
274 1602
275 1600
276 1526
277 1566
278 1458
279 1358
280 1287
281 1315
282 1212
283 1072
284 1081
285 955
286 941
287 862
288 786
289 745
290 743
291 702
292 669
293 556
294 507
295 521
296 520
297 472
298 424
299 411
300 366
301 364
302 368
303 343
304 296
305 271
306 270
307 266
308 229
309 177
310 216
311 180
312 169
313 146
314 168
315 142
316 132
317 187
318 180
319 136
320 161
321 187
322 153
323 167
324 147
325 119
326 104
327 96
328 58
329 39
330 25
331 27
332 20
333 12
334 7
335 14
336 7
337 6
338 7
339 4
340 9
341 3
342 0
343 6
344 2
345 0
346 1
347 2
348 3
349 1
350 0
351 1
352 0
353 0
354 0
355 2
356 0
357 0
358 0
359 0
360 2
