0 0
1 0
2 0
3 0
4 0
5 0
6 0
7 0
8 0
9 0
10 0
11 0
12 0
13 0
14 0
15 0
16 0
17 0
18 0
19 0
20 0
21 0
22 0
23 0
24 0
25 0
26 0
27 0
28 0
29 0
30 0
31 0
32 0
33 0
34 0
35 0
36 0
37 0
38 0
39 0
40 0
41 0
42 0
43 0
44 0
45 0
46 0
47 0
48 0
49 0
50 0
51 0
52 0
53 0
54 0
55 0
56 0
57 0
58 0
59 0
60 0
61 0
62 0
63 1
64 0
65 0
66 0
67 0
68 0
69 0
70 0
71 0
72 0
73 0
74 0
75 0
76 0
77 0
78 1
79 0
80 1
81 0
82 2
83 0
84 0
85 0
86 0
87 0
88 1
89 0
90 0
91 1
92 0
93 2
94 0
95 3
96 0
97 2
98 4
99 8
100 9
101 5
102 14
103 11
104 5
105 7
106 6
107 4
108 4
109 6
110 5
111 4
112 9
113 9
114 4
115 6
116 13
117 7
118 11
119 17
120 7
121 14
122 23
123 16
124 10
125 16
126 19
127 18
128 18
129 19
130 16
131 13
132 24
133 22
134 10
135 15
136 18
137 23
138 12
139 29
140 20
141 31
142 47
143 25
144 54
145 51
146 60
147 87
148 74
149 113
150 119
151 122
152 120
153 161
154 126
155 150
156 187
157 210
158 185
159 262
160 221
161 215
162 306
163 341
164 312
165 367
166 414
167 426
168 476
169 532
170 638
171 680
172 700
173 721
174 785
175 820
176 818
177 826
178 974
179 945
180 1202
181 1190
182 1099
183 1219
184 1194
185 1298
186 1392
187 1453
188 1478
189 1496
190 1604
191 1588
192 1592
193 1646
194 1707
195 1789
196 1903
197 2001
198 1960
199 2044
200 2105
201 2038
202 2097
203 1954
204 1979
205 2047
206 1930
207 1949
208 1971
209 2091
210 2162
211 2102
212 2174
213 2177
214 2284
215 2156
216 2085
217 2220
218 2286
219 2242
220 2206
221 2268
222 2277
223 2299
224 2172
225 2288
226 2209
227 2198
228 2091
229 2215
230 2271
231 2274
232 2270
233 2152
234 2228
235 2175
236 2220
237 2188
238 2041
239 2114
240 1885
241 2014
242 2031
243 1947
244 1915
245 1740
246 1793
247 1699
248 1652
249 1646
250 1485
251 1634
252 1627
253 1592
254 1535
255 1391
256 1456
257 1432
258 1434
259 1509
260 1471
261 1451
262 1506
263 1558
264 1458
265 1460
266 1499
267 1413
268 1323
269 1449
270 1456
271 1476
272 1576
273 1562
274 1599
275 1585
276 1529
277 1428
278 1372
279 1263
280 1069
281 1135
282 1055
283 976
284 990
285 967
286 970
287 903
288 965
289 945
290 923
291 953
292 888
293 813
294 796
295 701
296 710
297 673
298 614
299 548
300 551
301 511
302 491
303 439
304 414
305 384
306 373
307 312
308 301
309 311
310 264
311 250
312 227
313 226
314 170
315 139
316 167
317 154
318 153
319 121
320 162
321 110
322 111
323 99
324 100
325 101
326 90
327 86
328 65
329 105
330 96
331 74
332 67
333 68
334 68
335 87
336 93
337 89
338 71
339 72
340 72
341 85
342 77
343 84
344 65
345 75
346 68
347 60
348 58
349 56
350 66
351 49
352 51
353 44
354 38
355 27
356 18
357 24
358 18
359 25
360 18
361 36
362 26
363 31
364 34
365 20
366 39
367 26
368 25
369 27
370 16
371 18
372 9
373 9
374 16
375 9
376 8
377 15
378 10
379 8
380 7
381 7
382 7
383 11
384 8
385 5
386 8
387 9
388 5
389 11
390 7
391 12
392 7
393 9
394 9
395 9
396 5
397 1
398 2
399 4
400 3
401 3
402 2
403 2
