0 0
1 0
2 0
3 0
4 0
5 0
6 0
7 0
8 0
9 0
10 0
11 0
12 0
13 0
14 0
15 0
16 0
17 0
18 0
19 0
20 0
21 0
22 0
23 0
24 0
25 0
26 0
27 0
28 0
29 0
30 0
31 0
32 0
33 0
34 0
35 0
36 0
37 0
38 0
39 0
40 0
41 0
42 0
43 0
44 0
45 0
46 0
47 0
48 0
49 0
50 0
51 0
52 0
53 0
54 0
55 0
56 0
57 0
58 0
59 0
60 0
61 0
62 0
63 0
64 0
65 0
66 0
67 0
68 0
69 0
70 0
71 0
72 0
73 0
74 1
75 0
76 0
77 0
78 0
79 0
80 0
81 0
82 0
83 1
84 0
85 0
86 0
87 0
88 3
89 1
90 1
91 0
92 1
93 1
94 1
95 0
96 2
97 4
98 3
99 2
100 3
101 0
102 0
103 4
104 1
105 4
106 0
107 1
108 1
109 0
110 4
111 2
112 0
113 1
114 6
115 0
116 0
117 0
118 3
119 1
120 4
121 3
122 4
123 8
124 4
125 5
126 10
127 5
128 9
129 6
130 5
131 20
132 15
133 16
134 24
135 28
136 27
137 24
138 21
139 28
140 29
141 31
142 29
143 38
144 38
145 45
146 55
147 52
148 51
149 40
150 54
151 58
152 48
153 62
154 46
155 75
156 51
157 69
158 39
159 46
160 71
161 59
162 66
163 72
164 71
165 69
166 72
167 95
168 108
169 94
170 107
171 109
172 114
173 123
174 131
175 129
176 134
177 159
178 171
179 181
180 204
181 230
182 263
183 284
184 310
185 324
186 357
187 387
188 444
189 465
190 452
191 477
192 486
193 471
194 602
195 616
196 629
197 734
198 775
199 813
200 800
201 926
202 914
203 958
204 952
205 1004
206 1048
207 1068
208 1110
209 1112
210 1194
211 1240
212 1235
213 1339
214 1313
215 1376
216 1247
217 1318
218 1386
219 1449
220 1505
221 1550
222 1541
223 1605
224 1628
225 1696
226 1804
227 1813
228 1857
229 1909
230 2055
231 2100
232 2046
233 2189
234 2289
235 2246
236 2420
237 2360
238 2351
239 2706
240 2474
241 2704
242 2584
243 2712
244 2699
245 2658
246 2640
247 2697
248 2646
249 2642
250 2519
251 2605
252 2665
253 2618
254 2756
255 2782
256 2982
257 3080
258 3168
259 3481
260 3465
261 3568
262 3479
263 3486
264 3170
265 2733
266 2592
267 2534
268 2246
269 2130
270 2149
271 2058
272 2157
273 2042
274 2100
275 2173
276 2128
277 2106
278 2059
279 2093
280 2016
281 2018
282 1992
283 1753
284 1784
285 1622
286 1628
287 1430
288 1416
289 1113
290 1062
291 1043
292 994
293 848
294 953
295 813
296 769
297 699
298 726
299 691
300 693
301 610
302 582
303 528
304 543
305 494
306 478
307 482
308 440
309 437
310 400
311 380
312 389
313 317
314 320
315 291
316 291
317 317
318 289
319 327
320 306
321 320
322 336
323 372
324 352
325 332
326 383
327 306
328 319
329 301
330 245
331 264
332 248
333 265
334 279
335 220
336 175
337 151
338 171
339 143
340 96
341 96
342 90
343 78
344 71
345 71
346 45
347 43
348 47
349 38
350 29
351 22
352 27
353 16
354 7
355 1
356 8
357 9
358 5
359 10
360 13
361 8
362 6
363 5
364 5
365 2
366 2
367 5
368 4
369 1
370 1
371 1
372 0
373 0
374 0
375 0
376 1
377 1
