0 0
1 0
2 0
3 0
4 0
5 0
6 0
7 0
8 0
9 0
10 0
11 0
12 0
13 0
14 0
15 0
16 0
17 0
18 0
19 0
20 1
21 0
22 0
23 0
24 0
25 0
26 0
27 0
28 0
29 0
30 0
31 0
32 0
33 2
34 0
35 0
36 0
37 0
38 1
39 0
40 0
41 0
42 0
43 0
44 0
45 0
46 0
47 0
48 0
49 0
50 0
51 0
52 0
53 0
54 0
55 0
56 0
57 0
58 0
59 2
60 0
61 0
62 0
63 0
64 0
65 0
66 0
67 0
68 0
69 2
70 0
71 0
72 2
73 0
74 0
75 0
76 0
77 2
78 0
79 0
80 0
81 1
82 0
83 0
84 0
85 0
86 0
87 0
88 0
89 0
90 0
91 0
92 0
93 2
94 3
95 3
96 0
97 2
98 2
99 5
100 9
101 5
102 6
103 9
104 6
105 7
106 8
107 15
108 3
109 23
110 18
111 27
112 17
113 16
114 26
115 31
116 40
117 31
118 44
119 21
120 30
121 34
122 30
123 39
124 47
125 51
126 53
127 54
128 60
129 45
130 70
131 58
132 82
133 116
134 136
135 161
136 181
137 202
138 223
139 230
140 283
141 234
142 256
143 325
144 334
145 394
146 395
147 456
148 483
149 545
150 546
151 662
152 660
153 658
154 736
155 769
156 813
157 839
158 785
159 879
160 879
161 917
162 1033
163 1018
164 1057
165 1103
166 1288
167 1298
168 1212
169 1214
170 1318
171 1447
172 1501
173 1678
174 1614
175 1728
176 1779
177 1825
178 1728
179 1767
180 1781
181 1787
182 1946
183 1857
184 2002
185 2002
186 2066
187 2204
188 2349
189 2431
190 2444
191 2616
192 2519
193 2502
194 2464
195 2250
196 2335
197 2216
198 2173
199 2068
200 1992
201 1946
202 1894
203 1919
204 1872
205 1878
206 1887
207 1882
208 1789
209 1862
210 1847
211 1886
212 1795
213 1657
214 1659
215 1709
216 1618
217 1713
218 1684
219 1783
220 1794
221 1870
222 1904
223 1860
224 1775
225 1936
226 1793
227 1789
228 1854
229 1884
230 1850
231 1853
232 1776
233 1780
234 1758
235 1657
236 1602
237 1598
238 1542
239 1364
240 1392
241 1495
242 1452
243 1401
244 1387
245 1297
246 1376
247 1398
248 1566
249 1657
250 1606
251 1742
252 1739
253 1601
254 1613
255 1668
256 1655
257 1640
258 1560
259 1543
260 1568
261 1518
262 1614
263 1590
264 1600
265 1547
266 1395
267 1329
268 1247
269 1130
270 1081
271 934
272 850
273 801
274 740
275 744
276 693
277 720
278 692
279 604
280 663
281 561
282 534
283 548
284 550
285 466
286 436
287 375
288 430
289 381
290 344
291 341
292 337
293 299
294 269
295 264
296 280
297 218
298 221
299 217
300 170
301 182
302 155
303 175
304 173
305 157
306 182
307 132
308 132
309 136
310 149
311 121
312 126
313 156
314 124
315 129
316 136
317 104
318 123
319 108
320 100
321 120
322 112
323 82
324 79
325 63
326 54
327 61
328 40
329 51
330 37
331 34
332 37
333 21
334 29
335 15
336 14
337 9
338 21
339 8
340 11
341 12
342 12
343 12
344 11
345 7
346 7
347 3
348 9
349 7
350 6
351 6
352 8
353 7
354 8
355 9
356 9
357 8
358 0
359 6
360 2
361 12
362 7
363 17
364 4
365 4
366 10
367 3
368 2
369 5
370 3
371 2
372 4
373 1
374 2
