0 0
1 0
2 0
3 0
4 0
5 0
6 0
7 0
8 0
9 0
10 0
11 0
12 0
13 0
14 0
15 0
16 0
17 0
18 0
19 0
20 0
21 0
22 0
23 0
24 0
25 0
26 0
27 0
28 0
29 0
30 0
31 0
32 0
33 0
34 0
35 0
36 0
37 0
38 0
39 0
40 0
41 0
42 0
43 0
44 0
45 0
46 0
47 0
48 0
49 0
50 0
51 0
52 0
53 0
54 0
55 0
56 0
57 0
58 0
59 0
60 0
61 0
62 0
63 0
64 0
65 0
66 0
67 0
68 0
69 0
70 0
71 0
72 0
73 0
74 1
75 1
76 0
77 0
78 0
79 0
80 1
81 1
82 1
83 1
84 1
85 1
86 5
87 2
88 2
89 5
90 2
91 1
92 3
93 2
94 3
95 3
96 7
97 5
98 6
99 4
100 4
101 12
102 5
103 6
104 10
105 7
106 9
107 11
108 7
109 13
110 7
111 15
112 9
113 9
114 12
115 17
116 14
117 17
118 14
119 19
120 25
121 27
122 28
123 39
124 53
125 42
126 78
127 93
128 125
129 166
130 216
131 247
132 229
133 272
134 295
135 288
136 290
137 282
138 253
139 279
140 256
141 231
142 269
143 257
144 315
145 328
146 359
147 389
148 389
149 457
150 468
151 495
152 516
153 553
154 547
155 557
156 585
157 508
158 569
159 567
160 610
161 648
162 662
163 723
164 748
165 773
166 781
167 859
168 885
169 870
170 871
171 909
172 862
173 840
174 921
175 1006
176 968
177 1059
178 1065
179 1167
180 1105
181 1179
182 1249
183 1492
184 1420
185 1533
186 1693
187 1922
188 1914
189 1963
190 2100
191 2138
192 2159
193 2182
194 1993
195 1990
196 1936
197 2119
198 2069
199 2121
200 2243
201 2216
202 2331
203 2520
204 2465
205 2385
206 2339
207 2362
208 2252
209 2255
210 2334
211 2349
212 2395
213 2228
214 2240
215 2177
216 2174
217 2214
218 2204
219 2212
220 2220
221 2023
222 2213
223 2242
224 2274
225 2244
226 2141
227 2208
228 2361
229 2345
230 2463
231 2480
232 2581
233 2602
234 2595
235 2451
236 2407
237 2293
238 2235
239 2226
240 2148
241 2103
242 2191
243 2147
244 2101
245 2231
246 2134
247 2118
248 2064
249 2056
250 2032
251 2031
252 2002
253 1903
254 1948
255 1758
256 1711
257 1751
258 1551
259 1547
260 1470
261 1352
262 1213
263 1192
264 1176
265 1135
266 1016
267 958
268 939
269 906
270 892
271 898
272 867
273 807
274 689
275 610
276 609
277 503
278 472
279 425
280 423
281 339
282 318
283 319
284 268
285 270
286 254
287 236
288 230
289 200
290 193
291 206
292 181
293 152
294 180
295 153
296 145
297 130
298 122
299 98
300 120
301 99
302 99
303 89
304 76
305 71
306 61
307 44
308 45
309 34
310 32
311 27
312 27
313 15
314 12
315 6
316 9
317 8
318 12
319 3
320 7
321 2
322 8
323 6
324 0
325 2
326 2
327 2
328 0
329 0
330 1
331 0
332 0
333 1
