0 0
1 0
2 0
3 0
4 0
5 0
6 0
7 0
8 0
9 0
10 0
11 0
12 0
13 0
14 0
15 0
16 0
17 0
18 0
19 0
20 0
21 0
22 0
23 0
24 0
25 0
26 0
27 0
28 0
29 0
30 0
31 0
32 0
33 0
34 0
35 0
36 0
37 0
38 0
39 0
40 0
41 0
42 0
43 0
44 0
45 0
46 0
47 0
48 0
49 0
50 0
51 0
52 0
53 0
54 0
55 0
56 0
57 0
58 0
59 0
60 0
61 0
62 0
63 0
64 0
65 0
66 0
67 0
68 0
69 0
70 0
71 0
72 0
73 0
74 0
75 0
76 0
77 0
78 0
79 0
80 0
81 0
82 0
83 0
84 0
85 0
86 0
87 0
88 0
89 0
90 0
91 0
92 0
93 0
94 0
95 0
96 0
97 0
98 0
99 0
100 0
101 0
102 0
103 0
104 0
105 0
106 0
107 0
108 0
109 0
110 0
111 0
112 0
113 0
114 0
115 0
116 0
117 0
118 0
119 1
120 0
121 1
122 0
123 0
124 0
125 6
126 1
127 2
128 7
129 4
130 6
131 5
132 9
133 15
134 33
135 17
136 21
137 43
138 25
139 39
140 57
141 40
142 52
143 61
144 67
145 89
146 83
147 94
148 127
149 146
150 156
151 206
152 216
153 286
154 337
155 384
156 457
157 537
158 551
159 601
160 592
161 656
162 681
163 648
164 612
165 682
166 731
167 620
168 712
169 672
170 674
171 764
172 761
173 814
174 896
175 905
176 957
177 927
178 965
179 968
180 1072
181 1091
182 1001
183 1183
184 1153
185 1260
186 1323
187 1312
188 1345
189 1431
190 1504
191 1564
192 1610
193 1807
194 1946
195 1996
196 2002
197 1920
198 1999
199 2074
200 2017
201 2111
202 2144
203 2200
204 2093
205 2103
206 2363
207 2275
208 2221
209 2376
210 2651
211 2740
212 2920
213 2986
214 3044
215 3192
216 3197
217 3182
218 3211
219 3023
220 3187
221 3208
222 3219
223 3255
224 2929
225 2866
226 2991
227 3120
228 3077
229 2963
230 2963
231 2822
232 2869
233 2653
234 2563
235 2339
236 2225
237 2286
238 2221
239 2028
240 1978
241 2038
242 2003
243 2067
244 1975
245 2046
246 1956
247 2106
248 2189
249 2049
250 2124
251 1952
252 1966
253 2005
254 1829
255 1722
256 1691
257 1646
258 1503
259 1357
260 1325
261 1182
262 1218
263 1204
264 1131
265 1101
266 906
267 1005
268 877
269 873
270 784
271 799
272 617
273 636
274 591
275 557
276 570
277 543
278 505
279 434
280 482
281 467
282 408
283 364
284 394
285 335
286 288
287 260
288 252
289 234
290 227
291 261
292 241
293 221
294 196
295 175
296 167
297 192
298 145
299 150
300 138
301 130
302 146
303 137
304 120
305 161
306 125
307 127
308 133
309 120
310 109
311 115
312 103
313 75
314 74
315 50
316 47
317 54
318 41
319 36
320 34
321 41
322 39
323 42
324 30
325 38
326 25
327 13
328 10
329 13
330 5
331 2
332 4
