0 0
1 0
2 0
3 0
4 0
5 0
6 0
7 0
8 0
9 0
10 0
11 0
12 0
13 0
14 0
15 0
16 0
17 0
18 0
19 0
20 0
21 0
22 0
23 0
24 0
25 0
26 0
27 0
28 0
29 0
30 0
31 0
32 0
33 0
34 0
35 0
36 0
37 0
38 0
39 0
40 0
41 0
42 0
43 0
44 0
45 0
46 0
47 0
48 0
49 0
50 0
51 0
52 0
53 0
54 0
55 0
56 0
57 0
58 0
59 0
60 0
61 0
62 0
63 0
64 0
65 0
66 0
67 0
68 0
69 0
70 0
71 0
72 0
73 0
74 0
75 0
76 0
77 0
78 0
79 0
80 0
81 0
82 0
83 0
84 1
85 0
86 0
87 0
88 1
89 1
90 0
91 0
92 1
93 0
94 1
95 0
96 0
97 2
98 0
99 2
100 2
101 0
102 1
103 1
104 2
105 4
106 2
107 2
108 0
109 2
110 1
111 0
112 0
113 5
114 3
115 6
116 1
117 5
118 2
119 4
120 7
121 6
122 4
123 6
124 8
125 4
126 9
127 10
128 10
129 10
130 12
131 19
132 14
133 22
134 26
135 28
136 21
137 27
138 48
139 61
140 55
141 67
142 84
143 128
144 138
145 179
146 202
147 193
148 211
149 179
150 196
151 242
152 164
153 180
154 189
155 167
156 218
157 186
158 194
159 217
160 242
161 261
162 278
163 322
164 336
165 342
166 458
167 482
168 483
169 520
170 587
171 650
172 780
173 673
174 774
175 786
176 818
177 921
178 981
179 1007
180 981
181 1107
182 1031
183 1085
184 1087
185 1268
186 1168
187 1306
188 1196
189 1249
190 1211
191 1106
192 1105
193 1107
194 1104
195 1108
196 965
197 1032
198 1001
199 1134
200 1120
201 1192
202 1114
203 1172
204 1177
205 1329
206 1299
207 1449
208 1542
209 1702
210 1648
211 1749
212 1852
213 1948
214 2181
215 2117
216 2304
217 2068
218 2183
219 2313
220 2448
221 2500
222 2507
223 2490
224 2555
225 2552
226 2621
227 2461
228 2340
229 2469
230 2465
231 2532
232 2568
233 2453
234 2432
235 2631
236 2620
237 2540
238 2486
239 2587
240 2528
241 2633
242 2538
243 2473
244 2414
245 2385
246 2419
247 2360
248 2391
249 2269
250 2253
251 2149
252 2374
253 2223
254 2423
255 2383
256 2407
257 2470
258 2424
259 2227
260 2411
261 2242
262 2072
263 2129
264 2053
265 1958
266 1884
267 1764
268 1846
269 1613
270 1612
271 1510
272 1433
273 1340
274 1175
275 1221
276 1169
277 1129
278 1045
279 1004
280 992
281 963
282 957
283 940
284 879
285 751
286 818
287 761
288 661
289 599
290 587
291 603
292 522
293 462
294 464
295 346
296 361
297 384
298 372
299 312
300 251
301 226
302 231
303 252
304 251
305 220
306 221
307 195
308 173
309 163
310 191
311 188
312 166
313 170
314 158
315 129
316 136
317 125
318 117
319 94
320 116
321 96
322 92
323 115
324 106
325 111
326 103
327 122
328 99
329 133
330 110
331 116
332 110
333 80
334 97
335 96
336 75
337 101
338 97
339 105
340 97
341 94
342 61
343 69
344 52
345 44
346 31
347 37
348 32
349 33
350 27
351 9
352 30
353 29
354 27
355 31
356 26
357 18
358 23
359 34
360 20
361 12
362 8
363 7
364 15
365 4
366 6
367 3
368 4
369 9
370 8
371 0
372 0
373 3
