0 0
1 0
2 0
3 0
4 0
5 0
6 0
7 0
8 0
9 0
10 0
11 0
12 0
13 0
14 0
15 0
16 0
17 0
18 0
19 0
20 0
21 0
22 0
23 0
24 0
25 0
26 0
27 0
28 0
29 0
30 0
31 1
32 0
33 0
34 0
35 0
36 0
37 0
38 1
39 0
40 0
41 0
42 2
43 1
44 0
45 1
46 0
47 0
48 0
49 0
50 0
51 0
52 0
53 2
54 0
55 0
56 0
57 0
58 0
59 0
60 0
61 1
62 0
63 0
64 0
65 0
66 0
67 0
68 0
69 0
70 0
71 0
72 0
73 0
74 0
75 0
76 0
77 0
78 0
79 0
80 0
81 0
82 0
83 0
84 0
85 0
86 0
87 0
88 1
89 0
90 0
91 0
92 1
93 0
94 0
95 0
96 0
97 0
98 0
99 0
100 2
101 0
102 0
103 2
104 1
105 9
106 4
107 7
108 4
109 4
110 9
111 2
112 7
113 5
114 5
115 8
116 7
117 10
118 6
119 10
120 9
121 3
122 11
123 11
124 9
125 17
126 24
127 18
128 17
129 15
130 20
131 23
132 22
133 35
134 26
135 26
136 20
137 18
138 37
139 39
140 30
141 51
142 52
143 36
144 38
145 52
146 57
147 61
148 63
149 70
150 68
151 50
152 90
153 93
154 76
155 131
156 123
157 126
158 160
159 124
160 189
161 200
162 164
163 187
164 239
165 255
166 261
167 226
168 280
169 268
170 305
171 327
172 342
173 430
174 463
175 506
176 557
177 623
178 674
179 799
180 982
181 1016
182 1169
183 1134
184 1200
185 1298
186 1483
187 1475
188 1598
189 1721
190 1866
191 1951
192 2037
193 2044
194 2037
195 1823
196 1829
197 1954
198 1915
199 1916
200 1996
201 1920
202 1940
203 2054
204 2138
205 2206
206 2100
207 2235
208 2341
209 2267
210 2532
211 2721
212 2737
213 3026
214 3149
215 3140
216 3245
217 3203
218 3117
219 2943
220 3153
221 3076
222 3019
223 2810
224 3002
225 2874
226 2864
227 3020
228 2916
229 3010
230 3066
231 3079
232 3081
233 2969
234 2875
235 3071
236 2918
237 2862
238 2706
239 2625
240 2498
241 2682
242 2486
243 2380
244 2343
245 2316
246 2151
247 2167
248 2084
249 1983
250 1957
251 2029
252 2005
253 1726
254 1747
255 1727
256 1640
257 1561
258 1516
259 1446
260 1413
261 1367
262 1322
263 1282
264 1215
265 1127
266 1183
267 1124
268 1013
269 952
270 986
271 977
272 912
273 866
274 794
275 803
276 740
277 723
278 683
279 606
280 617
281 588
282 572
283 529
284 438
285 466
286 447
287 426
288 390
289 393
290 354
291 329
292 290
293 257
294 261
295 275
296 252
297 236
298 179
299 157
300 112
301 118
302 105
303 93
304 74
305 65
306 61
307 72
308 56
309 55
310 33
311 39
312 39
313 29
314 35
315 29
316 31
317 29
318 23
319 27
320 20
321 17
322 14
323 13
324 14
325 11
326 13
327 12
328 9
329 9
330 8
331 6
332 10
333 5
334 8
335 7
336 5
337 16
338 7
339 10
340 8
341 6
342 10
343 8
344 2
345 6
346 4
347 5
348 4
349 1
350 5
351 5
352 4
353 4
354 4
355 3
356 5
357 2
358 4
359 6
360 1
361 7
362 2
363 4
364 5
365 6
366 6
367 4
368 7
369 7
370 4
371 1
372 2
373 1
