0 0
1 0
2 0
3 0
4 0
5 0
6 0
7 0
8 0
9 0
10 0
11 0
12 0
13 0
14 0
15 0
16 0
17 0
18 0
19 0
20 0
21 0
22 0
23 0
24 0
25 0
26 0
27 0
28 0
29 0
30 0
31 0
32 0
33 0
34 0
35 0
36 0
37 0
38 0
39 0
40 0
41 0
42 0
43 0
44 0
45 0
46 0
47 0
48 0
49 0
50 0
51 0
52 0
53 0
54 0
55 0
56 0
57 0
58 0
59 0
60 0
61 0
62 0
63 0
64 0
65 0
66 0
67 0
68 0
69 0
70 0
71 0
72 0
73 0
74 0
75 0
76 0
77 0
78 0
79 0
80 0
81 0
82 0
83 0
84 0
85 0
86 0
87 0
88 0
89 0
90 0
91 0
92 0
93 0
94 0
95 0
96 0
97 0
98 0
99 0
100 0
101 0
102 0
103 0
104 0
105 0
106 0
107 0
108 0
109 0
110 0
111 0
112 0
113 0
114 0
115 0
116 0
117 0
118 0
119 0
120 0
121 0
122 0
123 0
124 0
125 0
126 0
127 0
128 0
129 0
130 0
131 0
132 0
133 0
134 0
135 0
136 0
137 0
138 2
139 2
140 6
141 4
142 6
143 9
144 6
145 16
146 17
147 19
148 30
149 33
150 31
151 60
152 77
153 75
154 105
155 100
156 147
157 169
158 225
159 206
160 247
161 275
162 338
163 399
164 493
165 507
166 551
167 683
168 752
169 833
170 919
171 1017
172 973
173 990
174 1115
175 1094
176 1185
177 1228
178 1299
179 1493
180 1644
181 2065
182 2244
183 2351
184 2129
185 2136
186 2038
187 2141
188 2081
189 2065
190 2138
191 2110
192 2211
193 2205
194 2207
195 2237
196 2347
197 2425
198 2418
199 2379
200 2540
201 2474
202 2675
203 2706
204 2675
205 2619
206 2586
207 2650
208 2674
209 2581
210 2584
211 2606
212 2673
213 2679
214 2669
215 2709
216 2655
217 2639
218 2474
219 2393
220 2371
221 2334
222 2207
223 2195
224 2033
225 2092
226 2016
227 2019
228 2054
229 1957
230 1896
231 1816
232 1829
233 1738
234 1801
235 1681
236 1716
237 1646
238 1604
239 1746
240 1621
241 1650
242 1501
243 1523
244 1532
245 1629
246 1725
247 1717
248 1702
249 1724
250 1877
251 1697
252 1626
253 1582
254 1411
255 1507
256 1279
257 1305
258 1476
259 1356
260 1333
261 1210
262 1229
263 1275
264 1195
265 1164
266 1095
267 988
268 954
269 996
270 1029
271 917
272 925
273 843
274 843
275 827
276 781
277 905
278 855
279 838
280 786
281 781
282 765
283 666
284 659
285 570
286 584
287 516
288 479
289 489
290 433
291 420
292 394
293 358
294 310
295 340
296 291
297 304
298 332
299 315
300 268
301 318
302 332
303 308
304 315
305 309
306 320
307 298
308 266
309 221
310 251
311 281
312 248
313 257
314 232
315 205
316 201
317 195
318 217
319 199
320 200
321 203
322 151
323 166
324 145
325 140
326 104
327 102
328 87
329 61
330 69
331 57
332 67
333 44
334 44
335 52
336 32
337 41
338 47
339 36
340 43
341 35
342 46
343 37
344 38
345 29
346 17
347 14
348 13
349 8
350 11
351 4
352 2
353 4
354 7
355 0
356 1
357 3
