0 0
1 0
2 0
3 0
4 0
5 0
6 0
7 0
8 0
9 0
10 0
11 0
12 0
13 0
14 0
15 0
16 0
17 0
18 0
19 0
20 0
21 0
22 0
23 0
24 0
25 0
26 0
27 0
28 0
29 0
30 0
31 0
32 0
33 0
34 0
35 0
36 0
37 0
38 0
39 0
40 0
41 0
42 0
43 0
44 0
45 0
46 0
47 0
48 0
49 0
50 0
51 0
52 0
53 0
54 0
55 0
56 0
57 0
58 0
59 0
60 0
61 0
62 0
63 0
64 0
65 0
66 0
67 0
68 0
69 0
70 0
71 0
72 0
73 0
74 0
75 0
76 0
77 0
78 0
79 0
80 0
81 0
82 0
83 0
84 0
85 0
86 0
87 0
88 0
89 0
90 0
91 0
92 0
93 0
94 0
95 0
96 0
97 0
98 0
99 0
100 0
101 0
102 0
103 0
104 0
105 0
106 0
107 4
108 4
109 0
110 3
111 3
112 0
113 0
114 0
115 3
116 2
117 5
118 1
119 0
120 1
121 1
122 1
123 1
124 10
125 3
126 8
127 1
128 6
129 7
130 12
131 3
132 3
133 7
134 12
135 22
136 0
137 6
138 4
139 18
140 10
141 2
142 13
143 24
144 17
145 18
146 12
147 18
148 26
149 34
150 17
151 30
152 39
153 53
154 40
155 43
156 68
157 31
158 56
159 76
160 69
161 72
162 61
163 67
164 109
165 105
166 104
167 109
168 147
169 134
170 142
171 144
172 129
173 162
174 187
175 216
176 249
177 267
178 312
179 368
180 358
181 360
182 362
183 511
184 443
185 526
186 610
187 547
188 607
189 645
190 660
191 692
192 809
193 837
194 852
195 979
196 947
197 1014
198 1070
199 1102
200 1090
201 1089
202 1100
203 1094
204 1132
205 1107
206 1129
207 1304
208 1281
209 1279
210 1356
211 1427
212 1540
213 1608
214 1565
215 1664
216 1640
217 1553
218 1605
219 1590
220 1505
221 1586
222 1684
223 1721
224 1630
225 1895
226 1879
227 1832
228 1807
229 1936
230 1831
231 1922
232 2006
233 2012
234 2053
235 2139
236 2146
237 2162
238 2385
239 2246
240 2491
241 2421
242 2581
243 2494
244 2643
245 2628
246 2795
247 2759
248 2662
249 2719
250 2630
251 2558
252 2634
253 2625
254 2492
255 2539
256 2548
257 2518
258 2585
259 2582
260 2485
261 2529
262 2726
263 2884
264 2912
265 2847
266 2842
267 2589
268 2543
269 2472
270 2435
271 2335
272 2448
273 2468
274 2365
275 2190
276 1972
277 2072
278 2067
279 1936
280 1701
281 1727
282 1566
283 1539
284 1453
285 1414
286 1355
287 1313
288 1270
289 1199
290 1205
291 1119
292 1037
293 1032
294 991
295 891
296 901
297 948
298 877
299 827
300 815
301 810
302 798
303 732
304 721
305 750
306 637
307 635
308 605
309 536
310 477
311 448
312 374
313 359
314 314
315 346
316 247
317 274
318 220
319 216
320 173
321 150
322 140
323 136
324 138
325 112
326 99
327 79
328 98
329 104
330 97
331 70
332 93
333 90
334 88
335 72
336 70
337 45
338 48
339 49
340 42
341 34
342 21
343 15
344 29
345 15
346 14
347 18
348 20
349 10
350 10
351 11
352 5
353 3
354 2
355 4
356 3
357 0
358 2
