0 0
1 0
2 0
3 0
4 0
5 0
6 0
7 0
8 0
9 0
10 0
11 0
12 0
13 0
14 0
15 0
16 0
17 0
18 0
19 0
20 0
21 0
22 0
23 0
24 0
25 0
26 0
27 0
28 0
29 0
30 0
31 0
32 0
33 0
34 0
35 0
36 0
37 0
38 0
39 0
40 0
41 0
42 0
43 0
44 0
45 0
46 0
47 0
48 0
49 0
50 0
51 0
52 0
53 0
54 0
55 0
56 0
57 0
58 0
59 0
60 0
61 0
62 0
63 0
64 0
65 0
66 0
67 0
68 0
69 0
70 0
71 0
72 0
73 0
74 0
75 0
76 0
77 0
78 0
79 0
80 0
81 0
82 0
83 0
84 0
85 0
86 0
87 0
88 0
89 0
90 0
91 0
92 0
93 0
94 0
95 0
96 0
97 0
98 0
99 0
100 0
101 0
102 0
103 0
104 0
105 0
106 1
107 0
108 0
109 0
110 2
111 1
112 3
113 2
114 4
115 3
116 5
117 7
118 12
119 6
120 4
121 13
122 13
123 11
124 19
125 19
126 22
127 16
128 30
129 21
130 13
131 26
132 27
133 32
134 34
135 26
136 34
137 41
138 38
139 38
140 43
141 60
142 57
143 52
144 62
145 74
146 67
147 90
148 101
149 124
150 119
151 148
152 118
153 183
154 214
155 227
156 215
157 274
158 256
159 321
160 412
161 385
162 442
163 485
164 488
165 525
166 634
167 589
168 705
169 789
170 729
171 817
172 812
173 836
174 964
175 859
176 960
177 997
178 1018
179 1028
180 1100
181 1181
182 1193
183 1310
184 1268
185 1251
186 1378
187 1426
188 1401
189 1443
190 1465
191 1611
192 1627
193 1703
194 1914
195 2007
196 2104
197 2065
198 2081
199 2244
200 2302
201 2296
202 2244
203 2498
204 2390
205 2414
206 2604
207 2401
208 2345
209 2574
210 2693
211 2402
212 2417
213 2523
214 2455
215 2482
216 2486
217 2514
218 2791
219 2640
220 2874
221 2858
222 2866
223 2687
224 2656
225 2673
226 2663
227 2420
228 2271
229 2184
230 2226
231 2241
232 2073
233 2123
234 2118
235 1983
236 2085
237 2060
238 2082
239 2131
240 2026
241 2170
242 2131
243 2079
244 2117
245 2144
246 1937
247 2084
248 1968
249 1827
250 1763
251 1848
252 1885
253 1876
254 1935
255 1946
256 1835
257 1841
258 1928
259 1681
260 1696
261 1535
262 1517
263 1316
264 1317
265 1306
266 1221
267 1184
268 1085
269 1148
270 1064
271 1073
272 969
273 1008
274 1009
275 940
276 929
277 942
278 836
279 734
280 708
281 693
282 642
283 617
284 587
285 566
286 561
287 537
288 479
289 475
290 481
291 421
292 377
293 386
294 368
295 341
296 328
297 307
298 295
299 282
300 226
301 228
302 232
303 198
304 169
305 201
306 200
307 130
308 163
309 148
310 143
311 143
312 113
313 96
314 97
315 93
316 84
317 120
318 86
319 89
320 74
321 59
322 51
323 65
324 54
325 44
326 29
327 36
328 31
329 27
330 17
331 16
332 21
333 20
334 22
335 20
336 17
337 9
338 5
339 8
340 12
341 6
342 9
343 6
344 6
345 5
346 8
347 4
348 5
349 4
350 1
351 4
352 3
353 2
354 4
355 2
356 1
357 3
358 1
359 0
360 2
361 1
362 0
363 1
364 1
365 1
366 1
367 0
368 0
369 0
370 0
371 1
372 1
373 1
374 0
375 0
376 0
377 0
378 1
