0 0
1 0
2 0
3 0
4 0
5 0
6 0
7 0
8 0
9 0
10 0
11 0
12 0
13 0
14 0
15 0
16 0
17 0
18 0
19 0
20 0
21 0
22 0
23 0
24 0
25 0
26 0
27 0
28 0
29 0
30 0
31 0
32 0
33 0
34 0
35 0
36 0
37 0
38 0
39 0
40 0
41 0
42 0
43 0
44 0
45 0
46 0
47 0
48 0
49 0
50 0
51 0
52 0
53 0
54 0
55 0
56 0
57 0
58 0
59 0
60 0
61 0
62 0
63 0
64 0
65 0
66 0
67 0
68 0
69 0
70 0
71 0
72 0
73 0
74 0
75 0
76 0
77 0
78 0
79 1
80 0
81 0
82 0
83 1
84 0
85 3
86 1
87 0
88 3
89 0
90 0
91 0
92 0
93 0
94 2
95 0
96 1
97 2
98 7
99 1
100 5
101 2
102 1
103 5
104 0
105 2
106 3
107 3
108 4
109 4
110 2
111 6
112 8
113 11
114 3
115 6
116 3
117 9
118 12
119 10
120 21
121 23
122 19
123 17
124 19
125 15
126 29
127 37
128 27
129 33
130 37
131 41
132 45
133 30
134 35
135 53
136 51
137 60
138 68
139 85
140 83
141 104
142 113
143 132
144 171
145 187
146 202
147 205
148 208
149 253
150 290
151 329
152 321
153 328
154 339
155 427
156 466
157 494
158 540
159 605
160 609
161 682
162 714
163 679
164 719
165 729
166 880
167 834
168 984
169 989
170 1163
171 1287
172 1342
173 1416
174 1480
175 1585
176 1705
177 1614
178 1659
179 1571
180 1631
181 1623
182 1542
183 1561
184 1566
185 1653
186 1701
187 1735
188 1719
189 1918
190 1940
191 2045
192 2310
193 2387
194 2424
195 2623
196 2715
197 2631
198 2628
199 2400
200 2434
201 2170
202 2038
203 2010
204 2007
205 2115
206 1970
207 2109
208 2176
209 2128
210 2160
211 2075
212 2187
213 2164
214 2186
215 2239
216 2149
217 2205
218 2197
219 2258
220 2124
221 2416
222 2339
223 2217
224 2189
225 2311
226 2276
227 2338
228 2293
229 2219
230 2428
231 2355
232 2385
233 2164
234 2369
235 2205
236 2282
237 2248
238 2199
239 2135
240 2145
241 2057
242 1978
243 1994
244 1977
245 2031
246 1970
247 1989
248 1938
249 2000
250 1835
251 1838
252 1743
253 1705
254 1595
255 1443
256 1331
257 1354
258 1209
259 1204
260 1150
261 1036
262 1009
263 981
264 991
265 970
266 914
267 827
268 818
269 773
270 824
271 790
272 823
273 780
274 739
275 760
276 614
277 636
278 637
279 661
280 613
281 595
282 553
283 504
284 501
285 456
286 513
287 382
288 423
289 360
290 366
291 340
292 304
293 310
294 272
295 258
296 245
297 209
298 219
299 217
300 186
301 195
302 141
303 148
304 154
305 142
306 111
307 105
308 101
309 112
310 85
311 102
312 90
313 77
314 88
315 81
316 60
317 62
318 65
319 76
320 46
321 49
322 53
323 62
324 46
325 56
326 65
327 37
328 44
329 45
330 30
331 33
332 20
333 23
334 22
335 21
336 13
337 19
338 10
339 13
340 12
341 15
342 16
343 11
344 14
345 8
346 18
347 11
348 9
349 13
350 8
351 7
352 4
353 5
354 3
355 2
356 3
357 1
358 0
359 3
360 2
361 0
362 0
363 0
364 0
365 1
366 0
367 1
