0 0
1 0
2 0
3 0
4 0
5 0
6 0
7 0
8 0
9 0
10 0
11 0
12 0
13 0
14 0
15 0
16 0
17 0
18 0
19 0
20 0
21 0
22 0
23 0
24 0
25 0
26 0
27 0
28 0
29 0
30 0
31 0
32 0
33 0
34 0
35 0
36 0
37 0
38 0
39 0
40 0
41 0
42 0
43 0
44 0
45 0
46 0
47 0
48 0
49 0
50 0
51 0
52 0
53 0
54 0
55 0
56 0
57 0
58 0
59 0
60 0
61 0
62 0
63 0
64 0
65 0
66 0
67 0
68 0
69 0
70 0
71 0
72 0
73 0
74 0
75 0
76 0
77 0
78 0
79 0
80 0
81 0
82 0
83 0
84 0
85 0
86 0
87 0
88 0
89 0
90 0
91 0
92 1
93 0
94 1
95 0
96 0
97 1
98 0
99 2
100 1
101 0
102 0
103 4
104 7
105 4
106 10
107 10
108 8
109 7
110 11
111 12
112 19
113 21
114 14
115 15
116 15
117 14
118 14
119 14
120 17
121 16
122 21
123 15
124 29
125 40
126 31
127 23
128 33
129 34
130 52
131 41
132 53
133 64
134 50
135 62
136 63
137 74
138 89
139 101
140 120
141 120
142 127
143 125
144 196
145 154
146 218
147 193
148 288
149 319
150 325
151 418
152 398
153 514
154 465
155 481
156 546
157 566
158 574
159 754
160 614
161 668
162 634
163 604
164 689
165 663
166 681
167 756
168 805
169 841
170 914
171 1049
172 1137
173 1228
174 1169
175 1180
176 1256
177 1262
178 1320
179 1310
180 1360
181 1455
182 1564
183 1581
184 1744
185 1649
186 1602
187 1628
188 1602
189 1637
190 1755
191 1740
192 1773
193 1701
194 1745
195 1794
196 1845
197 1962
198 1966
199 1959
200 2027
201 2309
202 2366
203 2398
204 2510
205 2609
206 2408
207 2549
208 2534
209 2503
210 2569
211 2470
212 2533
213 2505
214 2622
215 2592
216 2560
217 2717
218 2402
219 2513
220 2431
221 2360
222 2299
223 2169
224 2239
225 2230
226 2317
227 2244
228 2270
229 2148
230 2194
231 2148
232 2138
233 2117
234 2214
235 2176
236 2214
237 2141
238 2053
239 2062
240 2001
241 2059
242 1941
243 1864
244 1841
245 1835
246 1647
247 1530
248 1455
249 1447
250 1514
251 1430
252 1366
253 1366
254 1365
255 1405
256 1286
257 1386
258 1243
259 1310
260 1231
261 1160
262 1195
263 1112
264 1160
265 1167
266 1073
267 1047
268 1108
269 1180
270 1158
271 1121
272 1134
273 1111
274 1094
275 1020
276 1047
277 980
278 892
279 820
280 711
281 703
282 674
283 606
284 540
285 516
286 494
287 444
288 424
289 418
290 350
291 357
292 365
293 342
294 296
295 302
296 335
297 267
298 285
299 237
300 206
301 227
302 207
303 195
304 192
305 210
306 156
307 170
308 184
309 164
310 159
311 141
312 142
313 120
314 110
315 88
316 87
317 115
318 115
319 106
320 136
321 102
322 73
323 67
324 57
325 65
326 62
327 46
328 68
329 67
330 68
331 63
332 65
333 75
334 80
335 63
336 51
337 44
338 51
339 51
340 33
341 31
342 47
343 30
344 19
345 19
346 12
347 14
348 11
349 14
350 9
351 7
352 11
353 4
354 12
355 6
356 7
357 3
358 5
359 4
360 2
361 3
362 4
363 3
364 3
365 7
366 4
367 3
368 4
369 1
370 5
371 7
372 1
373 1
374 2
375 2
376 1
377 2
378 0
379 1
380 1
381 1
382 3
383 1
384 2
385 1
386 1
387 0
388 2
389 0
390 1
391 1
392 0
393 0
394 1
395 1
