0 0
1 0
2 0
3 0
4 0
5 0
6 0
7 0
8 0
9 0
10 0
11 0
12 0
13 0
14 0
15 0
16 0
17 0
18 0
19 0
20 0
21 0
22 0
23 0
24 0
25 0
26 0
27 0
28 0
29 0
30 0
31 0
32 0
33 0
34 0
35 0
36 0
37 0
38 0
39 0
40 0
41 0
42 0
43 0
44 0
45 0
46 0
47 0
48 0
49 0
50 0
51 0
52 0
53 0
54 0
55 0
56 0
57 0
58 0
59 0
60 0
61 0
62 0
63 0
64 0
65 0
66 0
67 0
68 0
69 0
70 0
71 0
72 0
73 0
74 0
75 0
76 0
77 0
78 0
79 0
80 0
81 0
82 0
83 0
84 0
85 0
86 0
87 0
88 0
89 0
90 0
91 0
92 0
93 0
94 0
95 0
96 0
97 0
98 0
99 0
100 0
101 0
102 0
103 0
104 0
105 0
106 0
107 0
108 0
109 0
110 0
111 0
112 0
113 2
114 1
115 0
116 2
117 0
118 5
119 7
120 4
121 6
122 3
123 10
124 14
125 11
126 15
127 15
128 10
129 22
130 22
131 33
132 24
133 29
134 22
135 28
136 43
137 54
138 47
139 53
140 58
141 70
142 64
143 86
144 81
145 85
146 85
147 141
148 136
149 130
150 123
151 108
152 118
153 167
154 178
155 152
156 240
157 266
158 315
159 334
160 316
161 359
162 408
163 402
164 437
165 513
166 479
167 595
168 600
169 604
170 670
171 749
172 699
173 711
174 819
175 788
176 903
177 880
178 1033
179 1036
180 1238
181 1394
182 1511
183 1652
184 1765
185 1911
186 1818
187 1905
188 1804
189 1988
190 1773
191 1762
192 1882
193 1846
194 1936
195 1921
196 2071
197 2028
198 2062
199 1989
200 2045
201 2101
202 2136
203 2259
204 2188
205 2159
206 2366
207 2392
208 2338
209 2421
210 2417
211 2509
212 2565
213 2397
214 2345
215 2308
216 2369
217 2252
218 2409
219 2278
220 2347
221 2391
222 2452
223 2442
224 2385
225 2435
226 2285
227 2341
228 2272
229 2314
230 2470
231 2514
232 2521
233 2456
234 2560
235 2526
236 2498
237 2509
238 2356
239 2372
240 2374
241 2252
242 2058
243 2007
244 2025
245 1945
246 1926
247 1908
248 1907
249 1795
250 1865
251 1861
252 1790
253 1762
254 1799
255 1818
256 1697
257 1782
258 1651
259 1723
260 1468
261 1372
262 1272
263 1140
264 1180
265 1168
266 1103
267 1026
268 917
269 890
270 879
271 816
272 772
273 843
274 754
275 775
276 736
277 729
278 669
279 640
280 674
281 651
282 620
283 582
284 584
285 639
286 618
287 564
288 530
289 500
290 464
291 422
292 393
293 363
294 374
295 380
296 330
297 313
298 394
299 355
300 330
301 358
302 407
303 403
304 361
305 276
306 281
307 263
308 261
309 265
310 217
311 246
312 218
313 200
314 175
315 198
316 133
317 168
318 153
319 137
320 125
321 115
322 126
323 138
324 98
325 100
326 105
327 79
328 79
329 68
330 82
331 76
332 66
333 67
334 53
335 46
336 52
337 43
338 47
339 36
340 42
341 24
342 29
343 26
344 17
345 18
346 23
347 22
348 15
349 20
350 12
351 22
352 9
353 25
354 7
355 11
356 8
357 13
358 10
359 4
360 9
361 9
362 8
363 2
364 6
365 6
366 7
367 8
368 5
369 0
370 7
371 0
372 2
373 1
374 0
375 0
376 1
377 1
378 0
379 0
380 0
381 0
382 0
383 0
384 1
