0 0
1 0
2 0
3 0
4 0
5 0
6 0
7 0
8 0
9 0
10 0
11 0
12 0
13 0
14 0
15 0
16 0
17 0
18 0
19 0
20 0
21 0
22 0
23 0
24 0
25 0
26 0
27 0
28 0
29 0
30 0
31 0
32 0
33 0
34 0
35 0
36 0
37 0
38 0
39 0
40 0
41 0
42 0
43 0
44 0
45 0
46 0
47 0
48 0
49 0
50 0
51 0
52 0
53 0
54 0
55 0
56 0
57 0
58 0
59 0
60 0
61 0
62 0
63 0
64 0
65 0
66 0
67 0
68 0
69 0
70 0
71 0
72 0
73 0
74 0
75 0
76 0
77 0
78 0
79 0
80 0
81 0
82 0
83 0
84 0
85 0
86 0
87 0
88 0
89 0
90 0
91 0
92 0
93 0
94 0
95 0
96 0
97 0
98 0
99 0
100 1
101 2
102 0
103 2
104 2
105 3
106 1
107 3
108 2
109 4
110 3
111 2
112 8
113 5
114 6
115 9
116 11
117 8
118 13
119 16
120 10
121 15
122 12
123 10
124 18
125 24
126 23
127 26
128 38
129 47
130 40
131 69
132 70
133 63
134 52
135 83
136 88
137 80
138 112
139 132
140 147
141 168
142 183
143 219
144 253
145 237
146 287
147 303
148 295
149 306
150 301
151 274
152 276
153 265
154 326
155 255
156 317
157 328
158 427
159 419
160 421
161 438
162 470
163 521
164 513
165 496
166 528
167 562
168 571
169 566
170 687
171 664
172 813
173 797
174 978
175 924
176 1028
177 1017
178 1103
179 1071
180 1083
181 1237
182 1336
183 1393
184 1465
185 1391
186 1358
187 1410
188 1523
189 1499
190 1524
191 1625
192 1614
193 1725
194 1783
195 1845
196 2065
197 2255
198 2370
199 2592
200 2683
201 2737
202 2726
203 2738
204 2944
205 2779
206 2776
207 2946
208 3008
209 2970
210 2858
211 2904
212 2737
213 2693
214 2651
215 2531
216 2686
217 2613
218 2499
219 2617
220 2409
221 2530
222 2321
223 2396
224 2122
225 2153
226 2074
227 2070
228 1910
229 2069
230 1982
231 1986
232 1927
233 1956
234 1934
235 2052
236 1862
237 1945
238 2046
239 1838
240 1933
241 1961
242 1843
243 1746
244 1883
245 1766
246 1733
247 1820
248 1960
249 1758
250 1852
251 1864
252 1732
253 1684
254 1668
255 1689
256 1505
257 1547
258 1520
259 1477
260 1499
261 1234
262 1205
263 1162
264 1135
265 1055
266 988
267 1061
268 999
269 1030
270 934
271 992
272 1091
273 1000
274 937
275 837
276 973
277 870
278 804
279 754
280 748
281 622
282 630
283 665
284 618
285 572
286 589
287 539
288 496
289 516
290 445
291 495
292 499
293 430
294 375
295 376
296 356
297 378
298 433
299 289
300 329
301 320
302 342
303 266
304 280
305 252
306 234
307 200
308 217
309 248
310 167
311 152
312 156
313 115
314 120
315 110
316 120
317 106
318 108
319 108
320 98
321 83
322 96
323 104
324 61
325 51
326 61
327 78
328 39
329 59
330 41
331 38
332 24
333 29
334 26
335 10
336 12
337 22
338 14
339 15
340 11
341 12
342 11
343 10
344 9
345 7
346 9
347 10
348 6
349 6
350 6
351 10
352 3
353 4
354 7
355 5
356 4
357 4
358 3
359 2
360 3
361 1
362 1
363 2
364 1
365 3
366 2
367 2
368 6
369 1
370 2
371 2
372 1
373 2
374 2
375 1
376 2
377 0
378 1
379 1
380 1
381 0
382 0
383 1
384 3
