0 0
1 0
2 0
3 0
4 0
5 0
6 0
7 0
8 0
9 0
10 0
11 0
12 0
13 0
14 0
15 0
16 0
17 0
18 0
19 0
20 0
21 0
22 0
23 0
24 0
25 0
26 0
27 0
28 0
29 0
30 0
31 0
32 0
33 0
34 0
35 0
36 0
37 0
38 0
39 0
40 0
41 0
42 0
43 0
44 0
45 0
46 0
47 0
48 0
49 0
50 0
51 0
52 0
53 0
54 0
55 0
56 0
57 0
58 0
59 0
60 0
61 0
62 0
63 0
64 0
65 0
66 0
67 0
68 0
69 0
70 0
71 0
72 0
73 0
74 0
75 0
76 0
77 0
78 0
79 0
80 0
81 0
82 0
83 0
84 0
85 0
86 0
87 0
88 0
89 0
90 0
91 0
92 0
93 0
94 0
95 0
96 0
97 0
98 0
99 0
100 0
101 0
102 0
103 0
104 1
105 0
106 0
107 0
108 0
109 0
110 0
111 0
112 0
113 1
114 0
115 0
116 0
117 0
118 1
119 0
120 0
121 1
122 1
123 1
124 2
125 0
126 3
127 2
128 1
129 1
130 2
131 0
132 6
133 5
134 2
135 5
136 2
137 5
138 3
139 10
140 8
141 7
142 6
143 5
144 10
145 12
146 10
147 10
148 14
149 20
150 15
151 15
152 14
153 11
154 19
155 16
156 25
157 19
158 27
159 21
160 26
161 23
162 25
163 41
164 60
165 71
166 63
167 115
168 90
169 83
170 127
171 116
172 129
173 145
174 175
175 213
176 220
177 205
178 248
179 287
180 299
181 338
182 361
183 273
184 379
185 388
186 414
187 426
188 461
189 487
190 541
191 582
192 618
193 658
194 707
195 685
196 676
197 656
198 768
199 796
200 835
201 861
202 879
203 954
204 927
205 948
206 1042
207 1146
208 1130
209 1233
210 1304
211 1313
212 1350
213 1412
214 1449
215 1562
216 1628
217 1632
218 1848
219 1727
220 1996
221 1953
222 2244
223 2250
224 2437
225 2674
226 3006
227 2890
228 2823
229 2784
230 2733
231 2604
232 2570
233 2611
234 2712
235 2737
236 2835
237 2884
238 2982
239 2933
240 2745
241 2813
242 2817
243 2765
244 2724
245 2731
246 2656
247 2681
248 2685
249 2620
250 2598
251 2591
252 2528
253 2580
254 2531
255 2479
256 2537
257 2605
258 2571
259 2517
260 2492
261 2559
262 2430
263 2413
264 2401
265 2275
266 2121
267 2207
268 2121
269 1963
270 1899
271 1798
272 1700
273 1743
274 1727
275 1663
276 1547
277 1613
278 1659
279 1641
280 1495
281 1568
282 1599
283 1591
284 1465
285 1556
286 1228
287 1355
288 1329
289 1319
290 1213
291 1177
292 1008
293 995
294 959
295 981
296 960
297 862
298 972
299 849
300 914
301 801
302 851
303 879
304 822
305 736
306 677
307 586
308 562
309 497
310 454
311 410
312 341
313 303
314 340
315 264
316 228
317 243
318 209
319 225
320 174
321 184
322 125
323 135
324 130
325 116
326 91
327 85
328 65
329 85
330 61
331 48
332 82
333 69
334 84
335 74
336 109
337 89
338 90
339 80
340 75
341 96
342 91
343 49
344 55
345 50
346 38
347 37
348 21
349 22
350 5
351 12
352 16
353 8
354 6
355 1
356 2
357 1
358 0
359 0
360 2
361 0
362 0
363 1
364 0
365 3
366 0
367 0
368 0
369 0
370 0
371 0
372 0
373 0
374 0
375 0
376 0
377 0
378 0
379 0
380 0
381 0
382 0
383 0
384 0
385 0
386 0
387 1
