0 0
1 0
2 0
3 0
4 0
5 0
6 0
7 0
8 0
9 0
10 0
11 0
12 0
13 0
14 0
15 0
16 0
17 0
18 0
19 0
20 0
21 0
22 0
23 0
24 0
25 0
26 0
27 0
28 0
29 0
30 0
31 0
32 0
33 0
34 0
35 0
36 0
37 0
38 0
39 0
40 0
41 0
42 0
43 0
44 0
45 0
46 0
47 0
48 0
49 0
50 0
51 0
52 0
53 0
54 0
55 0
56 0
57 0
58 0
59 0
60 0
61 0
62 0
63 0
64 0
65 0
66 0
67 0
68 0
69 0
70 0
71 0
72 0
73 0
74 0
75 0
76 0
77 0
78 0
79 0
80 0
81 0
82 0
83 0
84 0
85 0
86 0
87 0
88 0
89 0
90 0
91 1
92 0
93 0
94 1
95 0
96 1
97 0
98 1
99 1
100 0
101 0
102 1
103 2
104 0
105 1
106 0
107 2
108 1
109 0
110 0
111 1
112 0
113 0
114 1
115 0
116 0
117 1
118 3
119 0
120 2
121 4
122 0
123 4
124 9
125 5
126 6
127 9
128 12
129 25
130 17
131 31
132 24
133 33
134 20
135 28
136 43
137 33
138 37
139 37
140 51
141 55
142 51
143 41
144 75
145 88
146 92
147 140
148 169
149 220
150 195
151 191
152 248
153 273
154 249
155 330
156 367
157 323
158 290
159 392
160 391
161 400
162 405
163 519
164 510
165 570
166 597
167 676
168 723
169 693
170 687
171 665
172 720
173 681
174 661
175 763
176 708
177 664
178 744
179 778
180 763
181 902
182 848
183 921
184 1015
185 1197
186 1249
187 1431
188 1496
189 1702
190 1879
191 1816
192 1848
193 1992
194 2039
195 2053
196 2045
197 2017
198 2127
199 2182
200 2123
201 2089
202 2197
203 2261
204 2530
205 2488
206 2617
207 2731
208 2702
209 2817
210 2926
211 2721
212 2883
213 2661
214 2714
215 2702
216 2668
217 2561
218 2575
219 2736
220 2568
221 2494
222 2652
223 2560
224 2402
225 2334
226 2339
227 2298
228 2337
229 2185
230 2382
231 2299
232 2348
233 2288
234 2129
235 2272
236 2244
237 2187
238 2285
239 2282
240 2479
241 2606
242 2463
243 2574
244 2487
245 2360
246 2268
247 2266
248 2027
249 1952
250 1894
251 1856
252 1696
253 1663
254 1533
255 1530
256 1485
257 1442
258 1502
259 1373
260 1473
261 1385
262 1405
263 1355
264 1301
265 1356
266 1276
267 1369
268 1359
269 1260
270 1259
271 1244
272 1207
273 1104
274 1183
275 1044
276 976
277 924
278 816
279 728
280 671
281 649
282 697
283 679
284 590
285 541
286 517
287 579
288 547
289 493
290 450
291 422
292 388
293 388
294 361
295 297
296 256
297 241
298 207
299 201
300 191
301 159
302 137
303 114
304 90
305 112
306 71
307 57
308 76
309 64
310 69
311 79
312 57
313 42
314 48
315 37
316 58
317 22
318 39
319 29
320 29
321 31
322 15
323 16
324 11
325 17
326 2
327 10
328 0
329 13
330 1
331 5
332 7
333 9
334 2
335 3
336 8
337 1
338 2
339 2
340 1
341 2
342 1
343 0
344 0
345 1
