0 0
1 0
2 0
3 0
4 0
5 0
6 0
7 0
8 0
9 0
10 0
11 0
12 0
13 0
14 0
15 0
16 0
17 0
18 0
19 0
20 0
21 0
22 0
23 0
24 0
25 0
26 0
27 0
28 0
29 0
30 0
31 0
32 0
33 0
34 0
35 0
36 0
37 0
38 0
39 0
40 0
41 0
42 0
43 0
44 0
45 0
46 0
47 0
48 0
49 0
50 0
51 0
52 0
53 0
54 0
55 0
56 0
57 0
58 0
59 0
60 0
61 0
62 0
63 0
64 0
65 0
66 0
67 0
68 0
69 0
70 0
71 0
72 0
73 0
74 0
75 0
76 0
77 0
78 0
79 0
80 0
81 0
82 0
83 0
84 0
85 0
86 0
87 0
88 0
89 1
90 1
91 0
92 0
93 0
94 0
95 0
96 0
97 0
98 0
99 0
100 0
101 0
102 1
103 0
104 0
105 1
106 0
107 0
108 0
109 0
110 0
111 0
112 0
113 0
114 0
115 0
116 0
117 0
118 1
119 0
120 1
121 0
122 0
123 1
124 4
125 2
126 0
127 7
128 5
129 14
130 11
131 22
132 16
133 39
134 22
135 43
136 63
137 61
138 75
139 105
140 143
141 156
142 117
143 132
144 113
145 130
146 170
147 148
148 184
149 148
150 161
151 174
152 178
153 244
154 235
155 244
156 248
157 268
158 308
159 349
160 377
161 435
162 426
163 474
164 502
165 571
166 625
167 650
168 762
169 729
170 879
171 770
172 792
173 855
174 810
175 758
176 890
177 833
178 877
179 953
180 1074
181 1034
182 1178
183 1217
184 1247
185 1311
186 1383
187 1506
188 1488
189 1447
190 1658
191 1494
192 1581
193 1803
194 1742
195 1822
196 1928
197 2063
198 2052
199 2427
200 2433
201 2358
202 2322
203 2297
204 2182
205 2236
206 2332
207 2376
208 2275
209 2278
210 2320
211 2233
212 2479
213 2407
214 2640
215 2641
216 2792
217 2770
218 3013
219 2916
220 2912
221 2901
222 2815
223 2960
224 2937
225 2692
226 2595
227 2665
228 2618
229 2686
230 2637
231 2551
232 2636
233 2589
234 2503
235 2575
236 2526
237 2569
238 2627
239 2470
240 2507
241 2454
242 2384
243 2351
244 2285
245 2194
246 2213
247 2233
248 2112
249 2174
250 2087
251 2102
252 2176
253 2203
254 1960
255 1878
256 1796
257 1881
258 1701
259 1744
260 1518
261 1404
262 1377
263 1268
264 1173
265 1150
266 1055
267 880
268 813
269 802
270 725
271 721
272 632
273 664
274 650
275 648
276 607
277 634
278 638
279 672
280 588
281 572
282 630
283 570
284 552
285 478
286 457
287 421
288 270
289 238
290 254
291 232
292 232
293 212
294 214
295 167
296 154
297 138
298 175
299 123
300 154
301 118
302 123
303 109
304 116
305 91
306 97
307 69
308 58
309 43
310 52
311 44
312 25
313 26
314 25
315 28
316 23
317 24
318 35
319 37
320 34
321 19
322 25
323 27
324 18
325 12
326 15
327 16
328 13
329 26
330 8
331 11
332 6
333 8
334 7
335 13
336 10
337 8
338 8
339 3
340 8
341 6
342 6
343 4
344 6
345 5
346 4
347 2
