0 0
1 0
2 0
3 0
4 0
5 0
6 0
7 0
8 0
9 0
10 0
11 0
12 0
13 0
14 0
15 0
16 1
17 0
18 0
19 0
20 1
21 0
22 0
23 0
24 0
25 0
26 1
27 1
28 0
29 2
30 1
31 0
32 1
33 0
34 2
35 2
36 2
37 2
38 1
39 4
40 2
41 3
42 1
43 0
44 1
45 2
46 1
47 0
48 2
49 2
50 0
51 0
52 0
53 0
54 1
55 0
56 1
57 3
58 1
59 3
60 2
61 0
62 0
63 0
64 2
65 0
66 1
67 2
68 2
69 2
70 1
71 1
72 2
73 0
74 1
75 1
76 2
77 1
78 1
79 1
80 1
81 1
82 1
83 0
84 3
85 1
86 3
87 1
88 3
89 2
90 3
91 2
92 1
93 0
94 2
95 6
96 3
97 3
98 0
99 3
100 3
101 4
102 2
103 5
104 5
105 3
106 6
107 1
108 4
109 2
110 4
111 8
112 11
113 6
114 9
115 5
116 8
117 2
118 9
119 9
120 21
121 14
122 13
123 15
124 13
125 9
126 19
127 12
128 16
129 14
130 19
131 23
132 19
133 18
134 16
135 22
136 29
137 30
138 27
139 27
140 39
141 24
142 27
143 56
144 47
145 47
146 69
147 71
148 101
149 115
150 127
151 102
152 169
153 201
154 226
155 250
156 268
157 259
158 365
159 307
160 395
161 358
162 385
163 393
164 386
165 436
166 480
167 466
168 592
169 533
170 574
171 680
172 697
173 820
174 887
175 944
176 990
177 1037
178 1103
179 1109
180 1142
181 1181
182 1184
183 1221
184 1270
185 1282
186 1287
187 1355
188 1346
189 1403
190 1414
191 1407
192 1521
193 1481
194 1754
195 1719
196 1826
197 1908
198 2099
199 2116
200 2104
201 2290
202 2263
203 2349
204 2480
205 2320
206 2420
207 2371
208 2456
209 2455
210 2560
211 2724
212 2657
213 2612
214 2681
215 2671
216 2671
217 2707
218 2795
219 2941
220 2985
221 3027
222 2926
223 3221
224 3071
225 2849
226 3033
227 3048
228 2907
229 2785
230 2647
231 2454
232 2568
233 2285
234 2213
235 2176
236 2029
237 2054
238 1993
239 2102
240 2029
241 2126
242 2053
243 1976
244 2016
245 2064
246 1911
247 1922
248 1808
249 1727
250 1700
251 1724
252 1678
253 1727
254 1639
255 1533
256 1391
257 1387
258 1311
259 1229
260 1230
261 1097
262 1133
263 1102
264 994
265 945
266 924
267 871
268 927
269 932
270 869
271 752
272 749
273 844
274 735
275 728
276 786
277 948
278 925
279 903
280 867
281 853
282 846
283 810
284 721
285 671
286 616
287 555
288 585
289 596
290 692
291 729
292 705
293 709
294 756
295 758
296 746
297 651
298 525
299 525
300 457
301 330
302 309
303 320
304 243
305 223
306 153
307 188
308 165
309 135
310 116
311 97
312 76
313 83
314 76
315 97
316 101
317 79
318 78
319 78
320 90
321 71
322 72
323 85
324 64
325 46
326 59
327 58
328 31
329 38
330 39
331 24
332 31
333 48
334 22
335 27
336 16
337 16
338 10
339 13
340 22
341 16
342 24
343 17
344 4
345 12
346 6
347 2
348 8
349 7
350 1
351 6
352 4
353 6
354 0
355 1
356 1
357 1
358 1
