0 0
1 0
2 0
3 0
4 0
5 0
6 0
7 0
8 0
9 0
10 0
11 0
12 0
13 0
14 0
15 0
16 0
17 0
18 0
19 0
20 0
21 0
22 0
23 0
24 0
25 0
26 0
27 0
28 0
29 0
30 0
31 0
32 0
33 0
34 0
35 0
36 0
37 0
38 0
39 0
40 0
41 0
42 0
43 0
44 0
45 0
46 0
47 0
48 0
49 0
50 0
51 0
52 0
53 0
54 0
55 0
56 0
57 0
58 0
59 0
60 0
61 0
62 0
63 0
64 0
65 0
66 0
67 0
68 0
69 0
70 0
71 0
72 0
73 0
74 0
75 0
76 0
77 0
78 0
79 0
80 0
81 0
82 0
83 0
84 0
85 0
86 0
87 0
88 0
89 0
90 0
91 0
92 0
93 0
94 0
95 0
96 0
97 0
98 0
99 0
100 2
101 0
102 0
103 1
104 2
105 1
106 4
107 6
108 6
109 2
110 2
111 1
112 2
113 3
114 5
115 9
116 8
117 9
118 14
119 11
120 8
121 13
122 9
123 16
124 15
125 8
126 12
127 19
128 23
129 22
130 17
131 21
132 28
133 28
134 33
135 33
136 42
137 26
138 34
139 45
140 59
141 41
142 60
143 57
144 53
145 60
146 53
147 83
148 95
149 85
150 81
151 98
152 103
153 110
154 140
155 136
156 161
157 202
158 208
159 221
160 227
161 283
162 268
163 304
164 317
165 382
166 332
167 355
168 363
169 361
170 384
171 411
172 436
173 452
174 486
175 471
176 566
177 606
178 629
179 620
180 714
181 750
182 846
183 870
184 945
185 1026
186 1111
187 1034
188 1060
189 1045
190 1099
191 1166
192 1251
193 1123
194 1175
195 1145
196 1115
197 1091
198 1238
199 1133
200 1273
201 1277
202 1167
203 1253
204 1230
205 1289
206 1325
207 1386
208 1440
209 1628
210 1802
211 1845
212 1987
213 1997
214 2073
215 2290
216 2234
217 2299
218 2172
219 2179
220 2160
221 2149
222 2172
223 2222
224 2309
225 2374
226 2256
227 2348
228 2253
229 2421
230 2598
231 2637
232 2808
233 2643
234 2760
235 2656
236 2788
237 2672
238 2484
239 2484
240 2321
241 2299
242 2250
243 2158
244 1998
245 2006
246 1924
247 2165
248 2060
249 2058
250 2012
251 1930
252 1981
253 1950
254 1921
255 1845
256 1949
257 1798
258 1821
259 1774
260 1658
261 1609
262 1670
263 1570
264 1605
265 1658
266 1523
267 1483
268 1387
269 1364
270 1312
271 1169
272 1208
273 1077
274 1104
275 1105
276 1221
277 1137
278 1080
279 1171
280 1069
281 1277
282 1184
283 1219
284 1376
285 1333
286 1322
287 1381
288 1357
289 1228
290 1244
291 1163
292 1053
293 1040
294 951
295 1045
296 924
297 884
298 846
299 861
300 798
301 747
302 742
303 717
304 728
305 662
306 608
307 644
308 578
309 597
310 506
311 502
312 464
313 455
314 403
315 388
316 392
317 328
318 323
319 271
320 263
321 249
322 231
323 208
324 192
325 186
326 183
327 156
328 147
329 120
330 112
331 125
332 110
333 88
334 116
335 98
336 85
337 108
338 72
339 79
340 89
341 62
342 70
343 46
344 54
345 47
346 51
347 35
348 51
349 33
350 45
351 65
352 71
353 53
354 60
355 62
356 35
357 31
358 33
359 40
360 39
361 21
362 30
363 48
364 42
365 61
366 43
367 43
368 38
369 20
370 37
371 31
372 35
373 46
374 52
375 40
376 48
377 28
378 49
379 40
380 48
381 37
382 60
383 49
384 45
385 42
386 35
387 28
388 18
389 12
390 20
391 13
392 11
393 2
394 4
395 3
396 0
397 0
398 2
399 2
400 1
