0 0
1 0
2 0
3 0
4 0
5 0
6 0
7 0
8 0
9 0
10 0
11 0
12 0
13 0
14 0
15 0
16 0
17 0
18 0
19 0
20 0
21 0
22 0
23 0
24 0
25 0
26 0
27 0
28 0
29 0
30 0
31 0
32 0
33 0
34 0
35 0
36 0
37 0
38 0
39 0
40 0
41 0
42 0
43 0
44 0
45 0
46 0
47 0
48 0
49 0
50 0
51 0
52 0
53 0
54 0
55 0
56 0
57 0
58 0
59 0
60 0
61 0
62 0
63 0
64 0
65 0
66 0
67 0
68 0
69 0
70 0
71 0
72 0
73 0
74 0
75 0
76 0
77 0
78 0
79 0
80 0
81 0
82 0
83 0
84 0
85 0
86 0
87 0
88 0
89 0
90 0
91 0
92 0
93 0
94 0
95 0
96 0
97 0
98 0
99 0
100 1
101 0
102 0
103 0
104 1
105 1
106 1
107 0
108 1
109 3
110 4
111 1
112 4
113 5
114 4
115 1
116 6
117 3
118 6
119 6
120 4
121 1
122 1
123 4
124 2
125 3
126 4
127 2
128 2
129 7
130 3
131 8
132 6
133 7
134 20
135 12
136 7
137 22
138 20
139 17
140 27
141 38
142 46
143 53
144 78
145 88
146 99
147 88
148 147
149 177
150 211
151 195
152 199
153 241
154 302
155 294
156 315
157 365
158 384
159 424
160 464
161 450
162 674
163 636
164 696
165 732
166 741
167 827
168 826
169 811
170 809
171 884
172 955
173 875
174 908
175 942
176 929
177 954
178 1005
179 1055
180 1078
181 1179
182 1183
183 1295
184 1359
185 1705
186 1635
187 1832
188 1830
189 1746
190 1766
191 1748
192 1676
193 1671
194 1737
195 1696
196 1826
197 2015
198 1957
199 2002
200 1999
201 2047
202 2147
203 2043
204 2193
205 2326
206 2248
207 2451
208 2489
209 2592
210 2846
211 2816
212 2735
213 2831
214 2777
215 2847
216 2885
217 2945
218 2758
219 2645
220 2637
221 2600
222 2631
223 2490
224 2426
225 2407
226 2393
227 2638
228 2506
229 2601
230 2682
231 2719
232 2947
233 2741
234 2631
235 2529
236 2497
237 2295
238 2399
239 2328
240 2055
241 2078
242 1932
243 1935
244 1808
245 1708
246 1692
247 1609
248 1691
249 1585
250 1487
251 1471
252 1472
253 1483
254 1459
255 1401
256 1343
257 1328
258 1355
259 1250
260 1295
261 1246
262 1236
263 1189
264 1174
265 1112
266 995
267 1026
268 945
269 977
270 934
271 893
272 974
273 924
274 971
275 970
276 967
277 884
278 917
279 877
280 769
281 840
282 782
283 750
284 701
285 690
286 709
287 735
288 637
289 619
290 585
291 504
292 478
293 510
294 413
295 348
296 394
297 308
298 289
299 276
300 208
301 185
302 127
303 128
304 121
305 103
306 109
307 109
308 94
309 92
310 112
311 102
312 88
313 74
314 94
315 68
316 54
317 57
318 65
319 77
320 35
321 56
322 57
323 25
324 32
325 32
326 34
327 25
328 20
329 20
330 21
331 12
332 16
333 5
334 4
335 4
336 13
337 6
338 7
339 6
340 3
341 2
342 2
343 6
344 2
345 1
346 1
347 0
348 1
349 0
350 1
351 0
352 1
353 0
354 1
355 0
356 1
