0 0
1 0
2 0
3 0
4 0
5 0
6 0
7 0
8 0
9 0
10 0
11 0
12 0
13 0
14 0
15 0
16 0
17 0
18 0
19 0
20 0
21 0
22 0
23 0
24 0
25 0
26 0
27 0
28 0
29 0
30 0
31 0
32 0
33 0
34 0
35 0
36 0
37 0
38 0
39 0
40 0
41 0
42 0
43 0
44 0
45 0
46 0
47 0
48 0
49 0
50 0
51 0
52 0
53 0
54 0
55 0
56 0
57 0
58 0
59 0
60 0
61 0
62 0
63 0
64 0
65 0
66 0
67 0
68 0
69 0
70 0
71 0
72 0
73 0
74 0
75 0
76 0
77 0
78 0
79 0
80 0
81 0
82 0
83 0
84 0
85 0
86 0
87 0
88 0
89 0
90 0
91 0
92 0
93 0
94 0
95 0
96 0
97 0
98 0
99 0
100 0
101 0
102 0
103 0
104 0
105 0
106 0
107 0
108 0
109 0
110 0
111 0
112 0
113 0
114 0
115 0
116 0
117 0
118 0
119 0
120 0
121 0
122 0
123 0
124 0
125 1
126 1
127 0
128 0
129 0
130 1
131 1
132 1
133 0
134 2
135 1
136 1
137 5
138 4
139 7
140 15
141 8
142 17
143 24
144 36
145 46
146 74
147 99
148 131
149 167
150 197
151 172
152 208
153 259
154 263
155 287
156 316
157 298
158 296
159 326
160 348
161 353
162 413
163 372
164 414
165 404
166 389
167 405
168 394
169 505
170 463
171 567
172 592
173 721
174 766
175 918
176 1047
177 1143
178 1145
179 1194
180 1215
181 1243
182 1133
183 1087
184 997
185 963
186 1030
187 909
188 1019
189 1070
190 1063
191 1079
192 1212
193 1248
194 1299
195 1294
196 1332
197 1324
198 1340
199 1412
200 1453
201 1504
202 1513
203 1685
204 1573
205 1479
206 1664
207 1563
208 1660
209 1634
210 1762
211 1699
212 1812
213 1912
214 1775
215 1891
216 1941
217 1965
218 2014
219 2100
220 2272
221 2395
222 2479
223 2340
224 2506
225 2493
226 2721
227 2715
228 2749
229 2831
230 2806
231 2814
232 2861
233 2890
234 2883
235 2861
236 2746
237 2856
238 2843
239 2945
240 2822
241 2858
242 2750
243 2880
244 2654
245 2650
246 2485
247 2420
248 2231
249 2350
250 2115
251 2119
252 1987
253 2047
254 1936
255 1858
256 1830
257 1768
258 1906
259 1844
260 1876
261 1852
262 1925
263 1936
264 1853
265 1733
266 1726
267 1562
268 1560
269 1563
270 1400
271 1430
272 1319
273 1206
274 1152
275 1136
276 1103
277 1038
278 943
279 897
280 862
281 767
282 839
283 777
284 711
285 688
286 695
287 591
288 627
289 608
290 549
291 541
292 519
293 452
294 488
295 509
296 482
297 464
298 420
299 393
300 407
301 383
302 390
303 370
304 328
305 276
306 301
307 296
308 295
309 309
310 272
311 247
312 322
313 247
314 213
315 208
316 240
317 182
318 168
319 132
320 129
321 96
322 98
323 92
324 50
325 93
326 52
327 54
328 33
329 44
330 35
331 44
332 41
333 45
334 32
335 23
336 33
337 25
338 39
339 27
340 22
341 20
342 11
343 17
344 19
345 11
346 8
347 13
348 6
349 9
350 8
351 8
352 4
353 7
354 3
355 1
356 8
357 9
358 6
359 4
360 3
361 3
362 2
363 3
364 3
365 3
366 1
367 3
368 5
369 2
370 0
371 2
372 1
373 1
374 0
375 0
376 2
377 0
378 1
