0 0
1 0
2 0
3 0
4 0
5 0
6 0
7 0
8 0
9 0
10 0
11 0
12 0
13 0
14 0
15 0
16 0
17 0
18 0
19 0
20 0
21 0
22 0
23 0
24 0
25 0
26 0
27 0
28 0
29 0
30 0
31 0
32 0
33 0
34 0
35 0
36 0
37 0
38 0
39 0
40 0
41 0
42 0
43 0
44 0
45 0
46 0
47 0
48 0
49 0
50 0
51 0
52 0
53 0
54 0
55 0
56 0
57 0
58 0
59 0
60 0
61 0
62 0
63 0
64 0
65 0
66 1
67 0
68 1
69 0
70 0
71 0
72 1
73 0
74 1
75 0
76 1
77 0
78 0
79 0
80 1
81 1
82 0
83 1
84 0
85 2
86 0
87 0
88 1
89 2
90 1
91 2
92 1
93 3
94 2
95 3
96 2
97 3
98 1
99 3
100 1
101 2
102 0
103 3
104 5
105 2
106 2
107 4
108 5
109 3
110 1
111 2
112 4
113 6
114 3
115 2
116 5
117 1
118 4
119 5
120 8
121 4
122 2
123 2
124 6
125 5
126 7
127 6
128 7
129 6
130 8
131 3
132 5
133 9
134 14
135 15
136 6
137 15
138 15
139 13
140 16
141 16
142 30
143 16
144 14
145 16
146 10
147 20
148 26
149 12
150 26
151 9
152 11
153 29
154 18
155 24
156 18
157 28
158 27
159 40
160 20
161 40
162 29
163 35
164 48
165 78
166 79
167 70
168 81
169 78
170 91
171 101
172 138
173 152
174 168
175 153
176 183
177 200
178 222
179 210
180 284
181 288
182 354
183 341
184 354
185 420
186 454
187 486
188 546
189 632
190 602
191 703
192 758
193 813
194 778
195 898
196 1015
197 1084
198 1043
199 1204
200 1112
201 1210
202 1274
203 1314
204 1522
205 1488
206 1582
207 1871
208 1928
209 2146
210 2130
211 2276
212 2186
213 2408
214 2331
215 2292
216 2294
217 2506
218 2509
219 2563
220 2671
221 2874
222 2907
223 2821
224 2923
225 2968
226 3108
227 3334
228 3307
229 3303
230 3263
231 3188
232 3362
233 3098
234 3194
235 3216
236 3146
237 3267
238 3147
239 3115
240 3407
241 3413
242 3417
243 3380
244 3546
245 3270
246 3302
247 3111
248 2825
249 2766
250 2469
251 2408
252 2345
253 2306
254 2154
255 2170
256 2109
257 1956
258 2007
259 1899
260 1867
261 1997
262 1997
263 2027
264 1969
265 2084
266 2044
267 1927
268 1958
269 1813
270 1719
271 1704
272 1680
273 1617
274 1525
275 1461
276 1270
277 1201
278 1031
279 973
280 954
281 918
282 938
283 777
284 769
285 828
286 774
287 778
288 812
289 645
290 828
291 714
292 626
293 511
294 533
295 491
296 457
297 363
298 283
299 310
300 268
301 204
302 187
303 216
304 199
305 159
306 131
307 103
308 116
309 109
310 115
311 94
312 108
313 102
314 87
315 70
316 78
317 62
318 53
319 47
320 31
321 39
322 22
323 18
324 4
325 2
326 4
327 1
328 1
329 0
330 0
331 0
332 0
333 0
334 0
335 1
