0 0
1 0
2 0
3 0
4 0
5 0
6 0
7 0
8 0
9 0
10 0
11 0
12 0
13 0
14 0
15 0
16 0
17 0
18 0
19 0
20 0
21 0
22 0
23 0
24 0
25 0
26 0
27 0
28 0
29 0
30 0
31 0
32 0
33 0
34 0
35 0
36 0
37 0
38 0
39 0
40 0
41 0
42 0
43 0
44 0
45 0
46 0
47 0
48 0
49 0
50 0
51 0
52 0
53 0
54 0
55 0
56 0
57 0
58 0
59 0
60 0
61 0
62 0
63 0
64 0
65 0
66 0
67 0
68 0
69 0
70 0
71 0
72 0
73 0
74 0
75 0
76 0
77 0
78 0
79 0
80 0
81 0
82 0
83 0
84 0
85 0
86 0
87 0
88 0
89 0
90 0
91 0
92 0
93 0
94 0
95 0
96 0
97 0
98 0
99 0
100 0
101 0
102 0
103 0
104 0
105 0
106 0
107 0
108 0
109 0
110 0
111 0
112 0
113 0
114 0
115 0
116 0
117 0
118 1
119 0
120 0
121 7
122 5
123 7
124 5
125 4
126 3
127 9
128 22
129 13
130 34
131 21
132 40
133 46
134 67
135 59
136 89
137 96
138 70
139 123
140 120
141 107
142 170
143 123
144 154
145 141
146 144
147 156
148 145
149 161
150 156
151 158
152 129
153 154
154 184
155 156
156 179
157 182
158 203
159 242
160 253
161 338
162 484
163 544
164 561
165 477
166 534
167 493
168 582
169 658
170 687
171 818
172 910
173 1006
174 1174
175 1142
176 1265
177 1136
178 1294
179 1233
180 1265
181 1275
182 1181
183 1228
184 1211
185 1211
186 1310
187 1305
188 1432
189 1345
190 1393
191 1555
192 1680
193 1741
194 1889
195 1938
196 1918
197 1901
198 1907
199 1979
200 1908
201 2002
202 1995
203 2029
204 2047
205 2138
206 2110
207 2144
208 2088
209 2136
210 2179
211 2301
212 2188
213 2110
214 2148
215 2180
216 2162
217 2352
218 2017
219 2319
220 2147
221 2160
222 2339
223 2452
224 2484
225 2541
226 2529
227 2544
228 2607
229 2584
230 2649
231 2523
232 2693
233 2461
234 2397
235 2544
236 2491
237 2424
238 2483
239 2372
240 2460
241 2393
242 2325
243 2341
244 2202
245 2306
246 2200
247 2211
248 2050
249 2090
250 1926
251 1882
252 1852
253 1768
254 1772
255 1714
256 1768
257 1632
258 1570
259 1508
260 1471
261 1366
262 1332
263 1216
264 1260
265 1305
266 1251
267 1200
268 1223
269 1113
270 1147
271 1085
272 1105
273 1144
274 1184
275 1206
276 1106
277 1063
278 1013
279 1070
280 1044
281 981
282 864
283 779
284 784
285 808
286 741
287 614
288 558
289 569
290 440
291 393
292 466
293 416
294 386
295 384
296 380
297 310
298 317
299 237
300 238
301 189
302 187
303 201
304 188
305 164
306 153
307 133
308 125
309 127
310 119
311 69
312 105
313 109
314 71
315 100
316 86
317 89
318 70
319 86
320 116
321 63
322 51
323 71
324 35
325 46
326 39
327 41
328 49
329 29
330 42
331 37
332 10
333 31
334 39
335 17
336 25
337 17
338 21
339 18
340 17
341 17
342 12
343 11
344 13
345 8
346 9
347 2
348 8
349 0
350 8
351 0
352 5
353 0
354 1
355 0
356 0
357 1
