0 0
1 1
2 0
3 0
4 0
5 0
6 0
7 0
8 0
9 0
10 1
11 0
12 0
13 1
14 1
15 0
16 0
17 0
18 0
19 0
20 0
21 0
22 1
23 0
24 0
25 0
26 0
27 0
28 0
29 0
30 2
31 1
32 1
33 2
34 0
35 6
36 1
37 1
38 2
39 1
40 1
41 0
42 2
43 1
44 1
45 2
46 1
47 1
48 2
49 1
50 3
51 1
52 1
53 2
54 2
55 1
56 1
57 1
58 2
59 2
60 0
61 1
62 1
63 1
64 0
65 2
66 1
67 3
68 0
69 0
70 0
71 1
72 1
73 3
74 0
75 1
76 0
77 5
78 0
79 2
80 2
81 1
82 0
83 1
84 2
85 1
86 0
87 1
88 0
89 1
90 1
91 1
92 0
93 0
94 0
95 0
96 2
97 2
98 3
99 1
100 1
101 1
102 2
103 3
104 1
105 4
106 3
107 0
108 2
109 0
110 3
111 2
112 1
113 5
114 2
115 1
116 7
117 11
118 19
119 13
120 22
121 18
122 10
123 22
124 27
125 34
126 48
127 49
128 61
129 53
130 71
131 66
132 54
133 88
134 70
135 88
136 66
137 59
138 68
139 83
140 79
141 102
142 98
143 96
144 96
145 135
146 120
147 164
148 143
149 195
150 175
151 218
152 258
153 305
154 340
155 339
156 479
157 402
158 443
159 549
160 472
161 589
162 613
163 672
164 823
165 827
166 907
167 967
168 931
169 944
170 892
171 902
172 803
173 827
174 766
175 819
176 865
177 848
178 897
179 976
180 1078
181 1136
182 1097
183 1203
184 1160
185 1266
186 1197
187 1234
188 1314
189 1279
190 1332
191 1446
192 1389
193 1524
194 1467
195 1506
196 1605
197 1583
198 1613
199 1668
200 1569
201 1636
202 1780
203 1719
204 1787
205 1874
206 1994
207 1904
208 1995
209 2114
210 2048
211 2239
212 2180
213 2328
214 2264
215 2276
216 2453
217 2546
218 2717
219 2552
220 2680
221 2836
222 2866
223 3012
224 3090
225 2984
226 2956
227 2930
228 2957
229 2784
230 2749
231 2635
232 2811
233 2618
234 2751
235 2723
236 2829
237 2804
238 2813
239 2777
240 2602
241 2497
242 2462
243 2386
244 2168
245 2163
246 2062
247 1912
248 1901
249 1781
250 1656
251 1568
252 1550
253 1521
254 1476
255 1412
256 1268
257 1307
258 1258
259 1213
260 1186
261 1261
262 1153
263 1091
264 1074
265 1048
266 1045
267 1000
268 1005
269 952
270 1091
271 1025
272 1081
273 1045
274 1122
275 1102
276 1037
277 1027
278 1060
279 986
280 969
281 991
282 983
283 830
284 817
285 813
286 759
287 700
288 683
289 578
290 527
291 509
292 469
293 414
294 406
295 333
296 397
297 337
298 338
299 326
300 285
301 272
302 238
303 234
304 199
305 194
306 162
307 173
308 168
309 150
310 120
311 130
312 99
313 99
314 85
315 82
316 69
317 68
318 51
319 52
320 41
321 30
322 36
323 31
324 31
325 27
326 28
327 11
328 12
329 13
330 14
331 7
332 9
333 9
334 4
335 1
336 3
337 2
338 1
339 4
340 0
341 1
342 0
343 0
344 0
345 0
346 0
347 0
348 0
349 0
350 0
351 0
352 1
353 0
354 0
355 0
356 0
357 0
358 0
359 1
