0 0
1 0
2 0
3 0
4 0
5 0
6 0
7 0
8 0
9 0
10 0
11 0
12 0
13 0
14 0
15 0
16 0
17 0
18 0
19 0
20 0
21 0
22 0
23 0
24 0
25 0
26 0
27 0
28 0
29 0
30 0
31 0
32 0
33 0
34 0
35 1
36 1
37 0
38 0
39 0
40 0
41 0
42 0
43 0
44 0
45 0
46 0
47 0
48 0
49 0
50 1
51 1
52 0
53 0
54 0
55 0
56 0
57 0
58 0
59 0
60 0
61 3
62 3
63 2
64 0
65 1
66 0
67 2
68 1
69 0
70 2
71 0
72 1
73 4
74 3
75 5
76 1
77 1
78 1
79 1
80 0
81 0
82 1
83 1
84 1
85 4
86 3
87 5
88 7
89 5
90 13
91 3
92 5
93 6
94 4
95 6
96 4
97 5
98 5
99 4
100 4
101 15
102 9
103 6
104 9
105 7
106 21
107 24
108 15
109 35
110 19
111 21
112 36
113 16
114 29
115 19
116 24
117 14
118 26
119 31
120 19
121 29
122 34
123 42
124 19
125 26
126 41
127 37
128 40
129 56
130 46
131 51
132 61
133 89
134 71
135 59
136 94
137 82
138 97
139 111
140 119
141 94
142 139
143 169
144 136
145 153
146 165
147 192
148 182
149 182
150 183
151 191
152 201
153 231
154 235
155 265
156 293
157 258
158 286
159 284
160 290
161 357
162 344
163 381
164 349
165 433
166 373
167 413
168 365
169 445
170 453
171 483
172 582
173 537
174 605
175 666
176 667
177 673
178 737
179 759
180 738
181 819
182 801
183 961
184 974
185 1026
186 1062
187 1164
188 1159
189 1216
190 1230
191 1233
192 1317
193 1276
194 1423
195 1428
196 1426
197 1673
198 1642
199 1786
200 1718
201 1822
202 1887
203 1942
204 1943
205 1898
206 1842
207 1854
208 1964
209 1871
210 1949
211 1903
212 1786
213 1914
214 1853
215 1898
216 1991
217 2108
218 2225
219 2128
220 2119
221 2159
222 2273
223 2429
224 2324
225 2492
226 2514
227 2560
228 2577
229 2649
230 2978
231 3082
232 2866
233 2972
234 2898
235 2773
236 2843
237 2850
238 2957
239 2713
240 2864
241 2706
242 2681
243 2617
244 2352
245 2495
246 2464
247 2475
248 2276
249 2365
250 2444
251 2280
252 2212
253 1946
254 1957
255 1802
256 1770
257 1671
258 1496
259 1491
260 1377
261 1341
262 1369
263 1290
264 1093
265 1225
266 1122
267 1146
268 1147
269 1072
270 1220
271 1084
272 1132
273 1141
274 1155
275 1238
276 1237
277 1284
278 1334
279 1196
280 1208
281 1198
282 1185
283 1084
284 1141
285 998
286 939
287 931
288 838
289 755
290 696
291 676
292 577
293 620
294 583
295 465
296 490
297 465
298 489
299 402
300 382
301 359
302 320
303 295
304 271
305 251
306 258
307 195
308 211
309 171
310 134
311 142
312 126
313 121
314 123
315 123
316 102
317 102
318 82
319 85
320 67
321 50
322 71
323 53
324 62
325 50
326 31
327 38
328 28
329 28
330 29
331 27
332 46
333 29
334 28
335 17
336 32
337 35
338 28
339 31
340 35
341 26
342 29
343 25
344 21
345 16
346 7
347 9
348 11
349 4
350 4
351 3
352 2
353 4
354 0
355 1
356 0
357 0
358 0
359 0
360 0
361 0
362 0
363 0
364 0
365 0
366 0
367 0
368 1
