0 0
1 0
2 0
3 0
4 0
5 0
6 0
7 0
8 0
9 0
10 0
11 0
12 0
13 0
14 0
15 0
16 0
17 0
18 0
19 0
20 0
21 0
22 0
23 1
24 0
25 0
26 0
27 0
28 0
29 0
30 1
31 0
32 0
33 0
34 1
35 0
36 0
37 0
38 0
39 0
40 0
41 0
42 0
43 0
44 0
45 0
46 0
47 0
48 0
49 0
50 0
51 0
52 0
53 0
54 1
55 0
56 0
57 0
58 0
59 0
60 0
61 1
62 0
63 0
64 1
65 0
66 0
67 0
68 0
69 0
70 0
71 1
72 0
73 1
74 1
75 0
76 1
77 0
78 1
79 0
80 0
81 0
82 0
83 0
84 0
85 0
86 1
87 0
88 0
89 0
90 1
91 0
92 0
93 0
94 0
95 0
96 0
97 0
98 1
99 0
100 1
101 0
102 1
103 1
104 2
105 2
106 0
107 2
108 1
109 2
110 1
111 2
112 2
113 6
114 1
115 8
116 5
117 1
118 10
119 8
120 5
121 11
122 11
123 8
124 11
125 10
126 12
127 12
128 13
129 18
130 37
131 25
132 61
133 50
134 105
135 93
136 97
137 123
138 183
139 180
140 199
141 201
142 198
143 200
144 188
145 237
146 284
147 287
148 335
149 383
150 444
151 450
152 495
153 628
154 630
155 723
156 662
157 692
158 820
159 721
160 729
161 858
162 888
163 830
164 794
165 912
166 898
167 903
168 970
169 1037
170 1061
171 1071
172 1082
173 1089
174 1172
175 1245
176 1205
177 1250
178 1306
179 1297
180 1282
181 1276
182 1280
183 1327
184 1295
185 1374
186 1514
187 1635
188 1655
189 1693
190 1717
191 1876
192 1959
193 2111
194 2194
195 2328
196 2361
197 2194
198 2105
199 2166
200 2167
201 2063
202 2162
203 2005
204 2103
205 2115
206 2287
207 2327
208 2409
209 2532
210 2465
211 2344
212 2385
213 2239
214 2061
215 2303
216 2164
217 2201
218 2335
219 2250
220 2202
221 2190
222 2173
223 2154
224 2152
225 2159
226 2136
227 2039
228 2036
229 1979
230 1951
231 1971
232 1978
233 1842
234 1869
235 1755
236 1835
237 1873
238 1871
239 1797
240 1799
241 1910
242 1726
243 1790
244 1785
245 1710
246 1772
247 1885
248 1901
249 1978
250 2075
251 2028
252 1955
253 1852
254 1691
255 1728
256 1616
257 1510
258 1533
259 1520
260 1514
261 1548
262 1402
263 1389
264 1292
265 1356
266 1189
267 1177
268 1021
269 941
270 985
271 849
272 870
273 822
274 801
275 758
276 674
277 661
278 600
279 589
280 575
281 562
282 541
283 464
284 501
285 469
286 478
287 439
288 424
289 439
290 401
291 347
292 345
293 376
294 322
295 299
296 257
297 361
298 320
299 279
300 252
301 270
302 248
303 235
304 200
305 236
306 219
307 173
308 148
309 154
310 158
311 194
312 146
313 207
314 175
315 181
316 183
317 190
318 207
319 157
320 174
321 144
322 192
323 126
324 151
325 125
326 101
327 85
328 87
329 78
330 73
331 57
332 57
333 36
334 58
335 35
336 32
337 30
338 28
339 25
340 38
341 31
342 20
343 22
344 17
345 19
346 24
347 21
348 12
349 17
350 22
351 12
352 11
353 12
354 17
355 14
356 11
357 16
358 7
359 12
360 9
361 3
362 5
363 6
364 4
365 4
366 7
367 4
368 9
369 7
370 1
371 7
372 3
373 3
374 3
375 0
376 4
377 1
378 1
379 1
380 1
381 1
