0 0
1 0
2 0
3 0
4 0
5 0
6 0
7 0
8 0
9 0
10 0
11 0
12 0
13 0
14 0
15 0
16 0
17 0
18 0
19 0
20 0
21 0
22 0
23 0
24 0
25 0
26 0
27 0
28 0
29 0
30 0
31 0
32 0
33 0
34 0
35 0
36 0
37 0
38 0
39 0
40 0
41 0
42 0
43 0
44 0
45 0
46 0
47 0
48 0
49 0
50 0
51 0
52 0
53 0
54 0
55 0
56 0
57 0
58 0
59 0
60 0
61 0
62 0
63 0
64 0
65 0
66 0
67 0
68 0
69 0
70 0
71 0
72 0
73 0
74 0
75 0
76 0
77 0
78 0
79 0
80 0
81 0
82 0
83 0
84 0
85 0
86 0
87 0
88 0
89 0
90 0
91 0
92 0
93 0
94 0
95 0
96 0
97 0
98 0
99 0
100 0
101 0
102 0
103 0
104 0
105 0
106 0
107 0
108 0
109 0
110 0
111 0
112 0
113 0
114 0
115 0
116 1
117 0
118 0
119 0
120 0
121 8
122 6
123 7
124 9
125 5
126 7
127 15
128 10
129 23
130 8
131 13
132 19
133 20
134 28
135 28
136 50
137 35
138 49
139 49
140 53
141 62
142 104
143 66
144 96
145 85
146 88
147 110
148 98
149 97
150 148
151 157
152 171
153 180
154 194
155 229
156 190
157 196
158 250
159 247
160 308
161 256
162 368
163 346
164 370
165 455
166 502
167 446
168 539
169 551
170 672
171 682
172 651
173 686
174 657
175 796
176 828
177 856
178 946
179 981
180 1186
181 1161
182 1197
183 1086
184 1201
185 1249
186 1245
187 1242
188 1342
189 1337
190 1472
191 1462
192 1613
193 1748
194 1911
195 1885
196 1954
197 2080
198 2011
199 2137
200 2267
201 2277
202 2371
203 2435
204 2471
205 2561
206 2445
207 2369
208 2373
209 2211
210 2353
211 2410
212 2351
213 2443
214 2369
215 2471
216 2455
217 2527
218 2610
219 2745
220 2742
221 2698
222 2681
223 2488
224 2416
225 2406
226 2263
227 2260
228 2383
229 2243
230 2288
231 2291
232 2279
233 2278
234 2324
235 2461
236 2181
237 2357
238 2425
239 2288
240 2268
241 2269
242 2208
243 2125
244 2072
245 1928
246 1803
247 1890
248 1799
249 1822
250 1868
251 1876
252 1868
253 1900
254 1727
255 1773
256 1755
257 1715
258 1770
259 1618
260 1585
261 1768
262 1760
263 1723
264 1642
265 1563
266 1448
267 1395
268 1281
269 1238
270 1114
271 1124
272 1038
273 907
274 961
275 910
276 781
277 761
278 805
279 778
280 822
281 777
282 786
283 798
284 684
285 690
286 680
287 600
288 570
289 560
290 519
291 504
292 433
293 403
294 394
295 388
296 372
297 316
298 305
299 336
300 268
301 241
302 235
303 194
304 211
305 236
306 216
307 212
308 260
309 194
310 202
311 203
312 214
313 202
314 218
315 223
316 206
317 196
318 167
319 146
320 162
321 120
322 103
323 95
324 63
325 77
326 71
327 71
328 79
329 49
330 42
331 37
332 34
333 38
334 31
335 30
336 33
337 35
338 28
339 36
340 25
341 25
342 28
343 24
344 15
345 22
346 9
347 15
348 12
349 16
350 8
351 10
352 9
353 8
354 3
355 7
356 4
357 3
358 6
359 5
360 5
361 4
362 4
363 2
364 5
365 9
366 4
367 2
368 2
369 0
370 3
371 2
372 1
373 0
374 0
375 1
