0 0
1 0
2 0
3 0
4 0
5 0
6 0
7 0
8 0
9 0
10 0
11 0
12 0
13 0
14 0
15 0
16 0
17 2
18 0
19 0
20 0
21 0
22 0
23 0
24 0
25 0
26 0
27 0
28 0
29 0
30 0
31 0
32 0
33 0
34 0
35 0
36 0
37 0
38 0
39 0
40 0
41 0
42 0
43 0
44 0
45 0
46 0
47 0
48 0
49 0
50 0
51 0
52 0
53 0
54 0
55 0
56 0
57 0
58 0
59 0
60 0
61 0
62 0
63 0
64 0
65 0
66 0
67 0
68 0
69 0
70 0
71 0
72 0
73 0
74 0
75 0
76 0
77 0
78 0
79 0
80 0
81 0
82 0
83 0
84 0
85 0
86 0
87 0
88 0
89 0
90 0
91 0
92 0
93 0
94 0
95 0
96 0
97 0
98 0
99 1
100 2
101 2
102 1
103 2
104 4
105 1
106 2
107 4
108 2
109 6
110 6
111 9
112 11
113 2
114 7
115 5
116 8
117 12
118 22
119 20
120 12
121 26
122 30
123 64
124 50
125 92
126 107
127 169
128 180
129 230
130 255
131 277
132 275
133 307
134 309
135 308
136 319
137 348
138 362
139 349
140 389
141 357
142 382
143 319
144 246
145 337
146 333
147 369
148 359
149 357
150 412
151 375
152 346
153 356
154 466
155 403
156 471
157 394
158 495
159 449
160 457
161 449
162 462
163 468
164 472
165 476
166 484
167 531
168 579
169 614
170 738
171 674
172 689
173 757
174 755
175 798
176 909
177 908
178 1016
179 1016
180 1084
181 1040
182 1096
183 1196
184 1207
185 1276
186 1363
187 1436
188 1423
189 1450
190 1535
191 1623
192 1589
193 1681
194 1725
195 1674
196 1738
197 1776
198 1884
199 1886
200 1766
201 1982
202 1948
203 2043
204 2124
205 2142
206 2144
207 2174
208 2247
209 2237
210 2338
211 2522
212 2630
213 2821
214 2683
215 2586
216 2679
217 2544
218 2509
219 2346
220 2410
221 2455
222 2527
223 2452
224 2471
225 2512
226 2383
227 2510
228 2411
229 2435
230 2499
231 2350
232 2430
233 2575
234 2486
235 2420
236 2520
237 2287
238 2282
239 2253
240 2175
241 2040
242 1987
243 2100
244 1799
245 1847
246 1745
247 1747
248 1667
249 1542
250 1533
251 1522
252 1513
253 1504
254 1468
255 1388
256 1454
257 1436
258 1456
259 1471
260 1366
261 1445
262 1407
263 1398
264 1407
265 1308
266 1246
267 1200
268 1150
269 1165
270 985
271 990
272 982
273 915
274 803
275 865
276 844
277 834
278 810
279 766
280 703
281 704
282 710
283 685
284 613
285 616
286 582
287 548
288 513
289 478
290 465
291 406
292 372
293 438
294 373
295 395
296 375
297 310
298 256
299 288
300 300
301 287
302 283
303 247
304 253
305 256
306 224
307 259
308 194
309 202
310 223
311 191
312 189
313 158
314 167
315 154
316 151
317 161
318 163
319 136
320 118
321 149
322 151
323 107
324 92
325 119
326 119
327 86
328 94
329 80
330 80
331 72
332 71
333 80
334 83
335 58
336 46
337 45
338 42
339 38
340 34
341 30
342 16
343 24
344 24
345 21
346 15
347 11
348 17
349 11
350 13
351 9
352 9
353 6
354 14
355 9
356 14
357 8
358 4
359 6
360 5
361 5
362 3
363 2
364 1
365 1
366 1
367 1
368 2
369 1
370 2
371 1
372 1
373 0
374 0
375 2
376 0
377 0
378 1
379 0
380 1
