0 0
1 0
2 0
3 0
4 0
5 0
6 0
7 0
8 0
9 0
10 0
11 0
12 0
13 0
14 0
15 0
16 0
17 0
18 0
19 0
20 0
21 0
22 1
23 0
24 0
25 0
26 1
27 0
28 0
29 2
30 0
31 4
32 3
33 1
34 1
35 2
36 0
37 1
38 1
39 1
40 2
41 3
42 3
43 0
44 2
45 3
46 2
47 3
48 3
49 1
50 3
51 1
52 2
53 8
54 4
55 4
56 4
57 4
58 4
59 4
60 1
61 3
62 4
63 3
64 2
65 2
66 3
67 2
68 2
69 2
70 3
71 0
72 1
73 0
74 1
75 1
76 2
77 1
78 3
79 2
80 4
81 0
82 4
83 2
84 9
85 4
86 11
87 12
88 12
89 16
90 28
91 22
92 33
93 28
94 35
95 42
96 52
97 50
98 45
99 54
100 37
101 29
102 21
103 22
104 22
105 26
106 27
107 38
108 29
109 29
110 26
111 17
112 20
113 17
114 13
115 23
116 30
117 25
118 32
119 33
120 32
121 30
122 26
123 24
124 17
125 30
126 29
127 30
128 50
129 36
130 48
131 43
132 46
133 54
134 79
135 94
136 80
137 88
138 136
139 145
140 142
141 156
142 163
143 211
144 174
145 225
146 164
147 211
148 218
149 184
150 209
151 208
152 221
153 219
154 211
155 256
156 200
157 223
158 258
159 311
160 347
161 336
162 398
163 446
164 543
165 592
166 633
167 726
168 740
169 678
170 783
171 822
172 868
173 875
174 822
175 901
176 908
177 889
178 1023
179 1069
180 1038
181 1077
182 1151
183 1082
184 1314
185 1236
186 1260
187 1226
188 1397
189 1392
190 1523
191 1574
192 1555
193 1707
194 1642
195 1812
196 1754
197 1703
198 1839
199 1742
200 1774
201 1769
202 1716
203 1626
204 1627
205 1522
206 1505
207 1512
208 1657
209 1681
210 1762
211 1814
212 1760
213 1968
214 1881
215 2060
216 2160
217 2123
218 2069
219 2206
220 2240
221 2123
222 2046
223 2045
224 2057
225 2086
226 2045
227 2055
228 1944
229 2022
230 2134
231 2097
232 1989
233 1981
234 1836
235 1830
236 1884
237 1925
238 1773
239 1834
240 1646
241 1697
242 1601
243 1514
244 1533
245 1523
246 1469
247 1439
248 1515
249 1476
250 1566
251 1647
252 1636
253 1571
254 1535
255 1601
256 1646
257 1554
258 1532
259 1471
260 1607
261 1568
262 1546
263 1657
264 1542
265 1538
266 1525
267 1500
268 1578
269 1469
270 1583
271 1503
272 1487
273 1374
274 1362
275 1205
276 1157
277 1280
278 1222
279 1214
280 1330
281 1307
282 1359
283 1308
284 1426
285 1281
286 1180
287 1203
288 1106
289 1093
290 1005
291 1008
292 930
293 965
294 852
295 875
296 889
297 914
298 897
299 809
300 769
301 707
302 615
303 577
304 469
305 497
306 431
307 361
308 410
309 450
310 357
311 403
312 366
313 320
314 299
315 326
316 338
317 330
318 277
319 245
320 240
321 230
322 222
323 162
324 192
325 171
326 133
327 137
328 99
329 114
330 73
331 84
332 84
333 72
334 93
335 93
336 77
337 88
338 55
339 68
340 69
341 73
342 55
343 54
344 62
345 54
346 51
347 42
348 57
349 52
350 53
351 44
352 50
353 72
354 58
355 69
356 68
357 69
358 54
359 44
360 31
361 28
362 24
363 29
364 20
365 18
366 18
367 8
368 5
369 1
370 4
371 1
372 0
373 0
374 1
375 0
376 0
377 0
378 1
379 0
380 2
