0 0
1 0
2 0
3 0
4 0
5 0
6 0
7 0
8 0
9 0
10 0
11 0
12 0
13 0
14 0
15 0
16 0
17 0
18 0
19 0
20 0
21 0
22 0
23 0
24 0
25 0
26 0
27 0
28 0
29 0
30 0
31 0
32 0
33 0
34 0
35 0
36 0
37 0
38 0
39 0
40 0
41 0
42 0
43 0
44 0
45 0
46 0
47 0
48 0
49 0
50 0
51 0
52 0
53 0
54 0
55 0
56 0
57 0
58 0
59 0
60 0
61 0
62 0
63 0
64 0
65 0
66 0
67 0
68 0
69 0
70 0
71 0
72 0
73 0
74 0
75 0
76 0
77 0
78 0
79 0
80 0
81 0
82 0
83 0
84 0
85 0
86 0
87 0
88 0
89 0
90 0
91 0
92 0
93 0
94 0
95 0
96 0
97 0
98 0
99 0
100 0
101 0
102 0
103 0
104 0
105 0
106 0
107 0
108 0
109 0
110 0
111 0
112 0
113 0
114 0
115 0
116 2
117 0
118 0
119 1
120 1
121 0
122 1
123 1
124 0
125 2
126 0
127 5
128 3
129 10
130 7
131 2
132 6
133 0
134 7
135 7
136 12
137 15
138 19
139 37
140 38
141 37
142 36
143 70
144 39
145 57
146 31
147 42
148 45
149 47
150 56
151 62
152 103
153 112
154 110
155 164
156 167
157 178
158 181
159 217
160 262
161 281
162 309
163 344
164 362
165 421
166 437
167 454
168 529
169 585
170 593
171 697
172 710
173 791
174 830
175 823
176 894
177 884
178 1041
179 1074
180 1075
181 1163
182 1303
183 1342
184 1392
185 1354
186 1472
187 1451
188 1529
189 1432
190 1609
191 1653
192 1591
193 1690
194 1870
195 1940
196 2147
197 2106
198 2089
199 2365
200 2423
201 2508
202 2293
203 2448
204 2437
205 2431
206 2566
207 2414
208 2477
209 2661
210 2623
211 2499
212 2636
213 2667
214 2487
215 2556
216 2467
217 2524
218 2650
219 2701
220 2652
221 2706
222 2459
223 2526
224 2365
225 2327
226 2332
227 2168
228 2255
229 2326
230 2220
231 2306
232 2419
233 2412
234 2446
235 2282
236 2352
237 2379
238 2251
239 2231
240 2316
241 2198
242 2090
243 2040
244 2081
245 1946
246 1913
247 1924
248 2047
249 1848
250 1909
251 1886
252 1790
253 1795
254 1693
255 1737
256 1574
257 1596
258 1482
259 1429
260 1414
261 1412
262 1315
263 1309
264 1336
265 1295
266 1287
267 1261
268 1244
269 1262
270 1139
271 1106
272 1038
273 803
274 755
275 683
276 684
277 602
278 540
279 585
280 577
281 663
282 726
283 744
284 788
285 870
286 765
287 911
288 768
289 726
290 772
291 755
292 699
293 722
294 635
295 537
296 548
297 436
298 468
299 449
300 453
301 396
302 336
303 317
304 258
305 215
306 242
307 211
308 185
309 148
310 147
311 158
312 131
313 143
314 104
315 100
316 104
317 82
318 101
319 76
320 71
321 64
322 63
323 71
324 57
325 45
326 53
327 63
328 38
329 32
330 23
331 23
332 34
333 24
334 24
335 18
336 10
337 15
338 6
339 8
340 5
341 0
342 3
343 1
344 3
345 1
346 1
347 2
348 2
349 1
350 0
351 0
352 2
353 0
354 1
355 0
356 0
357 0
358 1
