0 0
1 0
2 0
3 0
4 0
5 0
6 0
7 0
8 0
9 0
10 0
11 0
12 0
13 0
14 0
15 0
16 0
17 0
18 0
19 0
20 0
21 0
22 0
23 0
24 0
25 0
26 0
27 0
28 0
29 0
30 0
31 0
32 0
33 0
34 0
35 0
36 0
37 0
38 0
39 0
40 0
41 0
42 0
43 0
44 0
45 0
46 0
47 0
48 0
49 0
50 0
51 0
52 0
53 0
54 0
55 0
56 0
57 0
58 0
59 0
60 0
61 0
62 0
63 0
64 0
65 0
66 0
67 0
68 0
69 0
70 0
71 0
72 0
73 0
74 0
75 0
76 0
77 0
78 0
79 0
80 0
81 0
82 0
83 0
84 0
85 0
86 0
87 0
88 0
89 0
90 0
91 0
92 0
93 0
94 0
95 0
96 0
97 0
98 0
99 0
100 0
101 0
102 0
103 0
104 1
105 0
106 0
107 0
108 0
109 0
110 1
111 0
112 0
113 3
114 0
115 0
116 2
117 4
118 1
119 2
120 4
121 7
122 3
123 1
124 5
125 7
126 11
127 6
128 5
129 5
130 8
131 14
132 15
133 15
134 25
135 16
136 15
137 25
138 26
139 23
140 21
141 36
142 38
143 43
144 57
145 87
146 92
147 117
148 128
149 140
150 131
151 127
152 143
153 152
154 163
155 155
156 201
157 213
158 266
159 272
160 318
161 385
162 488
163 530
164 652
165 645
166 752
167 669
168 630
169 735
170 692
171 787
172 772
173 841
174 972
175 907
176 1101
177 1106
178 1185
179 1338
180 1387
181 1541
182 1561
183 1541
184 1563
185 1532
186 1555
187 1653
188 1515
189 1662
190 1701
191 1705
192 1812
193 1739
194 1774
195 1998
196 2070
197 2165
198 2204
199 2162
200 2206
201 2266
202 2168
203 2220
204 2281
205 2225
206 2296
207 2266
208 2339
209 2301
210 2536
211 2552
212 2652
213 2726
214 2656
215 2498
216 2497
217 2558
218 2513
219 2398
220 2431
221 2458
222 2526
223 2512
224 2530
225 2485
226 2271
227 2535
228 2707
229 2532
230 2528
231 2453
232 2382
233 2479
234 2468
235 2426
236 2271
237 2406
238 2240
239 2316
240 2233
241 2121
242 2052
243 2041
244 2078
245 1981
246 1977
247 1870
248 1847
249 1653
250 1691
251 1705
252 1704
253 1612
254 1657
255 1568
256 1624
257 1522
258 1488
259 1364
260 1395
261 1409
262 1346
263 1245
264 1262
265 1265
266 1157
267 1225
268 1104
269 1126
270 1096
271 1074
272 1100
273 1064
274 985
275 969
276 874
277 906
278 888
279 929
280 791
281 804
282 716
283 686
284 634
285 666
286 599
287 532
288 500
289 465
290 452
291 409
292 385
293 314
294 313
295 315
296 273
297 297
298 291
299 235
300 248
301 220
302 208
303 197
304 187
305 175
306 203
307 150
308 158
309 138
310 137
311 159
312 138
313 128
314 116
315 72
316 69
317 60
318 41
319 27
320 22
321 30
322 21
323 8
324 12
325 15
326 10
327 8
328 7
329 8
330 6
331 10
332 10
333 8
334 5
335 7
336 4
337 2
338 2
339 2
340 3
341 2
342 0
343 2
344 2
345 0
346 0
347 0
348 3
349 0
350 1
