0 0
1 0
2 0
3 0
4 0
5 0
6 0
7 0
8 0
9 0
10 0
11 0
12 0
13 0
14 0
15 0
16 0
17 0
18 0
19 0
20 0
21 0
22 0
23 0
24 0
25 0
26 0
27 0
28 0
29 0
30 0
31 0
32 0
33 0
34 0
35 0
36 0
37 0
38 0
39 0
40 0
41 0
42 0
43 0
44 0
45 0
46 0
47 0
48 0
49 0
50 0
51 0
52 0
53 0
54 0
55 0
56 0
57 0
58 0
59 0
60 0
61 0
62 0
63 0
64 0
65 0
66 0
67 0
68 0
69 0
70 0
71 0
72 0
73 0
74 0
75 0
76 0
77 0
78 0
79 0
80 0
81 0
82 0
83 0
84 0
85 0
86 0
87 0
88 0
89 0
90 0
91 0
92 0
93 0
94 0
95 0
96 0
97 1
98 0
99 0
100 0
101 0
102 1
103 1
104 0
105 2
106 1
107 2
108 0
109 0
110 2
111 1
112 1
113 4
114 3
115 5
116 4
117 3
118 9
119 9
120 12
121 13
122 9
123 11
124 18
125 23
126 19
127 20
128 24
129 23
130 25
131 17
132 35
133 14
134 39
135 31
136 52
137 24
138 24
139 74
140 52
141 101
142 106
143 137
144 138
145 147
146 178
147 242
148 250
149 325
150 339
151 403
152 475
153 470
154 615
155 574
156 558
157 543
158 546
159 486
160 491
161 525
162 471
163 560
164 490
165 478
166 442
167 531
168 556
169 543
170 550
171 543
172 612
173 660
174 694
175 698
176 693
177 743
178 713
179 725
180 792
181 766
182 789
183 788
184 793
185 849
186 926
187 877
188 1047
189 997
190 1048
191 1083
192 1011
193 977
194 1189
195 1041
196 1147
197 1229
198 1170
199 1258
200 1180
201 1221
202 1304
203 1311
204 1386
205 1416
206 1467
207 1457
208 1589
209 1538
210 1637
211 1625
212 1813
213 1695
214 1742
215 1871
216 1819
217 2015
218 1927
219 2047
220 2081
221 1931
222 2160
223 2052
224 2114
225 2316
226 2444
227 2439
228 2564
229 2792
230 2514
231 2702
232 2697
233 2893
234 2816
235 2800
236 2980
237 2911
238 2673
239 2659
240 2572
241 2580
242 2607
243 2607
244 2471
245 2335
246 2332
247 2375
248 2423
249 2186
250 2337
251 2346
252 2216
253 2093
254 2103
255 2059
256 2006
257 2011
258 2041
259 2112
260 2027
261 2135
262 2043
263 2049
264 1979
265 1988
266 1901
267 1918
268 1698
269 1721
270 1701
271 1577
272 1480
273 1546
274 1375
275 1367
276 1383
277 1348
278 1225
279 1181
280 1197
281 1052
282 1139
283 1021
284 936
285 864
286 758
287 781
288 736
289 629
290 580
291 532
292 514
293 476
294 474
295 412
296 410
297 434
298 370
299 373
300 340
301 365
302 308
303 282
304 286
305 268
306 235
307 224
308 226
309 239
310 225
311 239
312 176
313 191
314 139
315 156
316 153
317 133
318 161
319 119
320 103
321 106
322 112
323 107
324 110
325 86
326 92
327 94
328 69
329 75
330 59
331 53
332 62
333 64
334 63
335 45
336 68
337 48
338 46
339 47
340 47
341 37
342 36
343 31
344 33
345 30
346 40
347 27
348 20
349 27
350 19
351 31
352 17
353 18
354 16
355 13
356 13
357 11
358 12
359 16
360 14
361 9
362 2
363 13
364 11
365 7
366 6
367 2
368 3
369 5
370 9
371 8
372 9
373 6
374 5
375 7
376 3
377 4
378 7
379 4
380 2
381 7
382 2
383 5
384 4
385 1
