0 0
1 0
2 0
3 0
4 0
5 0
6 0
7 0
8 0
9 0
10 0
11 0
12 0
13 0
14 0
15 0
16 0
17 0
18 0
19 0
20 0
21 0
22 0
23 0
24 0
25 0
26 0
27 0
28 0
29 0
30 0
31 0
32 0
33 0
34 0
35 0
36 0
37 0
38 0
39 0
40 0
41 0
42 0
43 0
44 0
45 0
46 0
47 0
48 0
49 0
50 0
51 0
52 0
53 0
54 0
55 0
56 0
57 0
58 0
59 0
60 0
61 0
62 0
63 0
64 0
65 0
66 0
67 0
68 0
69 0
70 0
71 0
72 0
73 0
74 0
75 0
76 0
77 0
78 0
79 0
80 0
81 0
82 0
83 0
84 0
85 0
86 0
87 0
88 0
89 0
90 0
91 0
92 0
93 0
94 0
95 0
96 1
97 0
98 0
99 0
100 0
101 1
102 1
103 0
104 0
105 1
106 0
107 0
108 2
109 1
110 0
111 4
112 3
113 7
114 5
115 8
116 10
117 9
118 12
119 3
120 10
121 8
122 3
123 8
124 5
125 5
126 6
127 4
128 10
129 5
130 13
131 10
132 5
133 12
134 7
135 12
136 10
137 9
138 11
139 10
140 12
141 17
142 14
143 7
144 19
145 35
146 21
147 19
148 24
149 32
150 29
151 29
152 31
153 43
154 36
155 35
156 38
157 31
158 27
159 56
160 60
161 80
162 85
163 95
164 125
165 161
166 213
167 226
168 270
169 328
170 290
171 403
172 405
173 417
174 460
175 441
176 497
177 534
178 601
179 662
180 733
181 799
182 830
183 802
184 887
185 904
186 914
187 928
188 999
189 891
190 992
191 996
192 1022
193 981
194 1169
195 1193
196 1177
197 1230
198 1331
199 1294
200 1532
201 1599
202 1608
203 1820
204 1747
205 1918
206 1901
207 2050
208 2104
209 2047
210 2191
211 2122
212 2120
213 2255
214 2304
215 2355
216 2488
217 2501
218 2579
219 2568
220 2683
221 2923
222 2914
223 2825
224 2982
225 2874
226 2899
227 2867
228 3045
229 2821
230 2769
231 2733
232 2515
233 2363
234 2525
235 2404
236 2384
237 2446
238 2394
239 2373
240 2356
241 2599
242 2461
243 2518
244 2588
245 2717
246 2770
247 2694
248 2776
249 2736
250 2726
251 2831
252 2630
253 2445
254 2409
255 2368
256 2435
257 2299
258 2168
259 2205
260 2046
261 2182
262 2040
263 1952
264 1908
265 1742
266 1804
267 1745
268 1566
269 1455
270 1339
271 1394
272 1270
273 1304
274 1192
275 1127
276 1071
277 1034
278 984
279 890
280 873
281 811
282 766
283 699
284 640
285 597
286 604
287 610
288 638
289 668
290 591
291 519
292 504
293 538
294 535
295 505
296 455
297 425
298 415
299 388
300 377
301 416
302 332
303 320
304 309
305 294
306 275
307 290
308 287
309 276
310 256
311 267
312 243
313 227
314 199
315 179
316 184
317 118
318 112
319 115
320 92
321 88
322 73
323 80
324 61
325 66
326 65
327 35
328 36
329 27
330 21
331 20
332 17
333 14
334 13
335 13
336 9
337 9
338 20
339 9
340 14
341 13
342 17
343 10
344 8
345 7
346 7
347 10
348 5
349 6
350 8
351 4
352 6
353 1
354 4
355 1
356 6
357 2
358 0
359 5
360 0
361 0
362 0
363 0
364 0
365 1
366 0
367 0
368 3
369 0
370 0
371 0
372 0
373 0
374 0
375 0
376 0
377 0
378 0
379 0
380 3
