0 0
1 0
2 0
3 0
4 0
5 0
6 0
7 0
8 0
9 0
10 0
11 0
12 0
13 0
14 0
15 0
16 0
17 0
18 0
19 0
20 0
21 0
22 0
23 0
24 0
25 0
26 0
27 0
28 0
29 0
30 0
31 0
32 0
33 0
34 0
35 0
36 0
37 0
38 0
39 0
40 0
41 0
42 0
43 0
44 0
45 0
46 0
47 0
48 0
49 0
50 0
51 0
52 0
53 0
54 0
55 0
56 0
57 0
58 0
59 0
60 0
61 0
62 0
63 0
64 0
65 0
66 0
67 0
68 0
69 0
70 0
71 0
72 0
73 0
74 0
75 0
76 0
77 0
78 0
79 0
80 0
81 0
82 0
83 0
84 0
85 0
86 0
87 0
88 0
89 0
90 0
91 0
92 0
93 0
94 0
95 0
96 0
97 0
98 0
99 0
100 0
101 0
102 0
103 0
104 0
105 0
106 0
107 0
108 0
109 0
110 0
111 0
112 0
113 0
114 0
115 0
116 3
117 1
118 2
119 1
120 2
121 2
122 7
123 5
124 6
125 8
126 11
127 13
128 7
129 11
130 11
131 8
132 7
133 7
134 5
135 2
136 4
137 4
138 5
139 8
140 5
141 11
142 10
143 11
144 10
145 17
146 6
147 22
148 20
149 24
150 26
151 37
152 42
153 67
154 73
155 74
156 116
157 119
158 124
159 169
160 158
161 175
162 134
163 171
164 137
165 160
166 158
167 163
168 188
169 202
170 243
171 295
172 269
173 252
174 313
175 310
176 386
177 465
178 432
179 483
180 584
181 604
182 790
183 764
184 816
185 942
186 1009
187 995
188 998
189 1109
190 1187
191 1139
192 1127
193 1244
194 1317
195 1336
196 1341
197 1372
198 1378
199 1443
200 1524
201 1570
202 1555
203 1573
204 1626
205 1603
206 1569
207 1716
208 1799
209 1824
210 1791
211 1984
212 2116
213 2182
214 2229
215 2295
216 2353
217 2365
218 2418
219 2499
220 2466
221 2568
222 2553
223 2834
224 2915
225 3148
226 3281
227 3510
228 3382
229 3493
230 3562
231 3582
232 3633
233 3572
234 3561
235 3441
236 3217
237 3035
238 2927
239 2738
240 2722
241 2584
242 2542
243 2305
244 2333
245 2172
246 2175
247 2090
248 2095
249 2031
250 2040
251 1927
252 2043
253 2070
254 1999
255 1955
256 2069
257 1952
258 1994
259 1912
260 1843
261 1882
262 1825
263 1895
264 1853
265 1722
266 1692
267 1599
268 1446
269 1416
270 1351
271 1163
272 1288
273 1121
274 1175
275 1079
276 1078
277 1030
278 1035
279 1067
280 985
281 1008
282 958
283 935
284 867
285 845
286 832
287 784
288 745
289 714
290 670
291 621
292 571
293 544
294 514
295 462
296 435
297 404
298 352
299 391
300 318
301 304
302 294
303 283
304 297
305 254
306 221
307 279
308 226
309 180
310 201
311 154
312 171
313 162
314 171
315 169
316 136
317 136
318 149
319 119
320 100
321 104
322 99
323 120
324 98
325 99
326 94
327 110
328 86
329 97
330 101
331 90
332 90
333 83
334 78
335 98
336 73
337 54
338 57
339 41
340 32
341 45
342 38
343 34
344 30
345 24
346 20
347 14
348 27
349 19
350 16
351 12
352 17
353 9
354 5
355 5
356 5
357 3
358 4
359 2
360 2
361 2
362 2
363 0
364 1
365 1
366 1
367 1
368 0
369 1
