0 0
1 0
2 0
3 0
4 0
5 0
6 0
7 0
8 0
9 0
10 0
11 0
12 0
13 0
14 0
15 0
16 0
17 0
18 0
19 0
20 0
21 0
22 0
23 0
24 0
25 0
26 0
27 0
28 0
29 0
30 0
31 0
32 0
33 0
34 0
35 0
36 0
37 0
38 0
39 0
40 0
41 0
42 0
43 0
44 0
45 0
46 0
47 0
48 0
49 0
50 0
51 0
52 0
53 0
54 0
55 0
56 0
57 0
58 0
59 0
60 0
61 0
62 0
63 1
64 0
65 0
66 0
67 0
68 0
69 0
70 0
71 0
72 0
73 0
74 0
75 0
76 0
77 0
78 0
79 0
80 0
81 0
82 0
83 0
84 0
85 0
86 0
87 1
88 0
89 3
90 2
91 0
92 5
93 5
94 7
95 7
96 8
97 12
98 20
99 23
100 17
101 17
102 11
103 19
104 29
105 20
106 19
107 20
108 18
109 9
110 11
111 14
112 19
113 15
114 6
115 7
116 14
117 17
118 5
119 10
120 7
121 9
122 17
123 8
124 12
125 11
126 19
127 14
128 7
129 7
130 12
131 11
132 9
133 12
134 9
135 13
136 11
137 11
138 7
139 6
140 15
141 16
142 12
143 17
144 13
145 15
146 17
147 13
148 18
149 26
150 21
151 18
152 23
153 26
154 35
155 29
156 56
157 53
158 72
159 85
160 143
161 128
162 179
163 240
164 148
165 203
166 179
167 160
168 182
169 133
170 169
171 170
172 134
173 131
174 155
175 157
176 140
177 169
178 166
179 181
180 224
181 239
182 252
183 245
184 302
185 360
186 366
187 341
188 370
189 327
190 390
191 366
192 361
193 355
194 383
195 337
196 375
197 399
198 417
199 439
200 511
201 564
202 598
203 622
204 707
205 729
206 724
207 874
208 884
209 926
210 870
211 891
212 882
213 985
214 927
215 953
216 922
217 955
218 963
219 935
220 995
221 947
222 979
223 997
224 955
225 968
226 1082
227 1035
228 1096
229 1182
230 1119
231 1241
232 1289
233 1323
234 1444
235 1492
236 1569
237 1512
238 1722
239 1864
240 1831
241 1762
242 1987
243 2067
244 1887
245 2190
246 2185
247 2196
248 2433
249 2338
250 2445
251 2570
252 2603
253 2651
254 2706
255 2944
256 2866
257 2976
258 3009
259 2974
260 2884
261 3248
262 3178
263 3130
264 3190
265 3108
266 3151
267 3018
268 2918
269 2897
270 3000
271 2993
272 2866
273 3015
274 2957
275 2843
276 2772
277 2638
278 2652
279 2653
280 2406
281 2325
282 2238
283 1989
284 1998
285 1911
286 1836
287 1770
288 1787
289 1828
290 1780
291 1798
292 1699
293 1829
294 1835
295 1788
296 1731
297 1675
298 1751
299 1591
300 1560
301 1571
302 1410
303 1324
304 1374
305 1365
306 1309
307 1270
308 1221
309 1042
310 935
311 908
312 728
313 628
314 507
315 502
316 437
317 347
318 362
319 285
320 316
321 237
322 221
323 178
324 167
325 164
326 147
327 164
328 162
329 138
330 111
331 106
332 75
333 90
334 90
335 64
336 53
337 50
338 39
339 50
340 39
341 34
342 35
343 32
344 46
345 37
346 55
347 36
348 32
349 29
350 31
351 29
352 25
353 17
354 14
355 9
356 17
357 7
358 20
359 14
360 8
361 15
362 15
363 21
364 20
365 24
366 20
367 14
368 27
369 17
370 16
371 21
372 20
373 25
374 28
375 17
376 20
377 16
378 19
379 12
380 15
381 9
382 14
383 8
384 10
385 1
