0 0
1 0
2 0
3 0
4 0
5 0
6 0
7 0
8 0
9 0
10 1
11 1
12 0
13 0
14 3
15 3
16 3
17 7
18 3
19 2
20 5
21 6
22 6
23 9
24 13
25 7
26 8
27 11
28 10
29 14
30 10
31 12
32 7
33 17
34 12
35 9
36 15
37 15
38 14
39 8
40 17
41 11
42 19
43 21
44 10
45 24
46 20
47 20
48 11
49 14
50 10
51 12
52 12
53 16
54 24
55 14
56 15
57 20
58 19
59 12
60 17
61 14
62 13
63 18
64 15
65 20
66 8
67 8
68 11
69 13
70 5
71 6
72 5
73 9
74 11
75 8
76 11
77 7
78 6
79 7
80 4
81 4
82 9
83 3
84 5
85 10
86 4
87 8
88 4
89 10
90 7
91 5
92 7
93 7
94 7
95 6
96 3
97 2
98 1
99 6
100 7
101 4
102 4
103 4
104 1
105 10
106 6
107 8
108 7
109 3
110 7
111 7
112 2
113 1
114 5
115 3
116 6
117 4
118 3
119 3
120 2
121 6
122 8
123 3
124 5
125 6
126 8
127 7
128 10
129 9
130 10
131 30
132 25
133 55
134 46
135 64
136 109
137 83
138 108
139 87
140 94
141 74
142 79
143 64
144 73
145 74
146 88
147 56
148 73
149 65
150 79
151 78
152 77
153 71
154 89
155 75
156 67
157 89
158 84
159 111
160 132
161 144
162 180
163 176
164 186
165 249
166 239
167 284
168 294
169 277
170 306
171 259
172 260
173 256
174 184
175 215
176 279
177 260
178 272
179 272
180 304
181 267
182 267
183 236
184 316
185 315
186 301
187 322
188 358
189 351
190 355
191 398
192 501
193 506
194 494
195 540
196 491
197 520
198 478
199 504
200 551
201 604
202 639
203 726
204 623
205 628
206 699
207 766
208 711
209 873
210 877
211 872
212 885
213 900
214 958
215 1030
216 995
217 1147
218 1157
219 1154
220 1184
221 1266
222 1342
223 1293
224 1371
225 1379
226 1472
227 1535
228 1484
229 1601
230 1612
231 1589
232 1636
233 1647
234 1686
235 1735
236 1702
237 1779
238 1928
239 2005
240 2052
241 2136
242 2361
243 2526
244 2640
245 3041
246 2955
247 3122
248 3115
249 2973
250 2802
251 2835
252 2653
253 2612
254 2453
255 2580
256 2517
257 2494
258 2647
259 2433
260 2601
261 2612
262 2526
263 2599
264 2518
265 2481
266 2544
267 2575
268 2595
269 2577
270 2518
271 2514
272 2550
273 2399
274 2391
275 2266
276 2294
277 2175
278 2241
279 2307
280 2195
281 1901
282 1832
283 1850
284 1743
285 1544
286 1525
287 1568
288 1551
289 1522
290 1488
291 1480
292 1523
293 1651
294 1691
295 1551
296 1565
297 1626
298 1594
299 1463
300 1389
301 1307
302 1171
303 1034
304 1037
305 1027
306 919
307 916
308 923
309 920
310 885
311 785
312 775
313 697
314 614
315 523
316 512
317 486
318 459
319 400
320 398
321 393
322 345
323 336
324 246
325 308
326 238
327 224
328 230
329 149
330 161
331 125
332 114
333 110
334 97
335 83
336 78
337 59
338 55
339 56
340 43
341 43
342 43
343 35
344 53
345 33
346 34
347 28
348 39
349 26
350 25
351 19
352 28
353 17
354 27
355 28
356 17
357 13
358 13
359 10
360 18
361 6
362 8
363 3
364 6
365 6
366 6
367 6
368 5
369 3
370 5
371 5
372 2
373 3
374 3
375 3
376 1
377 0
378 0
379 1
