0 0
1 0
2 0
3 0
4 0
5 0
6 0
7 0
8 0
9 0
10 0
11 0
12 0
13 0
14 0
15 0
16 0
17 0
18 0
19 0
20 0
21 0
22 0
23 0
24 0
25 0
26 0
27 0
28 0
29 0
30 0
31 0
32 0
33 0
34 0
35 0
36 1
37 0
38 0
39 0
40 0
41 0
42 0
43 0
44 0
45 0
46 0
47 0
48 0
49 0
50 0
51 0
52 0
53 0
54 0
55 0
56 0
57 0
58 0
59 0
60 0
61 0
62 1
63 0
64 0
65 0
66 1
67 0
68 1
69 1
70 0
71 0
72 1
73 1
74 0
75 0
76 0
77 0
78 0
79 0
80 0
81 0
82 0
83 2
84 0
85 0
86 1
87 1
88 0
89 0
90 0
91 0
92 0
93 0
94 0
95 0
96 0
97 0
98 0
99 0
100 0
101 1
102 1
103 0
104 0
105 1
106 0
107 0
108 0
109 1
110 1
111 3
112 1
113 0
114 0
115 3
116 4
117 3
118 7
119 5
120 3
121 6
122 3
123 4
124 2
125 0
126 4
127 3
128 5
129 4
130 8
131 7
132 7
133 6
134 11
135 16
136 11
137 15
138 9
139 20
140 39
141 32
142 26
143 35
144 57
145 25
146 31
147 31
148 40
149 29
150 64
151 64
152 47
153 64
154 60
155 92
156 103
157 97
158 123
159 147
160 140
161 148
162 159
163 201
164 241
165 285
166 299
167 325
168 364
169 430
170 460
171 452
172 487
173 565
174 518
175 514
176 629
177 597
178 483
179 504
180 434
181 400
182 423
183 422
184 435
185 439
186 413
187 404
188 368
189 414
190 360
191 465
192 461
193 457
194 485
195 433
196 435
197 439
198 385
199 419
200 460
201 428
202 495
203 499
204 530
205 581
206 648
207 577
208 748
209 808
210 801
211 890
212 878
213 925
214 955
215 1042
216 1093
217 1052
218 1154
219 1154
220 1092
221 1172
222 1126
223 1134
224 1197
225 1166
226 1194
227 1289
228 1283
229 1388
230 1475
231 1582
232 1569
233 1716
234 1821
235 1900
236 2086
237 2029
238 2136
239 2293
240 2168
241 2295
242 2366
243 2293
244 2464
245 2535
246 2596
247 2726
248 2712
249 2601
250 2675
251 2843
252 2671
253 2688
254 2801
255 3039
256 2853
257 2703
258 2701
259 2427
260 2537
261 2476
262 2361
263 2325
264 2259
265 2242
266 2378
267 2213
268 2151
269 2137
270 2303
271 2345
272 2233
273 2214
274 2361
275 2371
276 2403
277 2363
278 2473
279 2401
280 2260
281 2380
282 2309
283 2112
284 2270
285 2257
286 2285
287 2324
288 2235
289 2353
290 2148
291 2118
292 2077
293 1956
294 1852
295 1735
296 1596
297 1448
298 1358
299 1382
300 1284
301 1227
302 1319
303 1137
304 1023
305 953
306 991
307 919
308 793
309 757
310 707
311 646
312 558
313 515
314 426
315 382
316 392
317 353
318 315
319 244
320 299
321 233
322 206
323 187
324 161
325 119
326 154
327 93
328 98
329 89
330 81
331 91
332 88
333 61
334 57
335 78
336 52
337 46
338 30
339 21
340 27
341 35
342 18
343 10
344 11
345 15
346 9
347 16
348 9
349 12
350 19
351 9
352 4
353 4
354 9
355 9
356 3
357 2
358 3
359 3
360 0
361 0
362 1
