0 0
1 0
2 0
3 0
4 0
5 0
6 0
7 0
8 0
9 0
10 0
11 0
12 0
13 0
14 0
15 0
16 0
17 0
18 0
19 0
20 0
21 0
22 0
23 0
24 0
25 0
26 0
27 0
28 0
29 0
30 0
31 0
32 0
33 0
34 0
35 0
36 0
37 0
38 0
39 0
40 0
41 0
42 0
43 0
44 0
45 0
46 0
47 0
48 0
49 0
50 0
51 0
52 0
53 0
54 0
55 0
56 0
57 0
58 0
59 0
60 0
61 0
62 0
63 0
64 0
65 0
66 0
67 0
68 0
69 0
70 0
71 1
72 0
73 0
74 0
75 0
76 0
77 0
78 0
79 0
80 0
81 0
82 0
83 0
84 0
85 0
86 0
87 0
88 0
89 0
90 0
91 0
92 0
93 0
94 0
95 0
96 0
97 0
98 0
99 0
100 0
101 1
102 0
103 0
104 0
105 0
106 0
107 0
108 0
109 0
110 0
111 2
112 0
113 4
114 0
115 4
116 2
117 3
118 1
119 0
120 0
121 2
122 2
123 8
124 6
125 4
126 12
127 12
128 19
129 29
130 12
131 27
132 28
133 25
134 23
135 14
136 25
137 36
138 22
139 39
140 30
141 30
142 34
143 36
144 39
145 68
146 59
147 74
148 91
149 83
150 97
151 128
152 148
153 150
154 156
155 181
156 218
157 256
158 264
159 275
160 267
161 292
162 337
163 318
164 371
165 354
166 363
167 494
168 453
169 495
170 617
171 643
172 707
173 729
174 799
175 827
176 887
177 917
178 1022
179 1161
180 1193
181 1315
182 1525
183 1495
184 1611
185 1708
186 1705
187 1731
188 1879
189 2047
190 2197
191 2229
192 2216
193 2370
194 2346
195 2500
196 2684
197 2761
198 2815
199 2957
200 2964
201 2877
202 2859
203 2827
204 2663
205 2722
206 2610
207 2661
208 2687
209 2623
210 2768
211 2677
212 2564
213 2592
214 2504
215 2512
216 2518
217 2424
218 2504
219 2514
220 2446
221 2396
222 2408
223 2287
224 2334
225 2251
226 2233
227 2313
228 2232
229 2199
230 2389
231 2407
232 2398
233 2440
234 2427
235 2392
236 2313
237 2180
238 2292
239 2162
240 2280
241 2296
242 2295
243 2479
244 2215
245 2293
246 2218
247 2005
248 1847
249 1819
250 1780
251 1751
252 1596
253 1470
254 1488
255 1473
256 1407
257 1316
258 1247
259 1209
260 1178
261 1137
262 1066
263 1162
264 1125
265 1013
266 1069
267 1041
268 1094
269 892
270 898
271 938
272 832
273 857
274 882
275 727
276 747
277 697
278 585
279 600
280 521
281 559
282 509
283 532
284 482
285 437
286 425
287 389
288 434
289 418
290 378
291 300
292 354
293 319
294 314
295 282
296 281
297 252
298 227
299 207
300 215
301 165
302 153
303 143
304 132
305 139
306 117
307 109
308 88
309 87
310 75
311 74
312 78
313 80
314 78
315 61
316 65
317 59
318 57
319 63
320 43
321 66
322 44
323 27
324 57
325 28
326 40
327 31
328 38
329 19
330 21
331 22
332 21
333 10
334 16
335 16
336 14
337 12
338 6
339 18
340 6
341 12
342 17
343 15
344 16
345 12
346 13
347 7
348 6
349 6
350 8
351 5
352 3
353 8
354 8
355 5
356 7
357 7
358 8
359 5
360 9
361 12
362 9
363 10
364 13
365 11
366 11
367 8
368 15
369 14
370 11
371 12
372 15
373 7
374 6
375 7
376 3
377 3
378 6
379 3
380 6
381 5
382 2
383 4
384 2
385 0
386 0
387 0
388 0
389 1
