0 0
1 0
2 0
3 0
4 1
5 0
6 0
7 0
8 1
9 0
10 0
11 0
12 0
13 0
14 0
15 0
16 0
17 0
18 0
19 0
20 0
21 0
22 0
23 0
24 0
25 0
26 0
27 0
28 0
29 0
30 0
31 0
32 0
33 1
34 0
35 0
36 1
37 0
38 1
39 1
40 0
41 2
42 3
43 3
44 1
45 2
46 0
47 1
48 0
49 0
50 0
51 3
52 1
53 1
54 0
55 0
56 0
57 0
58 0
59 3
60 3
61 3
62 0
63 0
64 0
65 1
66 2
67 0
68 2
69 1
70 0
71 0
72 0
73 2
74 0
75 2
76 3
77 0
78 5
79 0
80 0
81 5
82 0
83 2
84 0
85 1
86 0
87 0
88 0
89 1
90 0
91 0
92 0
93 2
94 6
95 5
96 1
97 7
98 2
99 2
100 3
101 6
102 1
103 9
104 17
105 5
106 13
107 12
108 26
109 13
110 8
111 21
112 20
113 11
114 29
115 23
116 46
117 27
118 38
119 35
120 34
121 57
122 40
123 36
124 31
125 21
126 33
127 32
128 27
129 32
130 42
131 27
132 18
133 25
134 17
135 29
136 13
137 29
138 24
139 23
140 18
141 25
142 21
143 18
144 23
145 25
146 29
147 31
148 36
149 31
150 27
151 41
152 45
153 46
154 48
155 68
156 69
157 67
158 77
159 89
160 99
161 103
162 103
163 106
164 141
165 116
166 130
167 123
168 139
169 146
170 153
171 143
172 140
173 151
174 153
175 173
176 219
177 180
178 219
179 235
180 305
181 315
182 361
183 384
184 370
185 484
186 566
187 664
188 626
189 671
190 695
191 661
192 687
193 769
194 731
195 778
196 792
197 869
198 943
199 984
200 1011
201 1081
202 1094
203 1257
204 1240
205 1264
206 1311
207 1386
208 1673
209 1718
210 1794
211 1749
212 1592
213 1453
214 1482
215 1445
216 1499
217 1475
218 1501
219 1634
220 1590
221 1853
222 1738
223 1853
224 1940
225 1959
226 1903
227 1906
228 1923
229 2046
230 2107
231 2082
232 2087
233 2038
234 2173
235 2267
236 2171
237 2241
238 2228
239 2283
240 2352
241 2358
242 2413
243 2336
244 2422
245 2381
246 2532
247 2605
248 2629
249 2689
250 2713
251 2726
252 2774
253 2556
254 2546
255 2685
256 2634
257 2498
258 2393
259 2445
260 2562
261 2498
262 2535
263 2400
264 2388
265 2379
266 2236
267 2149
268 2117
269 2054
270 2108
271 1993
272 1931
273 1959
274 1913
275 1860
276 1828
277 1885
278 1846
279 1917
280 1823
281 1788
282 1882
283 1738
284 1679
285 1635
286 1607
287 1624
288 1474
289 1430
290 1467
291 1206
292 1199
293 1151
294 1056
295 1030
296 977
297 1013
298 995
299 879
300 920
301 898
302 895
303 859
304 806
305 779
306 732
307 675
308 622
309 577
310 512
311 513
312 401
313 375
314 352
315 324
316 326
317 237
318 217
319 227
320 213
321 230
322 235
323 175
324 167
325 132
326 161
327 144
328 128
329 114
330 59
331 61
332 51
333 37
334 20
335 21
336 19
337 25
338 12
339 14
340 14
341 10
342 16
343 8
344 4
345 4
346 4
347 7
348 4
349 5
350 8
351 9
352 7
353 8
354 6
355 5
356 6
357 4
358 7
359 7
360 3
361 3
362 1
363 3
364 2
365 0
366 1
367 1
368 1
369 0
370 1
371 0
372 0
373 1
374 0
375 0
376 1
377 1
