0 0
1 0
2 0
3 0
4 0
5 0
6 0
7 0
8 0
9 0
10 0
11 0
12 0
13 0
14 0
15 0
16 0
17 0
18 0
19 0
20 0
21 0
22 0
23 0
24 0
25 0
26 0
27 0
28 0
29 0
30 0
31 0
32 0
33 0
34 0
35 0
36 0
37 0
38 0
39 0
40 0
41 0
42 0
43 0
44 0
45 0
46 0
47 0
48 0
49 0
50 0
51 0
52 0
53 0
54 0
55 0
56 0
57 0
58 0
59 0
60 0
61 0
62 0
63 0
64 0
65 0
66 0
67 0
68 0
69 0
70 0
71 0
72 0
73 0
74 0
75 0
76 0
77 0
78 0
79 0
80 0
81 0
82 0
83 0
84 0
85 0
86 0
87 0
88 0
89 0
90 0
91 0
92 1
93 0
94 1
95 0
96 1
97 2
98 0
99 6
100 0
101 1
102 4
103 4
104 2
105 7
106 6
107 3
108 5
109 8
110 5
111 7
112 18
113 10
114 7
115 11
116 19
117 9
118 19
119 13
120 12
121 9
122 23
123 12
124 16
125 22
126 22
127 21
128 36
129 32
130 48
131 61
132 53
133 108
134 129
135 153
136 150
137 126
138 155
139 196
140 184
141 219
142 247
143 222
144 249
145 262
146 315
147 320
148 353
149 398
150 517
151 611
152 636
153 608
154 712
155 843
156 925
157 1014
158 948
159 1122
160 1075
161 1026
162 1181
163 1102
164 1078
165 990
166 1024
167 1055
168 1116
169 1205
170 1211
171 1240
172 1332
173 1375
174 1358
175 1521
176 1511
177 1528
178 1721
179 1662
180 1716
181 1833
182 1775
183 1951
184 1819
185 1888
186 1853
187 1785
188 1974
189 1878
190 1916
191 1957
192 2149
193 2134
194 2242
195 2404
196 2347
197 2356
198 2418
199 2383
200 2297
201 2484
202 2381
203 2513
204 2444
205 2449
206 2339
207 2470
208 2394
209 2402
210 2208
211 2163
212 2039
213 2063
214 1988
215 2059
216 1955
217 1988
218 1985
219 1852
220 1941
221 1865
222 1947
223 1966
224 1943
225 2028
226 2024
227 1877
228 1978
229 1785
230 1826
231 1785
232 1720
233 1654
234 1703
235 1612
236 1723
237 1540
238 1554
239 1560
240 1551
241 1526
242 1507
243 1489
244 1472
245 1388
246 1533
247 1477
248 1501
249 1492
250 1638
251 1680
252 1587
253 1730
254 1494
255 1565
256 1549
257 1605
258 1537
259 1448
260 1306
261 1216
262 1177
263 1118
264 992
265 1048
266 940
267 912
268 898
269 849
270 902
271 862
272 841
273 866
274 798
275 841
276 788
277 858
278 756
279 734
280 752
281 660
282 678
283 607
284 601
285 457
286 489
287 410
288 387
289 403
290 346
291 361
292 330
293 319
294 334
295 319
296 285
297 344
298 318
299 284
300 226
301 182
302 224
303 221
304 186
305 133
306 151
307 123
308 136
309 130
310 105
311 102
312 111
313 89
314 105
315 99
316 90
317 94
318 97
319 83
320 93
321 108
322 84
323 83
324 90
325 67
326 68
327 93
328 71
329 68
330 70
331 74
332 59
333 60
334 65
335 51
336 64
337 53
338 36
339 16
340 20
341 23
342 29
343 17
344 11
345 10
346 8
347 6
348 5
349 3
350 6
351 4
352 2
353 2
354 2
355 1
356 1
357 0
358 1
359 0
360 1
361 0
362 2
363 0
364 0
365 0
366 2
