0 0
1 0
2 0
3 0
4 0
5 0
6 0
7 0
8 0
9 0
10 0
11 0
12 0
13 2
14 1
15 0
16 2
17 2
18 0
19 0
20 0
21 1
22 1
23 3
24 0
25 2
26 0
27 4
28 2
29 3
30 2
31 2
32 1
33 4
34 2
35 0
36 3
37 3
38 1
39 1
40 1
41 2
42 0
43 4
44 3
45 4
46 0
47 0
48 1
49 0
50 0
51 1
52 0
53 1
54 0
55 0
56 0
57 0
58 0
59 1
60 1
61 0
62 0
63 0
64 2
65 1
66 0
67 1
68 1
69 2
70 0
71 0
72 0
73 1
74 0
75 0
76 0
77 1
78 0
79 0
80 0
81 0
82 0
83 1
84 3
85 0
86 1
87 8
88 3
89 9
90 3
91 20
92 3
93 27
94 28
95 20
96 30
97 20
98 27
99 13
100 25
101 18
102 20
103 5
104 16
105 10
106 16
107 16
108 17
109 12
110 17
111 17
112 13
113 25
114 13
115 12
116 9
117 26
118 12
119 13
120 20
121 23
122 28
123 28
124 19
125 17
126 26
127 15
128 9
129 23
130 15
131 13
132 23
133 25
134 10
135 11
136 18
137 33
138 28
139 19
140 44
141 42
142 40
143 48
144 40
145 44
146 55
147 71
148 63
149 89
150 68
151 80
152 86
153 94
154 80
155 67
156 73
157 74
158 63
159 73
160 69
161 68
162 78
163 85
164 90
165 99
166 100
167 97
168 96
169 122
170 164
171 195
172 196
173 247
174 296
175 270
176 310
177 386
178 452
179 449
180 453
181 448
182 452
183 414
184 365
185 270
186 310
187 258
188 304
189 296
190 294
191 283
192 284
193 294
194 335
195 343
196 434
197 424
198 496
199 476
200 509
201 572
202 584
203 647
204 599
205 684
206 692
207 745
208 864
209 884
210 999
211 969
212 1115
213 1066
214 1115
215 1116
216 1205
217 1248
218 1298
219 1489
220 1531
221 1609
222 1629
223 1609
224 1652
225 1772
226 1865
227 2036
228 2150
229 2300
230 2128
231 2099
232 2095
233 2007
234 1969
235 1983
236 2106
237 2155
238 2256
239 2307
240 2218
241 2330
242 2396
243 2400
244 2334
245 2286
246 2520
247 2492
248 2358
249 2518
250 2360
251 2553
252 2646
253 2495
254 2600
255 2558
256 2535
257 2519
258 2423
259 2448
260 2508
261 2579
262 2373
263 2408
264 2193
265 2211
266 2202
267 2253
268 2148
269 2061
270 2137
271 2026
272 1974
273 1984
274 2036
275 1856
276 1924
277 1977
278 1925
279 1923
280 1921
281 1906
282 2005
283 1833
284 1881
285 1865
286 1944
287 1902
288 1785
289 1754
290 1784
291 1811
292 1662
293 1735
294 1614
295 1515
296 1484
297 1492
298 1508
299 1506
300 1409
301 1471
302 1394
303 1370
304 1287
305 1177
306 1010
307 887
308 841
309 809
310 762
311 697
312 710
313 665
314 563
315 493
316 475
317 367
318 342
319 360
320 314
321 316
322 282
323 275
324 257
325 247
326 244
327 244
328 241
329 224
330 194
331 259
332 214
333 210
334 248
335 242
336 217
337 197
338 170
339 155
340 144
341 114
342 97
343 69
344 73
345 65
346 51
347 43
348 50
349 38
350 41
351 19
352 24
353 33
354 15
355 8
356 15
357 10
358 5
359 5
360 4
361 2
362 5
363 1
364 7
365 1
366 1
367 1
368 2
369 0
370 2
371 0
372 1
373 1
374 5
375 2
376 2
377 1
378 1
379 3
380 3
381 2
382 4
383 1
384 3
385 3
386 1
387 0
388 1
389 0
390 1
