0 0
1 0
2 0
3 0
4 0
5 0
6 0
7 0
8 0
9 0
10 0
11 0
12 0
13 0
14 0
15 0
16 0
17 0
18 0
19 0
20 0
21 0
22 0
23 0
24 0
25 0
26 0
27 0
28 0
29 0
30 0
31 0
32 0
33 0
34 0
35 0
36 0
37 0
38 0
39 0
40 0
41 0
42 0
43 0
44 0
45 0
46 0
47 0
48 0
49 0
50 0
51 0
52 0
53 0
54 0
55 0
56 0
57 0
58 0
59 0
60 0
61 0
62 0
63 0
64 0
65 0
66 0
67 0
68 0
69 0
70 0
71 0
72 0
73 0
74 0
75 0
76 0
77 0
78 0
79 0
80 0
81 0
82 0
83 0
84 0
85 0
86 0
87 0
88 0
89 0
90 0
91 0
92 0
93 0
94 0
95 0
96 0
97 0
98 0
99 0
100 0
101 0
102 0
103 0
104 0
105 0
106 1
107 0
108 0
109 0
110 0
111 2
112 0
113 0
114 1
115 0
116 1
117 0
118 0
119 1
120 0
121 1
122 2
123 2
124 4
125 3
126 14
127 8
128 14
129 22
130 9
131 12
132 26
133 32
134 45
135 54
136 56
137 44
138 86
139 82
140 99
141 117
142 98
143 89
144 111
145 134
146 183
147 176
148 271
149 215
150 334
151 391
152 410
153 476
154 550
155 563
156 583
157 634
158 657
159 680
160 667
161 749
162 700
163 744
164 736
165 690
166 748
167 730
168 756
169 717
170 804
171 808
172 754
173 766
174 794
175 846
176 1002
177 1008
178 1156
179 1183
180 1304
181 1259
182 1418
183 1528
184 1602
185 1705
186 1815
187 1904
188 1878
189 1981
190 2090
191 2381
192 2317
193 2445
194 2781
195 2947
196 3266
197 3415
198 3686
199 3576
200 3573
201 3496
202 3517
203 3160
204 2937
205 2710
206 2538
207 2447
208 2365
209 2345
210 2190
211 2260
212 2251
213 2375
214 2216
215 2429
216 2399
217 2438
218 2327
219 2286
220 2377
221 2357
222 2481
223 2218
224 2403
225 2497
226 2529
227 2475
228 2439
229 2644
230 2543
231 2489
232 2533
233 2459
234 2243
235 2208
236 2259
237 2057
238 2050
239 2096
240 1923
241 1915
242 1848
243 1856
244 1699
245 1679
246 1753
247 1680
248 1478
249 1582
250 1399
251 1513
252 1414
253 1372
254 1313
255 1281
256 1273
257 1149
258 1256
259 1286
260 1250
261 1266
262 1318
263 1283
264 1273
265 1242
266 1331
267 1169
268 1201
269 1107
270 991
271 858
272 759
273 675
274 561
275 480
276 373
277 351
278 258
279 264
280 225
281 259
282 216
283 181
284 167
285 189
286 197
287 181
288 164
289 144
290 131
291 152
292 128
293 123
294 141
295 93
296 93
297 91
298 120
299 82
300 85
301 75
302 77
303 107
304 74
305 69
306 52
307 66
308 42
309 45
310 47
311 26
312 17
313 32
314 28
315 15
316 15
317 7
318 10
319 16
320 4
321 10
322 2
323 3
324 2
325 2
326 2
327 0
328 0
329 0
330 1
331 0
332 0
333 0
334 1
335 0
336 0
337 0
338 0
339 0
340 0
341 0
342 0
343 1
