0 0
1 0
2 0
3 0
4 0
5 0
6 0
7 0
8 0
9 0
10 0
11 0
12 0
13 0
14 0
15 0
16 0
17 0
18 0
19 0
20 0
21 0
22 0
23 0
24 0
25 0
26 0
27 0
28 0
29 1
30 0
31 0
32 1
33 0
34 0
35 0
36 0
37 0
38 0
39 1
40 0
41 0
42 0
43 0
44 0
45 0
46 0
47 0
48 0
49 0
50 0
51 0
52 0
53 0
54 0
55 0
56 0
57 0
58 0
59 0
60 0
61 0
62 0
63 0
64 0
65 0
66 0
67 0
68 0
69 0
70 0
71 0
72 0
73 0
74 0
75 0
76 0
77 0
78 0
79 0
80 0
81 0
82 0
83 0
84 0
85 0
86 0
87 0
88 0
89 0
90 0
91 0
92 0
93 0
94 0
95 0
96 0
97 0
98 0
99 0
100 0
101 0
102 0
103 0
104 0
105 0
106 1
107 0
108 0
109 0
110 0
111 0
112 0
113 0
114 0
115 1
116 1
117 3
118 2
119 0
120 1
121 2
122 4
123 7
124 4
125 2
126 12
127 15
128 15
129 26
130 34
131 55
132 37
133 45
134 39
135 63
136 97
137 103
138 102
139 84
140 91
141 133
142 142
143 188
144 170
145 183
146 180
147 182
148 225
149 293
150 267
151 313
152 410
153 440
154 376
155 487
156 465
157 477
158 550
159 595
160 596
161 630
162 643
163 651
164 602
165 642
166 670
167 661
168 648
169 748
170 771
171 745
172 837
173 873
174 755
175 835
176 917
177 910
178 1021
179 1020
180 1094
181 1100
182 1154
183 1061
184 1128
185 1209
186 1195
187 1248
188 1264
189 1244
190 1399
191 1504
192 1484
193 1485
194 1661
195 1660
196 1753
197 1722
198 1722
199 1795
200 1649
201 1844
202 1724
203 1927
204 1760
205 1928
206 1841
207 1958
208 1946
209 2034
210 2027
211 2015
212 2162
213 2193
214 2145
215 2221
216 2254
217 2403
218 2288
219 2513
220 2543
221 2536
222 2509
223 2548
224 2502
225 2337
226 2258
227 2233
228 2220
229 2218
230 2069
231 1980
232 2083
233 2077
234 2034
235 2015
236 2102
237 2089
238 2269
239 2323
240 2452
241 2425
242 2797
243 2862
244 3079
245 2863
246 2852
247 2613
248 2517
249 2388
250 2261
251 2120
252 2077
253 2060
254 1795
255 1710
256 1774
257 1660
258 1639
259 1444
260 1430
261 1396
262 1382
263 1351
264 1238
265 1294
266 1192
267 1112
268 1136
269 1167
270 1167
271 1105
272 1239
273 1215
274 1354
275 1316
276 1191
277 1170
278 1071
279 935
280 878
281 735
282 815
283 831
284 740
285 643
286 697
287 576
288 569
289 569
290 582
291 473
292 487
293 556
294 450
295 486
296 450
297 455
298 437
299 387
300 362
301 268
302 339
303 241
304 215
305 246
306 193
307 174
308 159
309 121
310 138
311 125
312 110
313 145
314 117
315 115
316 74
317 107
318 64
319 73
320 63
321 59
322 61
323 37
324 42
325 26
326 29
327 25
328 25
329 8
330 16
331 6
332 8
333 5
334 7
335 1
336 6
337 8
338 8
339 2
340 0
341 2
342 5
343 2
344 2
345 1
346 1
347 2
348 0
349 1
350 0
351 0
352 1
353 0
354 1
