0 0
1 0
2 0
3 0
4 0
5 0
6 0
7 0
8 0
9 0
10 0
11 0
12 0
13 0
14 0
15 0
16 0
17 0
18 0
19 0
20 0
21 0
22 0
23 0
24 0
25 0
26 0
27 0
28 0
29 0
30 0
31 0
32 0
33 0
34 0
35 0
36 0
37 0
38 0
39 0
40 0
41 0
42 0
43 0
44 0
45 0
46 0
47 0
48 0
49 0
50 0
51 0
52 0
53 0
54 0
55 0
56 0
57 0
58 0
59 0
60 0
61 0
62 0
63 0
64 0
65 0
66 0
67 0
68 0
69 0
70 0
71 0
72 0
73 0
74 0
75 0
76 0
77 0
78 0
79 0
80 0
81 0
82 0
83 0
84 0
85 0
86 0
87 0
88 0
89 0
90 0
91 0
92 0
93 0
94 0
95 0
96 0
97 0
98 0
99 0
100 0
101 0
102 0
103 0
104 0
105 0
106 0
107 0
108 0
109 0
110 0
111 0
112 0
113 0
114 0
115 0
116 0
117 0
118 0
119 0
120 0
121 0
122 0
123 0
124 0
125 0
126 0
127 0
128 0
129 2
130 0
131 2
132 2
133 1
134 1
135 1
136 0
137 2
138 1
139 2
140 2
141 2
142 2
143 1
144 3
145 5
146 3
147 3
148 6
149 7
150 10
151 4
152 9
153 10
154 8
155 9
156 13
157 21
158 29
159 48
160 33
161 52
162 53
163 106
164 115
165 72
166 41
167 70
168 53
169 51
170 117
171 103
172 62
173 94
174 110
175 105
176 156
177 104
178 137
179 131
180 136
181 114
182 180
183 198
184 188
185 206
186 243
187 284
188 363
189 397
190 404
191 510
192 556
193 597
194 587
195 556
196 523
197 570
198 598
199 538
200 498
201 564
202 631
203 681
204 634
205 802
206 877
207 932
208 984
209 1110
210 1121
211 1236
212 1361
213 1278
214 1291
215 1477
216 1530
217 1588
218 1531
219 1723
220 1811
221 1848
222 1936
223 1984
224 2108
225 2103
226 2195
227 2239
228 2346
229 2183
230 2408
231 2371
232 2364
233 2491
234 2630
235 2654
236 2545
237 2734
238 2665
239 2915
240 2955
241 2995
242 3106
243 3079
244 2889
245 2842
246 2940
247 2894
248 2889
249 2741
250 2880
251 2805
252 2617
253 2496
254 2684
255 2615
256 2437
257 2494
258 2503
259 2492
260 2521
261 2381
262 2455
263 2420
264 2609
265 2464
266 2463
267 2390
268 2294
269 2140
270 2125
271 2206
272 2074
273 1951
274 1902
275 1986
276 1916
277 1944
278 1836
279 1790
280 1782
281 1698
282 1672
283 1507
284 1404
285 1373
286 1404
287 1319
288 1257
289 1166
290 1158
291 1095
292 1107
293 1040
294 995
295 927
296 965
297 1000
298 923
299 938
300 957
301 931
302 887
303 872
304 854
305 940
306 846
307 866
308 859
309 966
310 851
311 881
312 848
313 713
314 632
315 561
316 498
317 484
318 444
319 347
320 330
321 253
322 281
323 267
324 246
325 254
326 195
327 213
328 209
329 201
330 133
331 166
332 147
333 142
334 131
335 81
336 98
337 85
338 78
339 87
340 72
341 30
342 30
343 56
344 36
345 37
346 34
347 13
348 20
349 18
350 17
351 6
352 8
353 2
354 4
355 5
356 5
357 0
358 3
359 0
360 1
361 5
362 1
363 0
364 0
365 0
366 0
367 1
