0 0
1 0
2 0
3 0
4 0
5 0
6 0
7 0
8 0
9 0
10 0
11 0
12 0
13 0
14 0
15 0
16 0
17 0
18 0
19 0
20 0
21 0
22 0
23 0
24 0
25 0
26 0
27 0
28 0
29 0
30 0
31 0
32 0
33 0
34 0
35 0
36 0
37 0
38 0
39 0
40 0
41 0
42 0
43 0
44 0
45 0
46 0
47 0
48 0
49 0
50 0
51 0
52 0
53 0
54 0
55 0
56 0
57 0
58 0
59 0
60 0
61 0
62 0
63 0
64 0
65 0
66 1
67 0
68 0
69 0
70 1
71 2
72 1
73 6
74 2
75 3
76 5
77 2
78 3
79 1
80 3
81 6
82 2
83 4
84 1
85 3
86 3
87 3
88 3
89 2
90 4
91 3
92 5
93 2
94 2
95 1
96 0
97 0
98 4
99 2
100 2
101 3
102 8
103 2
104 11
105 5
106 1
107 7
108 10
109 2
110 8
111 2
112 1
113 5
114 4
115 4
116 4
117 3
118 6
119 8
120 12
121 4
122 12
123 14
124 20
125 26
126 20
127 19
128 20
129 20
130 22
131 12
132 16
133 21
134 15
135 23
136 27
137 27
138 23
139 34
140 29
141 38
142 27
143 49
144 51
145 71
146 64
147 80
148 86
149 105
150 132
151 141
152 185
153 177
154 194
155 176
156 240
157 274
158 320
159 354
160 338
161 364
162 439
163 390
164 432
165 457
166 528
167 504
168 506
169 558
170 553
171 636
172 665
173 758
174 761
175 763
176 811
177 833
178 851
179 920
180 877
181 906
182 996
183 973
184 975
185 1116
186 1141
187 1279
188 1403
189 1449
190 1577
191 1725
192 1788
193 1829
194 1902
195 1849
196 1736
197 1932
198 1947
199 2007
200 1980
201 2234
202 2377
203 2447
204 2498
205 2750
206 2617
207 2775
208 2678
209 2860
210 3021
211 3043
212 3039
213 2971
214 3088
215 3144
216 3170
217 3103
218 3189
219 3215
220 3180
221 3176
222 3049
223 2977
224 3032
225 2979
226 3134
227 2953
228 2814
229 2864
230 2567
231 2518
232 2343
233 2171
234 2172
235 2097
236 2117
237 2210
238 2107
239 2018
240 2134
241 2130
242 2000
243 2065
244 2043
245 1996
246 1866
247 2015
248 2015
249 1875
250 1843
251 1652
252 1742
253 1576
254 1517
255 1398
256 1317
257 1399
258 1366
259 1410
260 1401
261 1275
262 1339
263 1271
264 1277
265 1327
266 1330
267 1255
268 1129
269 1184
270 1123
271 1074
272 1066
273 987
274 1033
275 937
276 1010
277 1096
278 1084
279 968
280 889
281 721
282 703
283 591
284 602
285 526
286 450
287 358
288 342
289 344
290 283
291 227
292 218
293 231
294 207
295 167
296 175
297 150
298 177
299 128
300 135
301 147
302 160
303 144
304 117
305 149
306 83
307 83
308 63
309 63
310 65
311 61
312 56
313 56
314 39
315 34
316 30
317 13
318 18
319 7
320 9
321 7
322 3
323 4
324 1
325 2
326 3
327 1
328 1
329 2
330 0
331 0
332 0
333 0
334 0
335 1
