0 0
1 0
2 0
3 0
4 0
5 0
6 0
7 0
8 0
9 0
10 0
11 0
12 0
13 0
14 0
15 0
16 0
17 0
18 0
19 0
20 0
21 0
22 0
23 0
24 0
25 0
26 0
27 0
28 0
29 0
30 0
31 0
32 0
33 0
34 0
35 0
36 0
37 0
38 0
39 0
40 0
41 0
42 0
43 0
44 0
45 0
46 0
47 0
48 0
49 0
50 0
51 0
52 0
53 0
54 0
55 0
56 0
57 0
58 0
59 0
60 0
61 0
62 0
63 0
64 0
65 0
66 0
67 0
68 0
69 0
70 0
71 0
72 0
73 0
74 0
75 0
76 0
77 0
78 0
79 0
80 0
81 0
82 0
83 0
84 0
85 0
86 0
87 0
88 0
89 0
90 0
91 0
92 0
93 0
94 0
95 0
96 0
97 1
98 0
99 1
100 0
101 0
102 2
103 0
104 0
105 1
106 5
107 1
108 7
109 8
110 4
111 8
112 13
113 6
114 19
115 17
116 31
117 20
118 30
119 41
120 35
121 31
122 53
123 41
124 48
125 60
126 49
127 62
128 46
129 52
130 49
131 59
132 36
133 62
134 79
135 66
136 96
137 96
138 105
139 129
140 166
141 174
142 171
143 190
144 246
145 253
146 253
147 299
148 318
149 325
150 412
151 443
152 458
153 576
154 578
155 762
156 829
157 889
158 927
159 1110
160 1107
161 1262
162 1251
163 1325
164 1284
165 1409
166 1520
167 1607
168 1589
169 1763
170 1738
171 2065
172 1853
173 1690
174 1743
175 1707
176 1730
177 1718
178 1704
179 1746
180 1753
181 1732
182 1701
183 1749
184 1806
185 1736
186 1837
187 1862
188 1969
189 1992
190 1955
191 1986
192 1996
193 2056
194 2042
195 2004
196 2189
197 2094
198 2080
199 2084
200 2145
201 2107
202 2196
203 2089
204 2156
205 2154
206 2176
207 1992
208 2069
209 2042
210 2109
211 2073
212 2177
213 2165
214 2254
215 2320
216 2344
217 2315
218 2288
219 2135
220 2060
221 1992
222 2052
223 2011
224 1849
225 1958
226 2011
227 1852
228 2013
229 1956
230 1931
231 1884
232 1833
233 1934
234 1914
235 1883
236 1701
237 1836
238 1772
239 1796
240 1675
241 1587
242 1584
243 1524
244 1535
245 1557
246 1414
247 1437
248 1384
249 1532
250 1411
251 1427
252 1490
253 1409
254 1301
255 1393
256 1331
257 1344
258 1236
259 1204
260 1209
261 1180
262 1211
263 1217
264 1301
265 1320
266 1257
267 1283
268 1313
269 1227
270 1118
271 974
272 731
273 588
274 567
275 490
276 525
277 442
278 424
279 422
280 460
281 421
282 439
283 378
284 422
285 411
286 369
287 422
288 400
289 439
290 449
291 399
292 424
293 353
294 310
295 316
296 289
297 331
298 244
299 231
300 246
301 210
302 207
303 191
304 155
305 125
306 161
307 178
308 140
309 110
310 104
311 132
312 93
313 94
314 74
315 71
316 74
317 61
318 68
319 58
320 49
321 35
322 40
323 38
324 29
325 28
326 37
327 32
328 34
329 24
330 22
331 19
332 17
333 15
334 26
335 25
336 14
337 14
338 13
339 11
340 15
341 9
342 16
343 17
344 13
345 15
346 16
347 13
348 13
349 12
350 14
351 15
352 16
353 17
354 23
355 8
356 12
357 9
358 13
359 4
360 9
361 9
362 9
363 3
364 1
365 2
366 5
367 2
368 2
369 0
370 1
371 3
372 0
373 0
374 0
375 2
376 0
377 0
378 0
379 0
380 1
381 0
382 1
