0 0
1 0
2 0
3 1
4 0
5 0
6 0
7 0
8 0
9 0
10 0
11 1
12 0
13 0
14 0
15 0
16 1
17 1
18 0
19 0
20 0
21 0
22 1
23 0
24 0
25 0
26 1
27 0
28 0
29 1
30 0
31 0
32 0
33 1
34 0
35 0
36 0
37 1
38 1
39 0
40 3
41 1
42 0
43 0
44 2
45 1
46 0
47 2
48 0
49 0
50 0
51 0
52 1
53 0
54 1
55 1
56 1
57 0
58 0
59 1
60 1
61 1
62 0
63 2
64 0
65 0
66 1
67 0
68 0
69 2
70 0
71 0
72 0
73 1
74 0
75 0
76 0
77 0
78 0
79 0
80 0
81 0
82 1
83 3
84 3
85 1
86 1
87 0
88 0
89 0
90 0
91 0
92 0
93 0
94 0
95 0
96 0
97 0
98 2
99 3
100 2
101 2
102 2
103 4
104 4
105 2
106 5
107 1
108 5
109 5
110 6
111 7
112 9
113 9
114 17
115 11
116 24
117 23
118 31
119 28
120 42
121 38
122 49
123 46
124 44
125 50
126 46
127 41
128 60
129 65
130 47
131 68
132 79
133 80
134 80
135 109
136 110
137 148
138 116
139 139
140 176
141 157
142 165
143 153
144 202
145 189
146 213
147 240
148 341
149 355
150 394
151 403
152 444
153 467
154 455
155 515
156 498
157 518
158 590
159 549
160 594
161 601
162 692
163 713
164 771
165 720
166 653
167 713
168 763
169 773
170 732
171 691
172 751
173 799
174 719
175 730
176 835
177 850
178 898
179 944
180 1162
181 1217
182 1378
183 1348
184 1431
185 1538
186 1588
187 1588
188 1617
189 1554
190 1729
191 1618
192 1615
193 1618
194 1602
195 1670
196 1571
197 1561
198 1758
199 1580
200 1785
201 1890
202 1893
203 2033
204 2003
205 2039
206 2155
207 1939
208 2003
209 1957
210 1992
211 2048
212 1900
213 1980
214 2040
215 2112
216 2284
217 2315
218 2312
219 2411
220 2321
221 2535
222 2449
223 2461
224 2595
225 2424
226 2621
227 2628
228 2683
229 2539
230 2747
231 2688
232 2765
233 2851
234 2814
235 2785
236 2631
237 2659
238 2495
239 2554
240 2710
241 2751
242 2687
243 2451
244 2680
245 2603
246 2259
247 2245
248 2124
249 2087
250 1954
251 2034
252 1931
253 1935
254 1667
255 1740
256 1524
257 1483
258 1349
259 1378
260 1233
261 1385
262 1246
263 1161
264 1175
265 1118
266 1147
267 1130
268 1093
269 941
270 987
271 911
272 976
273 1009
274 878
275 920
276 873
277 807
278 716
279 704
280 699
281 590
282 517
283 527
284 467
285 448
286 464
287 417
288 332
289 367
290 344
291 388
292 400
293 324
294 302
295 299
296 272
297 236
298 254
299 248
300 209
301 197
302 200
303 208
304 197
305 200
306 162
307 180
308 134
309 124
310 95
311 90
312 65
313 44
314 48
315 40
316 29
317 34
318 18
319 12
320 25
321 24
322 13
323 15
324 11
325 12
326 6
327 7
328 6
329 11
330 5
331 11
332 6
333 9
334 4
335 6
336 10
337 10
338 4
339 6
340 11
341 4
342 1
343 0
344 2
345 0
346 0
347 1
348 0
349 0
350 1
