0 0
1 0
2 0
3 0
4 0
5 0
6 0
7 0
8 0
9 0
10 0
11 0
12 0
13 0
14 0
15 0
16 0
17 0
18 0
19 0
20 0
21 0
22 0
23 0
24 0
25 0
26 0
27 0
28 0
29 0
30 0
31 0
32 0
33 0
34 0
35 0
36 0
37 0
38 0
39 0
40 0
41 0
42 0
43 0
44 0
45 0
46 0
47 0
48 0
49 0
50 0
51 0
52 0
53 0
54 0
55 0
56 0
57 0
58 0
59 0
60 0
61 0
62 0
63 0
64 0
65 0
66 0
67 0
68 0
69 0
70 0
71 0
72 0
73 0
74 0
75 0
76 0
77 0
78 0
79 0
80 0
81 0
82 0
83 0
84 0
85 0
86 0
87 0
88 0
89 0
90 0
91 0
92 0
93 0
94 0
95 0
96 0
97 0
98 0
99 0
100 0
101 0
102 0
103 0
104 2
105 0
106 0
107 0
108 0
109 0
110 3
111 1
112 0
113 2
114 3
115 4
116 0
117 1
118 1
119 0
120 6
121 10
122 10
123 3
124 6
125 9
126 10
127 11
128 13
129 14
130 31
131 34
132 35
133 45
134 49
135 58
136 66
137 101
138 104
139 140
140 161
141 174
142 181
143 212
144 222
145 241
146 297
147 267
148 314
149 342
150 373
151 358
152 356
153 437
154 396
155 470
156 476
157 468
158 540
159 553
160 512
161 609
162 659
163 609
164 669
165 648
166 690
167 759
168 858
169 900
170 961
171 1002
172 1005
173 1057
174 1034
175 1158
176 1212
177 1204
178 1185
179 1266
180 1240
181 1350
182 1346
183 1461
184 1456
185 1539
186 1622
187 1532
188 1656
189 1743
190 1785
191 1874
192 1865
193 1888
194 1901
195 1965
196 2155
197 2187
198 2232
199 2446
200 2599
201 2739
202 2939
203 3014
204 2999
205 3094
206 3329
207 3156
208 3275
209 3441
210 3423
211 3240
212 3415
213 3285
214 3220
215 2967
216 2902
217 2836
218 2799
219 2760
220 2770
221 2688
222 2514
223 2621
224 2494
225 2439
226 2487
227 2233
228 2263
229 2207
230 2082
231 2141
232 1988
233 2069
234 2012
235 2005
236 1898
237 1957
238 1983
239 2020
240 2039
241 2090
242 2034
243 1920
244 1856
245 1869
246 1643
247 1709
248 1483
249 1393
250 1343
251 1216
252 1247
253 1172
254 1090
255 1060
256 1012
257 936
258 952
259 942
260 883
261 854
262 904
263 905
264 897
265 878
266 772
267 944
268 904
269 840
270 770
271 851
272 832
273 878
274 956
275 780
276 801
277 772
278 698
279 591
280 568
281 535
282 565
283 460
284 404
285 400
286 372
287 367
288 316
289 341
290 271
291 313
292 316
293 326
294 298
295 316
296 309
297 291
298 273
299 233
300 199
301 163
302 132
303 67
304 66
305 57
306 64
307 46
308 42
309 41
310 46
311 22
312 24
313 18
314 20
315 21
316 22
317 6
318 11
319 5
320 6
321 3
322 2
323 2
324 0
325 3
326 5
327 4
328 4
329 2
330 1
331 1
332 2
333 1
334 0
335 2
