0 0
1 0
2 0
3 0
4 0
5 0
6 0
7 0
8 1
9 0
10 0
11 0
12 0
13 0
14 0
15 0
16 0
17 0
18 0
19 1
20 0
21 0
22 0
23 0
24 0
25 0
26 0
27 0
28 0
29 0
30 0
31 0
32 1
33 1
34 0
35 0
36 0
37 0
38 0
39 0
40 0
41 0
42 0
43 0
44 0
45 0
46 0
47 0
48 0
49 0
50 0
51 0
52 0
53 0
54 0
55 0
56 0
57 0
58 0
59 0
60 0
61 1
62 0
63 0
64 0
65 0
66 0
67 1
68 0
69 1
70 0
71 0
72 0
73 0
74 1
75 0
76 1
77 0
78 0
79 0
80 0
81 0
82 0
83 0
84 0
85 0
86 1
87 1
88 0
89 0
90 0
91 0
92 0
93 0
94 2
95 0
96 0
97 1
98 1
99 0
100 0
101 1
102 5
103 3
104 2
105 5
106 5
107 2
108 4
109 1
110 2
111 3
112 8
113 1
114 0
115 5
116 8
117 12
118 21
119 11
120 43
121 42
122 45
123 59
124 67
125 63
126 75
127 79
128 82
129 86
130 127
131 159
132 148
133 186
134 230
135 209
136 239
137 205
138 193
139 196
140 211
141 182
142 175
143 142
144 153
145 184
146 174
147 177
148 195
149 152
150 194
151 226
152 237
153 238
154 296
155 297
156 338
157 323
158 419
159 438
160 488
161 489
162 486
163 468
164 525
165 593
166 560
167 671
168 676
169 701
170 716
171 791
172 730
173 803
174 820
175 829
176 943
177 900
178 930
179 962
180 972
181 1111
182 1090
183 1136
184 1286
185 1225
186 1323
187 1356
188 1616
189 1617
190 1880
191 1836
192 1982
193 1905
194 1890
195 2008
196 1999
197 2105
198 2166
199 2118
200 2114
201 2250
202 2118
203 2096
204 2342
205 2311
206 2471
207 2342
208 2459
209 2576
210 2532
211 2639
212 2685
213 2558
214 2665
215 2625
216 2631
217 2524
218 2450
219 2435
220 2422
221 2537
222 2455
223 2484
224 2372
225 2442
226 2372
227 2301
228 2343
229 2307
230 2221
231 2379
232 2332
233 2477
234 2375
235 2589
236 2440
237 2555
238 2533
239 2494
240 2276
241 2287
242 2355
243 2386
244 2087
245 2032
246 2027
247 1899
248 1910
249 1925
250 1908
251 1787
252 1807
253 1759
254 1694
255 1568
256 1606
257 1561
258 1461
259 1470
260 1363
261 1331
262 1260
263 1185
264 1085
265 1033
266 968
267 977
268 912
269 892
270 886
271 877
272 823
273 906
274 820
275 894
276 878
277 812
278 818
279 772
280 799
281 745
282 632
283 625
284 575
285 518
286 508
287 454
288 392
289 402
290 356
291 357
292 292
293 279
294 250
295 211
296 250
297 200
298 201
299 176
300 164
301 161
302 166
303 153
304 155
305 130
306 153
307 138
308 134
309 121
310 149
311 133
312 149
313 150
314 120
315 117
316 88
317 93
318 89
319 61
320 40
321 35
322 46
323 43
324 24
325 32
326 25
327 12
328 22
329 8
330 14
331 11
332 7
333 4
334 6
335 2
336 6
337 2
338 12
339 7
340 4
341 3
342 5
343 5
344 3
345 3
346 4
347 5
348 2
349 4
350 2
351 1
352 5
353 3
354 5
355 5
356 2
357 0
358 0
359 2
360 0
361 0
362 0
363 1
