0 0
1 0
2 0
3 0
4 0
5 0
6 0
7 0
8 0
9 0
10 0
11 0
12 0
13 0
14 0
15 0
16 0
17 0
18 0
19 0
20 0
21 0
22 0
23 0
24 0
25 0
26 0
27 0
28 0
29 0
30 0
31 0
32 0
33 0
34 0
35 0
36 0
37 0
38 0
39 0
40 0
41 0
42 0
43 0
44 0
45 0
46 0
47 0
48 0
49 0
50 0
51 0
52 0
53 0
54 0
55 0
56 0
57 0
58 0
59 0
60 0
61 0
62 0
63 0
64 0
65 0
66 0
67 0
68 1
69 0
70 0
71 0
72 0
73 1
74 0
75 0
76 0
77 0
78 0
79 0
80 0
81 0
82 0
83 0
84 0
85 0
86 0
87 0
88 0
89 0
90 0
91 0
92 0
93 0
94 0
95 0
96 0
97 0
98 0
99 0
100 0
101 0
102 0
103 3
104 1
105 4
106 2
107 12
108 5
109 9
110 22
111 22
112 27
113 24
114 38
115 34
116 28
117 15
118 22
119 22
120 32
121 31
122 38
123 29
124 23
125 51
126 57
127 66
128 51
129 45
130 90
131 65
132 112
133 122
134 112
135 116
136 151
137 111
138 145
139 147
140 175
141 169
142 185
143 158
144 216
145 242
146 222
147 241
148 260
149 264
150 266
151 286
152 278
153 372
154 390
155 376
156 426
157 455
158 509
159 551
160 510
161 582
162 643
163 652
164 714
165 741
166 806
167 773
168 873
169 903
170 923
171 971
172 986
173 983
174 1137
175 1135
176 1107
177 1243
178 1342
179 1379
180 1566
181 1677
182 1980
183 2026
184 2171
185 2156
186 2227
187 2146
188 2358
189 2357
190 2495
191 2385
192 2508
193 2650
194 2703
195 2631
196 2847
197 2815
198 2788
199 2878
200 2799
201 2731
202 2675
203 2653
204 2564
205 2628
206 2251
207 2259
208 2235
209 2246
210 2148
211 2253
212 2126
213 2338
214 2285
215 2440
216 2354
217 2293
218 2431
219 2410
220 2459
221 2513
222 2225
223 2302
224 2172
225 2220
226 2056
227 2173
228 2087
229 2115
230 2150
231 2130
232 2143
233 2139
234 2103
235 2090
236 2096
237 2042
238 2190
239 2084
240 2022
241 2116
242 2173
243 1978
244 1964
245 1890
246 1772
247 1714
248 1645
249 1492
250 1486
251 1290
252 1356
253 1244
254 1194
255 1171
256 1122
257 924
258 988
259 1004
260 1011
261 1000
262 997
263 981
264 927
265 782
266 795
267 827
268 715
269 797
270 811
271 795
272 693
273 815
274 798
275 752
276 755
277 649
278 545
279 545
280 533
281 440
282 466
283 439
284 471
285 513
286 462
287 515
288 438
289 370
290 333
291 383
292 271
293 290
294 296
295 280
296 319
297 331
298 302
299 273
300 270
301 218
302 168
303 138
304 107
305 68
306 58
307 66
308 46
309 35
310 49
311 41
312 47
313 40
314 56
315 40
316 35
317 27
318 13
319 22
320 28
321 20
322 19
323 16
324 12
325 12
326 10
327 11
328 9
329 8
330 2
331 2
332 1
333 3
334 4
335 0
336 2
337 2
338 1
339 0
340 0
341 1
342 2
343 0
344 0
345 0
346 2
347 2
348 2
