0 0
1 0
2 0
3 0
4 0
5 0
6 0
7 0
8 0
9 0
10 0
11 0
12 0
13 0
14 0
15 0
16 0
17 0
18 0
19 0
20 0
21 0
22 0
23 0
24 0
25 0
26 0
27 0
28 0
29 0
30 0
31 0
32 0
33 0
34 0
35 0
36 0
37 0
38 0
39 0
40 0
41 0
42 0
43 0
44 0
45 0
46 0
47 0
48 0
49 0
50 0
51 0
52 0
53 0
54 0
55 0
56 0
57 0
58 0
59 0
60 0
61 0
62 0
63 0
64 0
65 0
66 0
67 0
68 0
69 0
70 0
71 0
72 1
73 0
74 1
75 0
76 0
77 0
78 0
79 0
80 0
81 1
82 0
83 0
84 0
85 0
86 0
87 0
88 1
89 0
90 0
91 2
92 0
93 0
94 1
95 0
96 0
97 1
98 0
99 0
100 0
101 1
102 0
103 2
104 0
105 0
106 0
107 2
108 1
109 0
110 1
111 1
112 1
113 0
114 2
115 2
116 1
117 6
118 2
119 5
120 2
121 9
122 4
123 13
124 12
125 18
126 23
127 13
128 18
129 13
130 31
131 29
132 20
133 16
134 35
135 23
136 22
137 19
138 18
139 26
140 36
141 29
142 50
143 43
144 46
145 48
146 51
147 47
148 73
149 95
150 89
151 79
152 101
153 125
154 127
155 135
156 168
157 174
158 143
159 232
160 195
161 239
162 324
163 283
164 336
165 350
166 346
167 433
168 415
169 441
170 493
171 455
172 541
173 585
174 595
175 617
176 823
177 696
178 874
179 996
180 987
181 972
182 1144
183 1003
184 1099
185 1113
186 1132
187 1097
188 1121
189 1247
190 1156
191 1235
192 1225
193 1212
194 1198
195 1295
196 1276
197 1359
198 1449
199 1396
200 1375
201 1551
202 1501
203 1533
204 1585
205 1612
206 1658
207 1681
208 1686
209 1722
210 1658
211 1803
212 1801
213 1796
214 1873
215 1845
216 1882
217 1954
218 2056
219 2131
220 2131
221 2279
222 2193
223 2293
224 2286
225 2054
226 2045
227 2050
228 2190
229 2096
230 2107
231 2313
232 2117
233 2277
234 2067
235 2235
236 2296
237 2122
238 2136
239 2257
240 2238
241 2213
242 2159
243 2300
244 2281
245 2150
246 2245
247 2292
248 2263
249 2124
250 2197
251 2148
252 2281
253 2218
254 2238
255 2111
256 2180
257 2038
258 2183
259 1997
260 2005
261 1904
262 1880
263 1841
264 1964
265 2036
266 1898
267 1946
268 1849
269 1674
270 1645
271 1608
272 1529
273 1510
274 1559
275 1343
276 1385
277 1313
278 1168
279 1246
280 1219
281 1162
282 1106
283 1108
284 969
285 906
286 895
287 793
288 727
289 725
290 808
291 681
292 764
293 687
294 729
295 788
296 673
297 717
298 683
299 687
300 684
301 645
302 637
303 632
304 608
305 641
306 571
307 613
308 559
309 538
310 395
311 472
312 410
313 351
314 305
315 342
316 292
317 248
318 221
319 189
320 165
321 194
322 194
323 189
324 138
325 168
326 181
327 151
328 165
329 136
330 153
331 147
332 159
333 171
334 124
335 101
336 106
337 81
338 74
339 75
340 71
341 70
342 64
343 56
344 50
345 36
346 29
347 33
348 29
349 15
350 19
351 22
352 15
353 12
354 6
355 17
356 11
357 11
358 7
359 5
360 6
361 3
362 4
363 3
364 12
365 11
366 9
367 9
368 13
369 4
370 5
371 2
372 6
373 1
374 4
375 2
376 4
377 2
378 6
379 2
380 2
381 1
382 0
383 1
384 1
385 0
386 1
