0 0
1 0
2 0
3 0
4 0
5 0
6 0
7 0
8 0
9 0
10 0
11 0
12 0
13 0
14 0
15 0
16 0
17 0
18 0
19 0
20 0
21 0
22 0
23 0
24 0
25 0
26 0
27 0
28 0
29 0
30 0
31 0
32 0
33 0
34 0
35 0
36 0
37 0
38 0
39 0
40 0
41 0
42 0
43 0
44 0
45 0
46 0
47 0
48 0
49 0
50 0
51 0
52 0
53 0
54 0
55 0
56 0
57 0
58 0
59 0
60 0
61 0
62 0
63 0
64 0
65 0
66 0
67 0
68 0
69 0
70 0
71 0
72 0
73 0
74 0
75 0
76 0
77 0
78 0
79 0
80 1
81 1
82 1
83 0
84 1
85 0
86 1
87 1
88 0
89 0
90 0
91 6
92 3
93 2
94 1
95 0
96 3
97 0
98 3
99 1
100 3
101 3
102 1
103 1
104 2
105 4
106 2
107 3
108 7
109 9
110 10
111 8
112 13
113 16
114 14
115 23
116 43
117 39
118 51
119 65
120 64
121 69
122 83
123 96
124 123
125 110
126 129
127 124
128 109
129 118
130 105
131 114
132 116
133 123
134 114
135 144
136 113
137 128
138 168
139 106
140 107
141 121
142 118
143 99
144 132
145 129
146 147
147 168
148 145
149 122
150 138
151 203
152 179
153 173
154 194
155 204
156 225
157 204
158 218
159 290
160 266
161 311
162 331
163 326
164 386
165 422
166 420
167 453
168 388
169 446
170 521
171 540
172 550
173 633
174 700
175 688
176 786
177 821
178 826
179 854
180 951
181 1046
182 1097
183 1157
184 1140
185 1316
186 1302
187 1474
188 1458
189 1750
190 1876
191 1871
192 1934
193 1972
194 2188
195 2197
196 2133
197 2088
198 2030
199 2103
200 2172
201 2388
202 2464
203 2556
204 2461
205 2428
206 2359
207 2364
208 2224
209 2256
210 2145
211 2183
212 2309
213 2218
214 2252
215 2233
216 2097
217 2080
218 2070
219 2195
220 2299
221 2300
222 2400
223 2443
224 2265
225 2391
226 2226
227 2230
228 2249
229 2307
230 2274
231 2169
232 2217
233 2094
234 2072
235 2062
236 2054
237 2020
238 2059
239 2100
240 2063
241 1993
242 2004
243 2021
244 1930
245 2014
246 2107
247 2061
248 2032
249 1978
250 1992
251 1915
252 1904
253 1761
254 1822
255 1631
256 1507
257 1504
258 1471
259 1351
260 1254
261 1267
262 1272
263 1238
264 1187
265 1099
266 1139
267 989
268 1027
269 979
270 975
271 1034
272 918
273 939
274 913
275 842
276 863
277 794
278 837
279 784
280 805
281 808
282 833
283 736
284 790
285 743
286 755
287 741
288 705
289 742
290 759
291 758
292 691
293 694
294 619
295 548
296 611
297 586
298 644
299 635
300 571
301 626
302 593
303 535
304 520
305 429
306 455
307 384
308 371
309 409
310 393
311 377
312 353
313 372
314 346
315 306
316 313
317 237
318 237
319 209
320 192
321 144
322 128
323 140
324 124
325 135
326 98
327 84
328 81
329 83
330 64
331 79
332 71
333 83
334 59
335 65
336 65
337 61
338 54
339 59
340 45
341 39
342 34
343 34
344 21
345 13
346 8
347 5
348 2
349 0
350 1
