0 0
1 0
2 0
3 0
4 0
5 0
6 0
7 0
8 0
9 0
10 0
11 0
12 0
13 0
14 0
15 0
16 0
17 0
18 0
19 0
20 0
21 0
22 0
23 0
24 0
25 0
26 0
27 0
28 0
29 0
30 0
31 0
32 0
33 0
34 0
35 0
36 0
37 0
38 0
39 0
40 0
41 0
42 0
43 0
44 0
45 0
46 0
47 0
48 0
49 0
50 0
51 0
52 0
53 0
54 0
55 0
56 0
57 0
58 0
59 0
60 0
61 0
62 0
63 0
64 0
65 0
66 0
67 0
68 0
69 0
70 0
71 0
72 0
73 0
74 0
75 0
76 0
77 0
78 0
79 0
80 0
81 0
82 1
83 0
84 0
85 0
86 0
87 0
88 0
89 0
90 0
91 0
92 0
93 0
94 0
95 0
96 0
97 1
98 0
99 1
100 1
101 1
102 2
103 1
104 3
105 1
106 1
107 0
108 3
109 2
110 1
111 2
112 2
113 0
114 0
115 3
116 0
117 4
118 3
119 2
120 0
121 3
122 3
123 3
124 0
125 1
126 2
127 6
128 1
129 4
130 5
131 0
132 5
133 7
134 2
135 3
136 4
137 15
138 13
139 12
140 19
141 15
142 28
143 21
144 16
145 19
146 17
147 18
148 11
149 23
150 33
151 31
152 24
153 31
154 22
155 50
156 43
157 39
158 46
159 44
160 37
161 44
162 61
163 73
164 75
165 84
166 87
167 78
168 95
169 115
170 120
171 134
172 133
173 112
174 137
175 146
176 151
177 137
178 131
179 150
180 141
181 156
182 150
183 131
184 157
185 168
186 185
187 187
188 184
189 233
190 238
191 250
192 238
193 267
194 283
195 345
196 389
197 463
198 441
199 548
200 553
201 693
202 745
203 682
204 866
205 870
206 966
207 948
208 830
209 861
210 869
211 952
212 965
213 941
214 967
215 940
216 1029
217 1040
218 1088
219 1102
220 1082
221 1195
222 1071
223 1118
224 1154
225 1212
226 1265
227 1319
228 1294
229 1376
230 1446
231 1514
232 1675
233 1743
234 1853
235 1848
236 1883
237 2060
238 2150
239 2210
240 2138
241 2267
242 2293
243 2274
244 2233
245 2261
246 2280
247 2340
248 2292
249 2318
250 2238
251 2457
252 2312
253 2418
254 2344
255 2451
256 2505
257 2475
258 2301
259 2292
260 2332
261 2342
262 2470
263 2348
264 2327
265 2283
266 2307
267 2255
268 2301
269 2253
270 2339
271 2312
272 2110
273 2156
274 2270
275 2232
276 2144
277 2200
278 2229
279 2094
280 2004
281 2069
282 2039
283 1999
284 2023
285 1876
286 1799
287 1837
288 1724
289 1728
290 1751
291 1714
292 1687
293 1524
294 1556
295 1469
296 1440
297 1400
298 1439
299 1326
300 1414
301 1374
302 1406
303 1352
304 1221
305 1227
306 1101
307 1116
308 1099
309 1063
310 1010
311 990
312 962
313 906
314 864
315 847
316 920
317 799
318 792
319 767
320 776
321 655
322 650
323 616
324 612
325 536
326 537
327 463
328 523
329 522
330 508
331 588
332 539
333 564
334 581
335 559
336 614
337 616
338 565
339 549
340 522
341 448
342 396
343 413
344 310
345 262
346 256
347 215
348 187
349 165
350 152
351 146
352 140
353 131
354 138
355 130
356 112
357 57
358 100
359 85
360 93
361 84
362 81
363 91
364 66
365 50
366 55
367 50
368 46
369 49
370 65
371 61
372 67
373 69
374 78
375 83
376 65
377 68
378 60
379 53
380 56
381 55
382 49
383 37
384 23
385 19
386 18
387 6
388 8
389 5
390 2
391 4
392 1
393 1
394 2
395 2
396 0
397 2
398 1
399 2
400 1
401 1
402 1
403 1
404 1
405 0
406 0
407 0
408 0
409 0
410 1
