0 0
1 0
2 0
3 0
4 0
5 0
6 0
7 0
8 0
9 0
10 0
11 0
12 0
13 0
14 0
15 0
16 0
17 0
18 0
19 0
20 0
21 0
22 0
23 0
24 0
25 0
26 0
27 0
28 0
29 0
30 0
31 0
32 0
33 0
34 0
35 0
36 0
37 0
38 0
39 0
40 0
41 0
42 0
43 0
44 0
45 0
46 0
47 0
48 0
49 0
50 0
51 0
52 0
53 0
54 0
55 0
56 0
57 0
58 0
59 0
60 0
61 0
62 0
63 0
64 0
65 0
66 0
67 0
68 0
69 0
70 0
71 0
72 0
73 0
74 0
75 0
76 0
77 0
78 0
79 0
80 0
81 0
82 0
83 0
84 0
85 0
86 0
87 0
88 0
89 0
90 0
91 0
92 0
93 0
94 0
95 0
96 0
97 0
98 0
99 0
100 0
101 0
102 0
103 0
104 0
105 0
106 0
107 0
108 0
109 0
110 0
111 0
112 0
113 0
114 0
115 0
116 0
117 0
118 0
119 0
120 0
121 1
122 0
123 3
124 0
125 0
126 3
127 3
128 0
129 2
130 2
131 2
132 8
133 13
134 21
135 33
136 35
137 33
138 33
139 60
140 64
141 56
142 55
143 67
144 72
145 54
146 95
147 72
148 105
149 130
150 129
151 130
152 173
153 163
154 186
155 204
156 257
157 251
158 321
159 297
160 313
161 320
162 415
163 391
164 396
165 442
166 439
167 499
168 485
169 526
170 554
171 639
172 659
173 658
174 711
175 759
176 748
177 879
178 884
179 1087
180 1102
181 1212
182 1201
183 1276
184 1306
185 1440
186 1585
187 1610
188 1730
189 1665
190 1796
191 1697
192 1830
193 1582
194 1759
195 1583
196 1627
197 1764
198 1720
199 1784
200 1825
201 1857
202 1995
203 1897
204 1901
205 1972
206 2141
207 2074
208 2323
209 2277
210 2352
211 2485
212 2408
213 2446
214 2411
215 2353
216 2303
217 2398
218 2345
219 2456
220 2460
221 2506
222 2509
223 2396
224 2366
225 2477
226 2418
227 2287
228 2304
229 2294
230 2312
231 2276
232 2220
233 2287
234 2219
235 2238
236 2306
237 2390
238 2376
239 2425
240 2368
241 2316
242 2204
243 2292
244 2289
245 2315
246 2158
247 2155
248 2095
249 2035
250 1889
251 1777
252 1727
253 1843
254 1845
255 1854
256 1808
257 1661
258 1822
259 1747
260 1680
261 1643
262 1563
263 1382
264 1296
265 1331
266 1213
267 1219
268 1128
269 1088
270 960
271 1060
272 962
273 920
274 1001
275 1006
276 960
277 870
278 847
279 848
280 854
281 716
282 689
283 743
284 712
285 649
286 648
287 644
288 639
289 527
290 557
291 528
292 523
293 549
294 433
295 480
296 421
297 327
298 382
299 293
300 273
301 292
302 255
303 274
304 231
305 211
306 237
307 182
308 180
309 204
310 177
311 149
312 190
313 213
314 218
315 199
316 276
317 254
318 343
319 325
320 375
321 457
322 425
323 513
324 443
325 405
326 391
327 327
328 252
329 192
330 187
331 132
332 114
333 85
334 77
335 68
336 39
337 37
338 17
339 21
340 7
341 8
342 6
343 8
344 3
345 1
346 6
347 1
348 4
349 2
350 5
351 2
352 4
353 1
354 6
355 3
356 0
357 2
358 2
359 4
360 0
361 0
362 0
363 1
364 0
365 1
366 2
