0 0
1 0
2 0
3 0
4 0
5 0
6 0
7 0
8 0
9 0
10 0
11 0
12 0
13 0
14 0
15 0
16 0
17 0
18 0
19 0
20 0
21 0
22 0
23 0
24 0
25 0
26 0
27 0
28 0
29 0
30 0
31 0
32 0
33 0
34 0
35 0
36 0
37 0
38 0
39 0
40 0
41 0
42 0
43 0
44 0
45 0
46 0
47 0
48 0
49 0
50 0
51 0
52 0
53 0
54 0
55 0
56 0
57 0
58 0
59 0
60 0
61 0
62 0
63 0
64 0
65 0
66 0
67 0
68 0
69 0
70 0
71 0
72 0
73 0
74 0
75 0
76 0
77 0
78 0
79 0
80 0
81 0
82 0
83 0
84 0
85 0
86 0
87 0
88 0
89 0
90 0
91 0
92 0
93 0
94 0
95 2
96 2
97 0
98 0
99 0
100 2
101 0
102 2
103 0
104 0
105 0
106 0
107 0
108 0
109 0
110 0
111 0
112 0
113 0
114 0
115 0
116 0
117 1
118 1
119 0
120 0
121 1
122 1
123 0
124 3
125 0
126 5
127 5
128 1
129 5
130 3
131 4
132 9
133 11
134 10
135 9
136 11
137 21
138 24
139 29
140 24
141 29
142 51
143 36
144 65
145 72
146 80
147 96
148 106
149 75
150 115
151 117
152 145
153 124
154 124
155 128
156 143
157 113
158 133
159 151
160 125
161 128
162 124
163 132
164 173
165 140
166 188
167 192
168 214
169 221
170 257
171 326
172 350
173 399
174 387
175 452
176 505
177 591
178 591
179 621
180 772
181 799
182 914
183 978
184 1058
185 1053
186 1146
187 1282
188 1322
189 1369
190 1466
191 1520
192 1657
193 1660
194 1795
195 1979
196 2124
197 2277
198 2304
199 2347
200 2347
201 2584
202 2440
203 2519
204 2597
205 2672
206 2738
207 2601
208 2753
209 2539
210 2501
211 2546
212 2518
213 2527
214 2521
215 2670
216 2716
217 2846
218 2690
219 2956
220 2672
221 2800
222 2858
223 2806
224 2846
225 2791
226 2873
227 2872
228 2810
229 2772
230 2850
231 2821
232 2734
233 2776
234 2755
235 2731
236 2706
237 2627
238 2650
239 2638
240 2615
241 2440
242 2392
243 2529
244 2526
245 2403
246 2337
247 2215
248 2326
249 2285
250 2162
251 2126
252 2093
253 2054
254 2017
255 1902
256 1937
257 1913
258 1734
259 1633
260 1498
261 1389
262 1391
263 1277
264 1283
265 1286
266 1223
267 1195
268 997
269 971
270 1004
271 1002
272 991
273 867
274 869
275 823
276 751
277 702
278 684
279 689
280 631
281 582
282 529
283 509
284 425
285 454
286 441
287 387
288 436
289 390
290 325
291 301
292 284
293 303
294 316
295 343
296 300
297 290
298 250
299 246
300 241
301 247
302 221
303 255
304 197
305 188
306 167
307 163
308 148
309 99
310 79
311 80
312 90
313 71
314 62
315 64
316 28
317 56
318 54
319 40
320 35
321 25
322 47
323 41
324 35
325 31
326 23
327 31
328 27
329 23
330 22
331 18
332 16
333 19
334 16
335 24
336 16
337 11
338 12
339 12
340 8
341 8
342 16
343 7
344 8
345 8
346 12
347 8
348 5
349 13
350 6
351 7
352 15
353 14
354 7
355 10
356 15
357 12
358 6
359 9
360 9
361 10
362 11
363 9
364 6
365 9
366 7
367 7
368 10
369 3
370 3
371 0
372 2
373 1
374 0
375 0
376 0
377 1
