0 0
1 0
2 0
3 0
4 0
5 0
6 0
7 0
8 0
9 0
10 0
11 0
12 0
13 0
14 0
15 0
16 0
17 0
18 0
19 0
20 0
21 0
22 0
23 0
24 0
25 0
26 0
27 0
28 0
29 0
30 0
31 0
32 0
33 0
34 0
35 0
36 0
37 0
38 0
39 0
40 0
41 0
42 0
43 0
44 0
45 0
46 0
47 0
48 0
49 0
50 0
51 0
52 0
53 0
54 0
55 1
56 0
57 1
58 0
59 0
60 0
61 0
62 0
63 0
64 0
65 0
66 0
67 0
68 1
69 0
70 0
71 0
72 0
73 0
74 0
75 0
76 0
77 0
78 0
79 0
80 1
81 0
82 0
83 0
84 0
85 0
86 0
87 0
88 0
89 0
90 0
91 0
92 0
93 0
94 0
95 0
96 1
97 0
98 0
99 0
100 1
101 0
102 1
103 0
104 1
105 0
106 0
107 1
108 0
109 0
110 0
111 0
112 1
113 0
114 0
115 0
116 0
117 1
118 0
119 0
120 0
121 0
122 0
123 0
124 1
125 0
126 0
127 0
128 0
129 0
130 0
131 0
132 0
133 0
134 0
135 0
136 0
137 0
138 1
139 0
140 0
141 0
142 0
143 0
144 0
145 0
146 0
147 2
148 0
149 0
150 1
151 9
152 4
153 3
154 0
155 3
156 4
157 11
158 1
159 4
160 2
161 0
162 6
163 15
164 16
165 29
166 23
167 27
168 38
169 65
170 70
171 87
172 85
173 143
174 152
175 142
176 138
177 153
178 203
179 247
180 255
181 275
182 311
183 321
184 369
185 401
186 432
187 471
188 531
189 557
190 667
191 731
192 731
193 775
194 780
195 850
196 923
197 957
198 1061
199 1242
200 1231
201 1552
202 1558
203 1633
204 1643
205 1788
206 1864
207 1835
208 2010
209 1998
210 2044
211 2072
212 2063
213 2228
214 2312
215 2261
216 2233
217 2328
218 2210
219 2276
220 2468
221 2391
222 2317
223 2569
224 2629
225 2788
226 2961
227 3073
228 3286
229 3508
230 3819
231 4090
232 3993
233 4080
234 4110
235 3872
236 3960
237 3696
238 3537
239 3493
240 3352
241 3512
242 3107
243 3339
244 3273
245 3088
246 3136
247 3169
248 3194
249 3062
250 3087
251 3059
252 3182
253 3164
254 3183
255 2894
256 2781
257 2439
258 2446
259 2254
260 2162
261 2027
262 1866
263 1780
264 1802
265 1534
266 1439
267 1341
268 1372
269 1373
270 1248
271 1231
272 1208
273 1130
274 906
275 908
276 981
277 906
278 868
279 835
280 813
281 764
282 661
283 704
284 667
285 676
286 736
287 659
288 596
289 540
290 518
291 494
292 461
293 410
294 354
295 346
296 287
297 259
298 233
299 234
300 181
301 179
302 156
303 157
304 145
305 149
306 154
307 118
308 151
309 137
310 124
311 122
312 120
313 119
314 105
315 108
316 81
317 81
318 68
319 54
320 41
321 50
322 67
323 61
324 34
325 50
326 22
327 33
328 33
329 34
330 33
331 39
332 35
333 30
334 15
335 10
336 10
337 5
338 0
339 2
