0 0
1 0
2 0
3 0
4 0
5 0
6 0
7 0
8 0
9 0
10 0
11 0
12 0
13 0
14 0
15 0
16 0
17 0
18 0
19 0
20 0
21 0
22 0
23 0
24 0
25 0
26 0
27 0
28 0
29 0
30 0
31 0
32 0
33 0
34 0
35 0
36 0
37 0
38 0
39 0
40 0
41 0
42 0
43 0
44 0
45 0
46 0
47 0
48 0
49 0
50 0
51 0
52 0
53 0
54 0
55 0
56 0
57 0
58 0
59 0
60 0
61 0
62 0
63 0
64 0
65 0
66 0
67 0
68 0
69 0
70 0
71 0
72 0
73 0
74 0
75 0
76 0
77 0
78 0
79 0
80 0
81 0
82 0
83 0
84 0
85 0
86 0
87 0
88 0
89 0
90 0
91 0
92 0
93 0
94 0
95 0
96 0
97 0
98 0
99 0
100 0
101 1
102 0
103 0
104 1
105 0
106 0
107 0
108 0
109 1
110 1
111 0
112 2
113 3
114 0
115 1
116 1
117 2
118 1
119 1
120 0
121 0
122 1
123 0
124 1
125 2
126 0
127 1
128 3
129 0
130 0
131 1
132 1
133 2
134 0
135 2
136 0
137 3
138 1
139 2
140 1
141 0
142 3
143 7
144 7
145 2
146 9
147 4
148 9
149 22
150 8
151 11
152 19
153 16
154 28
155 29
156 17
157 31
158 34
159 34
160 26
161 36
162 60
163 41
164 59
165 56
166 76
167 72
168 72
169 99
170 105
171 97
172 90
173 74
174 83
175 93
176 107
177 107
178 127
179 160
180 134
181 96
182 129
183 118
184 150
185 173
186 181
187 155
188 176
189 192
190 160
191 211
192 188
193 230
194 214
195 232
196 275
197 345
198 331
199 405
200 444
201 460
202 477
203 524
204 531
205 593
206 615
207 692
208 642
209 706
210 627
211 811
212 822
213 725
214 892
215 907
216 960
217 1001
218 1090
219 1144
220 1266
221 1197
222 1102
223 1227
224 1175
225 1237
226 1280
227 1327
228 1240
229 1334
230 1433
231 1532
232 1513
233 1714
234 1598
235 1632
236 1698
237 1616
238 1683
239 1621
240 1620
241 1527
242 1563
243 1553
244 1698
245 1670
246 1669
247 1681
248 1792
249 1847
250 1804
251 1970
252 2123
253 2246
254 2234
255 2377
256 2414
257 2405
258 2474
259 2524
260 2546
261 2603
262 2665
263 2659
264 2622
265 2607
266 2516
267 2630
268 2517
269 2617
270 2547
271 2477
272 2615
273 2634
274 2483
275 2448
276 2358
277 2196
278 2273
279 2214
280 2191
281 2215
282 2141
283 2174
284 2188
285 2123
286 2189
287 2090
288 1941
289 2036
290 2026
291 1943
292 1999
293 1845
294 1870
295 1784
296 1782
297 1761
298 1714
299 1643
300 1557
301 1585
302 1487
303 1469
304 1368
305 1328
306 1230
307 1144
308 1089
309 1162
310 1168
311 1117
312 1084
313 1071
314 978
315 1004
316 894
317 869
318 823
319 893
320 904
321 806
322 828
323 748
324 808
325 714
326 702
327 706
328 750
329 618
330 679
331 565
332 550
333 505
334 553
335 494
336 501
337 473
338 467
339 426
340 435
341 466
342 463
343 457
344 466
345 463
346 439
347 400
348 385
349 328
350 257
351 286
352 199
353 153
354 112
355 75
356 106
357 84
358 89
359 56
360 87
361 83
362 70
363 68
364 90
365 65
366 68
367 64
368 57
369 84
370 52
371 73
372 65
373 55
374 59
375 28
376 25
377 31
378 14
379 7
380 8
381 3
382 8
383 2
384 7
385 6
386 4
387 7
388 3
389 6
390 4
391 5
392 0
393 1
394 1
395 2
396 3
397 1
398 2
399 0
400 0
401 1
402 0
403 0
404 0
405 0
406 2
