0 0
1 0
2 0
3 0
4 0
5 0
6 0
7 0
8 0
9 0
10 0
11 0
12 0
13 0
14 0
15 0
16 0
17 0
18 0
19 0
20 0
21 0
22 0
23 0
24 0
25 0
26 0
27 0
28 0
29 0
30 0
31 0
32 0
33 0
34 0
35 0
36 0
37 0
38 0
39 0
40 0
41 0
42 0
43 0
44 0
45 0
46 0
47 0
48 0
49 0
50 0
51 0
52 0
53 0
54 0
55 0
56 0
57 0
58 0
59 0
60 0
61 0
62 0
63 0
64 0
65 0
66 0
67 0
68 0
69 0
70 0
71 0
72 0
73 0
74 0
75 0
76 0
77 0
78 0
79 0
80 0
81 0
82 0
83 0
84 0
85 0
86 0
87 0
88 0
89 0
90 0
91 0
92 0
93 0
94 0
95 0
96 0
97 0
98 0
99 0
100 0
101 0
102 0
103 0
104 0
105 0
106 0
107 0
108 0
109 0
110 0
111 0
112 0
113 0
114 0
115 0
116 0
117 0
118 2
119 2
120 1
121 4
122 6
123 5
124 4
125 10
126 9
127 15
128 23
129 59
130 48
131 83
132 110
133 107
134 144
135 193
136 149
137 200
138 215
139 209
140 257
141 253
142 293
143 289
144 270
145 287
146 308
147 287
148 307
149 328
150 331
151 317
152 422
153 402
154 413
155 437
156 402
157 431
158 409
159 470
160 385
161 449
162 418
163 363
164 364
165 429
166 449
167 456
168 437
169 559
170 556
171 554
172 585
173 613
174 684
175 705
176 798
177 871
178 957
179 997
180 1027
181 990
182 1139
183 976
184 1138
185 1147
186 1168
187 1152
188 1351
189 1337
190 1437
191 1462
192 1569
193 1637
194 1660
195 1691
196 1687
197 1638
198 1848
199 1947
200 1959
201 1956
202 1950
203 2324
204 2171
205 2301
206 2244
207 2276
208 2288
209 2368
210 2314
211 2097
212 2182
213 2108
214 2199
215 2277
216 2295
217 2302
218 2245
219 2263
220 2321
221 2443
222 2342
223 2432
224 2503
225 2542
226 2400
227 2386
228 2274
229 2232
230 2187
231 2121
232 2119
233 2178
234 2251
235 1945
236 2015
237 2055
238 2091
239 1980
240 2035
241 2129
242 1960
243 1920
244 1980
245 1927
246 1907
247 1854
248 1714
249 1718
250 1649
251 1678
252 1616
253 1748
254 1744
255 1708
256 1629
257 1466
258 1500
259 1416
260 1555
261 1458
262 1391
263 1437
264 1282
265 1319
266 1226
267 1227
268 1153
269 1081
270 1044
271 1033
272 1020
273 956
274 963
275 982
276 980
277 997
278 925
279 901
280 890
281 807
282 849
283 846
284 820
285 752
286 762
287 800
288 758
289 769
290 756
291 739
292 770
293 758
294 709
295 693
296 576
297 612
298 594
299 548
300 509
301 503
302 490
303 457
304 440
305 457
306 418
307 437
308 414
309 409
310 407
311 328
312 341
313 335
314 261
315 251
316 276
317 299
318 252
319 254
320 294
321 261
322 277
323 258
324 273
325 222
326 215
327 209
328 162
329 166
330 160
331 128
332 102
333 108
334 86
335 122
336 80
337 65
338 46
339 69
340 40
341 38
342 29
343 18
344 15
345 29
346 24
347 28
348 17
349 14
350 14
351 14
352 8
353 9
354 11
355 8
356 4
357 2
358 0
359 2
360 2
361 2
362 1
363 1
364 2
365 1
366 2
367 0
368 0
369 0
370 1
371 0
372 0
373 0
374 0
375 0
376 1
377 0
378 0
379 1
