0 0
1 0
2 0
3 0
4 0
5 0
6 0
7 0
8 0
9 0
10 0
11 0
12 0
13 0
14 0
15 0
16 0
17 0
18 0
19 0
20 0
21 0
22 0
23 0
24 0
25 0
26 0
27 0
28 0
29 0
30 0
31 0
32 0
33 0
34 0
35 0
36 0
37 0
38 0
39 0
40 0
41 0
42 0
43 0
44 0
45 0
46 0
47 0
48 0
49 0
50 0
51 0
52 0
53 0
54 0
55 0
56 0
57 0
58 0
59 0
60 0
61 0
62 0
63 0
64 0
65 0
66 0
67 0
68 0
69 0
70 0
71 0
72 0
73 0
74 0
75 0
76 0
77 0
78 0
79 0
80 0
81 0
82 0
83 0
84 0
85 0
86 0
87 0
88 0
89 0
90 0
91 0
92 0
93 0
94 0
95 0
96 0
97 0
98 0
99 0
100 0
101 0
102 0
103 0
104 0
105 0
106 0
107 0
108 0
109 0
110 0
111 0
112 2
113 1
114 0
115 0
116 0
117 1
118 0
119 1
120 1
121 5
122 2
123 6
124 6
125 6
126 6
127 11
128 13
129 22
130 18
131 23
132 40
133 34
134 37
135 52
136 52
137 50
138 61
139 58
140 49
141 44
142 60
143 56
144 74
145 66
146 68
147 73
148 69
149 75
150 84
151 77
152 66
153 64
154 85
155 71
156 66
157 88
158 89
159 104
160 94
161 124
162 114
163 130
164 150
165 195
166 160
167 207
168 197
169 255
170 226
171 235
172 310
173 279
174 318
175 355
176 358
177 457
178 440
179 568
180 617
181 626
182 694
183 752
184 775
185 900
186 871
187 1044
188 1158
189 1114
190 1177
191 1286
192 1440
193 1577
194 1753
195 1933
196 2084
197 2025
198 1991
199 1930
200 1889
201 2083
202 1997
203 1957
204 1965
205 2057
206 2040
207 2077
208 2117
209 2065
210 2249
211 2239
212 2286
213 2335
214 2482
215 2591
216 2608
217 2739
218 2701
219 2710
220 2821
221 2816
222 2747
223 2851
224 2705
225 2794
226 2732
227 2806
228 2742
229 2589
230 2662
231 2612
232 2631
233 2569
234 2542
235 2623
236 2507
237 2497
238 2489
239 2545
240 2586
241 2631
242 2569
243 2500
244 2484
245 2552
246 2490
247 2341
248 2439
249 2439
250 2341
251 2159
252 2211
253 2131
254 2102
255 2162
256 2048
257 2159
258 2049
259 1945
260 2033
261 1934
262 1920
263 1898
264 1954
265 1797
266 1766
267 1685
268 1584
269 1398
270 1346
271 1223
272 1226
273 1037
274 1029
275 972
276 863
277 891
278 833
279 802
280 727
281 685
282 635
283 638
284 653
285 613
286 671
287 579
288 607
289 637
290 587
291 611
292 556
293 528
294 439
295 420
296 363
297 343
298 356
299 332
300 309
301 283
302 266
303 220
304 246
305 192
306 199
307 195
308 146
309 163
310 134
311 152
312 131
313 132
314 109
315 85
316 75
317 82
318 85
319 69
320 69
321 44
322 61
323 59
324 60
325 67
326 35
327 44
328 67
329 45
330 34
331 49
332 49
333 54
334 39
335 36
336 35
337 46
338 40
339 40
340 33
341 28
342 16
343 21
344 26
345 12
346 9
347 5
348 2
349 1
350 2
351 1
352 0
353 0
354 1
