0 0
1 0
2 0
3 0
4 0
5 0
6 0
7 0
8 0
9 0
10 0
11 0
12 0
13 0
14 0
15 0
16 0
17 0
18 0
19 0
20 0
21 0
22 0
23 0
24 0
25 0
26 0
27 0
28 0
29 0
30 0
31 0
32 0
33 0
34 0
35 0
36 1
37 0
38 0
39 0
40 0
41 0
42 0
43 0
44 1
45 0
46 0
47 0
48 0
49 0
50 0
51 0
52 0
53 0
54 0
55 0
56 0
57 1
58 0
59 0
60 0
61 0
62 0
63 0
64 0
65 1
66 0
67 0
68 0
69 0
70 0
71 0
72 0
73 1
74 0
75 0
76 0
77 0
78 1
79 0
80 1
81 1
82 0
83 2
84 1
85 0
86 0
87 0
88 2
89 2
90 2
91 1
92 0
93 0
94 3
95 3
96 1
97 1
98 1
99 2
100 3
101 3
102 2
103 2
104 0
105 0
106 3
107 4
108 3
109 4
110 6
111 8
112 11
113 7
114 11
115 10
116 22
117 26
118 34
119 40
120 38
121 69
122 60
123 88
124 75
125 91
126 99
127 90
128 114
129 101
130 117
131 97
132 109
133 139
134 136
135 148
136 107
137 125
138 136
139 159
140 149
141 158
142 213
143 251
144 233
145 262
146 294
147 362
148 408
149 515
150 556
151 662
152 633
153 709
154 801
155 793
156 968
157 926
158 1038
159 970
160 1073
161 1151
162 1209
163 1244
164 1363
165 1410
166 1413
167 1349
168 1360
169 1300
170 1293
171 1431
172 1420
173 1402
174 1448
175 1465
176 1455
177 1462
178 1489
179 1522
180 1656
181 1676
182 1661
183 1622
184 1743
185 1593
186 1651
187 1696
188 1758
189 1807
190 1850
191 1865
192 1913
193 1795
194 1826
195 1887
196 2001
197 2022
198 2014
199 2070
200 2180
201 2005
202 2173
203 2270
204 2194
205 2340
206 2360
207 2314
208 2270
209 2279
210 2320
211 2295
212 2304
213 2277
214 2100
215 2326
216 2340
217 2396
218 2348
219 2518
220 2432
221 2421
222 2279
223 2383
224 2244
225 2167
226 2150
227 2025
228 2166
229 2005
230 2000
231 1753
232 1684
233 1809
234 1684
235 1580
236 1487
237 1517
238 1478
239 1357
240 1413
241 1371
242 1402
243 1421
244 1344
245 1427
246 1388
247 1388
248 1435
249 1391
250 1319
251 1433
252 1422
253 1349
254 1418
255 1377
256 1410
257 1269
258 1397
259 1331
260 1334
261 1404
262 1205
263 1213
264 1154
265 1063
266 1009
267 1000
268 972
269 1104
270 1077
271 1135
272 1040
273 1006
274 1153
275 932
276 994
277 1053
278 1019
279 895
280 862
281 858
282 721
283 696
284 663
285 615
286 521
287 546
288 452
289 404
290 401
291 368
292 300
293 258
294 277
295 261
296 216
297 203
298 157
299 164
300 137
301 119
302 118
303 101
304 101
305 88
306 106
307 70
308 60
309 72
310 94
311 67
312 73
313 49
314 61
315 61
316 47
317 47
318 32
319 49
320 42
321 25
322 29
323 35
324 15
325 34
326 38
327 19
328 22
329 34
330 9
331 21
332 15
333 14
334 13
335 11
336 7
337 5
338 1
339 4
340 1
341 3
342 1
343 3
344 1
345 2
346 0
347 0
348 3
349 0
350 1
351 1
352 1
353 0
354 0
355 0
356 0
357 0
358 0
359 0
360 0
361 0
362 2
