0 0
1 0
2 0
3 0
4 0
5 0
6 0
7 0
8 0
9 0
10 0
11 0
12 0
13 0
14 0
15 0
16 0
17 0
18 0
19 0
20 0
21 0
22 0
23 0
24 0
25 0
26 0
27 0
28 0
29 0
30 0
31 0
32 0
33 0
34 0
35 0
36 0
37 0
38 0
39 0
40 0
41 0
42 0
43 0
44 0
45 0
46 0
47 0
48 0
49 0
50 0
51 0
52 0
53 0
54 0
55 0
56 0
57 0
58 0
59 0
60 0
61 0
62 0
63 0
64 0
65 0
66 0
67 0
68 0
69 0
70 0
71 0
72 0
73 0
74 0
75 0
76 0
77 0
78 0
79 0
80 0
81 0
82 0
83 2
84 1
85 0
86 3
87 0
88 3
89 0
90 0
91 3
92 1
93 1
94 4
95 6
96 3
97 2
98 5
99 5
100 11
101 9
102 6
103 4
104 10
105 3
106 15
107 9
108 9
109 14
110 21
111 23
112 34
113 20
114 29
115 50
116 52
117 51
118 34
119 57
120 38
121 60
122 54
123 59
124 75
125 53
126 40
127 39
128 61
129 50
130 71
131 68
132 67
133 64
134 51
135 56
136 62
137 59
138 58
139 62
140 37
141 40
142 51
143 56
144 51
145 60
146 61
147 56
148 70
149 95
150 77
151 87
152 104
153 109
154 125
155 129
156 100
157 131
158 189
159 224
160 250
161 280
162 309
163 362
164 358
165 430
166 425
167 434
168 447
169 467
170 449
171 416
172 433
173 420
174 436
175 540
176 600
177 621
178 684
179 819
180 802
181 805
182 901
183 1000
184 917
185 1057
186 1168
187 1285
188 1314
189 1399
190 1432
191 1450
192 1602
193 1728
194 1810
195 1913
196 1882
197 2066
198 1958
199 2027
200 2105
201 2127
202 2087
203 2090
204 2164
205 2210
206 2158
207 2363
208 2446
209 2502
210 2433
211 2442
212 2290
213 2382
214 2522
215 2645
216 2822
217 2889
218 2849
219 2988
220 3109
221 3132
222 3014
223 3004
224 3110
225 2883
226 3217
227 2985
228 2995
229 2979
230 2994
231 3144
232 3047
233 3145
234 2853
235 2708
236 2617
237 2413
238 2330
239 2042
240 2040
241 1886
242 1860
243 1759
244 1636
245 1561
246 1555
247 1503
248 1538
249 1411
250 1435
251 1403
252 1462
253 1507
254 1528
255 1387
256 1278
257 1397
258 1313
259 1312
260 1362
261 1331
262 1306
263 1261
264 1245
265 1146
266 1098
267 1052
268 1110
269 1114
270 918
271 891
272 879
273 908
274 822
275 798
276 757
277 725
278 705
279 693
280 755
281 700
282 680
283 697
284 665
285 638
286 610
287 657
288 640
289 556
290 562
291 488
292 549
293 439
294 433
295 369
296 363
297 347
298 328
299 355
300 301
301 283
302 322
303 341
304 322
305 311
306 271
307 342
308 305
309 350
310 355
311 284
312 280
313 252
314 232
315 291
316 332
317 390
318 360
319 430
320 529
321 495
322 609
323 727
324 582
325 559
326 433
327 406
328 353
329 238
330 211
331 109
332 73
333 41
334 33
335 27
336 16
337 14
338 7
339 14
340 21
341 14
342 14
343 10
344 19
345 4
346 4
347 2
348 6
349 0
350 2
351 0
352 0
353 0
354 1
355 0
356 0
357 2
358 0
359 0
360 2
361 1
362 0
363 1
364 0
365 1
