0 0
1 0
2 0
3 0
4 0
5 0
6 0
7 0
8 0
9 0
10 0
11 0
12 0
13 0
14 0
15 0
16 0
17 0
18 0
19 0
20 0
21 0
22 0
23 0
24 0
25 0
26 0
27 0
28 0
29 0
30 0
31 0
32 0
33 0
34 0
35 0
36 0
37 0
38 0
39 0
40 0
41 0
42 0
43 0
44 0
45 0
46 0
47 0
48 0
49 0
50 0
51 0
52 0
53 0
54 0
55 0
56 0
57 0
58 0
59 0
60 0
61 0
62 0
63 0
64 0
65 0
66 0
67 0
68 0
69 0
70 0
71 0
72 0
73 0
74 0
75 0
76 0
77 0
78 0
79 0
80 0
81 0
82 0
83 0
84 0
85 0
86 0
87 1
88 0
89 0
90 3
91 0
92 0
93 0
94 0
95 0
96 0
97 1
98 0
99 1
100 0
101 2
102 4
103 0
104 3
105 7
106 7
107 6
108 7
109 8
110 10
111 13
112 13
113 17
114 12
115 18
116 20
117 19
118 25
119 26
120 23
121 43
122 22
123 36
124 25
125 32
126 28
127 43
128 34
129 42
130 66
131 70
132 103
133 132
134 151
135 150
136 218
137 255
138 235
139 225
140 256
141 254
142 303
143 271
144 287
145 300
146 288
147 288
148 235
149 273
150 277
151 230
152 272
153 256
154 324
155 292
156 317
157 292
158 270
159 270
160 309
161 291
162 297
163 377
164 416
165 512
166 572
167 615
168 731
169 792
170 842
171 874
172 925
173 1071
174 1034
175 1098
176 1215
177 1082
178 1253
179 1342
180 1278
181 1291
182 1450
183 1443
184 1522
185 1507
186 1436
187 1389
188 1316
189 1396
190 1329
191 1341
192 1527
193 1431
194 1445
195 1500
196 1513
197 1582
198 1675
199 1697
200 1867
201 1888
202 2091
203 2025
204 2099
205 1981
206 2034
207 2058
208 1974
209 2055
210 1930
211 1936
212 1974
213 2053
214 2010
215 1961
216 1897
217 1907
218 1878
219 1965
220 1940
221 2097
222 2090
223 2104
224 2159
225 2223
226 2030
227 2130
228 2197
229 2170
230 2240
231 2345
232 2230
233 2373
234 2382
235 2516
236 2522
237 2558
238 2505
239 2709
240 2646
241 2568
242 2447
243 2375
244 2457
245 2207
246 2140
247 1960
248 2066
249 1957
250 1913
251 1965
252 1997
253 2039
254 1941
255 2066
256 1907
257 1850
258 2028
259 1766
260 1772
261 1744
262 1712
263 1629
264 1645
265 1645
266 1723
267 1604
268 1467
269 1466
270 1379
271 1278
272 1152
273 1098
274 1001
275 856
276 759
277 758
278 751
279 710
280 673
281 585
282 592
283 548
284 483
285 460
286 446
287 439
288 462
289 442
290 429
291 473
292 389
293 473
294 456
295 381
296 405
297 348
298 364
299 346
300 311
301 315
302 338
303 287
304 284
305 275
306 263
307 244
308 210
309 202
310 195
311 188
312 176
313 182
314 182
315 163
316 171
317 123
318 127
319 115
320 100
321 114
322 87
323 103
324 92
325 73
326 73
327 70
328 48
329 75
330 64
331 63
332 56
333 57
334 61
335 21
336 56
337 33
338 31
339 37
340 24
341 27
342 23
343 24
344 22
345 26
346 27
347 19
348 13
349 15
350 10
351 18
352 20
353 16
354 9
355 10
356 15
357 11
358 17
359 16
360 8
361 14
362 6
363 11
364 4
365 8
366 13
367 4
368 7
369 2
370 8
371 5
372 3
373 3
374 2
375 3
376 0
377 0
378 1
379 1
380 1
381 0
382 0
383 1
384 1
