0 0
1 0
2 0
3 0
4 0
5 0
6 0
7 0
8 0
9 0
10 0
11 0
12 0
13 0
14 0
15 0
16 0
17 0
18 0
19 0
20 0
21 0
22 0
23 0
24 0
25 0
26 0
27 0
28 0
29 0
30 0
31 0
32 0
33 0
34 0
35 0
36 0
37 0
38 0
39 0
40 0
41 0
42 0
43 0
44 0
45 0
46 0
47 0
48 0
49 0
50 0
51 0
52 0
53 0
54 0
55 0
56 0
57 0
58 0
59 0
60 0
61 0
62 0
63 0
64 0
65 0
66 0
67 0
68 0
69 0
70 0
71 0
72 0
73 0
74 0
75 0
76 0
77 1
78 0
79 1
80 2
81 0
82 3
83 1
84 6
85 5
86 8
87 7
88 11
89 19
90 24
91 34
92 35
93 26
94 32
95 47
96 41
97 23
98 31
99 28
100 34
101 29
102 30
103 24
104 20
105 18
106 24
107 26
108 27
109 26
110 28
111 37
112 35
113 36
114 32
115 48
116 48
117 49
118 62
119 73
120 83
121 110
122 102
123 122
124 132
125 151
126 168
127 174
128 215
129 212
130 270
131 257
132 264
133 304
134 295
135 318
136 292
137 282
138 294
139 309
140 263
141 266
142 334
143 286
144 310
145 343
146 321
147 343
148 357
149 443
150 471
151 502
152 558
153 603
154 627
155 713
156 710
157 763
158 778
159 852
160 780
161 885
162 793
163 806
164 847
165 808
166 794
167 866
168 855
169 841
170 896
171 1011
172 1005
173 1144
174 1103
175 1148
176 995
177 1121
178 1182
179 1102
180 1181
181 1184
182 1306
183 1295
184 1422
185 1409
186 1461
187 1579
188 1598
189 1704
190 1770
191 1762
192 1700
193 1706
194 1698
195 1793
196 1559
197 1511
198 1609
199 1659
200 1635
201 1698
202 1815
203 1744
204 1790
205 1687
206 1802
207 1924
208 1969
209 1929
210 1835
211 1970
212 2068
213 1993
214 2093
215 2263
216 2213
217 2157
218 2176
219 2061
220 2086
221 2177
222 2171
223 2165
224 2034
225 1895
226 1973
227 1854
228 1839
229 1851
230 1829
231 1916
232 1839
233 1891
234 1914
235 1749
236 1744
237 1849
238 1738
239 1764
240 1865
241 1735
242 1922
243 1906
244 1916
245 1934
246 2079
247 2233
248 2359
249 2300
250 2386
251 2232
252 2117
253 2052
254 1934
255 1759
256 1647
257 1556
258 1569
259 1405
260 1393
261 1207
262 1132
263 1178
264 1106
265 1091
266 1020
267 958
268 1016
269 937
270 850
271 865
272 858
273 826
274 889
275 969
276 897
277 957
278 974
279 1037
280 1069
281 1057
282 1049
283 926
284 899
285 897
286 814
287 929
288 919
289 796
290 751
291 786
292 671
293 574
294 500
295 525
296 417
297 469
298 388
299 360
300 324
301 311
302 259
303 300
304 208
305 216
306 203
307 188
308 209
309 163
310 183
311 148
312 150
313 155
314 170
315 141
316 111
317 130
318 138
319 123
320 120
321 116
322 105
323 105
324 97
325 92
326 65
327 62
328 64
329 51
330 38
331 25
332 20
333 24
334 25
335 13
336 5
337 12
338 11
339 4
340 19
341 3
342 10
343 12
344 16
345 10
346 8
347 6
348 15
349 9
350 6
351 10
352 8
353 1
354 4
355 9
356 16
357 11
358 4
359 4
360 1
361 1
362 1
363 11
364 10
365 10
366 5
367 5
368 9
369 1
370 7
371 5
372 3
373 2
374 4
375 0
376 1
377 2
378 7
379 1
380 4
381 2
382 2
383 2
384 0
385 0
386 0
387 0
388 0
389 0
390 2
