0 0
1 0
2 0
3 0
4 0
5 0
6 0
7 0
8 0
9 0
10 0
11 0
12 0
13 0
14 0
15 0
16 0
17 0
18 0
19 0
20 0
21 0
22 0
23 0
24 0
25 0
26 0
27 0
28 0
29 0
30 0
31 0
32 0
33 0
34 0
35 0
36 0
37 0
38 0
39 0
40 0
41 0
42 0
43 0
44 0
45 0
46 0
47 0
48 0
49 0
50 0
51 0
52 0
53 0
54 0
55 0
56 0
57 0
58 0
59 0
60 0
61 0
62 0
63 0
64 0
65 0
66 0
67 0
68 0
69 0
70 0
71 0
72 0
73 0
74 0
75 0
76 0
77 0
78 0
79 0
80 0
81 0
82 0
83 1
84 0
85 2
86 0
87 2
88 0
89 2
90 4
91 1
92 2
93 2
94 5
95 3
96 2
97 1
98 0
99 2
100 0
101 1
102 2
103 7
104 1
105 3
106 0
107 4
108 4
109 2
110 2
111 4
112 4
113 6
114 2
115 2
116 6
117 2
118 2
119 1
120 8
121 4
122 1
123 6
124 10
125 2
126 2
127 4
128 16
129 12
130 1
131 8
132 17
133 7
134 19
135 19
136 24
137 35
138 28
139 45
140 66
141 70
142 82
143 74
144 98
145 143
146 150
147 165
148 163
149 234
150 235
151 269
152 247
153 330
154 372
155 403
156 445
157 450
158 407
159 456
160 529
161 550
162 570
163 633
164 580
165 638
166 615
167 739
168 694
169 702
170 787
171 800
172 853
173 879
174 870
175 945
176 952
177 982
178 995
179 1112
180 1043
181 1037
182 961
183 977
184 1010
185 1077
186 1081
187 1144
188 1170
189 1186
190 1343
191 1264
192 1348
193 1450
194 1438
195 1582
196 1736
197 1735
198 2051
199 2032
200 2176
201 2378
202 2473
203 2542
204 2436
205 2455
206 2495
207 2421
208 2476
209 2614
210 2493
211 2571
212 2642
213 2559
214 2512
215 2479
216 2626
217 2470
218 2407
219 2541
220 2512
221 2454
222 2616
223 2533
224 2709
225 2706
226 2506
227 2524
228 2550
229 2685
230 2628
231 2486
232 2262
233 2406
234 2290
235 2229
236 2350
237 2276
238 2226
239 2137
240 2317
241 2301
242 2188
243 2228
244 2088
245 2123
246 2171
247 2049
248 2032
249 2088
250 2062
251 1809
252 1850
253 1826
254 1729
255 1750
256 1709
257 1602
258 1489
259 1458
260 1347
261 1290
262 1155
263 1004
264 982
265 909
266 878
267 851
268 767
269 695
270 751
271 735
272 683
273 683
274 752
275 816
276 851
277 738
278 739
279 848
280 807
281 717
282 738
283 711
284 771
285 717
286 706
287 647
288 584
289 512
290 574
291 568
292 510
293 499
294 477
295 470
296 474
297 440
298 356
299 424
300 381
301 365
302 363
303 349
304 322
305 336
306 307
307 307
308 305
309 312
310 264
311 289
312 218
313 232
314 234
315 232
316 214
317 246
318 205
319 166
320 138
321 106
322 98
323 69
324 67
325 76
326 64
327 46
328 53
329 45
330 46
331 37
332 24
333 16
334 21
335 11
336 18
337 9
338 5
339 17
340 17
341 13
342 11
343 15
344 7
345 8
346 8
347 7
348 8
349 8
350 9
351 7
352 11
353 4
354 4
355 19
356 27
357 12
358 10
359 20
360 26
361 26
362 16
363 14
364 15
365 23
366 36
367 28
368 14
369 7
370 3
371 11
372 8
373 3
374 3
375 8
376 2
377 3
378 4
379 6
380 3
381 0
382 2
383 1
