0 0
1 0
2 0
3 0
4 0
5 0
6 0
7 0
8 0
9 0
10 0
11 0
12 0
13 0
14 0
15 0
16 0
17 0
18 0
19 0
20 0
21 0
22 0
23 0
24 0
25 0
26 0
27 0
28 0
29 0
30 0
31 0
32 0
33 0
34 0
35 0
36 0
37 0
38 0
39 0
40 0
41 0
42 0
43 0
44 0
45 0
46 0
47 0
48 0
49 0
50 0
51 0
52 0
53 0
54 0
55 0
56 0
57 0
58 0
59 0
60 0
61 0
62 0
63 0
64 0
65 0
66 0
67 0
68 0
69 0
70 0
71 0
72 0
73 0
74 0
75 0
76 0
77 0
78 0
79 0
80 0
81 0
82 0
83 0
84 0
85 0
86 0
87 0
88 0
89 0
90 0
91 0
92 0
93 0
94 0
95 0
96 0
97 0
98 0
99 0
100 0
101 0
102 0
103 0
104 0
105 0
106 0
107 0
108 0
109 0
110 0
111 1
112 1
113 1
114 0
115 2
116 8
117 8
118 13
119 14
120 19
121 13
122 18
123 19
124 24
125 14
126 14
127 23
128 12
129 14
130 13
131 14
132 16
133 13
134 14
135 8
136 17
137 17
138 35
139 19
140 35
141 45
142 39
143 38
144 41
145 42
146 31
147 28
148 44
149 33
150 23
151 31
152 33
153 31
154 29
155 24
156 28
157 24
158 31
159 30
160 46
161 51
162 62
163 43
164 76
165 53
166 59
167 80
168 85
169 70
170 64
171 76
172 76
173 59
174 69
175 79
176 76
177 77
178 88
179 102
180 129
181 127
182 139
183 155
184 202
185 192
186 183
187 226
188 164
189 170
190 181
191 217
192 194
193 231
194 257
195 239
196 276
197 323
198 303
199 398
200 442
201 483
202 444
203 508
204 542
205 638
206 567
207 643
208 746
209 815
210 842
211 770
212 796
213 809
214 931
215 899
216 976
217 908
218 896
219 937
220 900
221 926
222 1056
223 1052
224 1030
225 1142
226 1202
227 1305
228 1299
229 1600
230 1795
231 1758
232 1955
233 2043
234 2227
235 2297
236 2208
237 2239
238 2197
239 2083
240 2088
241 2094
242 1924
243 2045
244 1982
245 1886
246 2009
247 1951
248 1896
249 2047
250 1928
251 1961
252 2205
253 2162
254 2117
255 2252
256 2336
257 2251
258 2252
259 2324
260 2593
261 2421
262 2530
263 2641
264 2583
265 2530
266 2684
267 2814
268 2865
269 2952
270 2822
271 2855
272 2986
273 2967
274 2960
275 2856
276 2724
277 2875
278 2699
279 2674
280 2560
281 2612
282 2628
283 2548
284 2405
285 2563
286 2458
287 2388
288 2377
289 2235
290 2274
291 2144
292 1988
293 1987
294 1923
295 1772
296 1824
297 1706
298 1685
299 1648
300 1540
301 1532
302 1401
303 1334
304 1248
305 1154
306 978
307 980
308 938
309 853
310 749
311 832
312 821
313 755
314 729
315 703
316 620
317 619
318 692
319 637
320 653
321 609
322 589
323 553
324 481
325 488
326 413
327 382
328 351
329 290
330 252
331 231
332 221
333 201
334 206
335 167
336 148
337 137
338 182
339 147
340 125
341 118
342 121
343 88
344 76
345 76
346 67
347 51
348 42
349 46
350 53
351 17
352 24
353 24
354 17
355 10
356 16
357 21
358 16
359 13
360 3
361 8
362 4
363 8
364 3
365 2
366 7
367 3
368 2
369 1
370 3
371 5
372 0
373 0
374 0
375 0
376 1
377 1
378 1
379 0
380 0
381 1
382 0
383 0
384 0
385 1
