0 0
1 0
2 0
3 0
4 0
5 0
6 0
7 0
8 0
9 0
10 0
11 0
12 0
13 0
14 0
15 0
16 0
17 0
18 0
19 0
20 0
21 0
22 0
23 0
24 0
25 0
26 0
27 0
28 0
29 0
30 0
31 0
32 0
33 0
34 1
35 0
36 0
37 0
38 1
39 0
40 0
41 0
42 3
43 1
44 1
45 2
46 2
47 3
48 2
49 2
50 5
51 6
52 4
53 4
54 4
55 6
56 9
57 2
58 7
59 5
60 5
61 7
62 2
63 6
64 1
65 7
66 3
67 5
68 6
69 2
70 7
71 3
72 2
73 3
74 1
75 1
76 6
77 3
78 2
79 2
80 9
81 5
82 7
83 4
84 2
85 2
86 5
87 2
88 6
89 4
90 10
91 9
92 7
93 1
94 4
95 5
96 6
97 7
98 4
99 5
100 6
101 3
102 4
103 2
104 6
105 4
106 3
107 4
108 3
109 5
110 6
111 2
112 3
113 2
114 3
115 3
116 4
117 10
118 5
119 5
120 4
121 12
122 12
123 18
124 23
125 33
126 43
127 86
128 69
129 90
130 137
131 184
132 166
133 161
134 202
135 189
136 162
137 147
138 180
139 152
140 162
141 193
142 230
143 235
144 274
145 308
146 331
147 307
148 317
149 270
150 279
151 317
152 260
153 228
154 195
155 208
156 197
157 222
158 183
159 190
160 231
161 233
162 265
163 277
164 306
165 333
166 336
167 378
168 428
169 474
170 544
171 594
172 563
173 635
174 611
175 601
176 585
177 632
178 704
179 805
180 792
181 762
182 922
183 967
184 1043
185 1073
186 1082
187 1137
188 1139
189 1211
190 1347
191 1470
192 1542
193 1548
194 1578
195 1556
196 1484
197 1535
198 1608
199 1489
200 1531
201 1764
202 1743
203 1710
204 1743
205 1862
206 1803
207 1893
208 1877
209 1847
210 1890
211 1916
212 2113
213 1904
214 2043
215 1945
216 1937
217 1842
218 1982
219 1998
220 2007
221 1920
222 2010
223 1980
224 1931
225 2025
226 2000
227 2091
228 1962
229 2125
230 2125
231 2048
232 2200
233 2261
234 2243
235 2270
236 2282
237 2213
238 2306
239 2299
240 2206
241 2207
242 2347
243 2366
244 2374
245 2414
246 2647
247 2651
248 2691
249 2617
250 2754
251 2764
252 2463
253 2436
254 2411
255 2327
256 2098
257 2048
258 1872
259 1820
260 1728
261 1682
262 1668
263 1605
264 1499
265 1573
266 1595
267 1414
268 1470
269 1378
270 1382
271 1356
272 1313
273 1258
274 1093
275 1118
276 1030
277 1035
278 1041
279 933
280 889
281 857
282 850
283 774
284 772
285 706
286 625
287 665
288 636
289 695
290 605
291 568
292 648
293 556
294 544
295 626
296 563
297 547
298 599
299 577
300 587
301 564
302 565
303 639
304 534
305 482
306 496
307 466
308 512
309 430
310 396
311 508
312 436
313 502
314 462
315 371
316 400
317 389
318 321
319 278
320 253
321 208
322 170
323 145
324 117
325 135
326 108
327 97
328 54
329 57
330 66
331 45
332 57
333 63
334 38
335 26
336 24
337 20
338 31
339 22
340 17
341 13
342 16
343 10
344 14
345 13
346 10
347 5
348 5
349 4
350 6
351 6
352 9
353 7
354 7
355 2
356 7
357 4
358 4
359 3
360 1
361 2
362 0
363 0
364 0
365 1
366 0
367 1
368 1
369 0
370 0
371 1
