0 0
1 0
2 0
3 0
4 0
5 0
6 0
7 0
8 0
9 0
10 0
11 0
12 0
13 0
14 0
15 0
16 0
17 0
18 0
19 0
20 0
21 0
22 0
23 0
24 0
25 0
26 0
27 0
28 0
29 1
30 0
31 0
32 0
33 0
34 0
35 1
36 0
37 0
38 0
39 0
40 0
41 0
42 0
43 0
44 1
45 0
46 1
47 0
48 0
49 1
50 0
51 0
52 0
53 0
54 0
55 0
56 0
57 0
58 0
59 0
60 0
61 0
62 0
63 0
64 0
65 0
66 0
67 1
68 0
69 0
70 1
71 0
72 1
73 0
74 1
75 1
76 1
77 0
78 1
79 1
80 0
81 0
82 0
83 0
84 0
85 0
86 1
87 1
88 0
89 1
90 0
91 0
92 0
93 0
94 0
95 0
96 0
97 0
98 0
99 0
100 0
101 0
102 1
103 1
104 0
105 0
106 2
107 6
108 4
109 0
110 0
111 2
112 0
113 0
114 1
115 1
116 0
117 2
118 2
119 0
120 0
121 0
122 0
123 0
124 0
125 0
126 0
127 1
128 5
129 5
130 8
131 11
132 3
133 8
134 14
135 24
136 25
137 22
138 26
139 29
140 22
141 33
142 32
143 39
144 47
145 53
146 65
147 76
148 65
149 63
150 99
151 109
152 128
153 176
154 174
155 194
156 213
157 278
158 301
159 276
160 249
161 305
162 266
163 256
164 247
165 299
166 316
167 309
168 403
169 356
170 359
171 418
172 412
173 399
174 480
175 479
176 526
177 497
178 638
179 622
180 759
181 857
182 797
183 983
184 1011
185 1130
186 1071
187 1165
188 1174
189 1272
190 1284
191 1346
192 1384
193 1545
194 1625
195 1680
196 1942
197 2163
198 2278
199 2487
200 2526
201 2553
202 2479
203 2383
204 2301
205 2280
206 2101
207 2160
208 2225
209 2233
210 2187
211 2198
212 2222
213 2268
214 2221
215 2338
216 2185
217 2213
218 2139
219 2194
220 2185
221 2166
222 2280
223 2128
224 2238
225 2276
226 2339
227 2323
228 2501
229 2415
230 2610
231 2593
232 2767
233 2788
234 2837
235 2713
236 2749
237 2621
238 2580
239 2543
240 2272
241 2276
242 2172
243 2225
244 2042
245 2132
246 2094
247 2046
248 2217
249 2103
250 2199
251 2168
252 2059
253 2151
254 2110
255 1973
256 1911
257 1897
258 1747
259 1762
260 1777
261 1580
262 1566
263 1550
264 1490
265 1501
266 1403
267 1362
268 1284
269 1250
270 1300
271 1244
272 1165
273 1183
274 1097
275 923
276 1103
277 1027
278 925
279 880
280 906
281 780
282 735
283 752
284 701
285 727
286 728
287 598
288 706
289 686
290 538
291 560
292 583
293 432
294 464
295 473
296 386
297 378
298 365
299 320
300 312
301 283
302 299
303 325
304 318
305 309
306 316
307 289
308 251
309 273
310 270
311 289
312 328
313 335
314 330
315 308
316 272
317 285
318 217
319 309
320 262
321 221
322 220
323 188
324 159
325 133
326 117
327 122
328 103
329 108
330 111
331 84
332 93
333 86
334 58
335 58
336 39
337 48
338 37
339 34
340 22
341 32
342 29
343 39
344 19
345 38
346 13
347 29
348 23
349 29
350 23
351 11
352 16
353 10
354 15
355 10
356 16
357 10
358 8
359 12
360 7
361 7
362 6
363 7
364 6
365 3
366 6
367 10
368 4
369 12
370 7
371 13
372 8
373 8
374 18
375 10
376 3
377 5
378 7
379 2
380 5
381 5
382 0
383 1
384 0
385 1
386 1
387 0
388 0
389 0
390 1
