0 0
1 0
2 0
3 0
4 0
5 0
6 0
7 0
8 0
9 0
10 0
11 0
12 0
13 0
14 0
15 0
16 0
17 0
18 0
19 0
20 0
21 0
22 0
23 0
24 0
25 0
26 0
27 0
28 0
29 0
30 0
31 0
32 0
33 0
34 0
35 0
36 0
37 0
38 0
39 0
40 0
41 0
42 0
43 0
44 0
45 0
46 0
47 0
48 0
49 0
50 0
51 0
52 0
53 0
54 0
55 0
56 0
57 0
58 0
59 0
60 0
61 0
62 0
63 0
64 0
65 0
66 0
67 0
68 0
69 0
70 0
71 0
72 0
73 0
74 0
75 0
76 0
77 0
78 0
79 0
80 0
81 1
82 0
83 0
84 0
85 0
86 0
87 0
88 0
89 2
90 2
91 0
92 4
93 1
94 5
95 0
96 1
97 2
98 9
99 5
100 19
101 9
102 8
103 6
104 24
105 15
106 26
107 12
108 24
109 18
110 26
111 42
112 37
113 30
114 33
115 40
116 50
117 63
118 42
119 53
120 33
121 38
122 56
123 46
124 56
125 46
126 25
127 64
128 57
129 73
130 93
131 61
132 64
133 67
134 50
135 53
136 65
137 71
138 91
139 93
140 96
141 94
142 104
143 119
144 115
145 140
146 147
147 150
148 159
149 209
150 237
151 342
152 335
153 357
154 372
155 414
156 369
157 454
158 423
159 461
160 414
161 459
162 446
163 444
164 480
165 489
166 552
167 527
168 473
169 646
170 660
171 681
172 694
173 770
174 854
175 928
176 913
177 1005
178 1134
179 1307
180 1216
181 1228
182 1245
183 1253
184 1256
185 1217
186 1174
187 1253
188 1227
189 1462
190 1531
191 1633
192 1704
193 1841
194 1916
195 1903
196 1826
197 1874
198 1681
199 1728
200 1800
201 1833
202 1975
203 2132
204 2112
205 2161
206 2291
207 2278
208 2326
209 2282
210 2361
211 2310
212 2255
213 2138
214 2291
215 2244
216 2158
217 2300
218 2297
219 2352
220 2414
221 2432
222 2527
223 2672
224 2753
225 2733
226 2727
227 2612
228 2651
229 2689
230 2726
231 2596
232 2661
233 2466
234 2473
235 2366
236 2345
237 2388
238 2122
239 1978
240 2104
241 2049
242 2096
243 2025
244 2101
245 2034
246 1892
247 1869
248 1853
249 1816
250 1720
251 1692
252 1617
253 1577
254 1514
255 1586
256 1563
257 1531
258 1552
259 1432
260 1320
261 1309
262 1329
263 1224
264 1153
265 997
266 1016
267 991
268 882
269 891
270 818
271 792
272 832
273 753
274 756
275 739
276 706
277 617
278 640
279 611
280 707
281 543
282 545
283 623
284 524
285 542
286 462
287 584
288 601
289 545
290 511
291 526
292 436
293 409
294 464
295 397
296 344
297 375
298 298
299 348
300 359
301 387
302 362
303 334
304 365
305 305
306 346
307 380
308 365
309 438
310 491
311 550
312 675
313 814
314 779
315 768
316 646
317 527
318 535
319 438
320 337
321 261
322 183
323 157
324 128
325 78
326 94
327 84
328 72
329 79
330 55
331 53
332 44
333 38
334 44
335 25
336 40
337 27
338 28
339 14
340 26
341 20
342 8
343 13
344 12
345 6
346 11
347 3
348 7
349 5
350 1
351 7
352 3
353 2
354 8
355 6
356 2
357 5
358 7
359 3
360 7
361 6
362 6
363 9
364 6
365 6
366 13
367 8
368 8
369 4
370 6
371 8
372 7
373 1
374 5
375 1
376 3
377 0
378 0
379 0
380 0
381 0
382 0
383 0
384 2
