0 0
1 0
2 0
3 0
4 0
5 0
6 0
7 0
8 0
9 0
10 0
11 0
12 1
13 0
14 1
15 0
16 2
17 0
18 1
19 0
20 0
21 0
22 1
23 1
24 0
25 1
26 0
27 0
28 0
29 0
30 0
31 0
32 0
33 0
34 1
35 1
36 0
37 0
38 0
39 0
40 0
41 0
42 0
43 1
44 0
45 0
46 0
47 1
48 0
49 0
50 0
51 0
52 0
53 0
54 0
55 0
56 0
57 0
58 0
59 0
60 0
61 0
62 0
63 0
64 0
65 0
66 0
67 0
68 0
69 0
70 0
71 0
72 0
73 0
74 0
75 0
76 0
77 0
78 1
79 0
80 0
81 1
82 0
83 0
84 0
85 0
86 0
87 0
88 1
89 0
90 0
91 0
92 2
93 0
94 0
95 0
96 0
97 0
98 0
99 0
100 2
101 3
102 2
103 6
104 9
105 2
106 13
107 4
108 4
109 7
110 6
111 19
112 17
113 10
114 9
115 21
116 12
117 11
118 21
119 21
120 17
121 21
122 36
123 20
124 24
125 22
126 17
127 13
128 4
129 15
130 30
131 29
132 23
133 33
134 31
135 26
136 27
137 20
138 20
139 45
140 39
141 34
142 58
143 55
144 58
145 73
146 65
147 52
148 75
149 84
150 65
151 64
152 67
153 85
154 85
155 85
156 102
157 117
158 112
159 132
160 177
161 206
162 198
163 224
164 219
165 214
166 242
167 258
168 310
169 372
170 394
171 421
172 419
173 484
174 516
175 575
176 564
177 615
178 576
179 590
180 639
181 619
182 597
183 758
184 675
185 789
186 817
187 827
188 815
189 847
190 904
191 987
192 1041
193 1078
194 1148
195 1187
196 1159
197 1196
198 1214
199 1313
200 1275
201 1286
202 1428
203 1384
204 1434
205 1524
206 1522
207 1685
208 1644
209 1614
210 1824
211 1901
212 2013
213 1989
214 2058
215 2150
216 2209
217 2221
218 2168
219 2187
220 2318
221 2227
222 2252
223 2416
224 2357
225 2458
226 2467
227 2468
228 2700
229 2843
230 2872
231 2923
232 3158
233 3096
234 3380
235 3274
236 3388
237 3588
238 3486
239 3616
240 3462
241 3539
242 3594
243 3340
244 3313
245 3318
246 3159
247 3067
248 2950
249 2743
250 2571
251 2557
252 2331
253 2142
254 2111
255 1937
256 1941
257 1818
258 1717
259 1641
260 1614
261 1496
262 1386
263 1337
264 1282
265 1168
266 1276
267 1219
268 1230
269 1191
270 1148
271 1063
272 1039
273 1032
274 960
275 978
276 1006
277 911
278 958
279 836
280 845
281 727
282 666
283 661
284 632
285 651
286 641
287 632
288 585
289 595
290 571
291 557
292 562
293 568
294 488
295 481
296 483
297 429
298 441
299 421
300 412
301 404
302 383
303 363
304 325
305 342
306 370
307 381
308 382
309 400
310 393
311 365
312 389
313 383
314 362
315 288
316 277
317 293
318 237
319 300
320 283
321 274
322 258
323 298
324 247
325 224
326 255
327 171
328 158
329 129
330 148
331 122
332 120
333 110
334 78
335 106
336 91
337 81
338 72
339 79
340 83
341 88
342 102
343 68
344 57
345 49
346 58
347 56
348 58
349 66
350 58
351 60
352 48
353 44
354 68
355 81
356 57
357 60
358 46
359 64
360 53
361 53
362 37
363 37
364 43
365 27
366 41
367 32
368 23
369 22
370 24
371 10
372 6
373 6
374 8
375 5
376 0
377 9
378 0
379 3
380 2
381 3
382 0
383 1
384 1
385 0
386 3
387 1
388 0
389 4
390 3
391 1
392 1
