0 0
1 0
2 0
3 0
4 0
5 0
6 0
7 0
8 0
9 0
10 0
11 0
12 0
13 0
14 0
15 0
16 0
17 0
18 0
19 0
20 0
21 0
22 0
23 0
24 0
25 0
26 0
27 0
28 0
29 0
30 0
31 0
32 0
33 0
34 0
35 0
36 0
37 0
38 0
39 0
40 0
41 0
42 0
43 0
44 0
45 0
46 0
47 0
48 0
49 0
50 0
51 0
52 0
53 0
54 0
55 0
56 0
57 0
58 0
59 0
60 0
61 0
62 0
63 0
64 0
65 0
66 0
67 0
68 0
69 0
70 0
71 0
72 0
73 0
74 0
75 0
76 0
77 0
78 0
79 0
80 0
81 0
82 0
83 0
84 0
85 0
86 0
87 0
88 0
89 0
90 0
91 0
92 0
93 0
94 0
95 0
96 0
97 0
98 0
99 0
100 0
101 0
102 0
103 0
104 0
105 0
106 0
107 0
108 0
109 0
110 0
111 0
112 0
113 0
114 0
115 1
116 0
117 0
118 0
119 0
120 1
121 0
122 1
123 2
124 2
125 2
126 0
127 0
128 1
129 0
130 2
131 0
132 1
133 1
134 2
135 3
136 1
137 8
138 2
139 5
140 7
141 11
142 10
143 16
144 13
145 17
146 27
147 34
148 29
149 33
150 32
151 38
152 42
153 56
154 56
155 59
156 58
157 63
158 65
159 78
160 68
161 95
162 81
163 104
164 106
165 158
166 146
167 148
168 150
169 179
170 168
171 143
172 217
173 218
174 239
175 189
176 296
177 329
178 448
179 378
180 456
181 534
182 603
183 624
184 628
185 578
186 554
187 473
188 491
189 522
190 472
191 472
192 528
193 523
194 615
195 658
196 704
197 790
198 837
199 931
200 1027
201 1084
202 1110
203 1214
204 1122
205 1204
206 1165
207 1342
208 1406
209 1337
210 1338
211 1489
212 1511
213 1604
214 1552
215 1540
216 1695
217 1747
218 1909
219 2030
220 1994
221 1845
222 2057
223 2084
224 2211
225 2375
226 2303
227 2451
228 2639
229 2672
230 2766
231 2704
232 2770
233 2810
234 2811
235 2852
236 2855
237 2975
238 2852
239 2974
240 3032
241 3240
242 3194
243 3036
244 3198
245 3030
246 3063
247 2988
248 2836
249 2969
250 2895
251 2850
252 2799
253 2712
254 2493
255 2501
256 2504
257 2341
258 2264
259 2235
260 2123
261 2178
262 2059
263 2074
264 1912
265 1863
266 1939
267 1807
268 1763
269 1770
270 1882
271 1899
272 1760
273 1839
274 1897
275 1897
276 1822
277 1748
278 1741
279 1637
280 1644
281 1448
282 1500
283 1388
284 1291
285 1250
286 1091
287 1122
288 1152
289 978
290 1010
291 901
292 939
293 824
294 792
295 744
296 805
297 736
298 707
299 684
300 677
301 615
302 589
303 489
304 507
305 452
306 399
307 376
308 383
309 366
310 342
311 339
312 368
313 355
314 383
315 331
316 339
317 335
318 254
319 336
320 312
321 306
322 244
323 274
324 219
325 173
326 148
327 140
328 105
329 90
330 37
331 40
332 40
333 19
334 7
335 13
336 12
337 1
338 0
339 4
340 2
341 1
342 1
343 3
344 1
345 2
346 1
347 0
348 1
349 3
350 0
351 3
352 1
353 1
354 1
355 0
356 0
357 1
358 0
359 0
360 1
