0 0
1 0
2 0
3 0
4 0
5 0
6 0
7 0
8 0
9 0
10 0
11 0
12 0
13 0
14 0
15 0
16 0
17 0
18 0
19 0
20 0
21 0
22 0
23 0
24 0
25 0
26 0
27 0
28 0
29 0
30 0
31 0
32 0
33 0
34 0
35 0
36 0
37 0
38 0
39 3
40 0
41 3
42 3
43 2
44 0
45 3
46 0
47 1
48 3
49 2
50 0
51 5
52 8
53 5
54 7
55 10
56 4
57 6
58 7
59 11
60 6
61 15
62 9
63 7
64 6
65 12
66 7
67 12
68 6
69 13
70 3
71 5
72 4
73 4
74 5
75 3
76 9
77 9
78 16
79 2
80 5
81 8
82 10
83 8
84 8
85 23
86 6
87 7
88 6
89 6
90 6
91 6
92 4
93 4
94 3
95 4
96 6
97 5
98 3
99 2
100 6
101 3
102 11
103 5
104 8
105 9
106 10
107 8
108 11
109 10
110 11
111 16
112 10
113 12
114 18
115 20
116 12
117 17
118 13
119 15
120 16
121 15
122 12
123 11
124 15
125 12
126 8
127 11
128 14
129 17
130 17
131 25
132 40
133 27
134 37
135 45
136 41
137 40
138 45
139 53
140 55
141 58
142 88
143 77
144 52
145 86
146 84
147 104
148 130
149 154
150 148
151 188
152 224
153 260
154 280
155 296
156 372
157 362
158 450
159 391
160 491
161 458
162 465
163 500
164 555
165 487
166 553
167 575
168 630
169 657
170 678
171 682
172 791
173 839
174 960
175 940
176 985
177 1086
178 1121
179 1089
180 1087
181 1111
182 1163
183 1239
184 1231
185 1313
186 1485
187 1455
188 1640
189 1837
190 1821
191 1900
192 1957
193 2023
194 2208
195 2117
196 2112
197 2133
198 2137
199 2212
200 2157
201 1987
202 1932
203 2078
204 1995
205 2002
206 2008
207 2023
208 2014
209 2112
210 2313
211 2438
212 2600
213 2458
214 2532
215 2664
216 2549
217 2507
218 2615
219 2625
220 2622
221 2657
222 2495
223 2645
224 2479
225 2586
226 2515
227 2669
228 2676
229 2622
230 2538
231 2441
232 2338
233 2279
234 2290
235 2228
236 2107
237 1897
238 2144
239 1811
240 1881
241 2032
242 2066
243 1999
244 1967
245 1976
246 1928
247 1895
248 1874
249 1822
250 1714
251 1748
252 1536
253 1608
254 1510
255 1352
256 1415
257 1410
258 1358
259 1275
260 1220
261 1178
262 1162
263 1166
264 1027
265 1058
266 970
267 905
268 904
269 895
270 843
271 895
272 839
273 896
274 878
275 739
276 802
277 708
278 805
279 852
280 843
281 886
282 819
283 936
284 926
285 923
286 950
287 1000
288 1048
289 1027
290 973
291 999
292 900
293 822
294 772
295 648
296 674
297 495
298 401
299 329
300 349
301 277
302 277
303 219
304 218
305 180
306 170
307 155
308 165
309 141
310 120
311 102
312 82
313 102
314 81
315 106
316 66
317 75
318 63
319 53
320 56
321 55
322 64
323 38
324 40
325 35
326 37
327 37
328 33
329 37
330 30
331 33
332 24
333 21
334 20
335 18
336 30
337 25
338 20
339 15
340 21
341 32
342 29
343 26
344 11
345 21
346 18
347 14
348 5
349 5
350 4
351 1
352 3
353 0
354 8
355 1
356 0
357 5
358 2
359 2
360 5
361 1
362 3
363 3
364 2
365 5
366 0
367 0
368 1
