0 0
1 0
2 0
3 0
4 0
5 0
6 0
7 0
8 0
9 0
10 0
11 0
12 0
13 0
14 0
15 0
16 0
17 0
18 0
19 0
20 0
21 0
22 0
23 0
24 0
25 0
26 0
27 0
28 0
29 0
30 0
31 0
32 0
33 0
34 0
35 0
36 0
37 0
38 0
39 0
40 0
41 0
42 0
43 0
44 0
45 0
46 0
47 0
48 0
49 0
50 0
51 0
52 0
53 0
54 0
55 0
56 0
57 0
58 0
59 0
60 0
61 0
62 0
63 0
64 0
65 0
66 0
67 0
68 0
69 0
70 0
71 0
72 0
73 0
74 0
75 0
76 0
77 0
78 0
79 0
80 0
81 0
82 0
83 0
84 0
85 0
86 0
87 0
88 0
89 0
90 0
91 0
92 0
93 0
94 0
95 0
96 0
97 0
98 0
99 0
100 0
101 0
102 2
103 1
104 0
105 0
106 0
107 0
108 0
109 0
110 7
111 2
112 0
113 1
114 0
115 4
116 2
117 2
118 0
119 3
120 3
121 1
122 5
123 2
124 8
125 6
126 6
127 7
128 8
129 6
130 9
131 11
132 4
133 2
134 12
135 5
136 11
137 15
138 13
139 8
140 9
141 23
142 22
143 19
144 26
145 28
146 42
147 41
148 34
149 33
150 41
151 46
152 25
153 42
154 70
155 62
156 56
157 101
158 99
159 96
160 134
161 149
162 148
163 157
164 181
165 201
166 199
167 209
168 205
169 208
170 240
171 220
172 277
173 285
174 306
175 325
176 382
177 366
178 380
179 452
180 479
181 538
182 602
183 680
184 815
185 1000
186 1132
187 1277
188 1724
189 1755
190 1840
191 1831
192 1929
193 1730
194 1837
195 1850
196 1801
197 1978
198 2003
199 2179
200 2158
201 2364
202 2339
203 2591
204 2596
205 2635
206 2676
207 2767
208 2780
209 2867
210 2928
211 2797
212 2730
213 2785
214 2887
215 2816
216 2687
217 2647
218 2709
219 2784
220 2949
221 2885
222 3118
223 3064
224 3050
225 3311
226 3545
227 3608
228 3349
229 3573
230 3498
231 3419
232 3350
233 3306
234 3165
235 3255
236 3059
237 3062
238 3010
239 2850
240 2788
241 2720
242 2652
243 2471
244 2425
245 2219
246 2251
247 2154
248 2092
249 2127
250 1985
251 1964
252 1861
253 1894
254 1851
255 1658
256 1746
257 1624
258 1583
259 1436
260 1397
261 1344
262 1275
263 1232
264 1224
265 1238
266 1132
267 1095
268 1177
269 1037
270 1037
271 1003
272 943
273 851
274 839
275 793
276 706
277 586
278 521
279 507
280 402
281 372
282 368
283 285
284 280
285 242
286 233
287 234
288 227
289 203
290 210
291 198
292 171
293 176
294 163
295 150
296 187
297 179
298 161
299 191
300 153
301 165
302 166
303 138
304 143
305 119
306 105
307 94
308 91
309 66
310 65
311 67
312 69
313 65
314 46
315 37
316 34
317 30
318 32
319 31
320 30
321 22
322 14
323 16
324 18
325 19
326 13
327 8
328 10
329 10
330 13
331 6
332 2
333 4
334 2
335 0
336 1
