0 0
1 0
2 0
3 0
4 0
5 0
6 0
7 0
8 0
9 0
10 0
11 0
12 0
13 0
14 0
15 0
16 0
17 0
18 0
19 0
20 0
21 0
22 0
23 0
24 0
25 0
26 0
27 0
28 0
29 0
30 0
31 0
32 0
33 0
34 0
35 0
36 0
37 0
38 0
39 0
40 0
41 0
42 0
43 0
44 0
45 0
46 0
47 0
48 0
49 0
50 0
51 0
52 0
53 0
54 0
55 2
56 0
57 0
58 0
59 0
60 0
61 0
62 0
63 0
64 0
65 0
66 0
67 0
68 0
69 0
70 0
71 0
72 0
73 0
74 0
75 0
76 0
77 0
78 0
79 0
80 0
81 0
82 0
83 0
84 0
85 0
86 0
87 0
88 0
89 0
90 0
91 0
92 0
93 0
94 0
95 0
96 0
97 0
98 0
99 0
100 0
101 0
102 0
103 0
104 0
105 0
106 0
107 0
108 0
109 0
110 0
111 0
112 0
113 0
114 0
115 0
116 1
117 3
118 0
119 0
120 0
121 1
122 4
123 2
124 0
125 7
126 4
127 5
128 7
129 9
130 6
131 4
132 9
133 4
134 4
135 7
136 6
137 18
138 21
139 9
140 17
141 12
142 13
143 16
144 28
145 43
146 53
147 70
148 116
149 120
150 146
151 144
152 206
153 222
154 200
155 275
156 294
157 302
158 400
159 330
160 459
161 428
162 563
163 550
164 617
165 623
166 597
167 630
168 598
169 564
170 560
171 560
172 547
173 556
174 580
175 536
176 749
177 685
178 794
179 802
180 804
181 922
182 922
183 897
184 1037
185 1070
186 1061
187 1036
188 1093
189 1125
190 1155
191 1280
192 1267
193 1388
194 1318
195 1485
196 1470
197 1444
198 1557
199 1575
200 1675
201 1704
202 1802
203 1881
204 1922
205 2142
206 2128
207 2207
208 2222
209 2398
210 2557
211 2586
212 2618
213 2735
214 2686
215 2704
216 2758
217 2726
218 2587
219 2651
220 2535
221 2607
222 2648
223 2905
224 2892
225 2834
226 2736
227 2699
228 2859
229 2665
230 2713
231 2820
232 2667
233 2584
234 2690
235 2510
236 2682
237 2538
238 2461
239 2477
240 2355
241 2326
242 2356
243 2499
244 2578
245 2508
246 2599
247 2493
248 2454
249 2291
250 2205
251 2185
252 2099
253 2116
254 2039
255 2024
256 1779
257 1893
258 1776
259 1708
260 1545
261 1559
262 1503
263 1392
264 1295
265 1296
266 1243
267 1228
268 1161
269 1251
270 1126
271 1047
272 1121
273 1059
274 961
275 977
276 877
277 927
278 929
279 892
280 882
281 853
282 841
283 820
284 796
285 772
286 684
287 668
288 623
289 547
290 509
291 416
292 405
293 374
294 389
295 312
296 314
297 315
298 299
299 231
300 235
301 205
302 222
303 194
304 145
305 153
306 133
307 151
308 125
309 121
310 136
311 101
312 123
313 101
314 99
315 121
316 106
317 81
318 90
319 89
320 77
321 63
322 55
323 58
324 40
325 48
326 33
327 35
328 15
329 31
330 19
331 14
332 13
333 12
334 7
335 5
336 6
337 2
338 1
339 1
340 1
341 2
342 1
343 0
344 0
345 2
