0 0
1 0
2 0
3 0
4 0
5 0
6 0
7 0
8 0
9 0
10 0
11 0
12 0
13 0
14 0
15 0
16 0
17 0
18 0
19 0
20 0
21 0
22 0
23 0
24 0
25 0
26 0
27 0
28 0
29 0
30 0
31 0
32 0
33 0
34 0
35 0
36 0
37 0
38 0
39 0
40 0
41 0
42 0
43 0
44 0
45 0
46 0
47 0
48 0
49 0
50 0
51 0
52 0
53 0
54 0
55 0
56 0
57 0
58 0
59 0
60 0
61 0
62 0
63 0
64 0
65 0
66 0
67 0
68 0
69 0
70 0
71 0
72 0
73 0
74 0
75 1
76 0
77 0
78 3
79 0
80 0
81 0
82 0
83 0
84 0
85 0
86 0
87 0
88 0
89 0
90 1
91 0
92 0
93 0
94 0
95 0
96 0
97 0
98 0
99 0
100 1
101 0
102 0
103 0
104 0
105 0
106 3
107 0
108 2
109 0
110 0
111 2
112 1
113 1
114 1
115 2
116 0
117 1
118 2
119 3
120 3
121 1
122 1
123 3
124 3
125 3
126 0
127 3
128 3
129 4
130 5
131 4
132 5
133 6
134 4
135 4
136 8
137 11
138 14
139 9
140 18
141 22
142 18
143 34
144 33
145 42
146 28
147 45
148 59
149 50
150 52
151 51
152 86
153 61
154 111
155 82
156 120
157 149
158 122
159 154
160 174
161 204
162 208
163 244
164 224
165 251
166 248
167 280
168 290
169 341
170 361
171 400
172 439
173 457
174 539
175 624
176 642
177 672
178 728
179 798
180 855
181 862
182 1012
183 1162
184 1387
185 1500
186 1579
187 1597
188 1513
189 1516
190 1524
191 1379
192 1408
193 1366
194 1445
195 1306
196 1430
197 1441
198 1534
199 1538
200 1529
201 1578
202 1696
203 1707
204 1801
205 1733
206 1774
207 1783
208 1783
209 1887
210 1816
211 2054
212 1973
213 2025
214 2062
215 2122
216 2315
217 2410
218 2373
219 2573
220 2570
221 2549
222 2588
223 2658
224 2600
225 2742
226 2726
227 2926
228 2821
229 2880
230 3116
231 2889
232 3134
233 3134
234 3037
235 2997
236 3110
237 3029
238 3001
239 2735
240 2945
241 2652
242 2406
243 2396
244 2328
245 2355
246 2241
247 2205
248 2202
249 2158
250 2217
251 2193
252 2229
253 2196
254 2161
255 2349
256 2137
257 2120
258 2155
259 2058
260 1953
261 1813
262 1877
263 1790
264 1668
265 1623
266 1515
267 1410
268 1328
269 1259
270 1120
271 1115
272 1004
273 929
274 835
275 971
276 829
277 848
278 726
279 856
280 880
281 910
282 794
283 658
284 690
285 693
286 603
287 602
288 565
289 607
290 544
291 448
292 572
293 464
294 437
295 410
296 415
297 345
298 340
299 306
300 305
301 325
302 303
303 347
304 263
305 285
306 274
307 181
308 200
309 179
310 149
311 104
312 124
313 102
314 136
315 98
316 125
317 139
318 106
319 132
320 101
321 86
322 104
323 67
324 74
325 66
326 69
327 68
328 60
329 51
330 74
331 53
332 68
333 54
334 61
335 91
336 76
337 80
338 54
339 46
340 49
341 38
342 28
343 16
344 21
345 12
346 17
347 16
348 11
349 10
350 13
351 9
352 5
353 7
354 5
355 2
356 3
357 6
358 11
359 11
360 6
361 7
362 3
363 8
364 7
365 3
366 5
367 1
368 1
369 3
370 6
371 1
372 1
373 0
374 0
375 4
