0 0
1 0
2 0
3 0
4 0
5 0
6 0
7 0
8 0
9 0
10 0
11 0
12 0
13 0
14 0
15 0
16 0
17 0
18 0
19 0
20 0
21 0
22 0
23 0
24 0
25 0
26 0
27 0
28 0
29 0
30 0
31 0
32 0
33 0
34 0
35 0
36 0
37 0
38 0
39 0
40 0
41 0
42 0
43 0
44 0
45 0
46 0
47 0
48 0
49 0
50 0
51 0
52 0
53 0
54 0
55 0
56 0
57 0
58 0
59 0
60 0
61 0
62 0
63 0
64 0
65 0
66 0
67 0
68 0
69 0
70 0
71 0
72 0
73 0
74 0
75 0
76 0
77 0
78 0
79 0
80 0
81 0
82 0
83 0
84 2
85 1
86 3
87 1
88 1
89 1
90 2
91 2
92 2
93 3
94 1
95 1
96 4
97 3
98 3
99 7
100 10
101 6
102 4
103 11
104 32
105 37
106 28
107 44
108 59
109 50
110 36
111 56
112 49
113 36
114 55
115 51
116 92
117 98
118 76
119 93
120 109
121 139
122 145
123 170
124 177
125 243
126 182
127 140
128 169
129 175
130 167
131 190
132 178
133 153
134 175
135 222
136 231
137 237
138 261
139 309
140 369
141 459
142 437
143 480
144 446
145 456
146 372
147 446
148 577
149 612
150 645
151 674
152 590
153 647
154 523
155 598
156 567
157 630
158 628
159 630
160 650
161 722
162 762
163 833
164 860
165 942
166 890
167 985
168 1090
169 1031
170 1133
171 1098
172 1157
173 1171
174 1148
175 1171
176 1141
177 1185
178 1214
179 1090
180 1262
181 1374
182 1419
183 1496
184 1681
185 1813
186 1902
187 2092
188 2241
189 2383
190 2519
191 2529
192 2604
193 2642
194 2734
195 2687
196 2673
197 2539
198 2583
199 2467
200 2459
201 2551
202 2523
203 2664
204 2834
205 2841
206 2826
207 2827
208 3023
209 3052
210 3123
211 2991
212 2961
213 3098
214 3093
215 3071
216 2969
217 2981
218 2917
219 2862
220 2708
221 2713
222 2613
223 2340
224 2345
225 2244
226 2168
227 2038
228 2108
229 1926
230 2021
231 2124
232 2038
233 1970
234 2043
235 1989
236 1907
237 1784
238 1710
239 1766
240 1560
241 1600
242 1424
243 1324
244 1402
245 1429
246 1258
247 1257
248 1236
249 1273
250 1147
251 1198
252 1206
253 1215
254 1172
255 1251
256 1157
257 1293
258 1341
259 1204
260 1166
261 1239
262 1284
263 1238
264 1159
265 1065
266 910
267 898
268 825
269 564
270 507
271 516
272 444
273 413
274 381
275 337
276 332
277 284
278 240
279 209
280 218
281 145
282 180
283 130
284 108
285 92
286 107
287 84
288 83
289 86
290 64
291 53
292 59
293 37
294 38
295 30
296 38
297 17
298 22
299 15
300 12
301 10
302 11
303 10
304 7
305 4
306 2
307 8
308 1
309 3
310 0
311 0
312 2
313 0
314 0
315 0
316 0
317 0
318 1
319 1
320 0
321 0
322 0
323 0
324 0
325 0
326 0
327 0
328 1
329 1
