0 0
1 0
2 0
3 0
4 0
5 0
6 0
7 0
8 0
9 0
10 0
11 0
12 1
13 0
14 0
15 2
16 0
17 2
18 2
19 3
20 1
21 1
22 0
23 2
24 2
25 1
26 1
27 1
28 0
29 1
30 1
31 3
32 2
33 1
34 1
35 2
36 1
37 2
38 0
39 0
40 0
41 1
42 2
43 6
44 2
45 3
46 0
47 2
48 1
49 4
50 0
51 2
52 3
53 1
54 0
55 1
56 0
57 2
58 0
59 0
60 1
61 1
62 0
63 0
64 0
65 1
66 2
67 0
68 1
69 0
70 0
71 4
72 1
73 1
74 4
75 2
76 1
77 2
78 2
79 1
80 2
81 0
82 3
83 5
84 3
85 3
86 3
87 4
88 2
89 1
90 1
91 6
92 6
93 2
94 1
95 2
96 3
97 5
98 1
99 9
100 4
101 1
102 2
103 0
104 3
105 4
106 9
107 1
108 1
109 9
110 9
111 11
112 8
113 9
114 8
115 13
116 8
117 7
118 15
119 24
120 14
121 18
122 23
123 24
124 23
125 40
126 36
127 46
128 66
129 48
130 65
131 61
132 59
133 66
134 63
135 64
136 78
137 95
138 85
139 132
140 139
141 142
142 214
143 251
144 261
145 349
146 295
147 383
148 478
149 417
150 469
151 510
152 536
153 553
154 630
155 609
156 653
157 615
158 672
159 758
160 646
161 703
162 697
163 736
164 713
165 741
166 757
167 800
168 688
169 826
170 903
171 985
172 944
173 1005
174 1017
175 1073
176 1071
177 1182
178 1289
179 1254
180 1311
181 1407
182 1477
183 1639
184 1806
185 1868
186 2121
187 2328
188 2363
189 2301
190 2304
191 2260
192 2182
193 2020
194 2112
195 2109
196 2125
197 2041
198 2201
199 2172
200 2131
201 2167
202 2279
203 2182
204 2225
205 2230
206 2225
207 2381
208 2261
209 2314
210 2448
211 2462
212 2385
213 2425
214 2479
215 2554
216 2492
217 2493
218 2398
219 2328
220 2319
221 2423
222 2270
223 2308
224 2321
225 2349
226 2411
227 2294
228 2285
229 2285
230 2119
231 2190
232 2118
233 2053
234 1903
235 1837
236 1888
237 1775
238 1696
239 1692
240 1645
241 1497
242 1616
243 1586
244 1639
245 1645
246 1658
247 1670
248 1722
249 1653
250 1650
251 1588
252 1566
253 1667
254 1484
255 1446
256 1457
257 1452
258 1289
259 1175
260 1157
261 1126
262 1071
263 905
264 949
265 921
266 825
267 783
268 802
269 698
270 768
271 654
272 660
273 698
274 739
275 677
276 735
277 708
278 775
279 735
280 799
281 802
282 747
283 841
284 765
285 707
286 728
287 696
288 608
289 602
290 586
291 505
292 448
293 414
294 401
295 382
296 337
297 304
298 372
299 304
300 346
301 301
302 292
303 254
304 269
305 250
306 190
307 201
308 195
309 167
310 159
311 108
312 116
313 123
314 118
315 104
316 98
317 99
318 93
319 91
320 85
321 72
322 81
323 59
324 45
325 34
326 34
327 25
328 25
329 63
330 40
331 35
332 18
333 21
334 18
335 26
336 12
337 11
338 4
339 7
340 2
341 1
342 0
343 1
344 6
345 0
346 1
347 1
