0 0
1 0
2 0
3 0
4 0
5 0
6 0
7 0
8 0
9 0
10 0
11 0
12 0
13 0
14 0
15 0
16 0
17 0
18 0
19 0
20 0
21 0
22 0
23 0
24 0
25 0
26 0
27 0
28 0
29 0
30 0
31 0
32 0
33 0
34 0
35 0
36 0
37 0
38 0
39 0
40 0
41 0
42 0
43 0
44 0
45 0
46 0
47 0
48 0
49 0
50 0
51 0
52 0
53 0
54 0
55 0
56 0
57 0
58 0
59 0
60 0
61 0
62 0
63 0
64 0
65 0
66 0
67 0
68 0
69 0
70 0
71 0
72 0
73 0
74 0
75 0
76 0
77 0
78 0
79 0
80 0
81 1
82 0
83 0
84 1
85 0
86 0
87 0
88 2
89 0
90 1
91 2
92 1
93 0
94 2
95 1
96 5
97 5
98 3
99 2
100 6
101 5
102 7
103 8
104 7
105 7
106 11
107 9
108 16
109 13
110 18
111 10
112 15
113 20
114 17
115 21
116 29
117 24
118 22
119 27
120 35
121 49
122 44
123 52
124 40
125 53
126 61
127 63
128 70
129 80
130 96
131 97
132 129
133 148
134 195
135 210
136 250
137 316
138 322
139 324
140 381
141 397
142 451
143 449
144 441
145 504
146 521
147 544
148 485
149 569
150 531
151 460
152 523
153 530
154 509
155 544
156 500
157 597
158 606
159 620
160 609
161 630
162 735
163 688
164 770
165 836
166 752
167 778
168 750
169 771
170 862
171 778
172 859
173 893
174 907
175 969
176 1021
177 1142
178 1205
179 1250
180 1318
181 1275
182 1248
183 1341
184 1421
185 1417
186 1427
187 1474
188 1547
189 1653
190 1779
191 1796
192 1759
193 1794
194 1836
195 1824
196 1885
197 1876
198 1901
199 1982
200 2047
201 2098
202 2127
203 2137
204 2067
205 2211
206 2127
207 2157
208 2194
209 2265
210 2330
211 2261
212 2261
213 2279
214 2320
215 2333
216 2363
217 2357
218 2372
219 2310
220 2328
221 2407
222 2470
223 2599
224 2657
225 2487
226 2572
227 2335
228 2318
229 2274
230 2176
231 2249
232 2426
233 2604
234 2304
235 2434
236 2506
237 2368
238 2418
239 2321
240 2322
241 2155
242 2207
243 2063
244 1974
245 1926
246 1774
247 1743
248 1589
249 1488
250 1528
251 1479
252 1484
253 1412
254 1429
255 1424
256 1304
257 1328
258 1229
259 1204
260 1180
261 1207
262 1094
263 943
264 963
265 979
266 865
267 963
268 828
269 897
270 835
271 862
272 831
273 821
274 803
275 806
276 781
277 734
278 714
279 647
280 626
281 584
282 625
283 644
284 533
285 502
286 561
287 525
288 446
289 412
290 445
291 430
292 439
293 348
294 367
295 396
296 311
297 273
298 313
299 301
300 262
301 283
302 190
303 204
304 216
305 218
306 213
307 202
308 197
309 212
310 164
311 192
312 187
313 194
314 186
315 159
316 200
317 170
318 152
319 147
320 138
321 131
322 144
323 158
324 133
325 98
326 105
327 84
328 80
329 86
330 77
331 88
332 59
333 66
334 35
335 60
336 33
337 26
338 31
339 12
340 10
341 15
342 10
343 9
344 7
345 6
346 2
347 1
348 3
349 1
350 2
351 1
352 2
353 0
354 1
355 0
356 1
357 0
358 0
359 0
360 1
