0 0
1 0
2 0
3 0
4 0
5 0
6 0
7 0
8 0
9 0
10 0
11 0
12 0
13 0
14 0
15 0
16 0
17 0
18 0
19 0
20 0
21 0
22 0
23 0
24 0
25 0
26 0
27 0
28 0
29 2
30 0
31 0
32 0
33 0
34 0
35 0
36 0
37 0
38 0
39 0
40 0
41 0
42 0
43 0
44 0
45 0
46 0
47 0
48 0
49 0
50 0
51 0
52 0
53 0
54 0
55 0
56 0
57 0
58 0
59 1
60 0
61 0
62 2
63 0
64 0
65 0
66 1
67 0
68 1
69 2
70 0
71 0
72 1
73 0
74 1
75 2
76 0
77 3
78 1
79 1
80 1
81 2
82 0
83 1
84 1
85 2
86 0
87 0
88 1
89 1
90 1
91 1
92 2
93 3
94 0
95 1
96 0
97 2
98 2
99 2
100 1
101 0
102 4
103 3
104 7
105 0
106 4
107 2
108 1
109 6
110 5
111 7
112 3
113 4
114 5
115 1
116 3
117 1
118 2
119 5
120 7
121 2
122 9
123 11
124 13
125 15
126 20
127 27
128 24
129 38
130 40
131 44
132 43
133 62
134 40
135 70
136 45
137 41
138 37
139 30
140 35
141 44
142 31
143 25
144 21
145 24
146 28
147 25
148 35
149 59
150 68
151 68
152 90
153 124
154 84
155 155
156 143
157 178
158 208
159 206
160 231
161 241
162 206
163 242
164 191
165 212
166 205
167 254
168 212
169 214
170 246
171 280
172 350
173 381
174 508
175 500
176 606
177 725
178 869
179 863
180 998
181 974
182 1060
183 1056
184 1074
185 1017
186 1120
187 1301
188 1214
189 1232
190 1251
191 1379
192 1292
193 1398
194 1450
195 1543
196 1631
197 1763
198 1736
199 1905
200 2089
201 2187
202 2154
203 2229
204 2276
205 2226
206 2092
207 1944
208 1956
209 1841
210 1977
211 1828
212 1742
213 1713
214 1816
215 1862
216 1826
217 2015
218 1911
219 2001
220 1956
221 1975
222 2074
223 1944
224 1930
225 1842
226 2086
227 1982
228 1942
229 2004
230 2087
231 1965
232 2023
233 2043
234 2016
235 2084
236 2009
237 2047
238 2214
239 2383
240 2364
241 2393
242 2446
243 2545
244 2596
245 2594
246 2608
247 2561
248 2574
249 2379
250 2350
251 2362
252 2296
253 2261
254 2258
255 2242
256 2143
257 2149
258 2126
259 2134
260 1900
261 2018
262 1912
263 1941
264 1862
265 1821
266 1782
267 1770
268 1741
269 1714
270 1714
271 1629
272 1518
273 1634
274 1463
275 1414
276 1364
277 1202
278 1240
279 1189
280 1167
281 1084
282 1037
283 921
284 946
285 917
286 972
287 780
288 838
289 810
290 811
291 729
292 795
293 717
294 685
295 657
296 662
297 606
298 619
299 643
300 613
301 502
302 507
303 438
304 463
305 448
306 443
307 356
308 341
309 369
310 353
311 337
312 276
313 242
314 224
315 221
316 177
317 190
318 153
319 154
320 138
321 104
322 102
323 81
324 90
325 60
326 59
327 54
328 49
329 52
330 35
331 34
332 24
333 29
334 25
335 19
336 17
337 16
338 13
339 21
340 15
341 7
342 26
343 12
344 13
345 9
346 2
347 6
348 2
349 3
350 3
351 3
352 5
353 1
354 2
355 2
356 4
357 3
358 1
359 2
360 2
361 4
362 2
363 2
364 3
365 0
366 2
367 1
368 0
369 3
370 3
371 1
372 1
373 2
374 1
375 2
