0 0
1 0
2 0
3 0
4 0
5 0
6 0
7 0
8 0
9 0
10 0
11 0
12 0
13 0
14 0
15 0
16 0
17 0
18 0
19 0
20 0
21 0
22 0
23 0
24 0
25 0
26 0
27 0
28 0
29 0
30 0
31 0
32 0
33 0
34 0
35 0
36 0
37 0
38 0
39 0
40 0
41 0
42 0
43 0
44 0
45 0
46 0
47 0
48 0
49 0
50 0
51 0
52 0
53 0
54 0
55 0
56 0
57 0
58 0
59 0
60 0
61 0
62 0
63 0
64 0
65 0
66 0
67 0
68 0
69 0
70 0
71 0
72 0
73 0
74 0
75 0
76 0
77 0
78 0
79 0
80 0
81 0
82 0
83 0
84 0
85 0
86 0
87 0
88 0
89 0
90 0
91 0
92 0
93 0
94 0
95 0
96 0
97 0
98 0
99 0
100 0
101 0
102 0
103 0
104 0
105 0
106 0
107 1
108 0
109 0
110 1
111 4
112 0
113 6
114 2
115 5
116 5
117 5
118 5
119 9
120 14
121 18
122 14
123 15
124 10
125 20
126 16
127 26
128 20
129 27
130 27
131 32
132 21
133 39
134 31
135 28
136 52
137 24
138 29
139 50
140 36
141 59
142 49
143 73
144 78
145 67
146 79
147 107
148 94
149 96
150 119
151 139
152 126
153 107
154 125
155 122
156 172
157 157
158 184
159 200
160 172
161 194
162 245
163 221
164 195
165 229
166 281
167 283
168 271
169 268
170 306
171 265
172 356
173 346
174 389
175 439
176 468
177 420
178 515
179 558
180 557
181 511
182 610
183 628
184 659
185 587
186 661
187 729
188 715
189 791
190 806
191 871
192 920
193 976
194 923
195 1030
196 1170
197 1360
198 1333
199 1442
200 1423
201 1437
202 1462
203 1477
204 1551
205 1474
206 1481
207 1501
208 1393
209 1557
210 1603
211 1737
212 1724
213 1899
214 1984
215 1890
216 1854
217 1865
218 1880
219 1838
220 1915
221 1917
222 1943
223 1954
224 1992
225 2110
226 2202
227 2273
228 2349
229 2414
230 2347
231 2421
232 2324
233 2369
234 2395
235 2465
236 2337
237 2301
238 2505
239 2159
240 2260
241 2281
242 2235
243 2197
244 2095
245 2230
246 2169
247 2132
248 2168
249 2111
250 1966
251 1944
252 1816
253 1899
254 1918
255 1989
256 2036
257 2021
258 2097
259 2089
260 1962
261 2088
262 2068
263 1855
264 1982
265 1899
266 1725
267 1823
268 1770
269 1856
270 1792
271 1756
272 1888
273 1828
274 1779
275 1788
276 1810
277 1750
278 1739
279 1740
280 1708
281 1661
282 1660
283 1529
284 1560
285 1491
286 1536
287 1266
288 1314
289 1223
290 1217
291 1140
292 1015
293 958
294 934
295 957
296 877
297 813
298 793
299 778
300 735
301 568
302 561
303 626
304 499
305 518
306 566
307 503
308 468
309 421
310 419
311 390
312 405
313 313
314 356
315 307
316 366
317 297
318 291
319 252
320 276
321 226
322 251
323 243
324 229
325 231
326 206
327 222
328 187
329 194
330 157
331 169
332 128
333 125
334 124
335 141
336 128
337 143
338 138
339 122
340 97
341 76
342 80
343 88
344 66
345 88
346 100
347 89
348 84
349 59
350 76
351 70
352 63
353 78
354 36
355 99
356 28
357 39
358 64
359 40
360 33
361 13
362 22
363 25
364 20
365 11
366 18
367 24
368 9
369 2
370 8
371 2
372 4
373 2
374 2
375 0
376 2
377 0
378 1
379 1
