0 0
1 0
2 0
3 0
4 0
5 0
6 0
7 0
8 0
9 0
10 0
11 0
12 0
13 0
14 0
15 0
16 0
17 0
18 0
19 0
20 0
21 0
22 0
23 0
24 0
25 0
26 0
27 0
28 0
29 0
30 0
31 0
32 0
33 0
34 0
35 0
36 0
37 0
38 0
39 0
40 0
41 0
42 0
43 0
44 0
45 0
46 0
47 0
48 0
49 0
50 0
51 0
52 0
53 0
54 0
55 0
56 0
57 0
58 0
59 0
60 0
61 0
62 0
63 0
64 0
65 0
66 0
67 0
68 0
69 0
70 0
71 0
72 0
73 0
74 0
75 0
76 0
77 0
78 0
79 0
80 0
81 0
82 0
83 0
84 0
85 0
86 0
87 0
88 0
89 0
90 0
91 0
92 0
93 0
94 0
95 0
96 0
97 0
98 0
99 0
100 0
101 0
102 0
103 0
104 0
105 0
106 0
107 2
108 0
109 0
110 2
111 4
112 4
113 7
114 6
115 12
116 4
117 5
118 4
119 12
120 26
121 8
122 15
123 13
124 22
125 13
126 16
127 16
128 13
129 11
130 14
131 9
132 18
133 13
134 11
135 23
136 17
137 18
138 27
139 18
140 38
141 17
142 17
143 26
144 21
145 25
146 24
147 31
148 23
149 35
150 33
151 36
152 36
153 27
154 32
155 18
156 22
157 26
158 34
159 30
160 39
161 42
162 24
163 45
164 53
165 40
166 53
167 67
168 58
169 73
170 50
171 78
172 86
173 108
174 86
175 106
176 128
177 128
178 129
179 136
180 165
181 151
182 197
183 225
184 230
185 327
186 317
187 376
188 398
189 455
190 469
191 578
192 596
193 617
194 691
195 775
196 731
197 776
198 782
199 780
200 802
201 904
202 843
203 857
204 943
205 933
206 1007
207 974
208 1007
209 853
210 949
211 883
212 992
213 892
214 917
215 958
216 926
217 965
218 937
219 984
220 1150
221 1069
222 1069
223 1035
224 1057
225 1066
226 1149
227 1361
228 1364
229 1445
230 1386
231 1505
232 1578
233 1759
234 1811
235 1856
236 1932
237 2041
238 2140
239 2116
240 1999
241 2052
242 2087
243 2134
244 2102
245 2188
246 2005
247 2103
248 2158
249 2174
250 2203
251 2475
252 2332
253 2273
254 2267
255 2317
256 2067
257 2188
258 2101
259 2131
260 2259
261 2260
262 2330
263 2284
264 2427
265 2464
266 2494
267 2426
268 2422
269 2423
270 2465
271 2551
272 2406
273 2463
274 2551
275 2441
276 2519
277 2447
278 2453
279 2550
280 2594
281 2747
282 2732
283 2607
284 2450
285 2331
286 2222
287 2062
288 1952
289 1913
290 1804
291 1739
292 1778
293 1725
294 1691
295 1566
296 1472
297 1385
298 1375
299 1223
300 1251
301 1095
302 1210
303 1240
304 1192
305 1215
306 1297
307 1236
308 1293
309 1118
310 1158
311 1079
312 957
313 957
314 891
315 769
316 669
317 648
318 711
319 611
320 678
321 583
322 600
323 600
324 609
325 536
326 520
327 442
328 417
329 340
330 328
331 259
332 297
333 223
334 191
335 242
336 177
337 145
338 162
339 145
340 125
341 135
342 123
343 126
344 99
345 94
346 91
347 77
348 57
349 70
350 48
351 38
352 33
353 14
354 25
355 25
356 17
357 10
358 11
359 12
360 4
361 10
362 11
363 7
364 5
365 10
366 2
367 0
368 3
369 2
370 6
371 2
372 5
373 2
374 0
375 0
376 2
377 1
378 0
379 1
380 0
381 0
382 0
383 1
384 0
385 0
386 0
387 2
388 0
389 2
390 0
391 0
392 3
393 2
394 4
395 0
396 2
397 0
398 0
399 1
400 2
401 2
402 6
403 0
404 0
405 0
406 1
407 2
408 0
409 0
410 0
411 1
412 2
