0 0
1 0
2 0
3 0
4 0
5 0
6 0
7 0
8 0
9 0
10 0
11 0
12 0
13 0
14 0
15 0
16 0
17 0
18 0
19 0
20 0
21 0
22 0
23 0
24 0
25 0
26 0
27 0
28 0
29 0
30 0
31 0
32 0
33 0
34 0
35 0
36 0
37 0
38 0
39 0
40 0
41 0
42 0
43 0
44 0
45 0
46 0
47 0
48 0
49 0
50 0
51 0
52 0
53 0
54 0
55 0
56 0
57 0
58 0
59 0
60 0
61 0
62 0
63 0
64 0
65 0
66 0
67 0
68 0
69 0
70 0
71 0
72 0
73 0
74 0
75 0
76 0
77 0
78 0
79 0
80 0
81 0
82 0
83 0
84 0
85 0
86 0
87 0
88 0
89 0
90 0
91 0
92 0
93 0
94 0
95 0
96 0
97 0
98 0
99 0
100 0
101 0
102 1
103 0
104 0
105 3
106 2
107 1
108 4
109 4
110 3
111 5
112 5
113 6
114 3
115 15
116 12
117 19
118 18
119 29
120 32
121 23
122 22
123 21
124 14
125 9
126 15
127 24
128 19
129 17
130 21
131 24
132 33
133 44
134 24
135 36
136 51
137 41
138 56
139 44
140 39
141 53
142 40
143 45
144 45
145 45
146 38
147 33
148 30
149 38
150 39
151 33
152 33
153 40
154 49
155 54
156 58
157 55
158 59
159 65
160 94
161 104
162 104
163 115
164 127
165 156
166 150
167 199
168 217
169 229
170 247
171 268
172 314
173 320
174 391
175 433
176 466
177 505
178 516
179 523
180 517
181 608
182 598
183 664
184 645
185 678
186 628
187 675
188 709
189 680
190 806
191 794
192 748
193 719
194 743
195 734
196 874
197 857
198 915
199 840
200 979
201 944
202 1045
203 1134
204 1183
205 1133
206 1123
207 1141
208 1069
209 1076
210 974
211 998
212 1058
213 1074
214 1113
215 1200
216 1339
217 1360
218 1331
219 1419
220 1620
221 1695
222 1829
223 1900
224 2031
225 2084
226 2288
227 2430
228 2470
229 2730
230 2750
231 2853
232 2900
233 2958
234 2965
235 2636
236 2615
237 2589
238 2521
239 2488
240 2431
241 2632
242 2684
243 2552
244 2561
245 2548
246 2526
247 2673
248 2616
249 2761
250 2667
251 2688
252 2683
253 2545
254 2535
255 2425
256 2398
257 2324
258 2431
259 2368
260 2269
261 2402
262 2276
263 2214
264 2254
265 2200
266 2020
267 2069
268 2041
269 1991
270 2085
271 2057
272 1908
273 1840
274 1815
275 1878
276 1756
277 1793
278 1772
279 1607
280 1683
281 1688
282 1567
283 1489
284 1530
285 1488
286 1351
287 1320
288 1197
289 1121
290 1126
291 990
292 1024
293 965
294 895
295 866
296 776
297 718
298 699
299 674
300 653
301 613
302 617
303 619
304 559
305 587
306 521
307 553
308 618
309 528
310 546
311 451
312 437
313 466
314 481
315 391
316 362
317 334
318 361
319 331
320 304
321 279
322 264
323 251
324 216
325 198
326 213
327 176
328 175
329 180
330 127
331 149
332 117
333 101
334 94
335 68
336 88
337 75
338 65
339 50
340 52
341 39
342 47
343 56
344 56
345 43
346 52
347 37
348 53
349 46
350 28
351 34
352 47
353 37
354 35
355 28
356 27
357 18
358 17
359 14
360 14
361 24
362 14
363 14
364 4
365 10
366 9
367 13
368 5
369 5
370 4
371 2
372 4
373 4
374 3
375 8
376 0
377 2
378 1
379 0
380 2
381 0
382 2
383 3
384 2
385 4
386 0
387 0
388 0
389 0
390 2
