0 0
1 0
2 0
3 0
4 0
5 0
6 0
7 0
8 0
9 0
10 0
11 0
12 0
13 0
14 0
15 0
16 0
17 0
18 0
19 0
20 0
21 0
22 0
23 0
24 0
25 0
26 0
27 0
28 0
29 0
30 0
31 0
32 0
33 0
34 0
35 0
36 0
37 0
38 0
39 0
40 0
41 0
42 0
43 0
44 0
45 0
46 0
47 0
48 0
49 0
50 0
51 0
52 0
53 0
54 0
55 0
56 0
57 0
58 0
59 0
60 0
61 0
62 0
63 1
64 0
65 1
66 1
67 0
68 0
69 1
70 0
71 2
72 2
73 2
74 0
75 0
76 3
77 5
78 4
79 4
80 1
81 6
82 3
83 3
84 1
85 5
86 4
87 2
88 5
89 0
90 2
91 1
92 3
93 0
94 4
95 3
96 4
97 2
98 1
99 4
100 3
101 1
102 5
103 1
104 0
105 6
106 1
107 2
108 0
109 1
110 0
111 4
112 2
113 13
114 2
115 6
116 3
117 2
118 0
119 2
120 0
121 4
122 5
123 8
124 3
125 5
126 9
127 10
128 15
129 14
130 19
131 27
132 31
133 49
134 56
135 58
136 100
137 95
138 119
139 83
140 99
141 139
142 163
143 165
144 205
145 215
146 209
147 246
148 263
149 248
150 275
151 253
152 332
153 359
154 319
155 367
156 403
157 472
158 536
159 597
160 647
161 785
162 711
163 746
164 896
165 1034
166 1130
167 1205
168 1257
169 1386
170 1653
171 1597
172 1674
173 1720
174 1721
175 1755
176 1735
177 1721
178 1721
179 1729
180 1744
181 1700
182 1693
183 1654
184 1755
185 1773
186 1674
187 1678
188 1732
189 1838
190 1912
191 1827
192 1839
193 1954
194 1980
195 2087
196 2081
197 2089
198 2248
199 2360
200 2217
201 2154
202 2262
203 2300
204 2321
205 2304
206 2365
207 2280
208 2443
209 2406
210 2391
211 2634
212 2769
213 2697
214 2537
215 2701
216 2641
217 2676
218 2635
219 2609
220 2729
221 2855
222 2719
223 2545
224 2574
225 2591
226 2409
227 2391
228 2289
229 2262
230 2210
231 2070
232 2085
233 2131
234 1926
235 2032
236 1935
237 1833
238 1845
239 1659
240 1694
241 1612
242 1591
243 1423
244 1478
245 1498
246 1447
247 1499
248 1449
249 1398
250 1468
251 1424
252 1313
253 1340
254 1277
255 1248
256 1161
257 1187
258 1220
259 1125
260 1116
261 1122
262 1070
263 1021
264 1032
265 929
266 986
267 891
268 816
269 851
270 729
271 608
272 702
273 616
274 609
275 540
276 515
277 475
278 437
279 360
280 349
281 366
282 397
283 402
284 331
285 330
286 303
287 328
288 290
289 242
290 269
291 267
292 266
293 224
294 331
295 314
296 300
297 348
298 327
299 297
300 362
301 356
302 382
303 408
304 359
305 257
306 277
307 321
308 231
309 229
310 267
311 269
312 311
313 271
314 191
315 215
316 193
317 188
318 117
319 72
320 93
321 80
322 62
323 44
324 23
325 17
326 13
327 6
328 3
329 2
330 2
331 3
332 2
333 2
334 3
335 1
336 2
337 2
338 9
339 7
340 2
341 9
342 3
343 1
344 6
345 1
346 4
347 2
348 0
349 0
350 3
351 0
352 1
353 2
354 0
355 0
356 2
