0 0
1 0
2 0
3 0
4 0
5 0
6 0
7 0
8 0
9 0
10 0
11 0
12 0
13 0
14 0
15 0
16 0
17 0
18 0
19 0
20 0
21 0
22 0
23 0
24 0
25 0
26 0
27 0
28 0
29 0
30 0
31 0
32 0
33 0
34 0
35 0
36 0
37 0
38 0
39 0
40 0
41 0
42 0
43 0
44 0
45 0
46 0
47 0
48 0
49 0
50 0
51 0
52 0
53 0
54 0
55 0
56 0
57 0
58 0
59 0
60 0
61 0
62 0
63 0
64 0
65 0
66 0
67 0
68 0
69 0
70 0
71 0
72 0
73 0
74 0
75 0
76 0
77 0
78 0
79 0
80 0
81 0
82 0
83 0
84 0
85 0
86 0
87 0
88 0
89 0
90 0
91 0
92 0
93 0
94 0
95 0
96 0
97 0
98 0
99 0
100 0
101 0
102 0
103 0
104 0
105 0
106 0
107 0
108 0
109 0
110 0
111 0
112 0
113 0
114 0
115 0
116 0
117 0
118 0
119 0
120 1
121 1
122 3
123 1
124 0
125 0
126 5
127 7
128 5
129 4
130 7
131 4
132 12
133 10
134 25
135 25
136 27
137 59
138 75
139 86
140 132
141 163
142 173
143 192
144 191
145 199
146 238
147 228
148 232
149 285
150 320
151 290
152 379
153 377
154 501
155 498
156 502
157 576
158 599
159 630
160 592
161 648
162 667
163 672
164 773
165 719
166 803
167 794
168 794
169 838
170 846
171 902
172 854
173 916
174 1027
175 1055
176 1019
177 1109
178 1159
179 1167
180 1014
181 1110
182 1094
183 1107
184 1167
185 1121
186 1186
187 1113
188 1134
189 1073
190 1239
191 1268
192 1262
193 1418
194 1515
195 1584
196 1477
197 1631
198 1689
199 1787
200 1849
201 1944
202 2053
203 1967
204 1874
205 2175
206 2120
207 1969
208 1979
209 1909
210 1933
211 2044
212 1967
213 2163
214 2028
215 2216
216 2170
217 2384
218 2308
219 2376
220 2308
221 2152
222 1988
223 1950
224 1924
225 1832
226 2032
227 1838
228 1978
229 1944
230 1726
231 1868
232 1831
233 1842
234 1865
235 1892
236 2045
237 1913
238 1738
239 1969
240 2001
241 2016
242 2030
243 2051
244 2116
245 2122
246 2130
247 2024
248 2056
249 1992
250 1916
251 1786
252 1760
253 1909
254 1674
255 1818
256 1760
257 1585
258 1661
259 1564
260 1530
261 1563
262 1525
263 1428
264 1390
265 1248
266 1331
267 1177
268 1199
269 1131
270 1142
271 1141
272 1040
273 996
274 993
275 931
276 946
277 942
278 1106
279 1013
280 995
281 1005
282 1018
283 989
284 979
285 975
286 986
287 978
288 1018
289 903
290 949
291 911
292 763
293 797
294 764
295 711
296 723
297 648
298 647
299 583
300 594
301 559
302 509
303 531
304 614
305 571
306 511
307 558
308 503
309 473
310 401
311 394
312 293
313 342
314 294
315 282
316 305
317 239
318 249
319 205
320 180
321 182
322 183
323 175
324 148
325 136
326 127
327 104
328 96
329 90
330 105
331 84
332 106
333 90
334 87
335 90
336 88
337 107
338 72
339 89
340 86
341 111
342 81
343 84
344 57
345 52
346 68
347 54
348 56
349 40
350 47
351 30
352 20
353 36
354 22
355 23
356 10
357 14
358 15
359 13
360 5
361 2
362 4
363 4
364 11
365 4
366 4
367 3
368 2
369 1
370 0
371 2
372 1
373 0
374 0
375 0
376 0
377 0
378 0
379 0
380 0
381 1
382 2
