0 0
1 0
2 0
3 0
4 0
5 0
6 0
7 0
8 0
9 0
10 0
11 0
12 0
13 0
14 0
15 0
16 0
17 0
18 0
19 0
20 0
21 0
22 0
23 0
24 0
25 0
26 0
27 0
28 0
29 0
30 0
31 0
32 0
33 0
34 0
35 0
36 0
37 0
38 0
39 0
40 0
41 0
42 0
43 0
44 0
45 0
46 0
47 0
48 0
49 0
50 0
51 0
52 0
53 0
54 0
55 0
56 0
57 0
58 0
59 0
60 0
61 0
62 0
63 0
64 0
65 0
66 0
67 0
68 0
69 0
70 0
71 0
72 0
73 0
74 0
75 0
76 0
77 0
78 0
79 0
80 0
81 0
82 0
83 0
84 0
85 0
86 0
87 0
88 0
89 0
90 0
91 0
92 0
93 0
94 0
95 1
96 0
97 3
98 4
99 1
100 0
101 0
102 0
103 0
104 0
105 0
106 0
107 0
108 1
109 0
110 2
111 1
112 0
113 1
114 0
115 2
116 2
117 3
118 3
119 2
120 4
121 8
122 7
123 3
124 12
125 8
126 15
127 16
128 21
129 19
130 17
131 17
132 24
133 22
134 14
135 30
136 23
137 30
138 28
139 17
140 41
141 41
142 46
143 53
144 58
145 92
146 123
147 128
148 127
149 128
150 109
151 179
152 161
153 179
154 161
155 220
156 201
157 263
158 239
159 316
160 282
161 373
162 370
163 346
164 391
165 471
166 523
167 571
168 630
169 709
170 790
171 833
172 1030
173 1087
174 1154
175 1349
176 1404
177 1455
178 1565
179 1659
180 1690
181 1631
182 1800
183 1645
184 1745
185 1826
186 1903
187 1934
188 2013
189 1889
190 2001
191 2098
192 2223
193 2338
194 2266
195 2307
196 2449
197 2446
198 2524
199 2678
200 2627
201 2651
202 2612
203 2566
204 2802
205 2687
206 2852
207 2810
208 2880
209 2888
210 2875
211 2900
212 2753
213 2725
214 2634
215 2583
216 2538
217 2371
218 2417
219 2568
220 2419
221 2449
222 2463
223 2699
224 2695
225 2911
226 2859
227 3192
228 3083
229 3236
230 3069
231 3178
232 3037
233 2816
234 2686
235 2420
236 2397
237 2175
238 2196
239 2021
240 1965
241 1794
242 1699
243 1699
244 1647
245 1528
246 1545
247 1488
248 1502
249 1497
250 1423
251 1439
252 1470
253 1431
254 1426
255 1327
256 1319
257 1277
258 1229
259 1153
260 1111
261 981
262 1017
263 1005
264 1060
265 947
266 949
267 902
268 863
269 848
270 831
271 768
272 752
273 624
274 702
275 639
276 660
277 657
278 614
279 524
280 522
281 530
282 476
283 419
284 337
285 380
286 291
287 286
288 222
289 204
290 189
291 149
292 126
293 113
294 96
295 102
296 74
297 79
298 71
299 78
300 55
301 52
302 61
303 53
304 37
305 38
306 49
307 47
308 45
309 39
310 39
311 27
312 28
313 30
314 23
315 32
316 18
317 22
318 22
319 16
320 20
321 21
322 11
323 16
324 7
325 10
326 7
327 7
328 14
329 3
330 3
331 3
332 4
333 0
334 0
335 0
336 2
337 0
338 1
339 1
340 2
