0 0
1 0
2 0
3 0
4 0
5 0
6 0
7 0
8 0
9 0
10 0
11 0
12 0
13 0
14 0
15 2
16 0
17 0
18 0
19 0
20 1
21 0
22 2
23 0
24 2
25 0
26 0
27 3
28 1
29 2
30 0
31 1
32 0
33 1
34 0
35 0
36 3
37 0
38 0
39 1
40 0
41 5
42 0
43 5
44 7
45 1
46 2
47 4
48 7
49 2
50 1
51 0
52 2
53 3
54 3
55 0
56 1
57 2
58 0
59 4
60 3
61 5
62 4
63 0
64 1
65 1
66 2
67 1
68 5
69 5
70 2
71 1
72 5
73 5
74 3
75 7
76 1
77 2
78 3
79 4
80 9
81 10
82 7
83 15
84 8
85 8
86 8
87 3
88 9
89 4
90 6
91 7
92 15
93 18
94 20
95 24
96 12
97 22
98 29
99 31
100 33
101 34
102 50
103 56
104 43
105 75
106 55
107 75
108 81
109 87
110 107
111 73
112 105
113 149
114 136
115 119
116 131
117 95
118 100
119 72
120 90
121 119
122 103
123 89
124 110
125 173
126 170
127 168
128 229
129 200
130 210
131 204
132 229
133 233
134 242
135 309
136 305
137 278
138 344
139 299
140 316
141 306
142 357
143 387
144 328
145 324
146 406
147 394
148 383
149 426
150 426
151 414
152 460
153 503
154 687
155 650
156 779
157 770
158 911
159 891
160 1021
161 1099
162 1366
163 1351
164 1433
165 1394
166 1400
167 1372
168 1375
169 1376
170 1368
171 1356
172 1217
173 1260
174 1309
175 1248
176 1250
177 1349
178 1379
179 1416
180 1559
181 1435
182 1575
183 1551
184 1531
185 1528
186 1609
187 1585
188 1602
189 1590
190 1708
191 1550
192 1673
193 1665
194 1679
195 1697
196 1724
197 1778
198 1878
199 1772
200 1783
201 1999
202 1877
203 1949
204 2008
205 2039
206 2060
207 2085
208 2060
209 2161
210 2164
211 2224
212 2145
213 2247
214 2186
215 2200
216 2194
217 2123
218 2249
219 2335
220 2192
221 2319
222 2215
223 2285
224 2225
225 2253
226 2205
227 2168
228 2183
229 2051
230 1977
231 1926
232 1920
233 1924
234 1778
235 1877
236 1900
237 1786
238 1906
239 1751
240 1747
241 1790
242 1781
243 1686
244 1581
245 1699
246 1537
247 1538
248 1464
249 1390
250 1369
251 1283
252 1237
253 1263
254 1157
255 1093
256 1145
257 1041
258 1093
259 1072
260 974
261 1078
262 1017
263 1033
264 1059
265 997
266 1043
267 1035
268 990
269 1132
270 1121
271 1127
272 1139
273 1046
274 1070
275 1048
276 992
277 928
278 863
279 774
280 664
281 763
282 689
283 714
284 608
285 600
286 576
287 548
288 532
289 575
290 536
291 483
292 466
293 421
294 395
295 409
296 329
297 381
298 334
299 346
300 302
301 304
302 264
303 246
304 279
305 199
306 222
307 188
308 186
309 175
310 155
311 133
312 115
313 73
314 72
315 70
316 54
317 44
318 32
319 43
320 27
321 43
322 33
323 23
324 17
325 13
326 20
327 18
328 28
329 23
330 28
331 24
332 16
333 24
334 17
335 21
336 20
337 19
338 22
339 19
340 10
341 11
342 5
343 5
344 4
345 4
346 1
347 4
348 2
349 1
350 1
351 0
352 0
353 2
354 0
355 1
356 0
357 0
358 2
