0 0
1 0
2 1
3 0
4 0
5 0
6 0
7 0
8 0
9 0
10 0
11 0
12 1
13 0
14 0
15 1
16 0
17 0
18 1
19 0
20 1
21 0
22 3
23 0
24 1
25 3
26 0
27 4
28 1
29 1
30 2
31 0
32 3
33 2
34 3
35 2
36 2
37 6
38 9
39 3
40 1
41 3
42 4
43 1
44 3
45 0
46 3
47 1
48 5
49 2
50 1
51 1
52 3
53 1
54 0
55 1
56 0
57 2
58 1
59 1
60 0
61 0
62 0
63 0
64 0
65 1
66 3
67 0
68 0
69 4
70 0
71 1
72 0
73 1
74 1
75 1
76 2
77 2
78 2
79 0
80 0
81 0
82 0
83 0
84 1
85 0
86 0
87 0
88 0
89 0
90 0
91 0
92 1
93 0
94 0
95 3
96 0
97 0
98 4
99 3
100 7
101 6
102 8
103 10
104 12
105 26
106 33
107 56
108 21
109 27
110 49
111 52
112 41
113 71
114 35
115 57
116 61
117 60
118 42
119 34
120 50
121 35
122 50
123 54
124 68
125 56
126 65
127 78
128 101
129 90
130 95
131 107
132 135
133 135
134 138
135 207
136 218
137 255
138 270
139 269
140 330
141 363
142 385
143 363
144 360
145 429
146 381
147 438
148 438
149 399
150 413
151 398
152 399
153 403
154 475
155 510
156 545
157 534
158 587
159 619
160 672
161 815
162 811
163 800
164 1068
165 1020
166 1117
167 1144
168 1289
169 1361
170 1483
171 1598
172 1700
173 1733
174 1881
175 1986
176 1969
177 2026
178 2075
179 1991
180 1969
181 2089
182 1987
183 1847
184 1892
185 1932
186 1841
187 1891
188 1817
189 1824
190 1869
191 2007
192 1843
193 1909
194 1954
195 2085
196 1907
197 2027
198 1974
199 1995
200 1899
201 2038
202 2108
203 2112
204 2216
205 2130
206 2066
207 2169
208 2325
209 2272
210 2161
211 2168
212 2123
213 2172
214 2117
215 2103
216 2112
217 2034
218 2030
219 2041
220 2086
221 2061
222 2085
223 2265
224 2115
225 2069
226 2102
227 2066
228 2048
229 1946
230 1954
231 1910
232 1864
233 1846
234 1769
235 1643
236 1735
237 1639
238 1736
239 1605
240 1651
241 1584
242 1594
243 1533
244 1525
245 1445
246 1453
247 1550
248 1606
249 1578
250 1538
251 1510
252 1306
253 1441
254 1297
255 1355
256 1336
257 1332
258 1369
259 1205
260 1280
261 1178
262 1254
263 1195
264 1105
265 979
266 1014
267 1042
268 932
269 970
270 930
271 841
272 848
273 814
274 766
275 852
276 881
277 807
278 831
279 849
280 755
281 719
282 747
283 612
284 689
285 692
286 571
287 586
288 526
289 493
290 456
291 414
292 375
293 434
294 343
295 300
296 289
297 261
298 266
299 267
300 215
301 245
302 182
303 159
304 186
305 132
306 121
307 126
308 127
309 126
310 110
311 132
312 87
313 96
314 76
315 48
316 67
317 58
318 36
319 37
320 20
321 27
322 16
323 17
324 8
325 8
326 7
327 6
328 10
329 5
330 6
331 4
332 6
333 4
334 0
335 1
336 1
337 1
338 1
339 1
