0 0
1 0
2 0
3 0
4 0
5 0
6 0
7 0
8 0
9 0
10 0
11 0
12 0
13 0
14 0
15 0
16 0
17 0
18 0
19 0
20 0
21 0
22 0
23 0
24 0
25 0
26 0
27 0
28 0
29 0
30 0
31 0
32 0
33 0
34 0
35 0
36 0
37 0
38 0
39 0
40 0
41 0
42 0
43 0
44 0
45 0
46 0
47 0
48 0
49 0
50 0
51 0
52 0
53 0
54 0
55 0
56 0
57 0
58 0
59 0
60 0
61 0
62 0
63 0
64 0
65 0
66 0
67 0
68 0
69 0
70 0
71 0
72 0
73 0
74 0
75 0
76 1
77 0
78 1
79 1
80 2
81 1
82 5
83 2
84 6
85 12
86 14
87 11
88 7
89 11
90 12
91 14
92 9
93 11
94 15
95 24
96 28
97 15
98 42
99 39
100 35
101 40
102 46
103 35
104 53
105 61
106 37
107 66
108 53
109 49
110 67
111 46
112 68
113 81
114 60
115 71
116 67
117 43
118 64
119 44
120 53
121 51
122 67
123 100
124 80
125 90
126 144
127 148
128 166
129 182
130 168
131 177
132 217
133 179
134 202
135 186
136 232
137 232
138 263
139 269
140 273
141 319
142 328
143 372
144 349
145 348
146 380
147 394
148 454
149 520
150 571
151 592
152 819
153 746
154 782
155 917
156 956
157 923
158 1040
159 1089
160 1079
161 1167
162 1181
163 1167
164 1296
165 1263
166 1346
167 1397
168 1382
169 1490
170 1399
171 1426
172 1564
173 1684
174 1630
175 1738
176 1650
177 1789
178 1759
179 1809
180 1811
181 1838
182 1810
183 1893
184 1778
185 1784
186 1681
187 1752
188 1886
189 2077
190 1984
191 2049
192 2082
193 2248
194 2276
195 2296
196 2363
197 2473
198 2648
199 2725
200 2859
201 2782
202 2730
203 2626
204 2624
205 2532
206 2518
207 2543
208 2470
209 2345
210 2376
211 2367
212 2563
213 2520
214 2534
215 2590
216 2561
217 2670
218 2538
219 2497
220 2619
221 2623
222 2425
223 2302
224 2274
225 2259
226 2128
227 2077
228 2149
229 1936
230 2005
231 1959
232 1949
233 1980
234 1986
235 1911
236 1925
237 1806
238 1860
239 1724
240 1733
241 1704
242 1521
243 1447
244 1414
245 1409
246 1328
247 1227
248 1191
249 1209
250 1120
251 1125
252 1027
253 951
254 977
255 914
256 861
257 963
258 917
259 880
260 920
261 952
262 876
263 778
264 825
265 675
266 743
267 728
268 635
269 608
270 646
271 747
272 664
273 655
274 595
275 582
276 600
277 527
278 553
279 427
280 340
281 325
282 367
283 308
284 239
285 203
286 199
287 127
288 161
289 160
290 132
291 100
292 74
293 94
294 67
295 64
296 46
297 29
298 13
299 15
300 10
301 5
302 0
303 3
304 3
305 0
306 1
307 1
308 0
309 1
310 0
311 0
312 1
