0 0
1 0
2 0
3 0
4 0
5 0
6 0
7 0
8 0
9 0
10 0
11 0
12 0
13 2
14 0
15 0
16 0
17 0
18 2
19 0
20 0
21 0
22 0
23 0
24 0
25 0
26 0
27 0
28 2
29 0
30 0
31 3
32 1
33 0
34 2
35 0
36 3
37 2
38 0
39 2
40 0
41 5
42 0
43 5
44 0
45 4
46 1
47 0
48 5
49 0
50 4
51 1
52 4
53 10
54 3
55 2
56 7
57 9
58 11
59 6
60 4
61 5
62 13
63 6
64 3
65 8
66 9
67 13
68 10
69 24
70 21
71 20
72 22
73 40
74 31
75 16
76 25
77 24
78 12
79 17
80 27
81 21
82 27
83 19
84 14
85 22
86 33
87 15
88 18
89 19
90 20
91 21
92 18
93 29
94 41
95 21
96 27
97 11
98 23
99 23
100 20
101 28
102 28
103 30
104 31
105 29
106 25
107 30
108 23
109 19
110 10
111 19
112 32
113 46
114 22
115 31
116 35
117 20
118 30
119 24
120 45
121 56
122 52
123 45
124 40
125 55
126 42
127 42
128 71
129 45
130 82
131 89
132 54
133 81
134 101
135 130
136 151
137 126
138 148
139 163
140 153
141 214
142 163
143 211
144 215
145 202
146 224
147 282
148 282
149 270
150 303
151 217
152 291
153 276
154 324
155 323
156 322
157 300
158 350
159 344
160 421
161 409
162 444
163 442
164 531
165 524
166 566
167 556
168 637
169 656
170 711
171 757
172 834
173 970
174 1047
175 1118
176 1073
177 1128
178 1249
179 1176
180 1228
181 1253
182 1087
183 1118
184 1165
185 1101
186 1248
187 1354
188 1319
189 1328
190 1516
191 1487
192 1562
193 1594
194 1600
195 1660
196 1798
197 1732
198 1957
199 1845
200 2086
201 2052
202 2093
203 2106
204 2070
205 2043
206 1989
207 1948
208 2204
209 2355
210 2405
211 2467
212 2473
213 2529
214 2532
215 2309
216 2485
217 2237
218 2275
219 2270
220 2392
221 2423
222 2377
223 2528
224 2318
225 2455
226 2354
227 2221
228 2303
229 2196
230 2182
231 2377
232 2262
233 2176
234 2159
235 2236
236 2126
237 2200
238 2067
239 2036
240 1878
241 1821
242 1895
243 1843
244 1867
245 1895
246 1865
247 1862
248 1749
249 1713
250 1595
251 1773
252 1626
253 1783
254 1797
255 1841
256 1874
257 1808
258 1734
259 1837
260 1793
261 1611
262 1667
263 1532
264 1441
265 1405
266 1325
267 1357
268 1252
269 1316
270 1398
271 1232
272 1165
273 1108
274 1081
275 1112
276 1033
277 962
278 847
279 902
280 834
281 833
282 850
283 746
284 762
285 675
286 667
287 662
288 595
289 592
290 587
291 567
292 582
293 574
294 498
295 481
296 455
297 464
298 401
299 410
300 341
301 359
302 266
303 257
304 288
305 265
306 222
307 228
308 200
309 203
310 189
311 159
312 144
313 129
314 120
315 124
316 100
317 94
318 84
319 75
320 65
321 45
322 49
323 46
324 35
325 39
326 25
327 27
328 16
329 21
330 20
331 25
332 19
333 23
334 13
335 16
336 8
337 6
338 12
339 5
340 6
341 4
342 6
343 3
344 0
345 3
346 2
347 0
348 1
349 3
350 1
351 1
352 1
353 3
354 6
355 2
356 0
357 2
358 0
359 0
360 0
361 0
362 2
