0 0
1 0
2 0
3 0
4 0
5 0
6 0
7 0
8 0
9 0
10 0
11 0
12 0
13 0
14 0
15 0
16 0
17 0
18 0
19 0
20 0
21 0
22 0
23 0
24 0
25 0
26 0
27 0
28 0
29 0
30 0
31 0
32 0
33 0
34 0
35 0
36 0
37 0
38 0
39 0
40 0
41 0
42 0
43 0
44 0
45 0
46 0
47 0
48 0
49 0
50 0
51 0
52 0
53 0
54 0
55 0
56 0
57 0
58 0
59 0
60 0
61 0
62 0
63 0
64 0
65 0
66 0
67 0
68 0
69 0
70 0
71 0
72 0
73 0
74 0
75 0
76 0
77 0
78 0
79 0
80 0
81 0
82 0
83 0
84 0
85 0
86 0
87 0
88 0
89 0
90 0
91 0
92 0
93 0
94 0
95 0
96 0
97 0
98 0
99 0
100 0
101 0
102 0
103 0
104 0
105 0
106 0
107 0
108 0
109 0
110 0
111 0
112 0
113 0
114 0
115 0
116 0
117 1
118 1
119 0
120 1
121 1
122 2
123 0
124 2
125 1
126 0
127 2
128 4
129 4
130 3
131 4
132 5
133 7
134 4
135 7
136 14
137 3
138 7
139 20
140 12
141 6
142 18
143 24
144 13
145 18
146 17
147 30
148 43
149 58
150 63
151 43
152 70
153 78
154 98
155 88
156 103
157 146
158 189
159 218
160 268
161 325
162 359
163 388
164 359
165 392
166 390
167 434
168 419
169 422
170 483
171 476
172 488
173 468
174 551
175 622
176 580
177 656
178 727
179 861
180 1013
181 1054
182 1200
183 1246
184 1420
185 1377
186 1406
187 1443
188 1546
189 1490
190 1589
191 1547
192 1565
193 1660
194 1596
195 1656
196 1629
197 1803
198 1845
199 1873
200 1895
201 1949
202 2035
203 2115
204 2283
205 2503
206 2365
207 2680
208 2613
209 2671
210 2593
211 2556
212 2435
213 2393
214 2283
215 2164
216 2191
217 2207
218 2069
219 2032
220 2160
221 2045
222 2106
223 2214
224 2077
225 2181
226 2189
227 2177
228 2222
229 2230
230 2392
231 2342
232 2264
233 2258
234 2306
235 2428
236 2333
237 2330
238 2327
239 2365
240 2343
241 2456
242 2461
243 2546
244 2541
245 2560
246 2531
247 2351
248 2424
249 2262
250 2333
251 2275
252 2197
253 2117
254 2008
255 1920
256 1929
257 1899
258 1946
259 1980
260 1727
261 1748
262 1835
263 1679
264 1732
265 1775
266 1842
267 1792
268 1829
269 1686
270 1607
271 1479
272 1462
273 1408
274 1269
275 1179
276 1050
277 1057
278 980
279 959
280 984
281 966
282 799
283 821
284 766
285 716
286 664
287 598
288 614
289 521
290 519
291 459
292 459
293 473
294 417
295 387
296 393
297 347
298 333
299 259
300 270
301 256
302 227
303 192
304 165
305 134
306 117
307 110
308 104
309 90
310 101
311 75
312 55
313 65
314 46
315 44
316 32
317 40
318 26
319 43
320 22
321 16
322 18
323 21
324 20
325 22
326 12
327 13
328 6
329 11
330 3
331 2
332 4
333 5
334 5
335 4
336 4
337 6
338 1
339 3
340 4
341 1
342 0
343 4
344 0
345 2
346 1
347 2
348 0
349 0
350 2
351 2
352 0
353 0
354 0
355 0
356 2
357 1
358 0
359 0
360 0
361 1
