0 0
1 0
2 0
3 0
4 0
5 1
6 0
7 0
8 0
9 0
10 0
11 0
12 0
13 0
14 0
15 0
16 0
17 0
18 0
19 0
20 0
21 0
22 0
23 0
24 0
25 1
26 0
27 0
28 1
29 1
30 1
31 0
32 3
33 0
34 0
35 2
36 0
37 6
38 6
39 2
40 7
41 3
42 2
43 1
44 1
45 1
46 5
47 1
48 4
49 4
50 5
51 6
52 3
53 2
54 4
55 5
56 6
57 0
58 3
59 4
60 4
61 4
62 5
63 2
64 2
65 7
66 1
67 3
68 5
69 6
70 3
71 2
72 5
73 5
74 1
75 0
76 3
77 2
78 0
79 2
80 3
81 3
82 1
83 2
84 5
85 2
86 0
87 2
88 6
89 5
90 2
91 7
92 1
93 3
94 4
95 2
96 1
97 0
98 2
99 1
100 0
101 1
102 3
103 6
104 5
105 4
106 8
107 8
108 6
109 8
110 6
111 4
112 8
113 4
114 8
115 13
116 9
117 9
118 18
119 20
120 21
121 35
122 40
123 43
124 54
125 63
126 97
127 94
128 122
129 114
130 142
131 221
132 164
133 224
134 214
135 217
136 246
137 253
138 256
139 279
140 268
141 311
142 271
143 274
144 302
145 297
146 256
147 274
148 319
149 360
150 366
151 417
152 409
153 438
154 532
155 558
156 613
157 710
158 793
159 782
160 939
161 1013
162 1156
163 1110
164 1151
165 1207
166 1205
167 1296
168 1324
169 1199
170 1382
171 1389
172 1390
173 1558
174 1460
175 1602
176 1484
177 1692
178 1767
179 1858
180 1854
181 1901
182 2024
183 2027
184 2170
185 2208
186 2246
187 2424
188 2262
189 2376
190 2264
191 2415
192 2512
193 2453
194 2285
195 2409
196 2339
197 2257
198 2186
199 2150
200 2067
201 2013
202 1914
203 1979
204 1970
205 1969
206 2047
207 2209
208 2343
209 2227
210 2484
211 2391
212 2489
213 2347
214 2581
215 2503
216 2299
217 2290
218 2142
219 2172
220 2206
221 2148
222 2225
223 2239
224 2167
225 2108
226 2199
227 2221
228 2335
229 2238
230 2243
231 2252
232 2207
233 2033
234 2038
235 2016
236 1934
237 1852
238 1736
239 1787
240 1645
241 1611
242 1588
243 1557
244 1500
245 1523
246 1430
247 1389
248 1479
249 1458
250 1348
251 1407
252 1344
253 1299
254 1300
255 1294
256 1312
257 1291
258 1207
259 1254
260 1108
261 1143
262 1121
263 1099
264 1150
265 988
266 984
267 980
268 1046
269 1052
270 1008
271 999
272 896
273 908
274 843
275 699
276 588
277 492
278 499
279 373
280 334
281 280
282 346
283 237
284 237
285 255
286 195
287 169
288 187
289 173
290 155
291 129
292 115
293 103
294 93
295 94
296 79
297 70
298 60
299 76
300 66
301 50
302 62
303 48
304 54
305 88
306 63
307 71
308 80
309 54
310 68
311 65
312 48
313 34
314 22
315 28
316 19
317 22
318 15
319 12
320 22
321 11
322 5
323 8
324 1
325 2
326 3
327 3
328 2
329 2
330 6
331 2
332 0
333 1
334 0
335 0
336 0
337 0
338 0
339 0
340 0
341 1
342 1
