0 0
1 0
2 0
3 0
4 0
5 0
6 0
7 0
8 0
9 0
10 0
11 0
12 0
13 0
14 0
15 0
16 0
17 0
18 0
19 0
20 0
21 0
22 0
23 0
24 0
25 0
26 0
27 0
28 0
29 0
30 0
31 0
32 0
33 0
34 0
35 0
36 0
37 0
38 0
39 0
40 0
41 0
42 0
43 0
44 0
45 0
46 0
47 0
48 0
49 0
50 0
51 0
52 0
53 0
54 0
55 0
56 0
57 0
58 0
59 0
60 0
61 0
62 0
63 0
64 0
65 0
66 0
67 0
68 0
69 0
70 0
71 0
72 0
73 0
74 0
75 0
76 0
77 0
78 0
79 0
80 0
81 0
82 0
83 0
84 0
85 0
86 0
87 0
88 0
89 0
90 0
91 0
92 0
93 0
94 0
95 0
96 0
97 0
98 0
99 0
100 0
101 0
102 0
103 0
104 0
105 0
106 0
107 0
108 0
109 0
110 0
111 0
112 0
113 0
114 0
115 0
116 0
117 0
118 0
119 1
120 0
121 1
122 0
123 1
124 0
125 0
126 2
127 2
128 7
129 8
130 1
131 7
132 10
133 9
134 5
135 8
136 19
137 16
138 26
139 38
140 26
141 33
142 30
143 31
144 40
145 40
146 30
147 40
148 63
149 85
150 75
151 71
152 120
153 122
154 142
155 197
156 194
157 188
158 247
159 266
160 334
161 265
162 386
163 319
164 363
165 370
166 490
167 519
168 617
169 668
170 673
171 777
172 780
173 826
174 944
175 944
176 1015
177 1005
178 1024
179 1147
180 1224
181 1281
182 1538
183 1468
184 1775
185 1690
186 1632
187 1549
188 1386
189 1307
190 1418
191 1305
192 1367
193 1388
194 1495
195 1570
196 1561
197 1843
198 1948
199 2083
200 2218
201 2346
202 2595
203 2677
204 2748
205 2837
206 2842
207 2863
208 2756
209 2938
210 2797
211 2798
212 2775
213 2725
214 2727
215 2749
216 2617
217 2749
218 2777
219 2673
220 2670
221 2758
222 2747
223 2689
224 2649
225 2769
226 2750
227 2632
228 2688
229 2875
230 2734
231 2794
232 2662
233 2936
234 2866
235 2810
236 2641
237 2505
238 2394
239 2312
240 2229
241 2097
242 2080
243 1979
244 1938
245 1945
246 1961
247 1934
248 1842
249 1777
250 1847
251 1809
252 1722
253 1759
254 1651
255 1578
256 1669
257 1603
258 1597
259 1592
260 1612
261 1545
262 1580
263 1446
264 1395
265 1265
266 1193
267 1017
268 1038
269 961
270 814
271 764
272 732
273 721
274 711
275 711
276 701
277 637
278 661
279 617
280 569
281 608
282 499
283 528
284 522
285 526
286 537
287 454
288 452
289 430
290 367
291 405
292 334
293 346
294 356
295 329
296 291
297 251
298 267
299 224
300 220
301 157
302 153
303 134
304 118
305 109
306 78
307 72
308 59
309 68
310 44
311 71
312 59
313 43
314 55
315 34
316 28
317 22
318 30
319 17
320 19
321 14
322 5
323 7
324 8
325 5
326 4
327 4
328 6
329 5
330 4
331 3
332 0
333 5
334 0
335 1
336 2
337 2
338 0
339 0
340 0
341 1
342 0
343 0
344 0
345 0
346 0
347 0
348 0
349 0
350 0
351 1
352 0
353 0
354 0
355 0
356 0
357 0
358 1
359 0
360 0
361 1
