0 0
1 0
2 0
3 0
4 0
5 0
6 0
7 0
8 0
9 0
10 0
11 0
12 0
13 0
14 0
15 0
16 0
17 1
18 0
19 1
20 0
21 0
22 1
23 0
24 0
25 0
26 0
27 0
28 2
29 0
30 0
31 1
32 2
33 2
34 3
35 1
36 6
37 3
38 5
39 3
40 3
41 3
42 6
43 4
44 5
45 6
46 6
47 7
48 5
49 2
50 4
51 3
52 14
53 14
54 2
55 8
56 6
57 4
58 3
59 4
60 6
61 3
62 4
63 5
64 3
65 7
66 6
67 2
68 7
69 8
70 7
71 9
72 2
73 11
74 5
75 5
76 2
77 3
78 6
79 14
80 1
81 0
82 3
83 2
84 3
85 0
86 1
87 2
88 4
89 1
90 3
91 7
92 2
93 17
94 8
95 15
96 13
97 23
98 33
99 42
100 33
101 40
102 37
103 48
104 62
105 32
106 63
107 31
108 40
109 45
110 63
111 35
112 37
113 68
114 61
115 41
116 80
117 73
118 73
119 60
120 70
121 91
122 73
123 90
124 94
125 80
126 90
127 118
128 136
129 140
130 169
131 172
132 191
133 181
134 203
135 191
136 231
137 245
138 264
139 311
140 297
141 286
142 312
143 311
144 302
145 343
146 416
147 472
148 532
149 642
150 754
151 814
152 892
153 1016
154 1092
155 1193
156 1230
157 1207
158 1321
159 1185
160 1425
161 1315
162 1374
163 1229
164 1271
165 1198
166 1193
167 1276
168 1261
169 1301
170 1442
171 1262
172 1370
173 1382
174 1538
175 1531
176 1482
177 1422
178 1502
179 1565
180 1477
181 1516
182 1630
183 1553
184 1477
185 1608
186 1547
187 1674
188 1623
189 1843
190 1905
191 2019
192 2158
193 2188
194 2297
195 2451
196 2480
197 2672
198 2777
199 2837
200 2698
201 2697
202 2772
203 2515
204 2706
205 2643
206 2653
207 2621
208 2537
209 2499
210 2266
211 2334
212 2075
213 2107
214 1955
215 1892
216 1751
217 1815
218 1799
219 1741
220 1625
221 1717
222 1770
223 1684
224 1821
225 1793
226 1682
227 1769
228 1753
229 1775
230 1689
231 1767
232 1837
233 1761
234 1722
235 1852
236 1761
237 1803
238 1754
239 1752
240 1629
241 1666
242 1611
243 1515
244 1456
245 1478
246 1371
247 1357
248 1479
249 1455
250 1420
251 1376
252 1472
253 1228
254 1184
255 1132
256 1124
257 1021
258 930
259 1002
260 1062
261 910
262 900
263 957
264 883
265 799
266 810
267 779
268 771
269 743
270 749
271 748
272 741
273 661
274 602
275 579
276 520
277 466
278 496
279 431
280 441
281 390
282 416
283 454
284 467
285 493
286 467
287 487
288 560
289 584
290 621
291 578
292 642
293 589
294 510
295 516
296 363
297 338
298 392
299 311
300 206
301 237
302 215
303 195
304 139
305 134
306 106
307 76
308 60
309 58
310 54
311 36
312 40
313 41
314 45
315 40
316 33
317 36
318 34
319 52
320 32
321 21
322 32
323 26
324 21
325 30
326 17
327 12
328 12
329 15
330 9
331 9
332 15
333 17
334 9
335 15
336 13
337 15
338 14
339 18
340 13
341 17
342 18
343 14
344 14
345 6
346 4
347 2
348 2
349 2
350 2
351 0
352 2
