0 0
1 0
2 0
3 0
4 0
5 0
6 0
7 0
8 0
9 0
10 0
11 0
12 0
13 0
14 0
15 0
16 0
17 0
18 0
19 0
20 0
21 0
22 0
23 0
24 0
25 0
26 0
27 0
28 0
29 0
30 0
31 0
32 0
33 0
34 0
35 0
36 0
37 0
38 0
39 0
40 0
41 0
42 0
43 0
44 0
45 0
46 0
47 0
48 0
49 0
50 0
51 0
52 0
53 0
54 0
55 0
56 0
57 0
58 0
59 0
60 0
61 0
62 0
63 0
64 0
65 0
66 0
67 0
68 0
69 0
70 0
71 0
72 0
73 0
74 0
75 0
76 0
77 0
78 0
79 0
80 0
81 0
82 0
83 0
84 0
85 0
86 0
87 0
88 0
89 0
90 0
91 0
92 0
93 0
94 0
95 0
96 0
97 0
98 0
99 0
100 0
101 0
102 0
103 0
104 0
105 0
106 0
107 0
108 0
109 0
110 0
111 1
112 0
113 0
114 1
115 1
116 2
117 1
118 2
119 0
120 0
121 0
122 0
123 1
124 0
125 1
126 0
127 0
128 3
129 0
130 0
131 0
132 0
133 0
134 0
135 2
136 4
137 0
138 4
139 3
140 1
141 1
142 10
143 9
144 17
145 18
146 24
147 37
148 56
149 44
150 72
151 89
152 69
153 120
154 103
155 174
156 144
157 189
158 179
159 192
160 212
161 203
162 194
163 222
164 215
165 249
166 300
167 309
168 306
169 348
170 392
171 458
172 497
173 566
174 577
175 611
176 609
177 695
178 657
179 655
180 726
181 792
182 875
183 935
184 991
185 1018
186 1079
187 1208
188 1177
189 1147
190 1184
191 1310
192 1302
193 1363
194 1557
195 1600
196 1639
197 1706
198 1930
199 2141
200 2289
201 2406
202 2478
203 2397
204 2689
205 2605
206 2606
207 2613
208 2742
209 2770
210 2632
211 2679
212 2661
213 2629
214 2585
215 2536
216 2696
217 2631
218 2588
219 2892
220 2840
221 2953
222 2986
223 3003
224 3082
225 2877
226 2853
227 2711
228 2617
229 2527
230 2439
231 2365
232 2308
233 2339
234 2372
235 2352
236 2489
237 2529
238 2276
239 2381
240 2513
241 2606
242 2706
243 2691
244 2746
245 2725
246 2675
247 2769
248 2696
249 2648
250 2516
251 2529
252 2345
253 2178
254 2129
255 1925
256 1903
257 1810
258 1758
259 1734
260 1601
261 1476
262 1409
263 1408
264 1275
265 1263
266 1269
267 1095
268 1164
269 1124
270 1068
271 1036
272 951
273 980
274 964
275 940
276 871
277 869
278 805
279 722
280 709
281 702
282 700
283 637
284 583
285 537
286 591
287 548
288 509
289 399
290 390
291 367
292 378
293 308
294 316
295 287
296 281
297 233
298 258
299 233
300 196
301 170
302 176
303 169
304 152
305 146
306 123
307 105
308 132
309 90
310 83
311 62
312 71
313 87
314 73
315 72
316 64
317 58
318 59
319 59
320 57
321 40
322 43
323 31
324 25
325 16
326 17
327 26
328 11
329 13
330 10
331 12
332 5
333 4
334 6
335 5
336 1
337 0
338 2
