0 0
1 0
2 0
3 0
4 0
5 0
6 0
7 0
8 0
9 0
10 0
11 0
12 0
13 0
14 0
15 0
16 0
17 0
18 0
19 0
20 0
21 0
22 0
23 0
24 0
25 0
26 0
27 0
28 0
29 0
30 0
31 0
32 0
33 0
34 0
35 0
36 0
37 0
38 0
39 0
40 0
41 0
42 0
43 0
44 0
45 0
46 0
47 0
48 0
49 0
50 0
51 0
52 0
53 0
54 0
55 0
56 0
57 0
58 0
59 0
60 0
61 0
62 0
63 0
64 0
65 0
66 0
67 0
68 0
69 0
70 0
71 0
72 0
73 0
74 0
75 0
76 0
77 0
78 0
79 0
80 0
81 0
82 0
83 0
84 0
85 0
86 0
87 0
88 0
89 0
90 0
91 0
92 0
93 0
94 0
95 0
96 0
97 0
98 0
99 0
100 0
101 0
102 0
103 0
104 0
105 0
106 0
107 0
108 1
109 0
110 1
111 1
112 0
113 1
114 1
115 0
116 1
117 1
118 1
119 2
120 1
121 2
122 0
123 0
124 0
125 0
126 3
127 1
128 3
129 4
130 7
131 3
132 6
133 6
134 3
135 14
136 11
137 5
138 10
139 16
140 26
141 18
142 15
143 25
144 22
145 26
146 22
147 27
148 19
149 31
150 19
151 27
152 24
153 32
154 36
155 56
156 54
157 91
158 95
159 92
160 111
161 193
162 184
163 179
164 260
165 221
166 192
167 228
168 315
169 248
170 268
171 252
172 352
173 346
174 458
175 545
176 548
177 718
178 697
179 807
180 811
181 855
182 767
183 737
184 716
185 708
186 762
187 770
188 761
189 832
190 851
191 1022
192 1056
193 1097
194 1108
195 1193
196 1353
197 1583
198 1731
199 1832
200 2138
201 2072
202 2116
203 1973
204 1796
205 1799
206 1722
207 1703
208 1777
209 1732
210 1636
211 1729
212 1518
213 1651
214 1642
215 1719
216 1720
217 1743
218 1799
219 1804
220 1930
221 2006
222 2124
223 2150
224 2170
225 2169
226 2210
227 2316
228 2564
229 2441
230 2494
231 2389
232 2610
233 2728
234 2693
235 2660
236 2863
237 2791
238 2717
239 2850
240 2828
241 2945
242 3030
243 2971
244 3060
245 3039
246 2882
247 3122
248 2880
249 2859
250 2761
251 2648
252 2646
253 2714
254 2631
255 2504
256 2449
257 2458
258 2528
259 2270
260 2214
261 2170
262 2105
263 2084
264 1953
265 1996
266 1927
267 1794
268 1868
269 1647
270 1781
271 1787
272 1705
273 1618
274 1536
275 1560
276 1387
277 1212
278 1184
279 1178
280 1112
281 1077
282 1091
283 1003
284 966
285 983
286 904
287 806
288 784
289 720
290 698
291 656
292 619
293 555
294 543
295 496
296 442
297 406
298 445
299 339
300 283
301 280
302 264
303 234
304 199
305 196
306 180
307 165
308 160
309 144
310 153
311 118
312 116
313 132
314 90
315 91
316 79
317 74
318 53
319 37
320 41
321 56
322 39
323 29
324 43
325 20
326 39
327 28
328 33
329 20
330 13
331 9
332 12
333 9
334 18
335 6
336 2
337 7
338 5
339 5
340 10
341 4
342 4
343 2
344 2
345 5
346 6
347 0
348 2
349 1
350 0
351 1
352 3
353 2
354 1
355 4
356 0
357 0
358 0
359 0
360 1
361 0
362 1
363 0
364 0
365 0
366 1
