0 0
1 0
2 0
3 0
4 0
5 0
6 0
7 0
8 0
9 0
10 0
11 0
12 0
13 0
14 0
15 0
16 0
17 0
18 0
19 0
20 0
21 0
22 0
23 0
24 0
25 0
26 0
27 0
28 0
29 0
30 0
31 0
32 0
33 0
34 0
35 0
36 0
37 0
38 0
39 0
40 0
41 0
42 0
43 0
44 0
45 0
46 0
47 0
48 0
49 0
50 0
51 0
52 0
53 0
54 0
55 0
56 0
57 0
58 0
59 0
60 0
61 0
62 0
63 0
64 0
65 0
66 0
67 0
68 0
69 0
70 0
71 0
72 0
73 0
74 0
75 0
76 0
77 0
78 0
79 0
80 0
81 0
82 0
83 0
84 0
85 0
86 0
87 0
88 0
89 0
90 0
91 0
92 0
93 0
94 0
95 0
96 0
97 0
98 0
99 0
100 0
101 0
102 0
103 0
104 0
105 0
106 0
107 0
108 0
109 0
110 0
111 0
112 0
113 0
114 0
115 0
116 0
117 0
118 0
119 0
120 0
121 0
122 1
123 1
124 1
125 4
126 2
127 4
128 3
129 3
130 3
131 4
132 8
133 5
134 4
135 4
136 6
137 6
138 11
139 7
140 15
141 30
142 41
143 36
144 51
145 71
146 115
147 126
148 148
149 245
150 385
151 476
152 575
153 626
154 682
155 665
156 744
157 796
158 855
159 896
160 845
161 879
162 953
163 942
164 816
165 909
166 790
167 699
168 745
169 708
170 666
171 742
172 795
173 783
174 859
175 871
176 835
177 802
178 835
179 859
180 891
181 955
182 930
183 922
184 1051
185 1056
186 1124
187 1198
188 1379
189 1321
190 1331
191 1573
192 1461
193 1566
194 1590
195 1668
196 1691
197 1792
198 1744
199 1747
200 1754
201 2044
202 1905
203 2015
204 1929
205 1812
206 1991
207 2036
208 1975
209 1977
210 2246
211 2201
212 2148
213 2436
214 2364
215 2452
216 2584
217 2552
218 2632
219 2630
220 2597
221 2698
222 2643
223 2436
224 2665
225 2678
226 2710
227 2645
228 2776
229 2856
230 2800
231 2643
232 2771
233 2776
234 2679
235 2505
236 2556
237 2460
238 2409
239 2324
240 2277
241 2218
242 2059
243 2082
244 1933
245 1955
246 1959
247 1993
248 1752
249 1755
250 1787
251 1634
252 1712
253 1694
254 1667
255 1568
256 1433
257 1580
258 1453
259 1370
260 1421
261 1336
262 1330
263 1259
264 1226
265 1106
266 1110
267 1047
268 1033
269 999
270 1029
271 1021
272 1029
273 964
274 931
275 881
276 902
277 911
278 853
279 904
280 801
281 839
282 913
283 921
284 791
285 837
286 740
287 749
288 683
289 632
290 544
291 503
292 462
293 455
294 392
295 388
296 383
297 348
298 350
299 354
300 305
301 261
302 242
303 243
304 262
305 226
306 259
307 193
308 208
309 169
310 184
311 161
312 168
313 141
314 126
315 150
316 112
317 106
318 116
319 91
320 75
321 70
322 44
323 66
324 46
325 48
326 50
327 46
328 32
329 44
330 45
331 32
332 34
333 26
334 27
335 22
336 21
337 17
338 20
339 14
340 11
341 22
342 11
343 8
344 13
345 10
346 11
347 17
348 10
349 10
350 5
351 11
352 1
353 9
354 9
355 6
356 2
357 3
358 5
359 1
360 4
361 1
362 6
363 2
364 1
365 3
366 3
367 3
368 6
369 6
370 4
371 3
372 5
373 6
374 1
375 3
376 3
377 0
378 1
379 1
