0 0
1 0
2 0
3 0
4 0
5 0
6 0
7 0
8 0
9 0
10 0
11 0
12 0
13 0
14 0
15 0
16 0
17 0
18 0
19 0
20 0
21 0
22 0
23 0
24 0
25 0
26 0
27 0
28 0
29 0
30 0
31 0
32 0
33 0
34 0
35 0
36 0
37 0
38 0
39 0
40 0
41 0
42 0
43 0
44 0
45 0
46 0
47 0
48 0
49 0
50 0
51 0
52 0
53 0
54 0
55 0
56 0
57 0
58 0
59 0
60 0
61 0
62 0
63 0
64 0
65 0
66 0
67 0
68 0
69 0
70 0
71 0
72 0
73 0
74 0
75 0
76 0
77 0
78 0
79 0
80 0
81 0
82 0
83 0
84 0
85 0
86 0
87 0
88 0
89 0
90 0
91 0
92 0
93 0
94 0
95 0
96 0
97 0
98 0
99 0
100 0
101 0
102 0
103 0
104 1
105 1
106 0
107 0
108 0
109 1
110 1
111 1
112 0
113 1
114 2
115 2
116 4
117 1
118 8
119 0
120 0
121 1
122 2
123 1
124 2
125 1
126 4
127 1
128 2
129 1
130 4
131 3
132 2
133 8
134 2
135 2
136 3
137 0
138 3
139 4
140 3
141 3
142 4
143 3
144 4
145 7
146 16
147 8
148 11
149 13
150 19
151 19
152 17
153 16
154 17
155 19
156 19
157 32
158 39
159 35
160 30
161 34
162 32
163 28
164 34
165 30
166 46
167 39
168 62
169 72
170 80
171 74
172 84
173 114
174 86
175 121
176 113
177 116
178 117
179 149
180 158
181 166
182 215
183 221
184 248
185 224
186 241
187 317
188 300
189 343
190 317
191 394
192 417
193 531
194 640
195 753
196 706
197 799
198 891
199 991
200 1105
201 1212
202 1282
203 1567
204 1532
205 1424
206 1602
207 1462
208 1545
209 1744
210 1755
211 1688
212 1878
213 2034
214 2143
215 2294
216 2387
217 2147
218 2396
219 2293
220 2470
221 2415
222 2533
223 2603
224 2729
225 2764
226 2748
227 2806
228 2812
229 2902
230 2876
231 2890
232 2814
233 2799
234 2850
235 2862
236 2942
237 3078
238 3141
239 3149
240 3138
241 3207
242 3294
243 3079
244 3213
245 3307
246 3171
247 3188
248 3094
249 3111
250 3126
251 3106
252 2934
253 3031
254 3056
255 2905
256 2879
257 2903
258 2782
259 2853
260 2673
261 2476
262 2507
263 2486
264 2223
265 2202
266 2104
267 2165
268 1997
269 1845
270 1763
271 1866
272 1842
273 1740
274 1622
275 1599
276 1490
277 1381
278 1388
279 1209
280 1197
281 1116
282 1008
283 1000
284 953
285 955
286 804
287 778
288 771
289 698
290 716
291 617
292 671
293 608
294 560
295 515
296 458
297 477
298 410
299 416
300 424
301 402
302 377
303 332
304 290
305 294
306 214
307 210
308 164
309 172
310 135
311 114
312 100
313 80
314 88
315 99
316 72
317 66
318 78
319 54
320 47
321 38
322 40
323 35
324 31
325 30
326 18
327 24
328 13
329 18
330 5
331 7
332 8
333 8
334 9
335 6
336 13
337 22
338 5
339 11
340 10
341 19
342 11
343 4
344 3
345 4
346 3
347 2
348 4
349 5
350 4
351 0
352 2
353 0
354 2
355 0
356 0
357 0
358 0
359 0
360 0
361 0
362 0
363 0
364 0
365 0
366 1
