0 0
1 0
2 0
3 0
4 0
5 0
6 0
7 0
8 0
9 0
10 0
11 0
12 1
13 1
14 1
15 0
16 1
17 0
18 2
19 1
20 1
21 1
22 4
23 1
24 2
25 1
26 3
27 1
28 1
29 0
30 1
31 0
32 2
33 4
34 1
35 0
36 3
37 1
38 1
39 1
40 2
41 1
42 0
43 2
44 5
45 3
46 2
47 2
48 2
49 0
50 2
51 1
52 0
53 1
54 2
55 0
56 1
57 3
58 3
59 0
60 3
61 2
62 0
63 1
64 1
65 1
66 1
67 1
68 0
69 2
70 1
71 4
72 0
73 0
74 0
75 4
76 1
77 1
78 8
79 0
80 4
81 0
82 0
83 3
84 4
85 1
86 1
87 1
88 0
89 0
90 0
91 0
92 0
93 0
94 1
95 0
96 3
97 1
98 0
99 0
100 3
101 1
102 1
103 7
104 6
105 6
106 6
107 5
108 9
109 16
110 18
111 17
112 26
113 34
114 49
115 91
116 102
117 117
118 155
119 141
120 108
121 134
122 148
123 128
124 148
125 160
126 142
127 145
128 163
129 171
130 183
131 171
132 164
133 193
134 152
135 156
136 170
137 158
138 155
139 172
140 205
141 187
142 210
143 247
144 313
145 341
146 375
147 423
148 449
149 554
150 496
151 562
152 578
153 546
154 636
155 610
156 675
157 666
158 674
159 654
160 820
161 796
162 956
163 970
164 1157
165 1059
166 1091
167 1251
168 1242
169 1186
170 1359
171 1364
172 1349
173 1375
174 1368
175 1444
176 1464
177 1623
178 1614
179 1662
180 1618
181 1637
182 1606
183 1651
184 1685
185 1705
186 1645
187 1599
188 1610
189 1668
190 1688
191 1470
192 1562
193 1508
194 1611
195 1665
196 1676
197 1675
198 1794
199 1888
200 1795
201 1913
202 1884
203 1832
204 1763
205 1972
206 1847
207 1897
208 1821
209 1962
210 2026
211 2107
212 2052
213 2147
214 2137
215 2152
216 2209
217 2110
218 2073
219 2181
220 2263
221 2361
222 2396
223 2396
224 2479
225 2746
226 2576
227 2470
228 2454
229 2329
230 2557
231 2544
232 2310
233 2520
234 2416
235 2305
236 2475
237 2300
238 2385
239 2289
240 2370
241 2258
242 2300
243 2130
244 1935
245 1933
246 2015
247 1946
248 1829
249 1798
250 1801
251 1788
252 1571
253 1680
254 1535
255 1442
256 1367
257 1362
258 1449
259 1301
260 1207
261 1172
262 1070
263 1146
264 1001
265 1029
266 981
267 925
268 924
269 807
270 750
271 802
272 704
273 612
274 604
275 574
276 550
277 527
278 423
279 511
280 431
281 412
282 400
283 332
284 314
285 312
286 326
287 264
288 335
289 257
290 345
291 258
292 245
293 273
294 234
295 229
296 186
297 229
298 183
299 164
300 184
301 173
302 172
303 179
304 159
305 145
306 112
307 114
308 157
309 121
310 124
311 101
312 117
313 97
314 76
315 89
316 86
317 93
318 94
319 69
320 64
321 63
322 66
323 70
324 54
325 39
326 35
327 50
328 40
329 32
330 40
331 56
332 31
333 30
334 23
335 24
336 17
337 14
338 6
339 14
340 6
341 4
342 4
343 0
344 1
345 2
346 0
347 0
348 0
349 0
350 0
351 0
352 0
353 0
354 0
355 1
