0 0
1 0
2 0
3 0
4 0
5 0
6 0
7 0
8 0
9 0
10 0
11 0
12 0
13 0
14 0
15 0
16 0
17 0
18 0
19 0
20 0
21 0
22 0
23 0
24 0
25 0
26 0
27 0
28 0
29 0
30 0
31 0
32 0
33 0
34 0
35 0
36 0
37 0
38 0
39 0
40 0
41 0
42 0
43 0
44 0
45 0
46 0
47 0
48 0
49 0
50 0
51 0
52 0
53 0
54 0
55 0
56 0
57 0
58 0
59 0
60 0
61 0
62 0
63 0
64 0
65 0
66 0
67 0
68 0
69 0
70 0
71 0
72 0
73 0
74 0
75 0
76 0
77 0
78 0
79 0
80 0
81 0
82 0
83 0
84 0
85 0
86 0
87 0
88 0
89 0
90 0
91 0
92 0
93 0
94 0
95 0
96 0
97 0
98 0
99 0
100 0
101 0
102 0
103 0
104 0
105 0
106 0
107 0
108 0
109 0
110 0
111 0
112 0
113 0
114 0
115 0
116 0
117 0
118 0
119 0
120 2
121 1
122 0
123 0
124 0
125 0
126 0
127 0
128 0
129 0
130 1
131 0
132 1
133 2
134 0
135 1
136 0
137 0
138 3
139 0
140 1
141 2
142 0
143 0
144 0
145 0
146 0
147 0
148 2
149 1
150 3
151 2
152 2
153 8
154 11
155 13
156 10
157 10
158 23
159 18
160 30
161 41
162 31
163 59
164 50
165 67
166 69
167 82
168 98
169 121
170 102
171 134
172 117
173 144
174 159
175 168
176 203
177 259
178 228
179 246
180 246
181 244
182 323
183 314
184 321
185 349
186 358
187 394
188 407
189 495
190 501
191 459
192 534
193 530
194 567
195 590
196 640
197 692
198 769
199 894
200 929
201 947
202 912
203 891
204 774
205 852
206 732
207 799
208 771
209 844
210 908
211 992
212 1020
213 1050
214 1190
215 1263
216 1304
217 1404
218 1511
219 1605
220 1566
221 1626
222 1639
223 1729
224 1630
225 1623
226 1769
227 1661
228 1590
229 1871
230 1746
231 1713
232 1823
233 1946
234 1924
235 2215
236 2262
237 2356
238 2338
239 2416
240 2392
241 2383
242 2514
243 2645
244 2546
245 2584
246 2648
247 2660
248 2685
249 2692
250 2660
251 2582
252 2649
253 2706
254 2673
255 2657
256 2746
257 2590
258 2859
259 2991
260 2903
261 2954
262 3066
263 3059
264 3357
265 3183
266 3233
267 3021
268 3080
269 2959
270 2926
271 2905
272 2760
273 2683
274 2616
275 2463
276 2267
277 2294
278 2308
279 2157
280 1952
281 1887
282 1628
283 1681
284 1692
285 1617
286 1579
287 1356
288 1369
289 1287
290 1237
291 1104
292 1205
293 1124
294 1334
295 1297
296 1199
297 1231
298 1204
299 1074
300 1009
301 1012
302 969
303 894
304 712
305 770
306 634
307 631
308 580
309 487
310 464
311 412
312 436
313 421
314 323
315 305
316 294
317 275
318 263
319 294
320 224
321 181
322 232
323 196
324 184
325 130
326 122
327 104
328 88
329 115
330 84
331 89
332 87
333 66
334 81
335 79
336 97
337 72
338 65
339 77
340 66
341 50
342 34
343 43
344 21
345 17
346 22
347 22
348 15
349 4
350 3
351 1
352 1
