0 0
1 0
2 0
3 0
4 0
5 0
6 0
7 0
8 0
9 0
10 0
11 0
12 0
13 0
14 0
15 0
16 0
17 0
18 0
19 0
20 0
21 0
22 0
23 0
24 0
25 0
26 0
27 0
28 0
29 0
30 0
31 0
32 0
33 0
34 0
35 0
36 0
37 0
38 0
39 0
40 0
41 0
42 0
43 0
44 0
45 0
46 0
47 0
48 0
49 0
50 0
51 0
52 0
53 0
54 0
55 0
56 0
57 0
58 0
59 0
60 0
61 0
62 0
63 0
64 0
65 0
66 0
67 0
68 0
69 0
70 0
71 0
72 0
73 0
74 0
75 0
76 0
77 0
78 0
79 0
80 0
81 0
82 0
83 0
84 0
85 0
86 0
87 0
88 0
89 0
90 0
91 0
92 0
93 0
94 0
95 0
96 0
97 0
98 0
99 0
100 0
101 0
102 0
103 0
104 0
105 0
106 0
107 0
108 0
109 0
110 0
111 0
112 0
113 0
114 0
115 0
116 0
117 0
118 1
119 0
120 2
121 0
122 1
123 1
124 0
125 3
126 0
127 1
128 0
129 9
130 1
131 6
132 6
133 8
134 15
135 19
136 15
137 29
138 27
139 37
140 43
141 35
142 36
143 48
144 55
145 58
146 56
147 95
148 84
149 91
150 111
151 125
152 125
153 174
154 167
155 172
156 189
157 210
158 240
159 264
160 227
161 243
162 258
163 268
164 281
165 277
166 308
167 342
168 439
169 440
170 446
171 501
172 543
173 600
174 622
175 637
176 697
177 741
178 772
179 832
180 889
181 977
182 1019
183 1062
184 1056
185 1144
186 1229
187 1338
188 1381
189 1529
190 1527
191 1576
192 1620
193 1710
194 1666
195 1760
196 1718
197 1839
198 1782
199 1834
200 1899
201 1862
202 1871
203 1916
204 1925
205 1909
206 2072
207 2090
208 2114
209 2224
210 2119
211 2269
212 2236
213 2322
214 2455
215 2508
216 2657
217 2787
218 2738
219 2668
220 2804
221 2625
222 2710
223 2663
224 2893
225 2640
226 2677
227 2609
228 2564
229 2568
230 2397
231 2448
232 2478
233 2457
234 2451
235 2531
236 2653
237 2692
238 2719
239 2774
240 2810
241 2812
242 3025
243 2892
244 2902
245 2940
246 3049
247 3249
248 3095
249 3049
250 2753
251 2801
252 2652
253 2191
254 2180
255 1973
256 1917
257 1913
258 1858
259 1656
260 1569
261 1493
262 1489
263 1483
264 1348
265 1256
266 1177
267 1136
268 1008
269 1041
270 1069
271 988
272 941
273 910
274 852
275 801
276 816
277 725
278 688
279 599
280 544
281 560
282 457
283 384
284 414
285 383
286 296
287 335
288 288
289 272
290 265
291 217
292 261
293 223
294 290
295 247
296 247
297 229
298 235
299 214
300 261
301 237
302 217
303 249
304 247
305 210
306 217
307 203
308 184
309 171
310 202
311 166
312 175
313 148
314 121
315 128
316 127
317 92
318 78
319 80
320 83
321 89
322 53
323 67
324 47
325 34
326 33
327 25
328 20
329 10
330 7
331 7
332 8
333 5
334 7
335 3
336 4
337 7
338 6
339 6
340 2
341 3
342 9
343 3
344 3
345 1
346 3
347 1
348 2
349 0
350 0
351 0
352 1
353 0
354 0
355 2
