0 0
1 0
2 0
3 0
4 0
5 0
6 0
7 0
8 0
9 0
10 0
11 0
12 0
13 0
14 0
15 0
16 0
17 0
18 0
19 0
20 0
21 0
22 0
23 0
24 0
25 0
26 0
27 0
28 0
29 0
30 0
31 0
32 0
33 0
34 0
35 0
36 0
37 0
38 0
39 0
40 0
41 0
42 0
43 0
44 0
45 0
46 0
47 0
48 0
49 0
50 0
51 0
52 0
53 0
54 0
55 0
56 0
57 0
58 0
59 0
60 0
61 0
62 0
63 0
64 0
65 0
66 0
67 0
68 0
69 0
70 0
71 0
72 0
73 0
74 0
75 0
76 0
77 0
78 0
79 0
80 0
81 0
82 0
83 0
84 0
85 0
86 0
87 0
88 0
89 0
90 0
91 0
92 0
93 0
94 0
95 0
96 5
97 1
98 4
99 3
100 8
101 3
102 11
103 10
104 9
105 17
106 16
107 22
108 21
109 19
110 26
111 40
112 20
113 30
114 21
115 22
116 22
117 28
118 24
119 35
120 29
121 31
122 28
123 59
124 52
125 45
126 42
127 44
128 76
129 64
130 74
131 91
132 117
133 131
134 154
135 186
136 262
137 288
138 312
139 341
140 433
141 441
142 462
143 483
144 506
145 592
146 528
147 534
148 589
149 643
150 638
151 617
152 583
153 629
154 627
155 583
156 605
157 659
158 662
159 718
160 698
161 719
162 744
163 734
164 806
165 822
166 844
167 908
168 946
169 926
170 1083
171 1213
172 1275
173 1216
174 1242
175 1313
176 1424
177 1476
178 1638
179 1839
180 2079
181 2008
182 2116
183 2078
184 2062
185 1928
186 1921
187 1842
188 1859
189 1867
190 1987
191 1985
192 2068
193 2146
194 2219
195 2153
196 2198
197 2036
198 2084
199 2036
200 1910
201 1992
202 1956
203 1902
204 1860
205 1923
206 1887
207 1987
208 1896
209 1963
210 2092
211 2135
212 2276
213 2207
214 2225
215 2184
216 2284
217 2237
218 2261
219 2229
220 2083
221 2176
222 1994
223 1944
224 1962
225 2009
226 1929
227 2064
228 2022
229 2203
230 2262
231 2417
232 2464
233 2612
234 2701
235 2634
236 2495
237 2446
238 2246
239 2394
240 2170
241 2147
242 2109
243 1957
244 1956
245 1927
246 1930
247 1816
248 1764
249 1655
250 1651
251 1603
252 1571
253 1441
254 1346
255 1408
256 1245
257 1172
258 1093
259 1089
260 1119
261 1112
262 995
263 967
264 940
265 950
266 918
267 833
268 798
269 805
270 773
271 732
272 730
273 654
274 648
275 590
276 608
277 615
278 605
279 555
280 594
281 633
282 689
283 582
284 591
285 589
286 570
287 474
288 524
289 404
290 406
291 302
292 294
293 285
294 207
295 195
296 168
297 180
298 151
299 135
300 128
301 133
302 101
303 57
304 74
305 53
306 37
307 39
308 22
309 15
310 24
311 16
312 22
313 32
314 12
315 5
316 10
317 13
318 4
319 3
320 4
321 9
322 7
323 0
324 3
325 0
326 2
327 0
328 16
329 7
330 0
331 4
332 3
333 3
334 3
335 6
336 3
337 8
338 5
339 7
340 8
341 13
342 8
343 7
344 6
345 7
346 0
347 6
348 0
349 4
350 2
351 2
352 2
