0 0
1 0
2 0
3 0
4 0
5 0
6 0
7 0
8 0
9 0
10 0
11 0
12 0
13 0
14 0
15 0
16 1
17 0
18 0
19 0
20 0
21 0
22 0
23 0
24 0
25 0
26 0
27 0
28 0
29 0
30 1
31 3
32 4
33 5
34 4
35 1
36 5
37 2
38 2
39 2
40 4
41 4
42 4
43 2
44 3
45 1
46 4
47 0
48 1
49 1
50 2
51 4
52 0
53 3
54 1
55 0
56 3
57 2
58 3
59 6
60 1
61 2
62 3
63 0
64 2
65 3
66 2
67 5
68 5
69 1
70 2
71 1
72 4
73 0
74 1
75 2
76 1
77 1
78 1
79 0
80 0
81 1
82 2
83 3
84 2
85 2
86 1
87 2
88 0
89 0
90 3
91 4
92 2
93 4
94 2
95 2
96 1
97 1
98 1
99 3
100 2
101 3
102 4
103 4
104 0
105 7
106 6
107 4
108 5
109 9
110 12
111 10
112 12
113 12
114 9
115 23
116 9
117 18
118 14
119 18
120 19
121 37
122 24
123 38
124 47
125 44
126 66
127 100
128 86
129 143
130 126
131 110
132 212
133 199
134 228
135 235
136 249
137 291
138 224
139 259
140 283
141 270
142 261
143 294
144 305
145 320
146 300
147 314
148 335
149 387
150 421
151 483
152 510
153 505
154 624
155 620
156 730
157 660
158 650
159 651
160 704
161 759
162 743
163 764
164 872
165 896
166 927
167 1031
168 1060
169 1125
170 1136
171 1231
172 1131
173 1268
174 1258
175 1224
176 1266
177 1159
178 1306
179 1316
180 1269
181 1440
182 1331
183 1486
184 1494
185 1495
186 1612
187 1753
188 1691
189 1735
190 1714
191 1782
192 1791
193 1739
194 1881
195 1905
196 1837
197 1938
198 2047
199 2264
200 2358
201 2496
202 2520
203 2674
204 2611
205 2564
206 2419
207 2437
208 2504
209 2449
210 2358
211 2350
212 2476
213 2276
214 2370
215 2399
216 2364
217 2354
218 2557
219 2642
220 2510
221 2525
222 2690
223 2555
224 2611
225 2571
226 2575
227 2592
228 2547
229 2424
230 2383
231 2362
232 2231
233 2009
234 1988
235 2000
236 1982
237 1891
238 1996
239 1856
240 1761
241 1886
242 1744
243 1662
244 1691
245 1814
246 1710
247 1741
248 1690
249 1658
250 1500
251 1552
252 1581
253 1521
254 1521
255 1470
256 1411
257 1322
258 1219
259 1327
260 1271
261 1230
262 1073
263 1104
264 1114
265 1066
266 1131
267 1095
268 1211
269 1191
270 1217
271 1260
272 1289
273 1352
274 1219
275 1000
276 910
277 736
278 695
279 579
280 493
281 352
282 354
283 299
284 287
285 270
286 255
287 252
288 198
289 198
290 179
291 147
292 119
293 97
294 98
295 77
296 97
297 66
298 65
299 84
300 75
301 58
302 52
303 62
304 59
305 30
306 30
307 31
308 32
309 29
310 18
311 20
312 16
313 12
314 20
315 6
316 4
317 5
318 6
319 14
320 5
321 8
322 5
323 8
324 3
325 3
326 1
327 3
328 1
329 2
330 2
331 1
332 1
333 1
334 0
335 1
336 1
337 0
338 1
339 0
340 0
341 1
342 0
343 0
344 0
345 0
346 0
347 0
348 0
349 0
350 0
351 1
352 0
353 0
354 1
