0 0
1 0
2 0
3 0
4 0
5 0
6 0
7 0
8 0
9 0
10 0
11 0
12 0
13 0
14 0
15 0
16 0
17 0
18 0
19 0
20 0
21 0
22 0
23 0
24 0
25 0
26 0
27 0
28 0
29 0
30 0
31 0
32 0
33 0
34 0
35 0
36 0
37 0
38 0
39 0
40 0
41 0
42 0
43 0
44 0
45 0
46 0
47 0
48 0
49 0
50 0
51 0
52 0
53 0
54 0
55 0
56 0
57 0
58 0
59 0
60 0
61 0
62 0
63 0
64 0
65 0
66 0
67 0
68 0
69 1
70 0
71 0
72 0
73 0
74 0
75 1
76 0
77 0
78 0
79 0
80 2
81 0
82 3
83 0
84 1
85 1
86 0
87 0
88 2
89 0
90 0
91 0
92 0
93 1
94 0
95 0
96 1
97 0
98 4
99 0
100 4
101 2
102 6
103 5
104 3
105 12
106 12
107 16
108 21
109 23
110 27
111 17
112 35
113 45
114 69
115 70
116 78
117 87
118 81
119 60
120 99
121 89
122 85
123 99
124 84
125 101
126 85
127 86
128 90
129 86
130 108
131 104
132 108
133 111
134 127
135 138
136 138
137 163
138 196
139 180
140 221
141 248
142 275
143 281
144 319
145 305
146 334
147 333
148 359
149 377
150 343
151 370
152 386
153 414
154 473
155 494
156 562
157 573
158 657
159 698
160 853
161 835
162 858
163 1010
164 968
165 914
166 995
167 1004
168 1027
169 1064
170 1038
171 1063
172 1067
173 1020
174 995
175 1044
176 1028
177 927
178 1097
179 1150
180 1061
181 1141
182 1212
183 1174
184 1430
185 1512
186 1556
187 1696
188 1711
189 1811
190 1993
191 1979
192 2039
193 2141
194 2279
195 2302
196 2339
197 2419
198 2410
199 2523
200 2528
201 2641
202 2641
203 2811
204 2594
205 2717
206 2612
207 2568
208 2569
209 2345
210 2341
211 2405
212 2384
213 2329
214 2134
215 2278
216 2291
217 2248
218 2152
219 2249
220 2175
221 2017
222 2151
223 2177
224 2108
225 2027
226 2024
227 2022
228 2032
229 2151
230 2081
231 2078
232 2128
233 2162
234 2150
235 2195
236 2225
237 2218
238 2126
239 2250
240 2216
241 2090
242 2218
243 2091
244 2153
245 2107
246 1947
247 1978
248 1853
249 1755
250 1650
251 1500
252 1548
253 1338
254 1295
255 1283
256 1217
257 1110
258 1018
259 1067
260 1019
261 954
262 1005
263 1004
264 992
265 922
266 1023
267 921
268 964
269 945
270 941
271 975
272 1019
273 925
274 869
275 812
276 799
277 779
278 667
279 679
280 585
281 628
282 577
283 585
284 492
285 440
286 394
287 348
288 319
289 339
290 337
291 298
292 272
293 244
294 267
295 247
296 257
297 226
298 214
299 203
300 207
301 233
302 193
303 226
304 162
305 175
306 172
307 199
308 147
309 159
310 98
311 114
312 68
313 87
314 80
315 73
316 69
317 69
318 50
319 63
320 71
321 57
322 49
323 48
324 50
325 50
326 52
327 49
328 36
329 45
330 49
331 27
332 22
333 6
334 14
335 15
336 3
337 12
338 7
339 3
340 7
341 1
342 2
343 2
344 6
345 1
346 5
347 0
348 5
349 5
350 3
351 4
352 3
353 4
354 4
355 4
356 3
357 1
358 1
359 0
360 2
361 0
362 1
