0 0
1 0
2 0
3 0
4 0
5 0
6 0
7 0
8 0
9 0
10 0
11 0
12 0
13 0
14 0
15 0
16 0
17 0
18 0
19 0
20 0
21 0
22 0
23 0
24 0
25 0
26 0
27 0
28 0
29 0
30 0
31 0
32 0
33 0
34 0
35 0
36 0
37 0
38 0
39 0
40 0
41 0
42 0
43 0
44 0
45 0
46 0
47 0
48 0
49 0
50 0
51 0
52 0
53 0
54 0
55 0
56 0
57 0
58 0
59 0
60 0
61 0
62 0
63 0
64 0
65 0
66 0
67 0
68 0
69 0
70 0
71 0
72 0
73 0
74 0
75 0
76 0
77 0
78 0
79 0
80 0
81 0
82 0
83 0
84 0
85 0
86 0
87 0
88 1
89 1
90 1
91 0
92 1
93 3
94 1
95 1
96 5
97 3
98 5
99 9
100 8
101 3
102 7
103 5
104 10
105 4
106 6
107 8
108 6
109 5
110 11
111 9
112 11
113 10
114 3
115 17
116 9
117 7
118 11
119 20
120 7
121 15
122 16
123 14
124 15
125 18
126 22
127 23
128 13
129 15
130 22
131 23
132 24
133 22
134 31
135 25
136 22
137 21
138 36
139 31
140 30
141 45
142 52
143 48
144 63
145 63
146 68
147 71
148 64
149 66
150 45
151 60
152 54
153 71
154 78
155 96
156 65
157 85
158 75
159 107
160 112
161 110
162 97
163 105
164 113
165 130
166 146
167 205
168 179
169 181
170 181
171 186
172 203
173 261
174 239
175 212
176 223
177 241
178 284
179 257
180 317
181 336
182 351
183 405
184 385
185 421
186 436
187 533
188 498
189 571
190 573
191 567
192 607
193 667
194 690
195 746
196 792
197 881
198 833
199 1039
200 1068
201 1118
202 1091
203 1172
204 1163
205 1241
206 1350
207 1341
208 1419
209 1497
210 1394
211 1341
212 1373
213 1238
214 1318
215 1264
216 1400
217 1418
218 1615
219 1594
220 1481
221 1630
222 1668
223 1727
224 1929
225 1979
226 1897
227 1960
228 1941
229 1989
230 1926
231 2071
232 1920
233 1981
234 1980
235 1998
236 1949
237 1955
238 1979
239 1967
240 2087
241 2206
242 2159
243 2279
244 2474
245 2769
246 2766
247 2975
248 2908
249 3070
250 3063
251 2990
252 2932
253 2699
254 2807
255 2810
256 2927
257 2904
258 2810
259 2638
260 2794
261 2609
262 2457
263 2423
264 2343
265 2204
266 2205
267 2196
268 2132
269 2157
270 2077
271 2181
272 1985
273 1981
274 1976
275 1883
276 2013
277 1990
278 2106
279 1851
280 1948
281 1725
282 1716
283 1724
284 1686
285 1452
286 1443
287 1470
288 1310
289 1261
290 1194
291 1159
292 1158
293 985
294 1053
295 969
296 1006
297 997
298 870
299 821
300 828
301 763
302 714
303 671
304 704
305 616
306 601
307 571
308 520
309 506
310 434
311 470
312 455
313 393
314 309
315 329
316 349
317 258
318 274
319 234
320 226
321 221
322 202
323 250
324 242
325 233
326 235
327 196
328 174
329 205
330 175
331 217
332 255
333 181
334 147
335 204
336 160
337 151
338 137
339 110
340 96
341 100
342 107
343 105
344 69
345 97
346 74
347 81
348 70
349 87
350 74
351 96
352 65
353 62
354 68
355 34
356 56
357 47
358 43
359 44
360 28
361 31
362 23
363 21
364 8
365 9
366 5
367 4
368 3
369 9
370 0
371 2
372 0
373 0
374 1
375 4
376 0
377 1
378 0
379 0
380 0
381 0
382 1
383 1
