0 0
1 0
2 0
3 0
4 0
5 0
6 0
7 0
8 0
9 0
10 0
11 0
12 0
13 0
14 0
15 0
16 0
17 0
18 0
19 0
20 0
21 0
22 0
23 0
24 0
25 0
26 0
27 0
28 0
29 0
30 0
31 0
32 0
33 0
34 0
35 0
36 0
37 0
38 0
39 0
40 0
41 0
42 0
43 0
44 0
45 0
46 0
47 0
48 0
49 0
50 0
51 0
52 0
53 0
54 0
55 0
56 0
57 0
58 0
59 0
60 0
61 0
62 0
63 0
64 0
65 0
66 0
67 0
68 0
69 0
70 0
71 0
72 0
73 0
74 0
75 0
76 0
77 0
78 0
79 0
80 0
81 0
82 0
83 0
84 0
85 0
86 0
87 0
88 0
89 1
90 1
91 0
92 1
93 2
94 0
95 1
96 1
97 2
98 0
99 0
100 1
101 2
102 0
103 0
104 3
105 3
106 5
107 0
108 1
109 3
110 1
111 1
112 1
113 3
114 3
115 4
116 2
117 4
118 3
119 9
120 6
121 8
122 9
123 4
124 8
125 4
126 6
127 7
128 10
129 10
130 5
131 6
132 9
133 11
134 9
135 6
136 14
137 8
138 4
139 10
140 11
141 6
142 6
143 10
144 16
145 19
146 16
147 17
148 18
149 18
150 14
151 16
152 13
153 19
154 12
155 18
156 16
157 19
158 18
159 22
160 24
161 17
162 17
163 18
164 29
165 23
166 17
167 21
168 23
169 24
170 42
171 28
172 37
173 46
174 36
175 43
176 51
177 73
178 65
179 83
180 75
181 71
182 111
183 143
184 138
185 150
186 173
187 242
188 235
189 236
190 287
191 378
192 404
193 424
194 431
195 417
196 445
197 512
198 584
199 532
200 558
201 618
202 702
203 785
204 802
205 838
206 830
207 975
208 966
209 1075
210 1116
211 1006
212 1080
213 1060
214 1036
215 1036
216 974
217 988
218 1093
219 998
220 989
221 1041
222 1078
223 1223
224 1215
225 1234
226 1288
227 1346
228 1410
229 1413
230 1426
231 1458
232 1517
233 1576
234 1730
235 1927
236 1854
237 1990
238 2118
239 1977
240 2067
241 2054
242 2118
243 2208
244 2291
245 2460
246 2669
247 2818
248 2886
249 2874
250 2563
251 2729
252 2603
253 2724
254 2676
255 2451
256 2424
257 2427
258 2398
259 2384
260 2333
261 2280
262 2433
263 2331
264 2387
265 2386
266 2437
267 2446
268 2553
269 2582
270 2600
271 2552
272 2741
273 2801
274 2714
275 2706
276 2575
277 2660
278 2669
279 2510
280 2675
281 2607
282 2686
283 2706
284 2839
285 2663
286 2560
287 2629
288 2370
289 2371
290 2355
291 2245
292 2266
293 2060
294 1932
295 1865
296 1731
297 1625
298 1608
299 1707
300 1455
301 1410
302 1256
303 1208
304 1185
305 1052
306 994
307 873
308 795
309 770
310 647
311 571
312 604
313 440
314 479
315 434
316 410
317 404
318 387
319 337
320 308
321 309
322 308
323 237
324 224
325 214
326 231
327 215
328 198
329 120
330 135
331 117
332 130
333 89
334 82
335 72
336 38
337 57
338 47
339 41
340 38
341 35
342 45
343 45
344 44
345 26
346 29
347 40
348 28
349 36
350 33
351 29
352 28
353 25
354 17
355 20
356 14
357 18
358 12
359 23
360 19
361 12
362 13
363 16
364 15
365 13
366 3
367 10
368 8
369 2
370 0
371 2
372 1
373 2
374 1
375 1
376 0
377 0
378 0
379 0
380 1
381 0
382 0
383 0
384 0
385 0
386 0
387 1
