0 0
1 0
2 0
3 0
4 0
5 0
6 0
7 0
8 0
9 0
10 0
11 0
12 0
13 0
14 0
15 0
16 0
17 0
18 0
19 0
20 0
21 0
22 0
23 0
24 0
25 0
26 0
27 0
28 0
29 0
30 0
31 0
32 0
33 0
34 0
35 0
36 0
37 0
38 0
39 0
40 0
41 0
42 0
43 0
44 0
45 0
46 0
47 0
48 0
49 0
50 0
51 0
52 0
53 0
54 0
55 0
56 0
57 0
58 0
59 0
60 0
61 0
62 0
63 0
64 0
65 0
66 0
67 0
68 0
69 0
70 0
71 0
72 0
73 0
74 0
75 0
76 0
77 0
78 0
79 0
80 0
81 0
82 0
83 0
84 0
85 0
86 0
87 0
88 0
89 0
90 0
91 0
92 0
93 0
94 0
95 0
96 0
97 0
98 0
99 0
100 0
101 0
102 0
103 0
104 0
105 0
106 0
107 0
108 0
109 0
110 0
111 0
112 0
113 0
114 1
115 0
116 0
117 1
118 0
119 3
120 0
121 0
122 0
123 0
124 0
125 5
126 3
127 4
128 6
129 13
130 9
131 28
132 39
133 25
134 37
135 21
136 28
137 44
138 38
139 48
140 22
141 35
142 47
143 55
144 14
145 38
146 26
147 26
148 34
149 17
150 40
151 65
152 32
153 48
154 33
155 36
156 38
157 58
158 68
159 72
160 83
161 113
162 106
163 107
164 106
165 139
166 131
167 155
168 145
169 199
170 174
171 172
172 200
173 186
174 193
175 252
176 256
177 202
178 308
179 267
180 329
181 311
182 374
183 378
184 395
185 418
186 437
187 456
188 512
189 548
190 602
191 667
192 700
193 649
194 634
195 684
196 683
197 739
198 720
199 776
200 784
201 754
202 763
203 875
204 851
205 895
206 925
207 1107
208 1054
209 1036
210 1236
211 1257
212 1400
213 1444
214 1508
215 1543
216 1798
217 1807
218 2018
219 1918
220 2161
221 2127
222 2186
223 2092
224 2018
225 1952
226 1974
227 1846
228 2006
229 2014
230 2111
231 2066
232 2187
233 2312
234 2236
235 2298
236 2361
237 2338
238 2451
239 2582
240 2661
241 2753
242 2846
243 2801
244 2894
245 2875
246 2853
247 2860
248 2752
249 2818
250 2620
251 2501
252 2439
253 2471
254 2562
255 2679
256 2536
257 2785
258 2700
259 2572
260 2431
261 2326
262 2219
263 2309
264 2289
265 2311
266 2292
267 2174
268 2138
269 2253
270 2167
271 2180
272 2102
273 2071
274 1998
275 2020
276 1817
277 1790
278 1663
279 1675
280 1715
281 1656
282 1672
283 1558
284 1537
285 1465
286 1485
287 1316
288 1292
289 1241
290 1213
291 1125
292 1065
293 990
294 926
295 999
296 892
297 889
298 863
299 866
300 770
301 778
302 708
303 709
304 737
305 720
306 762
307 831
308 614
309 631
310 597
311 549
312 479
313 507
314 382
315 418
316 326
317 327
318 339
319 299
320 314
321 262
322 272
323 253
324 264
325 250
326 236
327 218
328 158
329 176
330 153
331 122
332 105
333 106
334 125
335 84
336 102
337 78
338 105
339 99
340 115
341 83
342 79
343 91
344 77
345 79
346 70
347 59
348 62
349 48
350 54
351 41
352 41
353 32
354 38
355 35
356 31
357 29
358 21
359 23
360 22
361 12
362 20
363 12
364 12
365 10
366 16
367 7
368 3
369 10
370 6
371 12
372 9
373 6
374 9
375 6
376 6
377 16
378 17
379 12
380 8
381 9
382 8
383 7
384 6
385 3
386 4
387 1
388 2
389 2
390 1
391 2
392 2
393 2
394 2
395 2
396 3
397 0
398 0
399 2
400 1
401 5
402 0
403 4
404 0
405 3
