0 0
1 0
2 0
3 0
4 0
5 0
6 0
7 0
8 0
9 0
10 0
11 0
12 0
13 0
14 0
15 0
16 0
17 0
18 0
19 0
20 0
21 0
22 0
23 0
24 0
25 0
26 0
27 0
28 0
29 0
30 0
31 0
32 0
33 0
34 0
35 0
36 0
37 0
38 0
39 0
40 0
41 0
42 0
43 0
44 0
45 0
46 0
47 0
48 0
49 0
50 0
51 0
52 0
53 0
54 0
55 0
56 0
57 0
58 0
59 0
60 0
61 0
62 0
63 0
64 0
65 0
66 0
67 0
68 0
69 0
70 0
71 0
72 0
73 0
74 0
75 0
76 0
77 0
78 0
79 0
80 0
81 0
82 0
83 0
84 0
85 0
86 0
87 0
88 0
89 0
90 0
91 0
92 0
93 0
94 0
95 0
96 0
97 0
98 0
99 0
100 0
101 0
102 0
103 0
104 0
105 0
106 0
107 0
108 0
109 0
110 0
111 0
112 0
113 0
114 0
115 0
116 0
117 0
118 0
119 0
120 0
121 0
122 0
123 0
124 0
125 0
126 0
127 0
128 0
129 0
130 0
131 0
132 1
133 5
134 1
135 1
136 0
137 0
138 2
139 1
140 5
141 3
142 3
143 10
144 3
145 3
146 6
147 6
148 5
149 11
150 5
151 15
152 11
153 16
154 18
155 8
156 11
157 24
158 23
159 25
160 20
161 38
162 20
163 36
164 47
165 47
166 75
167 52
168 79
169 103
170 119
171 123
172 135
173 184
174 221
175 238
176 236
177 311
178 326
179 381
180 391
181 406
182 494
183 528
184 757
185 751
186 848
187 823
188 837
189 816
190 873
191 856
192 781
193 823
194 837
195 908
196 968
197 1076
198 1131
199 1192
200 1328
201 1346
202 1325
203 1489
204 1517
205 1455
206 1440
207 1424
208 1550
209 1453
210 1560
211 1616
212 1703
213 1800
214 1775
215 1964
216 1944
217 1921
218 1914
219 1910
220 2045
221 1922
222 2087
223 2079
224 2010
225 2077
226 2169
227 2099
228 2370
229 2084
230 2405
231 2583
232 2459
233 2473
234 2505
235 2531
236 2543
237 2640
238 2733
239 2722
240 2773
241 2772
242 2863
243 2934
244 2851
245 3025
246 2991
247 3013
248 3029
249 3135
250 2993
251 3113
252 3039
253 3043
254 3001
255 2936
256 2865
257 2552
258 2570
259 2359
260 2300
261 2209
262 2083
263 2144
264 1952
265 1960
266 1844
267 1851
268 1789
269 1725
270 1715
271 1685
272 1800
273 1677
274 1729
275 1861
276 1674
277 1765
278 1628
279 1570
280 1456
281 1303
282 1326
283 1276
284 1218
285 1186
286 1206
287 1162
288 1198
289 1169
290 1030
291 943
292 924
293 766
294 749
295 729
296 593
297 585
298 632
299 634
300 576
301 585
302 642
303 675
304 610
305 591
306 509
307 497
308 551
309 454
310 374
311 365
312 293
313 239
314 168
315 206
316 130
317 119
318 81
319 54
320 66
321 45
322 35
323 41
324 38
325 27
326 39
327 22
328 17
329 37
330 21
331 32
332 28
333 27
334 20
335 18
336 26
337 14
338 9
339 15
340 7
341 3
342 0
343 3
344 1
345 3
346 0
347 4
348 0
349 0
350 0
351 0
352 0
353 0
354 2
