0 0
1 0
2 0
3 0
4 0
5 0
6 0
7 0
8 1
9 0
10 1
11 0
12 2
13 0
14 2
15 0
16 0
17 2
18 2
19 2
20 2
21 9
22 0
23 5
24 6
25 1
26 3
27 0
28 0
29 4
30 5
31 9
32 4
33 2
34 8
35 7
36 5
37 8
38 5
39 8
40 6
41 15
42 9
43 7
44 7
45 4
46 3
47 2
48 7
49 8
50 6
51 6
52 3
53 10
54 9
55 5
56 2
57 8
58 6
59 1
60 8
61 6
62 5
63 7
64 10
65 7
66 3
67 4
68 5
69 3
70 4
71 3
72 6
73 1
74 1
75 6
76 9
77 5
78 6
79 5
80 1
81 5
82 4
83 3
84 5
85 3
86 5
87 4
88 3
89 4
90 3
91 3
92 5
93 6
94 7
95 5
96 3
97 6
98 6
99 2
100 5
101 7
102 15
103 12
104 3
105 17
106 8
107 22
108 37
109 27
110 27
111 39
112 55
113 46
114 56
115 49
116 52
117 76
118 77
119 67
120 83
121 83
122 108
123 76
124 113
125 110
126 151
127 161
128 192
129 204
130 233
131 260
132 247
133 251
134 264
135 257
136 277
137 304
138 277
139 287
140 317
141 304
142 331
143 340
144 407
145 494
146 406
147 524
148 537
149 543
150 548
151 558
152 585
153 635
154 691
155 714
156 819
157 777
158 817
159 952
160 1080
161 1085
162 1222
163 1212
164 1476
165 1407
166 1530
167 1368
168 1448
169 1442
170 1520
171 1308
172 1384
173 1377
174 1519
175 1369
176 1506
177 1408
178 1610
179 1754
180 1810
181 1774
182 1798
183 1912
184 1906
185 1857
186 1917
187 1969
188 2005
189 1938
190 1883
191 2089
192 2080
193 2167
194 2073
195 2055
196 1897
197 2038
198 2122
199 2255
200 2072
201 2282
202 2319
203 2355
204 2461
205 2557
206 2477
207 2555
208 2459
209 2510
210 2476
211 2327
212 2310
213 2145
214 2324
215 2354
216 1988
217 1976
218 2011
219 1953
220 1888
221 1823
222 1782
223 1747
224 1703
225 1752
226 1617
227 1581
228 1602
229 1583
230 1538
231 1538
232 1398
233 1609
234 1558
235 1494
236 1396
237 1500
238 1464
239 1418
240 1429
241 1359
242 1300
243 1326
244 1316
245 1310
246 1195
247 1277
248 1324
249 1406
250 1363
251 1268
252 1329
253 1271
254 1359
255 1355
256 1327
257 1371
258 1375
259 1301
260 1216
261 1153
262 1217
263 1214
264 1223
265 1109
266 1076
267 1108
268 1110
269 1148
270 1098
271 1006
272 1066
273 1063
274 1090
275 942
276 890
277 862
278 799
279 745
280 731
281 700
282 643
283 610
284 527
285 494
286 423
287 401
288 429
289 343
290 412
291 369
292 333
293 405
294 329
295 328
296 322
297 248
298 271
299 248
300 224
301 200
302 189
303 176
304 121
305 132
306 116
307 128
308 103
309 91
310 111
311 104
312 91
313 94
314 91
315 77
316 79
317 55
318 48
319 46
320 28
321 31
322 36
323 30
324 14
325 25
326 27
327 32
328 16
329 13
330 19
331 14
332 20
333 18
334 14
335 24
336 11
337 19
338 16
339 15
340 11
341 17
342 24
343 14
344 18
345 10
346 10
347 4
348 6
349 8
350 2
351 2
352 2
353 0
354 0
355 1
356 0
357 2
