0 0
1 0
2 0
3 0
4 0
5 0
6 0
7 0
8 0
9 0
10 0
11 0
12 0
13 0
14 0
15 0
16 0
17 0
18 0
19 0
20 0
21 0
22 0
23 0
24 0
25 0
26 0
27 0
28 0
29 0
30 0
31 0
32 0
33 0
34 0
35 0
36 0
37 0
38 0
39 0
40 0
41 0
42 0
43 0
44 0
45 0
46 0
47 0
48 0
49 0
50 0
51 0
52 0
53 0
54 0
55 0
56 0
57 0
58 0
59 0
60 0
61 0
62 0
63 0
64 0
65 0
66 0
67 0
68 0
69 0
70 0
71 0
72 0
73 0
74 0
75 0
76 0
77 0
78 0
79 0
80 0
81 0
82 0
83 0
84 0
85 0
86 0
87 0
88 0
89 0
90 0
91 0
92 0
93 0
94 0
95 0
96 0
97 0
98 0
99 0
100 0
101 0
102 0
103 0
104 0
105 0
106 0
107 0
108 0
109 0
110 0
111 0
112 0
113 0
114 0
115 0
116 0
117 0
118 0
119 1
120 0
121 0
122 0
123 0
124 0
125 0
126 0
127 0
128 0
129 5
130 3
131 0
132 2
133 3
134 6
135 1
136 2
137 1
138 1
139 5
140 3
141 0
142 2
143 7
144 1
145 6
146 6
147 3
148 10
149 21
150 22
151 25
152 25
153 33
154 31
155 47
156 54
157 72
158 72
159 107
160 115
161 116
162 125
163 158
164 151
165 161
166 182
167 184
168 201
169 252
170 331
171 363
172 421
173 432
174 649
175 621
176 695
177 788
178 877
179 849
180 1017
181 915
182 1037
183 998
184 1121
185 1107
186 1140
187 1383
188 1466
189 1457
190 1699
191 1783
192 1844
193 1948
194 2175
195 2217
196 2212
197 2277
198 2335
199 2424
200 2459
201 2665
202 2560
203 2778
204 2956
205 2981
206 2972
207 2940
208 2829
209 2942
210 3000
211 3081
212 2961
213 2877
214 2969
215 2766
216 2845
217 2779
218 2689
219 2624
220 2640
221 2735
222 2576
223 2685
224 2532
225 2645
226 2695
227 2673
228 2720
229 2810
230 2856
231 2559
232 2750
233 2667
234 2629
235 2511
236 2486
237 2185
238 2083
239 2232
240 2141
241 2101
242 1999
243 2048
244 2041
245 2104
246 2048
247 2160
248 2186
249 2166
250 2128
251 2106
252 1979
253 1977
254 1913
255 1870
256 1846
257 1743
258 1683
259 1712
260 1628
261 1619
262 1588
263 1409
264 1394
265 1423
266 1231
267 1304
268 1069
269 1061
270 972
271 1064
272 985
273 889
274 798
275 914
276 763
277 736
278 745
279 647
280 629
281 630
282 561
283 573
284 557
285 579
286 517
287 423
288 442
289 349
290 368
291 348
292 330
293 257
294 273
295 226
296 212
297 190
298 197
299 170
300 167
301 153
302 129
303 120
304 94
305 83
306 88
307 105
308 78
309 79
310 68
311 73
312 56
313 62
314 69
315 40
316 57
317 57
318 43
319 29
320 42
321 48
322 44
323 25
324 32
325 24
326 22
327 20
328 10
329 8
330 5
331 11
332 9
333 0
334 5
335 3
