0 0
1 0
2 0
3 0
4 0
5 0
6 0
7 0
8 0
9 0
10 0
11 0
12 0
13 0
14 0
15 0
16 0
17 0
18 0
19 0
20 0
21 0
22 0
23 0
24 0
25 0
26 0
27 0
28 0
29 0
30 0
31 0
32 0
33 0
34 0
35 0
36 0
37 0
38 0
39 0
40 0
41 0
42 0
43 0
44 0
45 0
46 0
47 0
48 0
49 0
50 0
51 0
52 0
53 0
54 0
55 0
56 0
57 0
58 0
59 0
60 0
61 0
62 0
63 0
64 0
65 0
66 0
67 0
68 0
69 0
70 0
71 0
72 0
73 0
74 0
75 0
76 0
77 0
78 0
79 0
80 0
81 0
82 0
83 0
84 0
85 0
86 0
87 0
88 0
89 0
90 0
91 0
92 0
93 0
94 0
95 0
96 0
97 0
98 0
99 0
100 0
101 0
102 0
103 0
104 0
105 0
106 0
107 0
108 0
109 1
110 0
111 0
112 0
113 0
114 0
115 0
116 1
117 0
118 0
119 2
120 2
121 1
122 0
123 2
124 14
125 4
126 7
127 13
128 11
129 16
130 26
131 25
132 25
133 25
134 22
135 41
136 33
137 20
138 27
139 44
140 50
141 49
142 53
143 50
144 43
145 67
146 62
147 93
148 59
149 72
150 65
151 78
152 90
153 98
154 114
155 147
156 131
157 143
158 190
159 167
160 185
161 187
162 195
163 244
164 280
165 324
166 384
167 400
168 496
169 495
170 599
171 647
172 854
173 932
174 973
175 1042
176 1048
177 1036
178 1073
179 1112
180 1068
181 1141
182 1134
183 1170
184 1151
185 1223
186 1387
187 1270
188 1558
189 1739
190 1743
191 1883
192 2059
193 2187
194 2210
195 2224
196 2366
197 2468
198 2504
199 2533
200 2605
201 2578
202 2585
203 2719
204 2739
205 2724
206 2765
207 3098
208 3003
209 2993
210 2905
211 2966
212 2930
213 3194
214 2951
215 3066
216 3239
217 3162
218 3061
219 3093
220 3154
221 3011
222 3131
223 2868
224 2922
225 2817
226 2988
227 2769
228 2754
229 2699
230 2853
231 2611
232 2529
233 2564
234 2506
235 2565
236 2581
237 2375
238 2417
239 2461
240 2374
241 2375
242 2243
243 2241
244 2133
245 2131
246 1946
247 2095
248 1974
249 1898
250 1828
251 1821
252 1843
253 1835
254 1606
255 1545
256 1524
257 1332
258 1378
259 1248
260 1212
261 1217
262 1257
263 1090
264 1140
265 1123
266 1128
267 981
268 905
269 878
270 856
271 884
272 760
273 701
274 717
275 662
276 569
277 531
278 451
279 399
280 375
281 340
282 285
283 279
284 228
285 241
286 189
287 188
288 177
289 154
290 141
291 128
292 143
293 111
294 112
295 94
296 96
297 99
298 76
299 62
300 59
301 55
302 32
303 40
304 22
305 17
306 22
307 11
308 13
309 8
310 2
311 1
312 5
313 2
314 2
315 1
316 0
317 0
318 0
319 1
320 0
321 0
322 0
323 1
