0 0
1 0
2 0
3 0
4 0
5 0
6 0
7 0
8 0
9 0
10 0
11 0
12 0
13 0
14 0
15 0
16 0
17 0
18 0
19 0
20 0
21 0
22 0
23 0
24 0
25 0
26 0
27 0
28 0
29 0
30 0
31 0
32 0
33 0
34 0
35 0
36 0
37 0
38 0
39 0
40 0
41 0
42 0
43 0
44 0
45 0
46 0
47 0
48 0
49 0
50 0
51 0
52 0
53 0
54 0
55 0
56 0
57 0
58 0
59 0
60 0
61 0
62 0
63 0
64 0
65 0
66 0
67 0
68 0
69 0
70 0
71 0
72 0
73 0
74 0
75 0
76 0
77 0
78 0
79 0
80 0
81 0
82 0
83 0
84 0
85 0
86 0
87 0
88 0
89 0
90 0
91 0
92 0
93 0
94 0
95 0
96 0
97 0
98 0
99 0
100 0
101 0
102 0
103 0
104 0
105 0
106 0
107 0
108 0
109 0
110 6
111 4
112 3
113 9
114 7
115 3
116 7
117 7
118 3
119 10
120 5
121 17
122 12
123 13
124 33
125 26
126 28
127 46
128 55
129 55
130 44
131 72
132 57
133 81
134 100
135 129
136 140
137 180
138 221
139 179
140 231
141 248
142 220
143 256
144 311
145 367
146 382
147 425
148 426
149 492
150 525
151 630
152 656
153 685
154 843
155 850
156 883
157 920
158 992
159 1076
160 1094
161 1151
162 1103
163 1203
164 995
165 1031
166 1030
167 1126
168 1050
169 1112
170 1111
171 1094
172 1165
173 1149
174 1080
175 1196
176 1237
177 1472
178 1342
179 1423
180 1540
181 1668
182 1790
183 1785
184 1847
185 2043
186 2247
187 2194
188 2134
189 2340
190 2479
191 2419
192 2523
193 2440
194 2487
195 2401
196 2569
197 2446
198 2289
199 2340
200 2278
201 2242
202 2227
203 2218
204 2262
205 2334
206 2290
207 2254
208 2176
209 2219
210 2239
211 2287
212 2239
213 2342
214 2243
215 2362
216 2511
217 2358
218 2446
219 2676
220 2538
221 2483
222 2596
223 2388
224 2550
225 2507
226 2327
227 2181
228 2175
229 2257
230 2186
231 2224
232 2160
233 2125
234 2193
235 2186
236 2122
237 2136
238 2237
239 2183
240 2133
241 2013
242 2108
243 1921
244 1964
245 1927
246 1881
247 1880
248 1989
249 1913
250 1793
251 1741
252 1678
253 1505
254 1495
255 1461
256 1311
257 1362
258 1266
259 1107
260 1156
261 1041
262 1064
263 983
264 854
265 907
266 847
267 763
268 689
269 659
270 587
271 529
272 475
273 464
274 407
275 325
276 328
277 262
278 235
279 228
280 216
281 216
282 133
283 164
284 136
285 135
286 101
287 120
288 100
289 82
290 60
291 59
292 72
293 55
294 60
295 27
296 25
297 29
298 22
299 21
300 23
301 20
302 28
303 13
304 9
305 9
306 11
307 3
308 3
309 2
310 6
311 4
312 0
313 3
314 2
315 1
316 2
317 0
318 2
319 2
320 0
321 2
