0 0
1 0
2 0
3 0
4 0
5 0
6 0
7 0
8 0
9 0
10 0
11 0
12 0
13 0
14 0
15 0
16 0
17 0
18 0
19 0
20 0
21 0
22 0
23 0
24 0
25 0
26 0
27 0
28 0
29 0
30 0
31 0
32 0
33 0
34 0
35 0
36 0
37 1
38 0
39 0
40 0
41 0
42 0
43 0
44 0
45 0
46 0
47 0
48 0
49 0
50 0
51 0
52 0
53 0
54 0
55 0
56 1
57 0
58 0
59 0
60 0
61 0
62 0
63 0
64 0
65 0
66 0
67 0
68 0
69 0
70 0
71 0
72 0
73 0
74 0
75 1
76 1
77 0
78 0
79 0
80 0
81 0
82 0
83 1
84 0
85 0
86 0
87 0
88 0
89 0
90 0
91 0
92 0
93 0
94 0
95 0
96 0
97 0
98 0
99 0
100 0
101 0
102 0
103 0
104 0
105 0
106 0
107 0
108 0
109 0
110 0
111 0
112 3
113 1
114 0
115 1
116 1
117 0
118 0
119 0
120 0
121 1
122 1
123 0
124 0
125 0
126 1
127 0
128 0
129 0
130 0
131 1
132 2
133 1
134 2
135 1
136 0
137 5
138 6
139 4
140 10
141 9
142 10
143 12
144 8
145 5
146 12
147 8
148 8
149 20
150 50
151 39
152 33
153 77
154 93
155 97
156 65
157 82
158 94
159 120
160 106
161 110
162 173
163 124
164 139
165 140
166 154
167 124
168 129
169 141
170 121
171 170
172 137
173 157
174 179
175 188
176 219
177 241
178 237
179 302
180 294
181 296
182 297
183 327
184 341
185 393
186 367
187 383
188 455
189 427
190 397
191 414
192 449
193 460
194 485
195 539
196 606
197 640
198 713
199 780
200 878
201 904
202 1057
203 1211
204 1121
205 1219
206 1349
207 1392
208 1385
209 1338
210 1429
211 1457
212 1403
213 1416
214 1452
215 1475
216 1551
217 1699
218 1726
219 1763
220 1766
221 1685
222 1668
223 1652
224 1704
225 1573
226 1754
227 1712
228 1755
229 1810
230 1897
231 2037
232 1857
233 2032
234 2060
235 2045
236 2107
237 2142
238 2105
239 2299
240 2316
241 2298
242 2456
243 2462
244 2458
245 2547
246 2616
247 2623
248 2730
249 2542
250 2676
251 2691
252 2443
253 2546
254 2708
255 2532
256 2478
257 2501
258 2581
259 2534
260 2512
261 2440
262 2537
263 2432
264 2360
265 2536
266 2444
267 2474
268 2519
269 2401
270 2382
271 2457
272 2510
273 2364
274 2156
275 2222
276 2169
277 2051
278 2030
279 2064
280 1963
281 1964
282 1831
283 1880
284 1775
285 1706
286 1599
287 1505
288 1472
289 1452
290 1241
291 1254
292 1197
293 1203
294 1172
295 1066
296 1200
297 1140
298 1019
299 995
300 934
301 914
302 873
303 831
304 729
305 695
306 682
307 580
308 575
309 512
310 441
311 441
312 415
313 355
314 316
315 317
316 306
317 289
318 243
319 260
320 271
321 264
322 236
323 205
324 194
325 188
326 135
327 159
328 142
329 147
330 152
331 103
332 104
333 113
334 97
335 130
336 102
337 113
338 121
339 86
340 93
341 81
342 96
343 120
344 101
345 124
346 105
347 129
348 86
349 108
350 97
351 58
352 78
353 55
354 39
355 42
356 37
357 19
358 44
359 25
360 13
361 11
362 18
363 18
364 22
365 14
366 27
367 21
368 19
369 9
370 17
371 8
372 10
373 10
374 27
375 15
376 17
377 20
378 30
379 36
380 42
381 47
382 37
383 46
384 30
385 26
386 19
387 15
388 4
389 11
390 3
391 4
392 0
393 0
394 1
