0 0
1 0
2 0
3 0
4 0
5 0
6 0
7 0
8 0
9 0
10 0
11 0
12 0
13 0
14 0
15 0
16 0
17 0
18 0
19 0
20 0
21 0
22 0
23 0
24 0
25 0
26 0
27 0
28 0
29 0
30 0
31 0
32 0
33 0
34 0
35 0
36 0
37 0
38 0
39 0
40 0
41 0
42 0
43 0
44 0
45 0
46 0
47 0
48 0
49 0
50 0
51 0
52 0
53 0
54 0
55 0
56 0
57 0
58 0
59 0
60 0
61 0
62 0
63 0
64 0
65 0
66 0
67 0
68 0
69 0
70 0
71 0
72 0
73 0
74 0
75 0
76 0
77 0
78 0
79 0
80 0
81 0
82 0
83 0
84 0
85 0
86 0
87 0
88 0
89 0
90 0
91 0
92 0
93 0
94 0
95 0
96 0
97 0
98 0
99 0
100 0
101 0
102 0
103 0
104 0
105 0
106 0
107 0
108 0
109 0
110 0
111 0
112 0
113 0
114 0
115 0
116 2
117 3
118 0
119 1
120 2
121 2
122 0
123 4
124 3
125 2
126 5
127 8
128 11
129 11
130 4
131 10
132 20
133 10
134 8
135 12
136 12
137 20
138 11
139 30
140 28
141 37
142 60
143 29
144 43
145 26
146 48
147 47
148 53
149 72
150 64
151 61
152 80
153 88
154 82
155 87
156 84
157 94
158 86
159 99
160 102
161 135
162 134
163 142
164 173
165 159
166 210
167 239
168 243
169 256
170 239
171 307
172 328
173 369
174 424
175 369
176 451
177 423
178 466
179 532
180 618
181 570
182 612
183 726
184 808
185 869
186 1104
187 1092
188 1138
189 1117
190 1183
191 1261
192 1467
193 1568
194 1619
195 1721
196 1919
197 1834
198 1946
199 1964
200 2051
201 2136
202 2296
203 2232
204 2208
205 2133
206 2151
207 2173
208 2145
209 2077
210 2000
211 2093
212 2110
213 2105
214 1970
215 2148
216 2232
217 2153
218 2332
219 2245
220 2421
221 2357
222 2499
223 2570
224 2340
225 2415
226 2320
227 2297
228 2214
229 2247
230 2178
231 2289
232 2357
233 2209
234 2072
235 2235
236 2210
237 2169
238 2078
239 1987
240 2177
241 2201
242 2057
243 2278
244 2208
245 2270
246 2170
247 2163
248 2138
249 2240
250 2274
251 2317
252 2282
253 2275
254 2306
255 2291
256 2159
257 2193
258 2252
259 2050
260 1970
261 2009
262 1943
263 1978
264 1887
265 1825
266 1836
267 1695
268 1795
269 1775
270 1666
271 1737
272 1588
273 1649
274 1496
275 1570
276 1524
277 1354
278 1268
279 1231
280 1247
281 1042
282 1015
283 941
284 890
285 853
286 820
287 754
288 740
289 684
290 714
291 616
292 574
293 554
294 580
295 561
296 556
297 551
298 503
299 438
300 502
301 431
302 421
303 401
304 330
305 319
306 310
307 292
308 254
309 233
310 185
311 232
312 195
313 199
314 207
315 176
316 193
317 153
318 158
319 166
320 145
321 157
322 122
323 143
324 162
325 152
326 149
327 123
328 150
329 125
330 127
331 109
332 124
333 100
334 77
335 61
336 73
337 64
338 54
339 48
340 23
341 30
342 11
343 24
344 20
345 13
346 8
347 19
348 4
349 16
350 5
351 1
352 2
353 8
354 11
355 0
356 2
357 2
