0 0
1 0
2 0
3 0
4 0
5 0
6 0
7 0
8 0
9 0
10 0
11 0
12 0
13 0
14 0
15 0
16 0
17 0
18 0
19 0
20 0
21 0
22 0
23 0
24 0
25 0
26 1
27 0
28 0
29 0
30 0
31 0
32 0
33 0
34 0
35 0
36 0
37 0
38 0
39 0
40 0
41 0
42 0
43 0
44 0
45 0
46 0
47 0
48 0
49 0
50 0
51 0
52 0
53 0
54 0
55 0
56 0
57 0
58 0
59 0
60 1
61 0
62 2
63 0
64 1
65 0
66 0
67 0
68 0
69 0
70 0
71 0
72 0
73 0
74 0
75 3
76 2
77 0
78 6
79 2
80 4
81 7
82 3
83 6
84 7
85 4
86 2
87 9
88 6
89 3
90 3
91 13
92 6
93 4
94 6
95 4
96 4
97 5
98 0
99 1
100 2
101 5
102 2
103 5
104 0
105 5
106 4
107 10
108 12
109 3
110 10
111 2
112 12
113 7
114 7
115 9
116 16
117 6
118 5
119 13
120 7
121 10
122 4
123 14
124 9
125 4
126 7
127 10
128 7
129 8
130 5
131 9
132 8
133 3
134 5
135 5
136 7
137 9
138 6
139 9
140 9
141 13
142 9
143 6
144 20
145 15
146 25
147 47
148 40
149 32
150 35
151 26
152 41
153 36
154 39
155 57
156 58
157 51
158 50
159 61
160 75
161 79
162 61
163 62
164 73
165 67
166 88
167 92
168 95
169 117
170 104
171 110
172 118
173 134
174 115
175 143
176 169
177 196
178 187
179 166
180 169
181 244
182 194
183 210
184 224
185 214
186 255
187 300
188 293
189 309
190 354
191 390
192 431
193 427
194 594
195 587
196 647
197 694
198 774
199 820
200 801
201 868
202 793
203 860
204 832
205 857
206 887
207 881
208 976
209 968
210 1000
211 1065
212 1089
213 1125
214 1053
215 1120
216 1251
217 1364
218 1393
219 1573
220 1633
221 1800
222 1950
223 2129
224 2141
225 2369
226 2326
227 2503
228 2631
229 2607
230 2771
231 2982
232 2826
233 2964
234 2858
235 2715
236 2638
237 2476
238 2427
239 2459
240 2399
241 2531
242 2414
243 2358
244 2341
245 2345
246 2350
247 2265
248 2192
249 2087
250 2168
251 2135
252 2186
253 2187
254 2249
255 2191
256 2138
257 2149
258 2055
259 2067
260 1932
261 1959
262 1949
263 1938
264 1886
265 1878
266 1882
267 1675
268 1810
269 1727
270 1695
271 1774
272 1823
273 1720
274 1889
275 1759
276 1875
277 1927
278 2004
279 2005
280 2045
281 1888
282 1724
283 1746
284 1755
285 1731
286 1627
287 1601
288 1524
289 1558
290 1476
291 1565
292 1555
293 1424
294 1495
295 1395
296 1470
297 1594
298 1488
299 1521
300 1412
301 1483
302 1560
303 1424
304 1414
305 1300
306 1156
307 1187
308 1022
309 968
310 923
311 834
312 804
313 730
314 725
315 596
316 662
317 614
318 620
319 527
320 474
321 396
322 427
323 326
324 241
325 270
326 300
327 240
328 212
329 171
330 167
331 140
332 110
333 91
334 102
335 93
336 78
337 70
338 84
339 69
340 59
341 81
342 60
343 57
344 60
345 62
346 53
347 44
348 58
349 51
350 45
351 27
352 31
353 33
354 29
355 33
356 40
357 34
358 35
359 38
360 27
361 36
362 37
363 42
364 29
365 21
366 22
367 34
368 17
369 17
370 23
371 6
372 7
373 12
374 6
375 4
376 1
377 3
378 1
379 2
380 1
381 1
382 2
383 1
384 1
385 1
386 3
387 1
388 1
389 1
390 0
391 0
392 1
393 0
394 0
395 0
396 0
397 1
398 0
399 0
400 0
401 0
402 1
403 0
404 1
