0 0
1 0
2 0
3 0
4 0
5 0
6 0
7 0
8 0
9 0
10 0
11 0
12 0
13 0
14 0
15 0
16 0
17 0
18 0
19 0
20 0
21 0
22 0
23 0
24 0
25 0
26 0
27 0
28 0
29 0
30 0
31 0
32 0
33 0
34 1
35 1
36 0
37 0
38 0
39 1
40 0
41 0
42 0
43 0
44 0
45 0
46 0
47 0
48 1
49 0
50 0
51 0
52 0
53 0
54 0
55 0
56 0
57 0
58 0
59 0
60 0
61 1
62 0
63 0
64 0
65 0
66 0
67 0
68 0
69 0
70 1
71 1
72 0
73 0
74 0
75 0
76 2
77 0
78 0
79 0
80 0
81 0
82 0
83 0
84 0
85 0
86 0
87 0
88 0
89 0
90 0
91 0
92 0
93 0
94 0
95 0
96 0
97 0
98 0
99 0
100 1
101 2
102 4
103 4
104 2
105 6
106 8
107 4
108 7
109 7
110 12
111 23
112 15
113 10
114 15
115 14
116 24
117 15
118 30
119 30
120 21
121 24
122 16
123 14
124 20
125 15
126 12
127 14
128 28
129 12
130 19
131 22
132 33
133 15
134 39
135 20
136 30
137 37
138 34
139 44
140 63
141 66
142 69
143 54
144 42
145 56
146 64
147 75
148 65
149 71
150 123
151 122
152 97
153 98
154 138
155 117
156 156
157 200
158 210
159 216
160 241
161 282
162 338
163 355
164 413
165 469
166 487
167 500
168 720
169 720
170 796
171 980
172 1157
173 1204
174 1214
175 1239
176 1135
177 1050
178 1055
179 980
180 1113
181 1119
182 1095
183 1217
184 1284
185 1269
186 1362
187 1381
188 1409
189 1473
190 1574
191 1572
192 1584
193 1678
194 1697
195 1736
196 1896
197 1976
198 2069
199 2131
200 2229
201 2171
202 2204
203 2279
204 2351
205 2404
206 2540
207 2526
208 2476
209 2582
210 2566
211 2647
212 2652
213 2494
214 2559
215 2509
216 2359
217 2435
218 2318
219 2325
220 2290
221 2229
222 2328
223 2342
224 2357
225 2357
226 2386
227 2549
228 2567
229 2513
230 2582
231 2470
232 2322
233 2418
234 2282
235 2211
236 2274
237 2255
238 2120
239 2257
240 2269
241 2175
242 2214
243 2203
244 1937
245 2026
246 1788
247 1810
248 1823
249 1817
250 1728
251 1735
252 1759
253 1779
254 1662
255 1635
256 1710
257 1567
258 1424
259 1446
260 1453
261 1293
262 1442
263 1314
264 1276
265 1187
266 1268
267 1236
268 1119
269 1037
270 1111
271 950
272 1030
273 1078
274 1077
275 898
276 984
277 922
278 895
279 844
280 825
281 779
282 715
283 715
284 629
285 718
286 657
287 643
288 612
289 620
290 579
291 501
292 553
293 568
294 457
295 437
296 370
297 363
298 327
299 365
300 303
301 318
302 244
303 292
304 241
305 261
306 254
307 233
308 189
309 177
310 166
311 150
312 191
313 181
314 157
315 165
316 155
317 134
318 114
319 130
320 105
321 130
322 110
323 98
324 99
325 68
326 103
327 97
328 91
329 99
330 76
331 85
332 89
333 46
334 66
335 41
336 35
337 24
338 35
339 26
340 22
341 11
342 15
343 14
344 4
345 9
346 7
347 7
348 6
349 4
350 8
351 2
352 8
353 4
354 3
355 5
356 0
357 3
358 0
359 2
360 0
361 1
362 0
363 1
364 1
365 0
366 1
367 1
368 0
369 1
370 0
371 0
372 1
