0 0
1 0
2 0
3 0
4 0
5 0
6 2
7 0
8 0
9 0
10 0
11 0
12 4
13 2
14 2
15 4
16 2
17 2
18 1
19 2
20 4
21 2
22 4
23 2
24 0
25 4
26 2
27 2
28 2
29 8
30 0
31 3
32 0
33 5
34 0
35 2
36 5
37 4
38 4
39 3
40 4
41 6
42 4
43 0
44 1
45 2
46 1
47 6
48 4
49 8
50 0
51 4
52 3
53 9
54 0
55 3
56 0
57 6
58 4
59 0
60 2
61 3
62 0
63 0
64 0
65 1
66 2
67 0
68 2
69 2
70 1
71 2
72 0
73 0
74 1
75 5
76 6
77 5
78 0
79 5
80 6
81 8
82 6
83 1
84 4
85 0
86 7
87 2
88 4
89 4
90 4
91 2
92 0
93 1
94 6
95 1
96 6
97 2
98 4
99 7
100 6
101 5
102 9
103 6
104 10
105 8
106 9
107 11
108 7
109 11
110 11
111 9
112 11
113 17
114 22
115 25
116 26
117 34
118 45
119 39
120 61
121 53
122 44
123 65
124 60
125 91
126 84
127 79
128 101
129 130
130 136
131 143
132 136
133 175
134 185
135 204
136 219
137 238
138 254
139 260
140 278
141 281
142 315
143 328
144 368
145 333
146 352
147 356
148 392
149 391
150 484
151 500
152 487
153 577
154 559
155 608
156 602
157 657
158 644
159 758
160 777
161 984
162 889
163 942
164 1053
165 1064
166 1096
167 1137
168 1070
169 1172
170 1159
171 1054
172 977
173 1066
174 1058
175 1147
176 1177
177 1119
178 1126
179 1215
180 1296
181 1346
182 1371
183 1472
184 1556
185 1485
186 1587
187 1594
188 1625
189 1732
190 1877
191 1753
192 1850
193 1796
194 1956
195 2068
196 2104
197 2072
198 2123
199 2392
200 2488
201 2584
202 2567
203 2614
204 2585
205 2796
206 2788
207 2822
208 2865
209 2916
210 2977
211 2837
212 2951
213 3072
214 2824
215 2912
216 2937
217 2899
218 2890
219 2902
220 2710
221 2696
222 2667
223 2582
224 2702
225 2702
226 2581
227 2650
228 2655
229 2656
230 2653
231 2721
232 2644
233 2580
234 2694
235 2551
236 2531
237 2416
238 2492
239 2334
240 2355
241 2169
242 2218
243 1998
244 1851
245 1862
246 1692
247 1655
248 1509
249 1412
250 1259
251 1236
252 1258
253 1063
254 1078
255 1071
256 981
257 925
258 905
259 803
260 744
261 702
262 747
263 808
264 698
265 801
266 756
267 695
268 766
269 647
270 667
271 661
272 555
273 474
274 412
275 393
276 323
277 278
278 258
279 269
280 260
281 221
282 241
283 209
284 174
285 140
286 106
287 74
288 62
289 54
290 56
291 37
292 48
293 38
294 56
295 31
296 23
297 28
298 29
299 19
300 12
301 5
302 4
303 11
304 7
305 6
306 4
307 1
308 0
309 3
310 0
311 0
312 1
313 1
314 2
