0 0
1 0
2 0
3 0
4 0
5 0
6 0
7 0
8 0
9 0
10 0
11 0
12 0
13 0
14 0
15 0
16 0
17 0
18 0
19 0
20 0
21 0
22 1
23 0
24 0
25 0
26 0
27 0
28 0
29 0
30 0
31 0
32 0
33 0
34 0
35 0
36 0
37 0
38 0
39 0
40 0
41 0
42 0
43 0
44 0
45 0
46 0
47 0
48 0
49 0
50 1
51 0
52 0
53 0
54 1
55 0
56 0
57 0
58 0
59 0
60 0
61 0
62 0
63 0
64 0
65 0
66 0
67 1
68 0
69 0
70 0
71 0
72 0
73 0
74 0
75 0
76 0
77 0
78 0
79 0
80 0
81 1
82 0
83 0
84 0
85 0
86 0
87 0
88 0
89 0
90 1
91 0
92 0
93 0
94 1
95 0
96 0
97 1
98 1
99 0
100 2
101 1
102 0
103 1
104 3
105 4
106 1
107 3
108 5
109 2
110 1
111 1
112 5
113 3
114 2
115 4
116 3
117 1
118 3
119 3
120 4
121 5
122 15
123 23
124 37
125 81
126 63
127 71
128 89
129 84
130 86
131 75
132 74
133 59
134 37
135 39
136 27
137 15
138 29
139 13
140 15
141 14
142 19
143 21
144 24
145 33
146 29
147 46
148 26
149 45
150 36
151 63
152 73
153 36
154 77
155 86
156 133
157 149
158 127
159 181
160 190
161 216
162 188
163 211
164 227
165 236
166 230
167 265
168 269
169 288
170 310
171 378
172 347
173 384
174 396
175 496
176 499
177 519
178 539
179 565
180 647
181 660
182 713
183 751
184 802
185 927
186 915
187 1048
188 1057
189 1064
190 1199
191 1231
192 1385
193 1382
194 1579
195 1505
196 1617
197 1731
198 1719
199 1672
200 1915
201 1962
202 2021
203 2005
204 2187
205 2190
206 2233
207 2295
208 2315
209 2218
210 2389
211 2345
212 2376
213 2271
214 2272
215 2265
216 2164
217 2115
218 2122
219 1992
220 2011
221 2068
222 2010
223 1955
224 2085
225 2122
226 2201
227 2116
228 2164
229 2213
230 2316
231 2215
232 2320
233 2339
234 2452
235 2599
236 2497
237 2460
238 2643
239 2530
240 2528
241 2444
242 2395
243 2358
244 2323
245 2191
246 2219
247 2227
248 2169
249 2160
250 2032
251 2194
252 1990
253 2092
254 1876
255 1685
256 1567
257 1675
258 1624
259 1512
260 1549
261 1546
262 1380
263 1561
264 1362
265 1460
266 1482
267 1426
268 1574
269 1559
270 1598
271 1664
272 1569
273 1679
274 1686
275 1631
276 1752
277 1674
278 1659
279 1609
280 1589
281 1535
282 1405
283 1409
284 1332
285 1246
286 1113
287 1049
288 978
289 849
290 811
291 708
292 604
293 633
294 645
295 601
296 556
297 541
298 424
299 533
300 441
301 428
302 437
303 441
304 438
305 437
306 379
307 321
308 345
309 373
310 324
311 327
312 265
313 308
314 283
315 221
316 245
317 231
318 207
319 177
320 145
321 130
322 134
323 105
324 106
325 88
326 75
327 81
328 68
329 62
330 56
331 46
332 62
333 42
334 36
335 30
336 27
337 20
338 23
339 9
340 25
341 14
342 6
343 10
344 4
345 9
346 3
347 6
348 5
349 3
350 6
351 3
352 2
353 5
354 0
355 1
356 2
357 2
358 0
359 2
360 0
361 0
362 1
363 1
364 0
365 2
366 0
367 0
368 0
369 0
370 2
371 0
372 1
373 2
374 4
375 5
376 2
377 0
378 2
379 6
380 2
381 4
382 2
383 2
384 1
385 0
386 0
387 0
388 0
389 0
390 1
