0 0
1 0
2 0
3 0
4 0
5 0
6 0
7 0
8 0
9 0
10 0
11 0
12 0
13 0
14 0
15 0
16 0
17 0
18 0
19 0
20 0
21 0
22 0
23 0
24 0
25 0
26 0
27 0
28 0
29 0
30 0
31 0
32 0
33 0
34 0
35 0
36 0
37 0
38 0
39 0
40 0
41 0
42 0
43 0
44 0
45 0
46 0
47 0
48 0
49 0
50 0
51 0
52 0
53 0
54 0
55 0
56 0
57 0
58 0
59 0
60 0
61 0
62 0
63 0
64 0
65 0
66 0
67 0
68 0
69 0
70 0
71 0
72 0
73 0
74 0
75 0
76 0
77 0
78 0
79 0
80 0
81 0
82 0
83 0
84 0
85 0
86 0
87 0
88 0
89 0
90 0
91 0
92 0
93 0
94 0
95 0
96 0
97 0
98 0
99 0
100 0
101 0
102 0
103 0
104 0
105 0
106 0
107 0
108 0
109 0
110 0
111 0
112 0
113 0
114 0
115 0
116 0
117 0
118 0
119 0
120 0
121 0
122 2
123 11
124 9
125 18
126 33
127 30
128 18
129 52
130 61
131 59
132 56
133 57
134 85
135 79
136 60
137 66
138 91
139 84
140 72
141 82
142 92
143 69
144 99
145 78
146 68
147 48
148 72
149 63
150 74
151 77
152 88
153 106
154 83
155 103
156 74
157 106
158 99
159 147
160 138
161 172
162 181
163 178
164 193
165 215
166 260
167 279
168 320
169 322
170 346
171 347
172 416
173 427
174 439
175 479
176 567
177 528
178 573
179 660
180 647
181 702
182 668
183 730
184 721
185 839
186 895
187 987
188 1106
189 1119
190 1290
191 1317
192 1386
193 1470
194 1395
195 1565
196 1784
197 1859
198 1905
199 1818
200 1862
201 1907
202 1892
203 1926
204 1990
205 2006
206 1930
207 1881
208 2083
209 1986
210 2050
211 2059
212 2023
213 1991
214 2054
215 2085
216 2075
217 2140
218 2207
219 2340
220 2631
221 2559
222 2670
223 2629
224 2910
225 2872
226 2964
227 2982
228 3026
229 2998
230 3008
231 3065
232 2960
233 2800
234 2681
235 2826
236 2683
237 2711
238 2538
239 2681
240 2619
241 2675
242 2619
243 2577
244 2546
245 2572
246 2452
247 2361
248 2201
249 2140
250 2143
251 2006
252 2031
253 1887
254 1887
255 2008
256 1981
257 2022
258 2056
259 1932
260 1986
261 1980
262 2021
263 2024
264 1802
265 1887
266 1774
267 1650
268 1581
269 1401
270 1457
271 1471
272 1415
273 1436
274 1323
275 1232
276 1136
277 1116
278 1053
279 1015
280 950
281 800
282 780
283 760
284 666
285 647
286 657
287 569
288 659
289 593
290 542
291 455
292 429
293 438
294 315
295 360
296 339
297 317
298 266
299 301
300 284
301 225
302 268
303 227
304 217
305 219
306 254
307 188
308 175
309 214
310 218
311 217
312 160
313 167
314 194
315 208
316 153
317 149
318 141
319 89
320 79
321 61
322 62
323 30
324 26
325 25
326 19
327 15
328 16
329 8
330 8
331 16
332 5
333 11
334 4
335 5
336 3
337 2
338 3
339 2
340 1
341 0
342 1
343 0
344 0
345 0
346 1
347 1
