0 0
1 0
2 0
3 0
4 0
5 0
6 0
7 0
8 0
9 0
10 0
11 0
12 0
13 0
14 0
15 0
16 0
17 0
18 0
19 0
20 0
21 0
22 0
23 0
24 0
25 0
26 0
27 0
28 0
29 0
30 0
31 0
32 0
33 0
34 0
35 0
36 0
37 0
38 0
39 0
40 0
41 0
42 0
43 0
44 0
45 0
46 0
47 0
48 0
49 0
50 0
51 0
52 0
53 0
54 0
55 0
56 0
57 0
58 0
59 0
60 0
61 0
62 0
63 0
64 0
65 0
66 0
67 0
68 0
69 0
70 0
71 0
72 0
73 0
74 0
75 1
76 0
77 1
78 0
79 0
80 0
81 0
82 3
83 1
84 1
85 1
86 0
87 0
88 1
89 1
90 1
91 4
92 3
93 7
94 7
95 5
96 7
97 12
98 18
99 18
100 31
101 43
102 58
103 55
104 48
105 52
106 51
107 62
108 53
109 65
110 48
111 46
112 44
113 52
114 48
115 51
116 46
117 65
118 77
119 98
120 109
121 173
122 155
123 173
124 156
125 207
126 173
127 197
128 214
129 167
130 254
131 222
132 250
133 226
134 263
135 285
136 305
137 309
138 296
139 394
140 325
141 375
142 427
143 462
144 504
145 563
146 530
147 536
148 558
149 485
150 512
151 671
152 596
153 735
154 596
155 668
156 667
157 685
158 729
159 741
160 767
161 742
162 809
163 902
164 898
165 891
166 1033
167 1050
168 1161
169 1064
170 1116
171 1146
172 1106
173 1179
174 1143
175 1136
176 1168
177 1271
178 1244
179 1235
180 1278
181 1196
182 1315
183 1316
184 1421
185 1414
186 1399
187 1570
188 1637
189 1662
190 1850
191 1794
192 1829
193 1929
194 2054
195 1810
196 1932
197 2024
198 2002
199 2144
200 2274
201 2532
202 2613
203 2711
204 2772
205 3033
206 2936
207 3094
208 3232
209 3403
210 3393
211 3401
212 3413
213 3496
214 3311
215 3207
216 3231
217 3246
218 3134
219 2972
220 2834
221 2770
222 2715
223 2648
224 2590
225 2412
226 2312
227 2144
228 2232
229 2082
230 1935
231 1953
232 2004
233 1882
234 1843
235 1682
236 1699
237 1640
238 1555
239 1576
240 1538
241 1477
242 1483
243 1422
244 1492
245 1396
246 1401
247 1383
248 1346
249 1462
250 1286
251 1347
252 1306
253 1297
254 1119
255 1127
256 1028
257 952
258 960
259 869
260 844
261 841
262 792
263 784
264 740
265 689
266 713
267 669
268 708
269 610
270 632
271 627
272 590
273 541
274 462
275 434
276 531
277 528
278 477
279 523
280 573
281 527
282 580
283 560
284 532
285 495
286 391
287 341
288 322
289 362
290 257
291 353
292 328
293 310
294 335
295 264
296 302
297 188
298 91
299 53
300 37
301 11
302 10
303 4
304 3
305 3
306 0
307 4
308 1
309 1
310 0
311 0
312 0
313 0
314 0
315 0
316 0
317 0
318 0
319 0
320 0
321 1
322 1
