0 0
1 0
2 0
3 0
4 0
5 0
6 0
7 0
8 0
9 0
10 0
11 0
12 0
13 0
14 0
15 0
16 0
17 0
18 0
19 0
20 0
21 0
22 0
23 0
24 0
25 0
26 0
27 0
28 0
29 0
30 0
31 0
32 0
33 0
34 0
35 0
36 0
37 0
38 0
39 0
40 0
41 0
42 0
43 0
44 0
45 0
46 0
47 0
48 0
49 0
50 0
51 0
52 0
53 0
54 0
55 0
56 0
57 0
58 0
59 0
60 0
61 0
62 0
63 0
64 0
65 0
66 0
67 0
68 0
69 0
70 0
71 0
72 0
73 0
74 0
75 0
76 0
77 0
78 0
79 0
80 0
81 0
82 0
83 0
84 0
85 0
86 0
87 0
88 0
89 0
90 0
91 0
92 0
93 0
94 0
95 0
96 0
97 0
98 0
99 0
100 2
101 0
102 2
103 0
104 2
105 1
106 0
107 4
108 4
109 0
110 2
111 2
112 4
113 0
114 3
115 1
116 4
117 2
118 7
119 0
120 4
121 2
122 5
123 4
124 4
125 8
126 10
127 13
128 9
129 9
130 17
131 15
132 14
133 14
134 11
135 9
136 11
137 18
138 14
139 26
140 25
141 14
142 24
143 34
144 22
145 34
146 32
147 59
148 77
149 66
150 65
151 85
152 72
153 84
154 87
155 106
156 114
157 109
158 118
159 124
160 110
161 161
162 144
163 142
164 191
165 196
166 227
167 229
168 233
169 282
170 282
171 317
172 274
173 296
174 305
175 304
176 304
177 313
178 366
179 325
180 402
181 394
182 367
183 385
184 430
185 442
186 494
187 487
188 442
189 474
190 508
191 502
192 552
193 569
194 578
195 582
196 662
197 677
198 668
199 763
200 750
201 801
202 820
203 941
204 914
205 978
206 1061
207 1101
208 1078
209 1142
210 1133
211 1173
212 1277
213 1332
214 1367
215 1331
216 1444
217 1490
218 1550
219 1655
220 1709
221 1874
222 1873
223 2045
224 2030
225 2078
226 2067
227 2069
228 2097
229 2056
230 2128
231 2302
232 2134
233 2160
234 2284
235 2261
236 2277
237 2199
238 2329
239 2225
240 2183
241 2172
242 2232
243 2290
244 2200
245 2355
246 2328
247 2336
248 2477
249 2444
250 2393
251 2445
252 2537
253 2505
254 2252
255 2435
256 2507
257 2499
258 2501
259 2481
260 2448
261 2442
262 2303
263 2381
264 2362
265 2393
266 2279
267 2315
268 2179
269 2182
270 2154
271 2141
272 2194
273 2226
274 2136
275 2245
276 2230
277 2139
278 2200
279 2047
280 2175
281 2114
282 2090
283 2079
284 1832
285 1719
286 1669
287 1503
288 1469
289 1369
290 1430
291 1294
292 1291
293 1197
294 1205
295 1109
296 1114
297 1043
298 957
299 893
300 877
301 823
302 696
303 703
304 724
305 603
306 609
307 478
308 554
309 513
310 414
311 366
312 358
313 352
314 347
315 343
316 294
317 311
318 346
319 323
320 335
321 349
322 358
323 335
324 280
325 297
326 274
327 265
328 218
329 198
330 172
331 177
332 180
333 152
334 123
335 119
336 135
337 108
338 146
339 145
340 142
341 169
342 169
343 153
344 155
345 134
346 130
347 92
348 98
349 85
350 87
351 69
352 70
353 102
354 66
355 73
356 49
357 50
358 44
359 38
360 43
361 33
362 21
363 13
364 33
365 15
366 8
367 8
368 13
369 9
370 6
371 7
372 6
373 4
374 5
375 4
376 3
377 3
378 2
379 1
380 1
381 0
382 1
383 1
384 1
385 0
386 1
387 0
388 0
389 1
390 0
391 1
