0 0
1 0
2 0
3 0
4 0
5 0
6 0
7 0
8 0
9 0
10 0
11 0
12 0
13 0
14 0
15 0
16 0
17 0
18 0
19 0
20 0
21 0
22 0
23 0
24 0
25 0
26 0
27 0
28 1
29 0
30 0
31 0
32 0
33 0
34 0
35 0
36 1
37 1
38 0
39 0
40 1
41 0
42 2
43 1
44 3
45 1
46 0
47 3
48 2
49 1
50 0
51 0
52 1
53 4
54 0
55 0
56 0
57 2
58 1
59 2
60 0
61 1
62 3
63 0
64 1
65 0
66 2
67 1
68 2
69 2
70 0
71 0
72 1
73 3
74 0
75 1
76 1
77 2
78 0
79 5
80 7
81 4
82 3
83 7
84 6
85 4
86 9
87 1
88 4
89 3
90 7
91 5
92 10
93 9
94 16
95 14
96 6
97 11
98 15
99 22
100 23
101 13
102 12
103 16
104 33
105 20
106 23
107 23
108 40
109 20
110 23
111 22
112 32
113 13
114 31
115 34
116 24
117 43
118 49
119 70
120 39
121 55
122 49
123 68
124 60
125 64
126 89
127 92
128 102
129 121
130 106
131 148
132 107
133 106
134 153
135 122
136 147
137 197
138 207
139 240
140 236
141 315
142 331
143 334
144 395
145 423
146 387
147 470
148 409
149 454
150 483
151 545
152 602
153 609
154 636
155 648
156 636
157 605
158 648
159 692
160 698
161 716
162 636
163 721
164 699
165 773
166 784
167 884
168 927
169 990
170 976
171 994
172 991
173 1100
174 1126
175 1183
176 1240
177 1437
178 1300
179 1433
180 1415
181 1420
182 1414
183 1484
184 1416
185 1512
186 1503
187 1597
188 1457
189 1488
190 1438
191 1457
192 1500
193 1449
194 1494
195 1502
196 1529
197 1497
198 1506
199 1558
200 1677
201 1703
202 1657
203 1821
204 1772
205 1892
206 1950
207 1941
208 1946
209 1938
210 1829
211 1925
212 2104
213 1973
214 2094
215 2038
216 2045
217 2074
218 2054
219 2020
220 2135
221 2031
222 2145
223 2018
224 2015
225 2019
226 2024
227 2021
228 1968
229 2052
230 2034
231 1989
232 2169
233 2098
234 2282
235 2239
236 2238
237 2244
238 2245
239 2322
240 2177
241 2254
242 2255
243 2171
244 2296
245 2190
246 2114
247 1908
248 2016
249 1819
250 1873
251 1838
252 1840
253 1674
254 1562
255 1692
256 1587
257 1441
258 1459
259 1379
260 1305
261 1317
262 1333
263 1242
264 1237
265 1195
266 1283
267 1231
268 1173
269 1212
270 1164
271 1263
272 1248
273 1176
274 1114
275 1147
276 1119
277 1126
278 1072
279 1038
280 985
281 1115
282 1007
283 982
284 958
285 850
286 858
287 661
288 572
289 536
290 521
291 541
292 487
293 453
294 442
295 344
296 323
297 330
298 295
299 276
300 257
301 248
302 232
303 234
304 185
305 180
306 164
307 188
308 177
309 164
310 154
311 125
312 132
313 122
314 105
315 118
316 117
317 89
318 116
319 75
320 98
321 74
322 69
323 68
324 73
325 69
326 45
327 41
328 52
329 31
330 35
331 17
332 23
333 13
334 20
335 15
336 10
337 10
338 8
339 6
340 12
341 7
342 3
343 6
344 9
345 11
346 10
347 2
348 5
349 11
350 6
351 7
352 6
353 5
354 1
355 0
356 2
357 2
358 0
359 3
360 0
361 1
362 1
363 0
364 0
365 0
366 0
367 0
368 0
369 0
370 0
371 0
372 0
373 3
