0 0
1 0
2 0
3 0
4 0
5 0
6 0
7 0
8 0
9 0
10 0
11 0
12 0
13 0
14 0
15 0
16 0
17 0
18 0
19 0
20 0
21 0
22 0
23 0
24 0
25 0
26 0
27 0
28 0
29 0
30 0
31 0
32 0
33 0
34 0
35 0
36 0
37 0
38 0
39 0
40 0
41 0
42 0
43 0
44 0
45 0
46 0
47 0
48 0
49 0
50 0
51 0
52 0
53 0
54 0
55 0
56 0
57 0
58 0
59 0
60 0
61 0
62 0
63 0
64 0
65 0
66 0
67 0
68 0
69 0
70 0
71 0
72 0
73 0
74 0
75 0
76 0
77 0
78 0
79 0
80 0
81 0
82 0
83 0
84 0
85 0
86 0
87 0
88 0
89 0
90 0
91 0
92 0
93 0
94 0
95 0
96 0
97 0
98 0
99 0
100 0
101 0
102 0
103 0
104 0
105 0
106 0
107 0
108 0
109 0
110 0
111 0
112 0
113 0
114 0
115 0
116 0
117 0
118 0
119 0
120 0
121 1
122 0
123 0
124 0
125 3
126 2
127 2
128 5
129 7
130 10
131 7
132 6
133 10
134 10
135 12
136 8
137 7
138 4
139 10
140 5
141 13
142 5
143 9
144 3
145 10
146 10
147 11
148 9
149 19
150 13
151 6
152 20
153 25
154 26
155 36
156 37
157 26
158 36
159 36
160 44
161 66
162 54
163 74
164 58
165 115
166 105
167 122
168 165
169 202
170 221
171 273
172 320
173 376
174 456
175 497
176 538
177 583
178 521
179 669
180 664
181 604
182 649
183 780
184 736
185 856
186 901
187 820
188 760
189 767
190 907
191 872
192 857
193 944
194 933
195 1034
196 1189
197 1299
198 1374
199 1506
200 1585
201 1781
202 1867
203 1818
204 1941
205 1909
206 2159
207 2214
208 2305
209 2197
210 2346
211 2319
212 2375
213 2485
214 2476
215 2285
216 2458
217 2680
218 2753
219 2940
220 2967
221 3038
222 3230
223 3136
224 3301
225 2974
226 3065
227 3263
228 3330
229 3159
230 3234
231 3144
232 2999
233 3161
234 3035
235 3177
236 3134
237 3081
238 3116
239 3231
240 3114
241 3098
242 3018
243 3011
244 2912
245 2928
246 2749
247 2594
248 2537
249 2467
250 2311
251 2042
252 2129
253 2017
254 1954
255 1950
256 1852
257 1950
258 1886
259 1872
260 1810
261 1758
262 1702
263 1700
264 1634
265 1606
266 1496
267 1485
268 1387
269 1376
270 1395
271 1395
272 1391
273 1248
274 1375
275 1306
276 1243
277 1114
278 1172
279 1047
280 993
281 937
282 868
283 808
284 727
285 676
286 590
287 560
288 506
289 478
290 422
291 340
292 319
293 294
294 281
295 266
296 211
297 197
298 216
299 201
300 211
301 168
302 175
303 158
304 152
305 173
306 148
307 147
308 100
309 111
310 116
311 100
312 82
313 96
314 47
315 36
316 47
317 32
318 28
319 25
320 21
321 22
322 15
323 27
324 13
325 17
326 18
327 8
328 10
329 6
330 4
331 3
332 0
333 4
334 2
335 3
336 1
337 1
338 0
339 5
340 1
341 1
342 2
343 1
344 0
345 0
346 0
347 0
348 0
349 0
350 0
351 0
352 1
