0 0
1 0
2 0
3 0
4 0
5 0
6 0
7 0
8 0
9 0
10 0
11 0
12 0
13 0
14 0
15 0
16 1
17 0
18 0
19 0
20 0
21 0
22 1
23 1
24 0
25 1
26 3
27 3
28 2
29 2
30 2
31 3
32 4
33 1
34 4
35 3
36 0
37 5
38 2
39 1
40 2
41 2
42 3
43 0
44 2
45 1
46 2
47 3
48 1
49 3
50 5
51 4
52 0
53 2
54 1
55 3
56 1
57 0
58 4
59 4
60 8
61 4
62 7
63 1
64 3
65 1
66 3
67 7
68 2
69 1
70 1
71 3
72 2
73 5
74 3
75 6
76 4
77 5
78 12
79 10
80 7
81 12
82 11
83 21
84 11
85 5
86 14
87 4
88 34
89 7
90 5
91 18
92 27
93 18
94 23
95 15
96 9
97 32
98 11
99 32
100 28
101 25
102 14
103 58
104 46
105 33
106 35
107 19
108 37
109 52
110 48
111 54
112 38
113 60
114 48
115 36
116 29
117 40
118 59
119 58
120 71
121 68
122 76
123 66
124 37
125 56
126 68
127 73
128 64
129 82
130 68
131 54
132 61
133 77
134 75
135 94
136 97
137 68
138 104
139 123
140 122
141 96
142 99
143 129
144 126
145 99
146 130
147 117
148 152
149 131
150 167
151 191
152 198
153 247
154 238
155 272
156 262
157 298
158 420
159 415
160 507
161 584
162 644
163 712
164 827
165 843
166 922
167 892
168 895
169 901
170 914
171 861
172 915
173 919
174 849
175 917
176 1071
177 1086
178 1207
179 1252
180 1267
181 1285
182 1393
183 1357
184 1351
185 1311
186 1287
187 1299
188 1465
189 1517
190 1589
191 1810
192 1925
193 1887
194 1855
195 1939
196 1895
197 1894
198 2034
199 1959
200 2082
201 2020
202 1916
203 1715
204 1816
205 1733
206 1830
207 1823
208 1836
209 1859
210 1868
211 1847
212 2072
213 1957
214 2240
215 2174
216 2171
217 2272
218 2145
219 2424
220 2313
221 2252
222 2353
223 2336
224 2245
225 2147
226 2285
227 2315
228 2169
229 2326
230 2066
231 2187
232 2210
233 2142
234 2077
235 2023
236 2012
237 1901
238 1841
239 1895
240 1830
241 1852
242 1742
243 1597
244 1601
245 1561
246 1561
247 1597
248 1541
249 1591
250 1620
251 1585
252 1552
253 1661
254 1714
255 1797
256 1774
257 1803
258 1772
259 1653
260 1730
261 1637
262 1662
263 1673
264 1626
265 1544
266 1583
267 1514
268 1535
269 1617
270 1506
271 1436
272 1420
273 1472
274 1423
275 1513
276 1240
277 1239
278 1143
279 1081
280 974
281 922
282 816
283 802
284 768
285 719
286 717
287 668
288 641
289 696
290 570
291 617
292 607
293 617
294 523
295 484
296 506
297 487
298 463
299 387
300 397
301 385
302 388
303 339
304 325
305 319
306 286
307 243
308 206
309 216
310 199
311 192
312 196
313 193
314 139
315 117
316 119
317 93
318 96
319 91
320 64
321 71
322 66
323 40
324 58
325 47
326 49
327 49
328 33
329 26
330 33
331 28
332 29
333 24
334 15
335 11
336 13
337 17
338 11
339 16
340 5
341 6
342 7
343 12
344 5
345 4
346 3
347 0
348 1
349 1
350 0
351 0
352 1
353 1
