0 0
1 0
2 0
3 0
4 0
5 0
6 0
7 0
8 0
9 0
10 0
11 0
12 0
13 0
14 0
15 0
16 0
17 0
18 0
19 0
20 0
21 0
22 0
23 0
24 0
25 0
26 0
27 0
28 0
29 0
30 0
31 0
32 0
33 0
34 0
35 0
36 0
37 0
38 0
39 0
40 0
41 0
42 0
43 0
44 0
45 0
46 0
47 0
48 0
49 0
50 0
51 0
52 0
53 0
54 0
55 0
56 0
57 0
58 0
59 0
60 0
61 0
62 0
63 0
64 0
65 0
66 0
67 0
68 0
69 0
70 0
71 0
72 0
73 0
74 0
75 0
76 0
77 0
78 0
79 0
80 0
81 0
82 0
83 0
84 0
85 0
86 0
87 0
88 0
89 0
90 0
91 0
92 0
93 0
94 0
95 0
96 0
97 0
98 0
99 0
100 0
101 0
102 0
103 0
104 0
105 0
106 0
107 0
108 0
109 2
110 0
111 2
112 2
113 8
114 2
115 6
116 4
117 6
118 2
119 2
120 2
121 5
122 5
123 4
124 4
125 3
126 0
127 5
128 1
129 4
130 1
131 3
132 3
133 0
134 13
135 5
136 8
137 7
138 5
139 18
140 11
141 4
142 14
143 15
144 8
145 14
146 35
147 22
148 12
149 25
150 20
151 22
152 36
153 14
154 60
155 24
156 43
157 51
158 56
159 55
160 78
161 74
162 85
163 115
164 90
165 110
166 149
167 153
168 171
169 200
170 263
171 352
172 332
173 436
174 435
175 495
176 546
177 542
178 617
179 710
180 699
181 774
182 854
183 928
184 1095
185 1018
186 1055
187 1020
188 1077
189 1149
190 1175
191 1269
192 1268
193 1360
194 1334
195 1365
196 1559
197 1611
198 1755
199 1790
200 1883
201 1929
202 2099
203 2161
204 2272
205 2374
206 2512
207 2510
208 2606
209 2699
210 2940
211 2917
212 2908
213 2766
214 2735
215 2927
216 2725
217 2817
218 2921
219 2864
220 2956
221 3063
222 3191
223 3403
224 3251
225 3470
226 3498
227 3126
228 3250
229 3206
230 3033
231 3265
232 3190
233 3433
234 3193
235 3236
236 3312
237 3160
238 3113
239 2919
240 2934
241 2723
242 2544
243 2507
244 2458
245 2375
246 2280
247 2295
248 2399
249 2383
250 2280
251 2279
252 2222
253 2039
254 2035
255 2013
256 1838
257 1826
258 1722
259 1735
260 1591
261 1516
262 1531
263 1526
264 1480
265 1455
266 1408
267 1388
268 1285
269 1140
270 1120
271 982
272 900
273 1016
274 797
275 775
276 750
277 709
278 761
279 617
280 591
281 564
282 530
283 524
284 461
285 405
286 398
287 345
288 367
289 328
290 302
291 241
292 188
293 178
294 161
295 153
296 107
297 89
298 95
299 80
300 70
301 60
302 42
303 57
304 43
305 57
306 52
307 41
308 33
309 39
310 29
311 24
312 22
313 28
314 24
315 16
316 21
317 18
318 20
319 25
320 13
321 26
322 14
323 25
324 15
325 14
326 9
327 6
328 9
329 12
330 12
331 3
332 7
333 5
334 2
335 6
336 2
337 5
338 2
339 2
340 4
341 2
342 3
343 2
344 0
345 1
346 2
347 0
348 0
349 1
350 0
351 0
352 0
353 1
