0 0
1 0
2 0
3 0
4 0
5 0
6 0
7 0
8 0
9 0
10 0
11 0
12 0
13 0
14 0
15 0
16 0
17 0
18 0
19 0
20 0
21 0
22 0
23 0
24 0
25 0
26 0
27 0
28 0
29 0
30 0
31 0
32 0
33 0
34 0
35 0
36 0
37 0
38 0
39 0
40 0
41 0
42 0
43 0
44 1
45 0
46 0
47 2
48 1
49 1
50 1
51 0
52 1
53 1
54 0
55 0
56 1
57 1
58 0
59 0
60 0
61 1
62 4
63 0
64 2
65 2
66 2
67 0
68 4
69 4
70 1
71 3
72 2
73 2
74 3
75 5
76 4
77 2
78 1
79 0
80 2
81 3
82 6
83 4
84 3
85 2
86 10
87 1
88 2
89 2
90 1
91 3
92 6
93 2
94 4
95 8
96 8
97 5
98 5
99 9
100 8
101 6
102 3
103 5
104 12
105 9
106 6
107 5
108 7
109 8
110 9
111 11
112 12
113 5
114 11
115 16
116 20
117 20
118 26
119 22
120 25
121 11
122 21
123 17
124 28
125 21
126 19
127 33
128 54
129 52
130 62
131 84
132 89
133 111
134 93
135 102
136 117
137 115
138 115
139 110
140 126
141 147
142 145
143 132
144 162
145 103
146 130
147 122
148 126
149 138
150 79
151 116
152 148
153 118
154 152
155 131
156 165
157 159
158 184
159 242
160 259
161 270
162 277
163 285
164 284
165 290
166 270
167 317
168 305
169 299
170 304
171 279
172 328
173 322
174 317
175 374
176 399
177 364
178 470
179 439
180 527
181 495
182 534
183 593
184 672
185 610
186 550
187 659
188 638
189 654
190 654
191 705
192 693
193 766
194 772
195 864
196 894
197 931
198 1008
199 1073
200 1178
201 1140
202 1138
203 1270
204 1301
205 1328
206 1421
207 1453
208 1650
209 1666
210 1694
211 1758
212 1631
213 1778
214 1683
215 1721
216 1640
217 1762
218 1702
219 1711
220 1744
221 1688
222 1803
223 1812
224 1739
225 1737
226 1726
227 1767
228 1807
229 1797
230 1889
231 1928
232 2041
233 2206
234 2229
235 2184
236 2201
237 2305
238 2442
239 2336
240 2471
241 2443
242 2494
243 2294
244 2247
245 2287
246 2394
247 2267
248 2165
249 2213
250 1998
251 2124
252 2038
253 2097
254 1934
255 1899
256 1888
257 1909
258 1978
259 1945
260 1867
261 1882
262 1829
263 1985
264 2034
265 1942
266 1937
267 2061
268 1934
269 1968
270 2000
271 2021
272 2058
273 2136
274 2100
275 1922
276 1998
277 2005
278 1921
279 2020
280 1875
281 1928
282 2003
283 1912
284 1862
285 1848
286 1712
287 1726
288 1634
289 1463
290 1496
291 1325
292 1124
293 1121
294 1060
295 989
296 846
297 901
298 823
299 814
300 865
301 915
302 1003
303 1012
304 921
305 870
306 762
307 733
308 766
309 685
310 656
311 514
312 536
313 425
314 383
315 345
316 323
317 226
318 199
319 179
320 170
321 170
322 138
323 97
324 141
325 109
326 85
327 88
328 97
329 66
330 81
331 57
332 54
333 48
334 57
335 61
336 60
337 48
338 63
339 40
340 52
341 52
342 50
343 45
344 30
345 29
346 20
347 9
348 20
349 17
350 10
351 4
352 7
353 5
354 2
355 0
356 0
357 2
358 2
