0 0
1 0
2 0
3 0
4 0
5 0
6 0
7 0
8 0
9 0
10 0
11 0
12 0
13 0
14 0
15 0
16 0
17 0
18 0
19 0
20 0
21 0
22 0
23 0
24 0
25 0
26 0
27 0
28 0
29 0
30 0
31 0
32 0
33 0
34 0
35 0
36 0
37 0
38 0
39 0
40 0
41 0
42 0
43 0
44 0
45 0
46 0
47 0
48 0
49 0
50 0
51 0
52 0
53 0
54 0
55 0
56 0
57 0
58 0
59 0
60 0
61 0
62 0
63 0
64 0
65 0
66 0
67 0
68 0
69 0
70 0
71 0
72 0
73 0
74 0
75 0
76 0
77 0
78 0
79 0
80 0
81 0
82 0
83 0
84 0
85 0
86 0
87 0
88 0
89 0
90 0
91 0
92 0
93 0
94 0
95 0
96 0
97 0
98 0
99 0
100 0
101 0
102 0
103 0
104 0
105 0
106 0
107 0
108 0
109 0
110 0
111 0
112 0
113 0
114 0
115 0
116 0
117 0
118 0
119 1
120 0
121 0
122 0
123 0
124 0
125 0
126 0
127 0
128 0
129 1
130 0
131 0
132 0
133 1
134 1
135 1
136 5
137 0
138 2
139 0
140 3
141 1
142 4
143 1
144 2
145 3
146 1
147 6
148 1
149 4
150 5
151 4
152 8
153 4
154 5
155 6
156 10
157 12
158 12
159 6
160 18
161 10
162 16
163 11
164 27
165 30
166 45
167 74
168 58
169 55
170 57
171 74
172 66
173 73
174 135
175 190
176 241
177 227
178 258
179 295
180 300
181 261
182 305
183 309
184 326
185 316
186 328
187 368
188 428
189 513
190 531
191 426
192 521
193 511
194 506
195 414
196 488
197 513
198 552
199 593
200 606
201 687
202 712
203 712
204 710
205 859
206 926
207 1009
208 1089
209 1036
210 1218
211 1290
212 1422
213 1433
214 1446
215 1491
216 1637
217 1667
218 1624
219 1669
220 1728
221 1736
222 1748
223 1895
224 1978
225 2157
226 2479
227 2328
228 2574
229 2559
230 2730
231 2622
232 2746
233 2755
234 2817
235 2891
236 2839
237 2894
238 2875
239 2777
240 2765
241 2806
242 2577
243 2602
244 2477
245 2558
246 2491
247 2624
248 2651
249 2583
250 2709
251 2600
252 2539
253 2489
254 2711
255 2570
256 2565
257 2620
258 2534
259 2556
260 2591
261 2580
262 2466
263 2554
264 2606
265 2644
266 2482
267 2421
268 2370
269 2379
270 2394
271 2348
272 2355
273 2159
274 2153
275 2066
276 1935
277 1923
278 1830
279 1796
280 1630
281 1541
282 1656
283 1572
284 1427
285 1419
286 1381
287 1374
288 1229
289 1291
290 1209
291 1160
292 1105
293 1105
294 1193
295 1065
296 1045
297 1137
298 987
299 946
300 906
301 928
302 809
303 783
304 713
305 722
306 640
307 562
308 519
309 511
310 488
311 500
312 460
313 487
314 447
315 377
316 347
317 341
318 303
319 261
320 280
321 263
322 226
323 286
324 233
325 209
326 201
327 188
328 165
329 159
330 134
331 161
332 135
333 95
334 109
335 110
336 91
337 78
338 51
339 51
340 49
341 41
342 35
343 41
344 27
345 22
346 30
347 27
348 13
349 10
350 6
351 9
352 8
353 8
354 10
355 2
356 6
357 11
358 4
359 2
360 6
361 4
362 2
363 9
364 0
365 1
366 5
367 3
368 12
369 9
370 5
371 5
372 6
373 1
374 2
375 3
376 0
377 6
378 3
379 1
380 2
381 1
382 3
383 0
384 2
385 0
386 2
387 0
388 0
389 0
390 0
391 0
392 0
393 1
394 0
395 0
396 3
