0 0
1 0
2 0
3 0
4 0
5 0
6 0
7 0
8 0
9 0
10 0
11 0
12 0
13 0
14 0
15 0
16 0
17 0
18 0
19 0
20 0
21 0
22 0
23 0
24 0
25 0
26 0
27 0
28 0
29 0
30 0
31 0
32 0
33 0
34 0
35 0
36 0
37 0
38 0
39 0
40 0
41 0
42 0
43 0
44 0
45 0
46 0
47 0
48 0
49 0
50 0
51 0
52 0
53 0
54 0
55 0
56 0
57 0
58 0
59 0
60 0
61 0
62 0
63 0
64 0
65 0
66 0
67 0
68 0
69 0
70 0
71 0
72 0
73 0
74 0
75 0
76 0
77 0
78 0
79 0
80 0
81 0
82 0
83 0
84 0
85 0
86 0
87 0
88 0
89 0
90 0
91 0
92 0
93 0
94 0
95 1
96 1
97 1
98 0
99 1
100 0
101 0
102 0
103 1
104 0
105 3
106 1
107 0
108 0
109 4
110 0
111 1
112 1
113 0
114 0
115 0
116 0
117 4
118 2
119 2
120 0
121 1
122 1
123 2
124 0
125 2
126 4
127 0
128 3
129 2
130 2
131 11
132 3
133 7
134 7
135 9
136 14
137 12
138 18
139 15
140 22
141 30
142 41
143 35
144 55
145 55
146 55
147 51
148 53
149 57
150 80
151 62
152 53
153 78
154 42
155 69
156 60
157 59
158 70
159 70
160 70
161 82
162 82
163 71
164 76
165 75
166 95
167 119
168 113
169 127
170 147
171 149
172 132
173 170
174 194
175 242
176 243
177 286
178 322
179 266
180 314
181 337
182 349
183 401
184 407
185 432
186 550
187 509
188 551
189 594
190 633
191 619
192 709
193 716
194 795
195 769
196 770
197 851
198 951
199 1074
200 1170
201 1312
202 1407
203 1365
204 1490
205 1574
206 1455
207 1591
208 1616
209 1547
210 1778
211 1574
212 1527
213 1504
214 1380
215 1460
216 1402
217 1331
218 1536
219 1441
220 1503
221 1563
222 1643
223 1684
224 1656
225 1702
226 1862
227 1727
228 1943
229 1873
230 1886
231 1991
232 2140
233 2167
234 2183
235 2265
236 2198
237 2398
238 2328
239 2403
240 2428
241 2291
242 2184
243 2359
244 2386
245 2415
246 2444
247 2603
248 2652
249 2728
250 2506
251 2544
252 2598
253 2562
254 2529
255 2407
256 2431
257 2491
258 2616
259 2456
260 2597
261 2304
262 2278
263 2400
264 2468
265 2482
266 2479
267 2424
268 2470
269 2640
270 2362
271 2361
272 2385
273 2277
274 2165
275 2081
276 2085
277 1980
278 1899
279 1775
280 1762
281 1737
282 1581
283 1572
284 1465
285 1466
286 1287
287 1445
288 1302
289 1253
290 1203
291 1131
292 1086
293 1019
294 982
295 963
296 936
297 907
298 830
299 877
300 854
301 873
302 820
303 775
304 732
305 737
306 693
307 649
308 534
309 562
310 484
311 433
312 421
313 419
314 355
315 381
316 386
317 331
318 382
319 315
320 336
321 334
322 258
323 285
324 232
325 218
326 184
327 192
328 171
329 140
330 121
331 106
332 116
333 104
334 99
335 102
336 116
337 92
338 82
339 87
340 66
341 58
342 66
343 65
344 47
345 50
346 41
347 38
348 37
349 52
350 30
351 49
352 24
353 37
354 26
355 19
356 19
357 6
358 10
359 4
360 4
361 9
362 5
363 3
364 4
365 3
366 4
367 3
368 4
369 0
370 1
371 5
372 0
373 4
374 1
375 2
376 2
377 0
378 3
379 2
380 0
381 4
382 0
383 0
384 0
385 1
