0 0
1 0
2 0
3 0
4 0
5 0
6 0
7 0
8 0
9 0
10 0
11 0
12 0
13 0
14 0
15 0
16 0
17 0
18 0
19 0
20 0
21 0
22 0
23 0
24 0
25 0
26 0
27 0
28 0
29 0
30 0
31 0
32 0
33 0
34 0
35 0
36 0
37 0
38 0
39 0
40 0
41 0
42 0
43 0
44 0
45 0
46 0
47 0
48 0
49 2
50 0
51 1
52 0
53 3
54 3
55 3
56 5
57 3
58 5
59 3
60 1
61 2
62 3
63 2
64 2
65 2
66 1
67 1
68 6
69 3
70 1
71 3
72 1
73 5
74 2
75 2
76 11
77 6
78 3
79 1
80 6
81 6
82 4
83 6
84 5
85 8
86 6
87 8
88 10
89 7
90 9
91 4
92 7
93 3
94 8
95 2
96 4
97 5
98 12
99 5
100 7
101 6
102 1
103 2
104 2
105 4
106 0
107 3
108 2
109 2
110 1
111 4
112 6
113 6
114 3
115 1
116 5
117 2
118 6
119 12
120 7
121 6
122 4
123 4
124 9
125 12
126 8
127 5
128 12
129 17
130 6
131 13
132 10
133 16
134 14
135 15
136 25
137 24
138 36
139 29
140 36
141 40
142 29
143 42
144 31
145 31
146 49
147 38
148 46
149 44
150 51
151 58
152 38
153 47
154 53
155 43
156 51
157 63
158 56
159 70
160 64
161 62
162 72
163 103
164 66
165 103
166 127
167 166
168 252
169 294
170 329
171 346
172 360
173 417
174 432
175 411
176 380
177 346
178 350
179 338
180 294
181 287
182 252
183 269
184 348
185 300
186 314
187 320
188 291
189 267
190 313
191 295
192 340
193 360
194 399
195 363
196 377
197 398
198 382
199 390
200 481
201 465
202 542
203 532
204 637
205 738
206 706
207 826
208 741
209 862
210 916
211 960
212 991
213 1088
214 1026
215 1075
216 1122
217 1194
218 1185
219 1186
220 1187
221 1304
222 1498
223 1367
224 1407
225 1452
226 1521
227 1519
228 1506
229 1582
230 1644
231 1654
232 1647
233 1737
234 1698
235 1630
236 1625
237 1537
238 1660
239 1688
240 1714
241 1796
242 1958
243 1971
244 1962
245 1901
246 2079
247 2042
248 2063
249 2157
250 2184
251 2203
252 2115
253 2195
254 2128
255 2183
256 2259
257 2279
258 2227
259 2280
260 2315
261 2377
262 2384
263 2403
264 2459
265 2444
266 2440
267 2479
268 2566
269 2676
270 2470
271 2448
272 2383
273 2484
274 2222
275 2255
276 2278
277 2337
278 2265
279 2363
280 2301
281 2160
282 2115
283 2072
284 1984
285 1895
286 1667
287 1660
288 1682
289 1520
290 1577
291 1581
292 1454
293 1478
294 1458
295 1482
296 1456
297 1397
298 1410
299 1303
300 1292
301 1234
302 1180
303 1088
304 1162
305 1008
306 1079
307 1008
308 957
309 907
310 1042
311 1086
312 1013
313 1056
314 968
315 1021
316 1013
317 1099
318 979
319 979
320 849
321 841
322 802
323 714
324 729
325 658
326 597
327 525
328 494
329 406
330 378
331 325
332 360
333 272
334 276
335 231
336 254
337 245
338 229
339 202
340 289
341 272
342 235
343 273
344 294
345 246
346 312
347 401
348 365
349 356
350 324
351 305
352 340
353 328
354 304
355 194
356 127
357 135
358 102
359 45
360 47
361 33
362 23
363 29
364 25
365 29
366 28
367 12
368 23
369 22
370 12
371 6
372 4
373 7
374 2
375 1
376 1
377 1
378 1
