0 0
1 0
2 0
3 0
4 0
5 0
6 0
7 0
8 0
9 0
10 0
11 0
12 0
13 0
14 0
15 0
16 0
17 0
18 0
19 0
20 0
21 0
22 0
23 0
24 0
25 0
26 0
27 0
28 0
29 0
30 0
31 0
32 0
33 0
34 0
35 0
36 0
37 0
38 0
39 0
40 0
41 0
42 0
43 0
44 0
45 0
46 0
47 0
48 0
49 0
50 0
51 0
52 0
53 0
54 0
55 0
56 0
57 0
58 0
59 0
60 0
61 0
62 0
63 0
64 0
65 0
66 0
67 0
68 0
69 0
70 0
71 0
72 0
73 0
74 0
75 0
76 0
77 0
78 0
79 0
80 0
81 0
82 0
83 0
84 0
85 0
86 0
87 0
88 0
89 0
90 0
91 0
92 0
93 0
94 0
95 0
96 0
97 0
98 0
99 0
100 1
101 1
102 1
103 2
104 2
105 2
106 1
107 5
108 4
109 5
110 6
111 5
112 11
113 5
114 7
115 10
116 11
117 13
118 13
119 13
120 28
121 25
122 25
123 28
124 27
125 22
126 27
127 42
128 37
129 33
130 36
131 31
132 33
133 39
134 28
135 35
136 30
137 36
138 31
139 31
140 22
141 33
142 27
143 17
144 27
145 27
146 33
147 26
148 32
149 28
150 30
151 25
152 24
153 25
154 33
155 32
156 33
157 22
158 23
159 36
160 47
161 49
162 38
163 63
164 90
165 102
166 115
167 152
168 129
169 172
170 208
171 245
172 286
173 285
174 291
175 328
176 410
177 411
178 517
179 482
180 556
181 562
182 631
183 638
184 813
185 784
186 762
187 908
188 896
189 848
190 866
191 867
192 991
193 1000
194 1255
195 1219
196 1226
197 1266
198 1454
199 1451
200 1302
201 1357
202 1378
203 1374
204 1317
205 1483
206 1425
207 1371
208 1464
209 1415
210 1380
211 1482
212 1315
213 1372
214 1454
215 1465
216 1605
217 1577
218 1623
219 1653
220 1718
221 1812
222 1899
223 1854
224 1881
225 1948
226 1933
227 2073
228 2000
229 2107
230 2240
231 2326
232 2281
233 2434
234 2498
235 2463
236 2493
237 2625
238 2751
239 2820
240 2874
241 2897
242 3030
243 3052
244 3093
245 3199
246 3183
247 2993
248 2902
249 2987
250 2935
251 2858
252 2928
253 2762
254 2701
255 2762
256 2573
257 2593
258 2584
259 2333
260 2305
261 2195
262 2050
263 2062
264 1951
265 1903
266 1987
267 1868
268 1714
269 1721
270 1762
271 1727
272 1732
273 1753
274 1619
275 1687
276 1563
277 1575
278 1455
279 1563
280 1496
281 1523
282 1347
283 1267
284 1272
285 1209
286 1051
287 1006
288 1007
289 909
290 879
291 872
292 869
293 754
294 799
295 715
296 713
297 715
298 716
299 646
300 613
301 616
302 549
303 560
304 545
305 498
306 457
307 446
308 389
309 363
310 345
311 318
312 307
313 257
314 261
315 255
316 203
317 202
318 183
319 207
320 167
321 140
322 145
323 163
324 144
325 127
326 119
327 114
328 99
329 113
330 95
331 125
332 88
333 73
334 60
335 69
336 70
337 54
338 66
339 55
340 46
341 35
342 23
343 32
344 35
345 11
346 23
347 22
348 14
349 21
350 12
351 17
352 13
353 24
354 13
355 21
356 12
357 13
358 7
359 7
360 5
361 4
362 2
363 2
364 1
365 1
366 2
367 3
368 0
369 1
370 4
371 0
372 1
373 0
374 0
375 1
376 0
377 0
378 0
379 0
380 0
381 0
382 0
383 0
384 1
