0 0
1 0
2 0
3 0
4 0
5 0
6 0
7 0
8 0
9 0
10 0
11 0
12 0
13 0
14 0
15 0
16 0
17 0
18 0
19 0
20 0
21 0
22 0
23 0
24 0
25 0
26 0
27 0
28 0
29 0
30 0
31 0
32 0
33 0
34 0
35 0
36 0
37 0
38 0
39 0
40 0
41 0
42 0
43 0
44 0
45 0
46 0
47 0
48 0
49 0
50 0
51 0
52 0
53 0
54 0
55 0
56 0
57 0
58 0
59 0
60 0
61 0
62 0
63 0
64 0
65 0
66 0
67 0
68 0
69 0
70 0
71 0
72 0
73 0
74 0
75 0
76 0
77 0
78 0
79 0
80 0
81 0
82 0
83 0
84 0
85 0
86 0
87 0
88 0
89 0
90 0
91 0
92 0
93 0
94 0
95 0
96 0
97 0
98 0
99 0
100 0
101 0
102 0
103 0
104 0
105 0
106 0
107 0
108 0
109 0
110 0
111 0
112 0
113 0
114 0
115 0
116 0
117 0
118 0
119 0
120 0
121 0
122 0
123 1
124 0
125 0
126 1
127 0
128 4
129 1
130 3
131 1
132 7
133 3
134 7
135 5
136 18
137 23
138 22
139 31
140 33
141 27
142 33
143 43
144 56
145 32
146 62
147 87
148 64
149 104
150 134
151 123
152 138
153 197
154 190
155 238
156 181
157 263
158 270
159 269
160 323
161 273
162 377
163 365
164 367
165 383
166 379
167 448
168 554
169 480
170 605
171 608
172 686
173 782
174 947
175 861
176 985
177 1052
178 1139
179 1136
180 1248
181 1327
182 1229
183 1253
184 1175
185 1207
186 1325
187 1290
188 1457
189 1457
190 1452
191 1617
192 1648
193 1703
194 1798
195 1865
196 1866
197 1936
198 1978
199 1938
200 2116
201 2083
202 2173
203 2182
204 2249
205 2380
206 2528
207 2621
208 2587
209 2572
210 2686
211 2676
212 2723
213 2735
214 2677
215 2586
216 2523
217 2505
218 2562
219 2569
220 2589
221 2557
222 2648
223 2602
224 2647
225 2517
226 2534
227 2795
228 2722
229 2672
230 2835
231 2724
232 2617
233 2571
234 2495
235 2391
236 2249
237 2109
238 2024
239 1874
240 1793
241 1756
242 1538
243 1665
244 1601
245 1593
246 1619
247 1582
248 1543
249 1587
250 1555
251 1416
252 1494
253 1455
254 1313
255 1335
256 1298
257 1336
258 1077
259 1178
260 1092
261 1130
262 1031
263 1049
264 1082
265 1064
266 973
267 1012
268 978
269 980
270 1107
271 1110
272 1009
273 962
274 990
275 985
276 896
277 868
278 806
279 823
280 769
281 770
282 730
283 732
284 687
285 714
286 622
287 622
288 648
289 596
290 556
291 536
292 550
293 557
294 629
295 720
296 733
297 738
298 797
299 779
300 863
301 768
302 766
303 688
304 765
305 660
306 545
307 553
308 454
309 412
310 410
311 357
312 328
313 338
314 322
315 289
316 278
317 188
318 180
319 158
320 164
321 143
322 118
323 111
324 116
325 106
326 62
327 69
328 64
329 86
330 68
331 55
332 58
333 53
334 59
335 40
336 29
337 46
338 43
339 33
340 31
341 39
342 47
343 28
344 33
345 45
346 36
347 20
348 15
349 26
350 18
351 31
352 27
353 26
354 26
355 30
356 15
357 12
358 12
359 12
360 8
361 9
362 8
363 3
364 5
365 1
366 1
367 0
368 1
369 0
370 0
371 2
372 0
373 4
