0 0
1 0
2 0
3 0
4 0
5 0
6 0
7 0
8 0
9 0
10 0
11 0
12 0
13 0
14 0
15 0
16 0
17 0
18 0
19 0
20 0
21 0
22 0
23 0
24 0
25 0
26 0
27 0
28 0
29 0
30 0
31 0
32 0
33 0
34 0
35 0
36 0
37 0
38 0
39 0
40 0
41 0
42 0
43 0
44 0
45 0
46 0
47 0
48 0
49 0
50 0
51 0
52 0
53 0
54 0
55 0
56 0
57 0
58 0
59 0
60 0
61 0
62 0
63 0
64 0
65 0
66 0
67 0
68 0
69 0
70 0
71 0
72 0
73 0
74 0
75 0
76 0
77 0
78 0
79 0
80 0
81 0
82 0
83 0
84 0
85 0
86 0
87 0
88 0
89 0
90 0
91 0
92 0
93 0
94 0
95 0
96 0
97 0
98 0
99 0
100 0
101 0
102 0
103 0
104 0
105 0
106 0
107 0
108 0
109 0
110 0
111 0
112 0
113 0
114 0
115 0
116 0
117 0
118 0
119 0
120 0
121 0
122 0
123 1
124 0
125 1
126 0
127 1
128 0
129 1
130 2
131 3
132 1
133 3
134 4
135 3
136 6
137 11
138 9
139 9
140 10
141 11
142 15
143 12
144 16
145 12
146 17
147 21
148 19
149 24
150 20
151 12
152 20
153 19
154 30
155 14
156 19
157 32
158 45
159 44
160 54
161 50
162 67
163 62
164 58
165 80
166 78
167 72
168 83
169 66
170 83
171 111
172 125
173 90
174 109
175 112
176 89
177 127
178 146
179 137
180 178
181 122
182 277
183 314
184 338
185 287
186 262
187 302
188 287
189 270
190 246
191 291
192 332
193 384
194 348
195 371
196 434
197 380
198 440
199 546
200 529
201 543
202 589
203 679
204 709
205 700
206 768
207 673
208 715
209 763
210 772
211 834
212 869
213 979
214 1000
215 1081
216 1085
217 1142
218 1053
219 1120
220 1080
221 1148
222 1092
223 1103
224 1162
225 1206
226 1295
227 1248
228 1297
229 1306
230 1400
231 1433
232 1610
233 1534
234 1723
235 1619
236 1826
237 1862
238 1851
239 1852
240 2055
241 2070
242 2135
243 1986
244 2021
245 2115
246 2219
247 2298
248 2347
249 2457
250 2592
251 2623
252 2847
253 2949
254 3091
255 3153
256 3154
257 3295
258 3340
259 3653
260 3675
261 3631
262 3358
263 3427
264 3113
265 3048
266 2924
267 2862
268 2688
269 2730
270 2611
271 2607
272 2504
273 2474
274 2340
275 2452
276 2440
277 2253
278 2360
279 2349
280 2290
281 2280
282 2191
283 2186
284 2177
285 2094
286 2002
287 2092
288 1898
289 1939
290 1712
291 1728
292 1605
293 1614
294 1532
295 1367
296 1392
297 1374
298 1363
299 1418
300 1275
301 1200
302 1265
303 1154
304 1077
305 1027
306 990
307 884
308 825
309 833
310 861
311 855
312 801
313 805
314 730
315 683
316 621
317 553
318 520
319 451
320 419
321 402
322 328
323 322
324 341
325 266
326 284
327 225
328 221
329 205
330 194
331 175
332 163
333 178
334 172
335 122
336 163
337 120
338 112
339 98
340 91
341 53
342 61
343 54
344 43
345 22
346 34
347 29
348 18
349 23
350 19
351 12
352 16
353 20
354 24
355 27
356 16
357 17
358 24
359 5
360 14
361 19
362 23
363 14
364 8
365 11
366 15
367 11
368 10
369 14
370 4
371 2
372 7
373 4
374 9
375 0
376 6
377 1
378 3
379 0
380 2
381 0
382 2
383 5
384 0
385 0
386 1
387 0
388 0
389 0
390 0
391 0
392 0
393 0
394 0
395 0
396 0
397 0
398 0
399 2
400 2
401 2
402 0
403 2
