0 0
1 0
2 0
3 0
4 0
5 0
6 0
7 0
8 0
9 0
10 0
11 0
12 0
13 0
14 0
15 0
16 0
17 0
18 0
19 0
20 0
21 0
22 0
23 0
24 0
25 0
26 0
27 0
28 0
29 0
30 0
31 0
32 0
33 0
34 0
35 0
36 0
37 0
38 0
39 0
40 0
41 0
42 0
43 0
44 0
45 0
46 0
47 0
48 0
49 0
50 0
51 0
52 0
53 0
54 0
55 0
56 0
57 0
58 0
59 0
60 0
61 0
62 0
63 0
64 0
65 0
66 0
67 0
68 0
69 0
70 0
71 0
72 0
73 0
74 0
75 0
76 0
77 0
78 0
79 0
80 0
81 0
82 0
83 0
84 0
85 0
86 0
87 0
88 0
89 0
90 0
91 0
92 0
93 0
94 0
95 0
96 0
97 0
98 0
99 0
100 1
101 0
102 0
103 1
104 1
105 1
106 0
107 3
108 5
109 3
110 1
111 2
112 2
113 6
114 12
115 15
116 9
117 10
118 9
119 3
120 10
121 6
122 15
123 15
124 9
125 9
126 9
127 9
128 17
129 14
130 8
131 10
132 15
133 28
134 21
135 24
136 11
137 7
138 32
139 21
140 21
141 27
142 13
143 19
144 32
145 32
146 28
147 47
148 35
149 32
150 40
151 32
152 45
153 51
154 39
155 27
156 55
157 47
158 47
159 56
160 39
161 52
162 60
163 63
164 70
165 64
166 59
167 70
168 69
169 82
170 84
171 87
172 105
173 115
174 113
175 128
176 143
177 129
178 167
179 165
180 143
181 179
182 208
183 217
184 168
185 246
186 236
187 242
188 304
189 343
190 333
191 375
192 353
193 399
194 462
195 498
196 523
197 509
198 566
199 589
200 622
201 671
202 612
203 611
204 605
205 616
206 551
207 680
208 686
209 730
210 710
211 737
212 752
213 791
214 789
215 845
216 904
217 926
218 989
219 1050
220 977
221 1136
222 1053
223 1096
224 1054
225 1106
226 1214
227 1303
228 1291
229 1349
230 1330
231 1422
232 1529
233 1680
234 1604
235 1819
236 1829
237 1714
238 1894
239 2021
240 1906
241 2016
242 1948
243 2044
244 2078
245 2165
246 2095
247 2124
248 2022
249 2166
250 2167
251 2068
252 2314
253 2209
254 2415
255 2343
256 2455
257 2589
258 2624
259 2676
260 2680
261 2570
262 2704
263 2774
264 2646
265 2648
266 2754
267 2579
268 2565
269 2562
270 2699
271 2589
272 2677
273 2657
274 2380
275 2521
276 2451
277 2363
278 2476
279 2543
280 2570
281 2594
282 2586
283 2503
284 2589
285 2629
286 2498
287 2505
288 2421
289 2278
290 2126
291 2204
292 2006
293 1811
294 1766
295 1489
296 1594
297 1577
298 1505
299 1508
300 1458
301 1332
302 1333
303 1220
304 1214
305 1096
306 1025
307 937
308 917
309 814
310 895
311 754
312 846
313 794
314 813
315 820
316 729
317 736
318 621
319 663
320 541
321 522
322 500
323 460
324 423
325 390
326 440
327 360
328 363
329 347
330 373
331 327
332 317
333 321
334 321
335 274
336 299
337 321
338 296
339 288
340 294
341 297
342 288
343 300
344 220
345 197
346 165
347 143
348 116
349 84
350 71
351 58
352 46
353 27
354 36
355 20
356 15
357 16
358 20
359 13
360 20
361 15
362 11
363 16
364 10
365 12
366 16
367 14
368 16
369 8
370 17
371 8
372 10
373 6
374 4
375 3
376 3
377 0
378 1
379 1
380 1
