0 0
1 0
2 0
3 0
4 0
5 0
6 0
7 0
8 0
9 0
10 0
11 0
12 0
13 0
14 0
15 0
16 0
17 0
18 0
19 0
20 1
21 0
22 0
23 0
24 0
25 0
26 0
27 0
28 0
29 0
30 0
31 0
32 0
33 0
34 0
35 0
36 0
37 0
38 0
39 0
40 0
41 0
42 0
43 0
44 0
45 0
46 0
47 0
48 0
49 0
50 2
51 0
52 0
53 0
54 0
55 0
56 0
57 0
58 0
59 0
60 0
61 0
62 0
63 0
64 0
65 0
66 0
67 2
68 0
69 1
70 0
71 0
72 0
73 0
74 0
75 0
76 0
77 0
78 1
79 2
80 1
81 0
82 0
83 0
84 0
85 3
86 0
87 6
88 0
89 0
90 1
91 0
92 0
93 0
94 2
95 0
96 0
97 0
98 3
99 0
100 3
101 1
102 0
103 1
104 2
105 2
106 2
107 2
108 2
109 3
110 8
111 3
112 8
113 8
114 5
115 4
116 2
117 2
118 10
119 2
120 9
121 5
122 1
123 6
124 5
125 7
126 4
127 7
128 7
129 11
130 9
131 11
132 16
133 11
134 22
135 25
136 47
137 34
138 64
139 65
140 54
141 83
142 83
143 73
144 94
145 109
146 87
147 89
148 107
149 99
150 115
151 101
152 101
153 138
154 146
155 147
156 156
157 129
158 138
159 130
160 139
161 148
162 138
163 135
164 160
165 153
166 137
167 163
168 149
169 171
170 208
171 211
172 222
173 266
174 234
175 269
176 346
177 354
178 348
179 424
180 465
181 506
182 468
183 535
184 571
185 618
186 663
187 729
188 757
189 779
190 955
191 913
192 1116
193 1201
194 1331
195 1286
196 1333
197 1440
198 1458
199 1515
200 1436
201 1484
202 1509
203 1461
204 1463
205 1422
206 1443
207 1497
208 1482
209 1539
210 1557
211 1605
212 1600
213 1645
214 1637
215 1659
216 1700
217 1654
218 1738
219 1697
220 1819
221 1861
222 1983
223 1953
224 2061
225 2178
226 2043
227 2186
228 2186
229 2308
230 2135
231 2236
232 2171
233 2337
234 2233
235 2442
236 2452
237 2293
238 2332
239 2284
240 2319
241 2378
242 2439
243 2417
244 2283
245 2333
246 2477
247 2453
248 2511
249 2486
250 2467
251 2523
252 2403
253 2272
254 2199
255 2186
256 2150
257 2062
258 1904
259 1948
260 1974
261 1815
262 1906
263 1726
264 1818
265 1795
266 1741
267 1697
268 1683
269 1662
270 1688
271 1692
272 1653
273 1659
274 1550
275 1478
276 1529
277 1554
278 1490
279 1375
280 1448
281 1321
282 1338
283 1231
284 1042
285 1051
286 1054
287 1146
288 939
289 1059
290 931
291 982
292 955
293 972
294 954
295 939
296 860
297 787
298 854
299 901
300 860
301 798
302 808
303 751
304 763
305 664
306 712
307 688
308 638
309 685
310 625
311 665
312 655
313 662
314 720
315 751
316 738
317 646
318 681
319 673
320 735
321 562
322 543
323 562
324 560
325 477
326 407
327 285
328 228
329 209
330 119
331 112
332 75
333 89
334 71
335 35
336 30
337 43
338 47
339 42
340 30
341 34
342 23
343 21
344 14
345 28
346 24
347 12
348 6
349 12
350 3
351 7
352 8
353 7
354 2
355 4
356 2
357 4
358 5
359 2
360 2
361 1
362 0
363 4
364 2
