0 0
1 0
2 0
3 0
4 0
5 0
6 0
7 0
8 0
9 0
10 0
11 0
12 0
13 0
14 0
15 0
16 0
17 0
18 0
19 0
20 0
21 0
22 0
23 1
24 0
25 1
26 0
27 0
28 0
29 1
30 1
31 0
32 1
33 1
34 0
35 0
36 1
37 0
38 1
39 1
40 2
41 1
42 0
43 2
44 0
45 0
46 2
47 2
48 4
49 0
50 2
51 2
52 3
53 3
54 1
55 0
56 1
57 4
58 3
59 3
60 2
61 3
62 1
63 1
64 1
65 0
66 1
67 2
68 2
69 0
70 0
71 0
72 1
73 1
74 2
75 3
76 1
77 1
78 0
79 1
80 2
81 1
82 2
83 0
84 1
85 1
86 1
87 3
88 1
89 1
90 2
91 0
92 3
93 1
94 1
95 1
96 0
97 0
98 3
99 0
100 0
101 0
102 2
103 0
104 2
105 1
106 0
107 1
108 1
109 2
110 3
111 1
112 2
113 1
114 1
115 3
116 1
117 1
118 1
119 2
120 3
121 1
122 5
123 3
124 0
125 2
126 3
127 2
128 3
129 8
130 10
131 3
132 1
133 3
134 4
135 7
136 5
137 8
138 6
139 13
140 10
141 14
142 5
143 17
144 12
145 8
146 14
147 13
148 25
149 19
150 25
151 20
152 20
153 25
154 22
155 21
156 45
157 24
158 40
159 41
160 39
161 48
162 52
163 56
164 64
165 57
166 75
167 68
168 72
169 98
170 110
171 130
172 137
173 128
174 152
175 164
176 180
177 205
178 242
179 291
180 267
181 268
182 279
183 301
184 293
185 375
186 424
187 425
188 444
189 519
190 566
191 582
192 645
193 693
194 807
195 749
196 849
197 886
198 905
199 953
200 976
201 1108
202 1102
203 1142
204 1269
205 1352
206 1463
207 1586
208 1612
209 1858
210 1924
211 1998
212 2091
213 2210
214 2178
215 2321
216 2512
217 2429
218 2609
219 2858
220 2666
221 2746
222 2805
223 2790
224 2781
225 2729
226 2695
227 2766
228 2734
229 2601
230 2448
231 2536
232 2474
233 2278
234 2353
235 2416
236 2426
237 2441
238 2299
239 2346
240 2359
241 2276
242 2271
243 2274
244 2246
245 2280
246 2422
247 2414
248 2426
249 2273
250 2418
251 2441
252 2505
253 2702
254 2520
255 2725
256 2583
257 2613
258 2660
259 2511
260 2427
261 2294
262 2269
263 2099
264 2054
265 2047
266 2006
267 1915
268 1954
269 1932
270 1848
271 1686
272 1792
273 1684
274 1690
275 1718
276 1661
277 1594
278 1522
279 1396
280 1383
281 1452
282 1355
283 1262
284 1314
285 1276
286 1133
287 1130
288 1110
289 1012
290 1044
291 1003
292 1028
293 1052
294 1072
295 1001
296 962
297 868
298 830
299 901
300 835
301 786
302 762
303 691
304 559
305 542
306 475
307 437
308 386
309 386
310 365
311 312
312 253
313 302
314 249
315 243
316 193
317 203
318 186
319 135
320 138
321 129
322 117
323 102
324 81
325 82
326 93
327 69
328 43
329 65
330 38
331 33
332 41
333 33
334 40
335 31
336 26
337 32
338 15
339 30
340 25
341 24
342 24
343 29
344 28
345 21
346 15
347 22
348 22
349 27
350 10
351 20
352 21
353 18
354 14
355 7
356 14
357 5
358 5
359 4
360 8
361 8
362 7
363 6
364 9
365 3
366 5
367 6
368 3
369 3
370 1
371 1
372 2
373 1
374 3
375 5
376 1
377 2
378 4
379 1
380 0
381 1
382 2
383 1
384 1
385 1
386 0
387 0
388 0
389 0
390 1
