0 0
1 0
2 0
3 0
4 0
5 0
6 0
7 0
8 0
9 0
10 0
11 0
12 0
13 0
14 0
15 0
16 0
17 0
18 0
19 0
20 0
21 0
22 0
23 0
24 0
25 0
26 0
27 0
28 0
29 0
30 0
31 0
32 0
33 0
34 0
35 0
36 0
37 0
38 0
39 0
40 0
41 0
42 0
43 0
44 0
45 0
46 0
47 0
48 0
49 0
50 0
51 0
52 0
53 0
54 0
55 0
56 0
57 0
58 0
59 0
60 0
61 0
62 0
63 0
64 0
65 0
66 0
67 0
68 0
69 0
70 0
71 0
72 0
73 0
74 0
75 0
76 0
77 0
78 0
79 0
80 0
81 0
82 0
83 0
84 0
85 0
86 0
87 0
88 0
89 1
90 0
91 0
92 0
93 0
94 0
95 1
96 1
97 2
98 1
99 1
100 2
101 1
102 1
103 3
104 1
105 3
106 0
107 1
108 2
109 2
110 2
111 3
112 3
113 0
114 4
115 2
116 4
117 7
118 4
119 3
120 5
121 7
122 2
123 6
124 4
125 7
126 12
127 7
128 10
129 6
130 18
131 6
132 19
133 17
134 19
135 28
136 29
137 29
138 22
139 30
140 18
141 33
142 24
143 39
144 33
145 36
146 51
147 43
148 41
149 48
150 48
151 60
152 50
153 63
154 86
155 100
156 85
157 99
158 88
159 88
160 102
161 90
162 109
163 91
164 122
165 132
166 179
167 135
168 118
169 137
170 176
171 165
172 204
173 206
174 208
175 218
176 245
177 259
178 247
179 314
180 326
181 347
182 360
183 429
184 409
185 476
186 468
187 486
188 514
189 561
190 653
191 689
192 758
193 923
194 919
195 1014
196 1102
197 1199
198 1377
199 1426
200 1670
201 1627
202 1613
203 1568
204 1627
205 1309
206 1311
207 1353
208 1350
209 1575
210 1606
211 1616
212 1523
213 1554
214 1543
215 1614
216 1585
217 1526
218 1731
219 1856
220 1854
221 1911
222 2071
223 1944
224 2021
225 2042
226 2142
227 1999
228 2162
229 2194
230 2482
231 2414
232 2565
233 2672
234 2554
235 2460
236 2409
237 2394
238 2311
239 2355
240 2355
241 2367
242 2302
243 2490
244 2519
245 2552
246 2433
247 2496
248 2637
249 2554
250 2455
251 2523
252 2354
253 2347
254 2346
255 2245
256 2274
257 2190
258 1992
259 2123
260 2013
261 2062
262 2029
263 1994
264 1931
265 2081
266 1923
267 1915
268 1792
269 1942
270 1887
271 1898
272 1915
273 1768
274 2006
275 1921
276 2020
277 2192
278 2069
279 2011
280 1853
281 1665
282 1627
283 1468
284 1402
285 1385
286 1373
287 1294
288 1272
289 1168
290 1107
291 1013
292 1100
293 1030
294 959
295 838
296 856
297 879
298 823
299 803
300 818
301 772
302 677
303 640
304 633
305 592
306 541
307 555
308 471
309 501
310 519
311 468
312 478
313 446
314 431
315 433
316 386
317 339
318 337
319 327
320 333
321 318
322 315
323 278
324 257
325 236
326 205
327 218
328 193
329 217
330 184
331 165
332 129
333 114
334 126
335 118
336 99
337 76
338 68
339 63
340 64
341 56
342 64
343 39
344 56
345 27
346 29
347 29
348 23
349 19
350 26
351 8
352 14
353 14
354 18
355 20
356 15
357 8
358 12
359 19
360 13
361 8
362 11
363 18
364 15
365 7
366 8
367 5
368 4
369 6
370 7
371 4
372 0
373 1
374 1
375 5
376 3
377 1
378 1
379 0
380 0
381 0
382 1
383 1
384 0
385 0
386 0
387 0
388 1
