0 0
1 0
2 0
3 0
4 0
5 0
6 0
7 0
8 0
9 0
10 0
11 0
12 0
13 0
14 0
15 0
16 0
17 0
18 0
19 0
20 0
21 0
22 0
23 0
24 0
25 0
26 0
27 0
28 0
29 0
30 0
31 0
32 0
33 0
34 0
35 0
36 0
37 0
38 0
39 0
40 1
41 1
42 1
43 2
44 0
45 2
46 2
47 1
48 3
49 0
50 1
51 1
52 1
53 0
54 0
55 1
56 1
57 1
58 0
59 0
60 0
61 0
62 0
63 0
64 0
65 1
66 0
67 0
68 0
69 1
70 0
71 0
72 0
73 0
74 0
75 0
76 0
77 0
78 0
79 1
80 0
81 0
82 0
83 0
84 0
85 0
86 2
87 1
88 0
89 2
90 2
91 3
92 0
93 1
94 1
95 0
96 1
97 3
98 1
99 1
100 2
101 1
102 0
103 0
104 2
105 0
106 0
107 3
108 1
109 0
110 5
111 4
112 0
113 0
114 0
115 1
116 0
117 0
118 4
119 1
120 0
121 0
122 2
123 3
124 6
125 9
126 7
127 13
128 11
129 31
130 28
131 37
132 31
133 42
134 50
135 63
136 73
137 73
138 90
139 87
140 82
141 126
142 90
143 96
144 86
145 104
146 81
147 127
148 123
149 114
150 148
151 117
152 94
153 77
154 81
155 90
156 96
157 97
158 117
159 97
160 133
161 144
162 166
163 178
164 177
165 168
166 199
167 200
168 190
169 179
170 187
171 223
172 233
173 206
174 234
175 261
176 230
177 243
178 292
179 263
180 276
181 281
182 311
183 379
184 330
185 411
186 408
187 423
188 468
189 455
190 476
191 578
192 579
193 623
194 665
195 727
196 725
197 852
198 828
199 883
200 953
201 1030
202 970
203 1040
204 1057
205 1055
206 1106
207 1171
208 1284
209 1271
210 1357
211 1477
212 1566
213 1654
214 1806
215 1789
216 1813
217 1728
218 1620
219 1654
220 1685
221 1562
222 1508
223 1651
224 1549
225 1723
226 1668
227 1732
228 1766
229 1729
230 1803
231 1789
232 1826
233 1935
234 1800
235 1888
236 1925
237 1827
238 1949
239 2103
240 2025
241 2077
242 2054
243 2005
244 2142
245 2072
246 2068
247 1971
248 1896
249 2011
250 2051
251 2206
252 2193
253 2285
254 2141
255 2057
256 2143
257 2066
258 2108
259 2001
260 2060
261 1937
262 1988
263 1988
264 2060
265 2034
266 2183
267 2116
268 1972
269 2023
270 2106
271 1963
272 1950
273 2001
274 2010
275 2043
276 1954
277 2057
278 1919
279 1827
280 1771
281 1709
282 1761
283 1613
284 1549
285 1665
286 1570
287 1467
288 1597
289 1547
290 1501
291 1576
292 1504
293 1499
294 1432
295 1290
296 1424
297 1179
298 1198
299 1032
300 1039
301 1071
302 1006
303 1006
304 1038
305 1063
306 1168
307 1092
308 1099
309 1145
310 1169
311 1210
312 1187
313 1180
314 1185
315 1048
316 1075
317 933
318 792
319 647
320 629
321 568
322 514
323 470
324 379
325 333
326 288
327 274
328 214
329 219
330 155
331 140
332 157
333 106
334 150
335 111
336 120
337 114
338 89
339 125
340 114
341 106
342 92
343 110
344 85
345 94
346 75
347 74
348 73
349 73
350 57
351 43
352 43
353 37
354 38
355 23
356 34
357 33
358 26
359 32
360 14
361 25
362 38
363 39
364 29
365 31
366 36
367 35
368 26
369 29
370 19
371 21
372 17
373 8
374 8
375 9
376 2
377 1
378 4
379 1
