0 0
1 0
2 0
3 0
4 0
5 0
6 0
7 0
8 0
9 0
10 0
11 0
12 0
13 0
14 0
15 0
16 0
17 0
18 0
19 0
20 0
21 0
22 0
23 0
24 0
25 0
26 0
27 0
28 0
29 0
30 0
31 0
32 0
33 0
34 0
35 0
36 0
37 0
38 0
39 0
40 0
41 0
42 0
43 0
44 0
45 0
46 0
47 0
48 0
49 0
50 0
51 0
52 0
53 0
54 0
55 0
56 0
57 0
58 0
59 0
60 0
61 0
62 0
63 0
64 0
65 0
66 0
67 0
68 0
69 0
70 0
71 0
72 0
73 0
74 0
75 0
76 0
77 0
78 0
79 0
80 0
81 0
82 0
83 0
84 0
85 0
86 0
87 0
88 0
89 0
90 0
91 0
92 0
93 0
94 0
95 0
96 0
97 0
98 0
99 0
100 0
101 0
102 0
103 0
104 0
105 0
106 0
107 0
108 1
109 1
110 1
111 3
112 1
113 2
114 3
115 5
116 4
117 5
118 5
119 10
120 15
121 24
122 16
123 20
124 14
125 14
126 8
127 13
128 8
129 14
130 17
131 13
132 8
133 10
134 15
135 21
136 13
137 18
138 22
139 23
140 22
141 23
142 27
143 33
144 32
145 35
146 27
147 32
148 30
149 29
150 41
151 42
152 45
153 43
154 46
155 26
156 32
157 35
158 45
159 35
160 55
161 32
162 41
163 46
164 38
165 53
166 31
167 52
168 42
169 58
170 55
171 45
172 55
173 64
174 50
175 69
176 81
177 86
178 95
179 124
180 103
181 144
182 134
183 165
184 163
185 198
186 216
187 201
188 208
189 207
190 284
191 275
192 274
193 285
194 314
195 304
196 350
197 296
198 354
199 439
200 466
201 472
202 539
203 524
204 585
205 586
206 560
207 610
208 660
209 619
210 612
211 721
212 621
213 706
214 731
215 744
216 775
217 765
218 748
219 873
220 823
221 912
222 836
223 918
224 1014
225 976
226 958
227 975
228 1047
229 989
230 1014
231 1000
232 1125
233 1087
234 1125
235 1214
236 1168
237 1176
238 1312
239 1340
240 1514
241 1532
242 1626
243 1716
244 1805
245 2108
246 2082
247 2002
248 1967
249 1999
250 1941
251 1833
252 1801
253 1929
254 1905
255 1948
256 1899
257 2013
258 1988
259 2102
260 2043
261 2195
262 2180
263 2225
264 2204
265 2180
266 2244
267 2261
268 2303
269 2345
270 2342
271 2425
272 2449
273 2373
274 2400
275 2481
276 2444
277 2618
278 2587
279 2446
280 2467
281 2460
282 2429
283 2390
284 2415
285 2436
286 2493
287 2399
288 2360
289 2253
290 2394
291 2270
292 2355
293 2341
294 2457
295 2463
296 2569
297 2468
298 2404
299 2329
300 2176
301 1959
302 1911
303 1949
304 1910
305 1670
306 1764
307 1647
308 1732
309 1693
310 1421
311 1570
312 1386
313 1303
314 1227
315 1225
316 1163
317 1073
318 990
319 1038
320 880
321 806
322 675
323 634
324 580
325 605
326 500
327 488
328 515
329 534
330 469
331 468
332 495
333 420
334 475
335 471
336 474
337 502
338 546
339 471
340 510
341 477
342 499
343 461
344 365
345 379
346 314
347 306
348 290
349 268
350 246
351 243
352 208
353 161
354 159
355 127
356 119
357 94
358 85
359 70
360 68
361 57
362 35
363 31
364 32
365 8
366 16
367 12
368 18
369 8
370 10
371 23
372 13
373 12
374 12
375 10
376 18
377 10
378 18
379 6
380 4
381 9
382 4
383 4
384 4
385 1
386 0
387 1
388 2
389 1
