0 0
1 0
2 0
3 0
4 0
5 0
6 0
7 0
8 0
9 0
10 0
11 0
12 0
13 0
14 0
15 1
16 0
17 0
18 0
19 0
20 0
21 0
22 0
23 0
24 0
25 0
26 0
27 0
28 0
29 0
30 0
31 0
32 1
33 0
34 0
35 0
36 0
37 0
38 0
39 0
40 1
41 2
42 4
43 0
44 2
45 0
46 3
47 3
48 2
49 3
50 1
51 9
52 2
53 1
54 2
55 9
56 3
57 5
58 3
59 3
60 2
61 2
62 2
63 2
64 2
65 2
66 2
67 3
68 7
69 3
70 7
71 0
72 4
73 2
74 4
75 6
76 3
77 7
78 7
79 2
80 3
81 5
82 2
83 2
84 1
85 1
86 3
87 2
88 2
89 2
90 0
91 2
92 3
93 2
94 1
95 2
96 2
97 1
98 0
99 0
100 0
101 3
102 2
103 0
104 8
105 9
106 1
107 1
108 1
109 2
110 6
111 0
112 1
113 3
114 7
115 1
116 2
117 1
118 2
119 0
120 0
121 4
122 3
123 5
124 5
125 3
126 12
127 4
128 8
129 4
130 7
131 10
132 6
133 14
134 9
135 12
136 13
137 17
138 23
139 22
140 29
141 28
142 30
143 29
144 28
145 42
146 44
147 42
148 62
149 72
150 99
151 81
152 62
153 74
154 78
155 87
156 77
157 112
158 116
159 109
160 129
161 135
162 174
163 158
164 178
165 191
166 213
167 254
168 248
169 316
170 268
171 290
172 272
173 290
174 340
175 331
176 355
177 372
178 459
179 435
180 511
181 541
182 521
183 599
184 599
185 659
186 723
187 732
188 759
189 819
190 865
191 876
192 867
193 955
194 961
195 1088
196 1088
197 1148
198 1135
199 1275
200 1205
201 1285
202 1258
203 1324
204 1223
205 1299
206 1376
207 1332
208 1267
209 1255
210 1256
211 1265
212 1242
213 1242
214 1301
215 1332
216 1500
217 1562
218 1621
219 1693
220 1785
221 1704
222 1932
223 1930
224 1972
225 1970
226 1975
227 1864
228 1953
229 1901
230 1813
231 1805
232 1697
233 1577
234 1732
235 1745
236 1819
237 2026
238 2012
239 2263
240 2339
241 2231
242 2183
243 2166
244 2049
245 2341
246 2312
247 2377
248 2323
249 2277
250 2394
251 2509
252 2279
253 2439
254 2404
255 2427
256 2379
257 2390
258 2451
259 2176
260 2172
261 2151
262 2149
263 2001
264 1927
265 1988
266 1866
267 1796
268 1823
269 1758
270 1819
271 1702
272 1661
273 1633
274 1761
275 1734
276 1729
277 1745
278 1706
279 1899
280 1900
281 1914
282 1873
283 1826
284 1694
285 1826
286 1717
287 1652
288 1500
289 1378
290 1358
291 1351
292 1353
293 1314
294 1358
295 1242
296 1182
297 1105
298 1066
299 982
300 1104
301 910
302 908
303 753
304 800
305 760
306 705
307 690
308 676
309 656
310 584
311 554
312 580
313 559
314 507
315 440
316 474
317 495
318 433
319 454
320 441
321 474
322 608
323 529
324 517
325 503
326 428
327 351
328 301
329 253
330 232
331 167
332 129
333 140
334 102
335 64
336 59
337 51
338 48
339 39
340 44
341 38
342 40
343 43
344 32
345 42
346 29
347 47
348 34
349 24
350 27
351 28
352 20
353 28
354 23
355 20
356 19
357 19
358 14
359 19
360 14
361 22
362 19
363 8
364 3
365 1
366 2
367 0
368 0
369 0
370 0
371 2
372 0
373 0
374 0
375 0
376 2
377 0
378 0
379 0
380 1
381 0
382 0
383 1
