0 0
1 0
2 0
3 0
4 0
5 0
6 0
7 0
8 0
9 0
10 0
11 0
12 0
13 0
14 0
15 0
16 0
17 0
18 0
19 0
20 0
21 0
22 0
23 0
24 0
25 0
26 0
27 0
28 0
29 0
30 0
31 0
32 0
33 0
34 0
35 0
36 0
37 0
38 0
39 0
40 0
41 0
42 0
43 0
44 0
45 0
46 0
47 0
48 0
49 0
50 0
51 0
52 0
53 0
54 0
55 0
56 0
57 0
58 0
59 0
60 0
61 0
62 0
63 0
64 0
65 0
66 0
67 0
68 0
69 0
70 0
71 0
72 0
73 0
74 0
75 0
76 0
77 0
78 0
79 0
80 0
81 0
82 0
83 0
84 0
85 0
86 0
87 0
88 0
89 0
90 0
91 0
92 0
93 0
94 0
95 0
96 0
97 0
98 2
99 1
100 1
101 0
102 1
103 1
104 1
105 0
106 5
107 0
108 4
109 1
110 5
111 2
112 3
113 4
114 2
115 0
116 2
117 0
118 1
119 2
120 1
121 1
122 7
123 2
124 5
125 9
126 13
127 2
128 9
129 4
130 8
131 14
132 10
133 7
134 7
135 11
136 8
137 13
138 9
139 13
140 4
141 17
142 14
143 21
144 25
145 18
146 29
147 22
148 34
149 39
150 45
151 31
152 57
153 36
154 44
155 36
156 34
157 43
158 50
159 43
160 57
161 67
162 54
163 44
164 55
165 74
166 51
167 60
168 61
169 82
170 61
171 76
172 55
173 77
174 77
175 87
176 123
177 118
178 124
179 143
180 142
181 129
182 148
183 180
184 225
185 265
186 264
187 332
188 337
189 367
190 391
191 471
192 487
193 516
194 509
195 484
196 525
197 544
198 475
199 573
200 555
201 529
202 580
203 599
204 681
205 597
206 587
207 675
208 674
209 675
210 767
211 769
212 779
213 768
214 784
215 791
216 827
217 869
218 816
219 889
220 973
221 1016
222 1051
223 1059
224 1162
225 1177
226 1212
227 1330
228 1383
229 1411
230 1367
231 1423
232 1555
233 1572
234 1638
235 1625
236 1733
237 1787
238 1869
239 1995
240 2022
241 2002
242 1967
243 2034
244 2105
245 2128
246 2139
247 1981
248 2042
249 2079
250 2065
251 2057
252 2229
253 2102
254 2213
255 2249
256 2231
257 2329
258 2336
259 2333
260 2447
261 2457
262 2315
263 2482
264 2482
265 2519
266 2591
267 2492
268 2572
269 2739
270 2705
271 2682
272 2916
273 2933
274 2722
275 2747
276 2754
277 2825
278 2785
279 2874
280 2831
281 2749
282 2542
283 2521
284 2492
285 2440
286 2370
287 2277
288 2323
289 2294
290 2262
291 2397
292 2356
293 2266
294 2099
295 2025
296 1871
297 1682
298 1643
299 1586
300 1454
301 1311
302 1282
303 1368
304 1123
305 1161
306 1135
307 1105
308 1085
309 1064
310 1025
311 945
312 973
313 866
314 858
315 850
316 792
317 812
318 801
319 789
320 716
321 642
322 623
323 523
324 412
325 388
326 368
327 340
328 280
329 236
330 221
331 163
332 140
333 126
334 124
335 136
336 112
337 121
338 110
339 95
340 76
341 83
342 81
343 68
344 84
345 65
346 80
347 58
348 65
349 37
350 55
351 38
352 41
353 23
354 28
355 36
356 19
357 16
358 26
359 23
360 14
361 23
362 17
363 23
364 17
365 17
366 18
367 12
368 20
369 15
370 9
371 11
372 11
373 8
374 19
375 12
376 7
377 10
378 6
379 5
380 3
381 5
382 1
383 3
384 1
385 5
386 1
387 1
388 1
389 0
390 0
391 0
392 0
393 1
394 1
395 0
396 0
397 0
398 0
399 0
400 0
401 0
402 0
403 0
404 2
405 0
406 0
407 0
408 2
