0 0
1 0
2 0
3 0
4 0
5 0
6 0
7 1
8 0
9 0
10 0
11 0
12 0
13 0
14 0
15 1
16 0
17 0
18 0
19 0
20 0
21 0
22 1
23 1
24 2
25 0
26 2
27 0
28 0
29 2
30 0
31 1
32 2
33 1
34 3
35 0
36 1
37 1
38 1
39 2
40 1
41 1
42 2
43 2
44 5
45 1
46 1
47 3
48 2
49 3
50 2
51 3
52 3
53 4
54 2
55 3
56 4
57 3
58 1
59 2
60 0
61 2
62 1
63 3
64 2
65 2
66 2
67 3
68 6
69 2
70 6
71 4
72 2
73 1
74 1
75 1
76 0
77 1
78 2
79 3
80 1
81 1
82 2
83 0
84 3
85 3
86 2
87 2
88 3
89 2
90 2
91 0
92 3
93 1
94 3
95 2
96 3
97 1
98 3
99 1
100 5
101 2
102 1
103 0
104 0
105 1
106 0
107 2
108 0
109 2
110 0
111 2
112 0
113 2
114 1
115 1
116 0
117 2
118 0
119 1
120 0
121 2
122 3
123 2
124 0
125 2
126 3
127 6
128 4
129 1
130 5
131 6
132 8
133 11
134 10
135 11
136 18
137 14
138 14
139 19
140 25
141 26
142 19
143 20
144 21
145 16
146 22
147 25
148 27
149 33
150 32
151 43
152 49
153 49
154 71
155 60
156 99
157 147
158 157
159 279
160 326
161 484
162 539
163 544
164 674
165 535
166 644
167 707
168 583
169 564
170 565
171 427
172 423
173 388
174 393
175 354
176 348
177 381
178 425
179 372
180 383
181 355
182 405
183 390
184 397
185 369
186 335
187 391
188 394
189 365
190 345
191 435
192 361
193 500
194 466
195 441
196 489
197 547
198 507
199 564
200 570
201 594
202 559
203 595
204 558
205 578
206 599
207 643
208 603
209 616
210 666
211 718
212 746
213 689
214 664
215 729
216 740
217 744
218 788
219 816
220 924
221 935
222 1024
223 1090
224 1127
225 1137
226 1307
227 1223
228 1263
229 1332
230 1383
231 1477
232 1410
233 1531
234 1505
235 1548
236 1587
237 1611
238 1727
239 1625
240 1821
241 1867
242 1979
243 1972
244 2103
245 2021
246 2324
247 2262
248 2503
249 2417
250 2461
251 2459
252 2425
253 2494
254 2309
255 2273
256 2285
257 2374
258 2488
259 2551
260 2621
261 2618
262 2713
263 2707
264 2732
265 2686
266 2765
267 2815
268 2748
269 2849
270 2764
271 2744
272 2703
273 2765
274 2703
275 2672
276 2514
277 2482
278 2164
279 2170
280 2130
281 2195
282 2101
283 1994
284 2051
285 2164
286 2155
287 2036
288 2093
289 2106
290 1972
291 1877
292 1707
293 1763
294 1756
295 1651
296 1585
297 1596
298 1462
299 1465
300 1460
301 1322
302 1269
303 1238
304 1207
305 1167
306 1110
307 1018
308 994
309 1038
310 1002
311 916
312 870
313 729
314 630
315 690
316 589
317 571
318 512
319 454
320 406
321 395
322 329
323 352
324 335
325 300
326 269
327 274
328 203
329 198
330 179
331 225
332 191
333 208
334 193
335 178
336 177
337 141
338 126
339 116
340 140
341 124
342 96
343 105
344 90
345 83
346 84
347 69
348 55
349 46
350 51
351 74
352 37
353 66
354 61
355 74
356 37
357 34
358 36
359 35
360 31
361 35
362 28
363 26
364 29
365 25
366 7
367 13
368 5
369 3
370 9
371 4
372 0
373 3
374 0
375 0
376 1
377 2
378 0
379 0
380 0
381 0
382 0
383 0
384 0
385 0
386 3
