0 0
1 0
2 0
3 0
4 0
5 0
6 0
7 0
8 0
9 0
10 0
11 0
12 0
13 0
14 0
15 0
16 0
17 0
18 0
19 0
20 0
21 0
22 1
23 0
24 1
25 0
26 0
27 3
28 1
29 1
30 3
31 4
32 3
33 0
34 1
35 4
36 0
37 1
38 4
39 0
40 0
41 1
42 1
43 4
44 2
45 1
46 1
47 4
48 1
49 2
50 3
51 1
52 2
53 2
54 1
55 0
56 0
57 1
58 1
59 0
60 2
61 3
62 2
63 1
64 2
65 1
66 1
67 2
68 2
69 2
70 4
71 1
72 1
73 3
74 1
75 1
76 2
77 1
78 1
79 3
80 4
81 2
82 2
83 3
84 1
85 1
86 0
87 1
88 0
89 0
90 1
91 1
92 2
93 2
94 2
95 0
96 0
97 0
98 4
99 1
100 1
101 1
102 2
103 3
104 2
105 1
106 1
107 3
108 3
109 2
110 2
111 0
112 1
113 2
114 2
115 2
116 3
117 2
118 4
119 1
120 0
121 1
122 2
123 5
124 0
125 5
126 4
127 10
128 6
129 4
130 9
131 4
132 6
133 7
134 8
135 10
136 13
137 14
138 13
139 23
140 23
141 26
142 28
143 31
144 32
145 30
146 35
147 40
148 45
149 36
150 35
151 42
152 45
153 65
154 74
155 102
156 137
157 189
158 213
159 286
160 390
161 427
162 588
163 654
164 644
165 606
166 521
167 464
168 524
169 510
170 433
171 392
172 366
173 302
174 271
175 256
176 250
177 254
178 278
179 311
180 312
181 286
182 329
183 352
184 363
185 431
186 379
187 423
188 505
189 481
190 483
191 527
192 491
193 491
194 468
195 540
196 533
197 544
198 579
199 535
200 521
201 569
202 604
203 606
204 622
205 714
206 655
207 724
208 686
209 733
210 740
211 757
212 855
213 854
214 886
215 878
216 925
217 890
218 991
219 1095
220 1062
221 1122
222 1168
223 1154
224 1253
225 1215
226 1197
227 1218
228 1417
229 1329
230 1394
231 1380
232 1628
233 1642
234 1595
235 1708
236 1719
237 1920
238 1848
239 1939
240 1995
241 2051
242 2084
243 2101
244 2237
245 2135
246 2271
247 2113
248 2277
249 2199
250 2297
251 2240
252 2173
253 2181
254 2252
255 2281
256 2285
257 2411
258 2344
259 2373
260 2381
261 2565
262 2672
263 2674
264 2723
265 2746
266 2806
267 2968
268 3020
269 2989
270 2773
271 2791
272 2691
273 2630
274 2582
275 2373
276 2277
277 2382
278 2344
279 2317
280 2310
281 2245
282 2234
283 2289
284 2257
285 2044
286 1987
287 2038
288 1941
289 1991
290 2017
291 2000
292 1864
293 1785
294 1751
295 1596
296 1653
297 1555
298 1399
299 1447
300 1323
301 1295
302 1312
303 1208
304 1063
305 1112
306 958
307 951
308 869
309 778
310 775
311 663
312 613
313 558
314 563
315 503
316 471
317 479
318 419
319 400
320 350
321 319
322 320
323 311
324 271
325 311
326 261
327 276
328 224
329 251
330 186
331 175
332 175
333 178
334 154
335 135
336 116
337 95
338 103
339 86
340 99
341 90
342 77
343 102
344 50
345 77
346 59
347 63
348 63
349 50
350 32
351 69
352 46
353 46
354 45
355 50
356 60
357 61
358 44
359 32
360 54
361 47
362 34
363 41
364 16
365 8
366 8
367 11
368 4
369 7
370 6
371 2
372 1
373 5
374 1
375 2
376 1
377 0
378 2
379 0
380 1
