0 0
1 0
2 0
3 0
4 0
5 0
6 0
7 0
8 0
9 0
10 0
11 0
12 0
13 0
14 0
15 0
16 0
17 0
18 0
19 0
20 0
21 0
22 0
23 0
24 0
25 0
26 0
27 0
28 0
29 0
30 0
31 0
32 0
33 0
34 0
35 0
36 0
37 0
38 0
39 0
40 0
41 0
42 0
43 0
44 0
45 0
46 0
47 0
48 0
49 0
50 0
51 0
52 0
53 0
54 0
55 0
56 0
57 0
58 0
59 0
60 0
61 0
62 0
63 1
64 0
65 0
66 1
67 0
68 0
69 0
70 0
71 0
72 1
73 1
74 0
75 2
76 0
77 0
78 0
79 0
80 1
81 0
82 1
83 0
84 2
85 2
86 1
87 2
88 0
89 2
90 2
91 1
92 1
93 0
94 2
95 0
96 1
97 3
98 2
99 1
100 0
101 0
102 0
103 0
104 1
105 0
106 0
107 2
108 3
109 2
110 2
111 6
112 5
113 4
114 3
115 3
116 2
117 2
118 11
119 5
120 5
121 2
122 5
123 5
124 3
125 9
126 7
127 3
128 9
129 13
130 9
131 9
132 9
133 11
134 22
135 33
136 24
137 26
138 23
139 36
140 20
141 24
142 28
143 24
144 20
145 38
146 42
147 36
148 33
149 31
150 31
151 37
152 39
153 38
154 38
155 36
156 46
157 49
158 61
159 61
160 73
161 58
162 80
163 70
164 110
165 124
166 149
167 193
168 220
169 229
170 201
171 249
172 260
173 232
174 280
175 267
176 255
177 295
178 333
179 343
180 398
181 462
182 503
183 570
184 772
185 864
186 966
187 1038
188 1166
189 1209
190 1227
191 1337
192 1235
193 1324
194 1245
195 1270
196 1178
197 1179
198 1119
199 1007
200 1111
201 1095
202 1095
203 1124
204 1118
205 1331
206 1445
207 1515
208 1619
209 1623
210 1846
211 1915
212 1908
213 1961
214 1849
215 1821
216 1645
217 1634
218 1614
219 1621
220 1764
221 1700
222 1692
223 1807
224 1769
225 1706
226 1705
227 1882
228 1777
229 1852
230 1646
231 1884
232 2093
233 2067
234 2118
235 2007
236 2098
237 2106
238 2168
239 2322
240 2442
241 2368
242 2495
243 2346
244 2439
245 2537
246 2416
247 2448
248 2545
249 2443
250 2316
251 2467
252 2559
253 2536
254 2578
255 2654
256 2794
257 2890
258 2868
259 2960
260 2803
261 2941
262 2800
263 2781
264 2825
265 2638
266 2690
267 2633
268 2581
269 2212
270 2231
271 2061
272 1972
273 1866
274 1805
275 1691
276 1659
277 1533
278 1487
279 1440
280 1375
281 1274
282 1281
283 1289
284 1366
285 1251
286 1194
287 1140
288 1064
289 1048
290 957
291 891
292 933
293 922
294 831
295 764
296 763
297 767
298 694
299 705
300 593
301 576
302 601
303 583
304 570
305 487
306 488
307 456
308 408
309 423
310 384
311 359
312 270
313 299
314 278
315 258
316 204
317 206
318 227
319 182
320 200
321 200
322 194
323 154
324 188
325 172
326 156
327 162
328 141
329 119
330 129
331 107
332 106
333 62
334 61
335 65
336 40
337 46
338 39
339 13
340 19
341 11
342 28
343 22
344 9
345 8
346 15
347 12
348 9
349 3
350 9
351 4
352 12
353 4
354 3
355 3
356 3
357 1
358 1
359 0
360 0
361 0
362 1
363 1
364 0
365 1
366 1
367 1
368 0
369 0
370 0
371 1
372 2
373 0
374 0
375 1
376 2
377 0
378 0
379 0
380 1
381 0
382 0
383 0
384 0
385 0
386 1
387 0
388 0
389 0
390 0
391 0
392 0
393 0
394 0
395 1
396 1
397 0
398 0
399 1
400 0
401 0
402 1
