0 0
1 0
2 0
3 0
4 0
5 0
6 0
7 0
8 0
9 0
10 0
11 0
12 0
13 1
14 1
15 0
16 3
17 0
18 2
19 0
20 2
21 3
22 0
23 0
24 4
25 0
26 2
27 0
28 2
29 5
30 4
31 0
32 2
33 4
34 2
35 0
36 6
37 1
38 0
39 6
40 3
41 8
42 8
43 2
44 8
45 10
46 6
47 16
48 8
49 14
50 17
51 11
52 13
53 14
54 8
55 18
56 22
57 15
58 24
59 8
60 15
61 15
62 14
63 12
64 5
65 13
66 12
67 10
68 18
69 27
70 15
71 31
72 28
73 13
74 16
75 24
76 27
77 26
78 18
79 14
80 12
81 16
82 15
83 14
84 3
85 6
86 13
87 25
88 25
89 28
90 30
91 22
92 44
93 29
94 38
95 55
96 63
97 58
98 71
99 38
100 37
101 30
102 30
103 12
104 22
105 18
106 17
107 29
108 26
109 27
110 40
111 78
112 73
113 75
114 42
115 61
116 61
117 68
118 73
119 54
120 73
121 94
122 70
123 78
124 126
125 99
126 92
127 101
128 104
129 107
130 119
131 116
132 152
133 126
134 188
135 177
136 197
137 179
138 183
139 203
140 208
141 159
142 246
143 137
144 210
145 193
146 206
147 224
148 258
149 268
150 257
151 307
152 345
153 345
154 449
155 471
156 545
157 582
158 659
159 683
160 749
161 800
162 746
163 755
164 800
165 805
166 771
167 714
168 777
169 744
170 702
171 748
172 721
173 771
174 830
175 941
176 940
177 1020
178 923
179 1142
180 1132
181 1202
182 1287
183 1195
184 1213
185 1254
186 1298
187 1220
188 1241
189 1334
190 1424
191 1385
192 1520
193 1556
194 1697
195 1665
196 1795
197 1969
198 2091
199 2089
200 2155
201 2398
202 2221
203 2333
204 2355
205 2481
206 2499
207 2565
208 2691
209 2618
210 2710
211 2769
212 2935
213 2757
214 2948
215 2917
216 2933
217 3011
218 3120
219 3258
220 3126
221 3221
222 3285
223 3129
224 3114
225 3002
226 3135
227 3053
228 3117
229 3019
230 3060
231 3117
232 3128
233 3148
234 3028
235 2981
236 2916
237 2886
238 2905
239 2916
240 2787
241 2661
242 2438
243 2408
244 2228
245 2199
246 2155
247 2104
248 1884
249 1881
250 1793
251 1821
252 1602
253 1511
254 1410
255 1367
256 1200
257 1113
258 982
259 872
260 819
261 742
262 734
263 612
264 628
265 547
266 500
267 521
268 426
269 423
270 397
271 420
272 341
273 309
274 301
275 332
276 259
277 266
278 250
279 198
280 214
281 166
282 211
283 185
284 171
285 140
286 127
287 131
288 81
289 79
290 50
291 67
292 45
293 39
294 27
295 23
296 18
297 16
298 18
299 10
300 10
301 9
302 17
303 7
304 16
305 13
306 9
307 7
308 7
309 7
310 8
311 12
312 5
313 7
314 4
315 6
316 4
317 5
318 3
319 4
320 1
321 5
322 4
323 3
324 4
325 3
326 2
327 4
328 1
329 3
330 2
331 1
332 0
333 0
334 1
