0 0
1 0
2 0
3 0
4 0
5 0
6 0
7 0
8 0
9 0
10 0
11 0
12 0
13 0
14 0
15 0
16 0
17 0
18 0
19 0
20 0
21 0
22 0
23 0
24 0
25 0
26 0
27 1
28 0
29 0
30 0
31 0
32 0
33 1
34 0
35 0
36 1
37 1
38 1
39 1
40 1
41 1
42 1
43 1
44 3
45 0
46 1
47 0
48 2
49 0
50 1
51 0
52 0
53 1
54 0
55 2
56 0
57 1
58 6
59 1
60 2
61 4
62 0
63 2
64 0
65 0
66 0
67 1
68 2
69 2
70 1
71 0
72 2
73 0
74 2
75 1
76 0
77 0
78 2
79 0
80 2
81 1
82 0
83 3
84 2
85 2
86 3
87 7
88 1
89 4
90 2
91 0
92 5
93 2
94 1
95 0
96 1
97 1
98 4
99 4
100 4
101 0
102 3
103 0
104 2
105 0
106 3
107 7
108 8
109 7
110 9
111 11
112 18
113 4
114 6
115 10
116 3
117 8
118 12
119 20
120 8
121 5
122 15
123 16
124 10
125 11
126 13
127 4
128 15
129 12
130 12
131 22
132 9
133 27
134 36
135 37
136 35
137 33
138 54
139 39
140 44
141 62
142 69
143 70
144 77
145 97
146 98
147 98
148 122
149 127
150 144
151 144
152 161
153 185
154 182
155 262
156 270
157 262
158 317
159 366
160 361
161 353
162 378
163 458
164 458
165 437
166 491
167 544
168 449
169 536
170 559
171 609
172 600
173 719
174 702
175 668
176 658
177 751
178 770
179 794
180 824
181 893
182 848
183 923
184 1032
185 1078
186 1052
187 1087
188 1196
189 1117
190 1276
191 1372
192 1439
193 1468
194 1515
195 1634
196 1581
197 1829
198 1783
199 1857
200 1818
201 1880
202 1965
203 1893
204 1951
205 2074
206 2047
207 2241
208 2273
209 2171
210 2124
211 2229
212 2188
213 2319
214 2300
215 2308
216 2191
217 2087
218 2125
219 2071
220 2133
221 2197
222 2034
223 2114
224 2046
225 2023
226 1986
227 2116
228 2145
229 2159
230 2182
231 2126
232 2189
233 2145
234 2171
235 2040
236 2108
237 2001
238 2176
239 2222
240 2205
241 2137
242 2189
243 2098
244 2156
245 1965
246 1961
247 1993
248 1939
249 1887
250 1975
251 1877
252 1901
253 1933
254 1978
255 2003
256 1989
257 1883
258 1918
259 1969
260 2014
261 1929
262 2043
263 1993
264 1957
265 1941
266 1772
267 1934
268 1889
269 1829
270 1833
271 1669
272 1686
273 1418
274 1423
275 1345
276 1196
277 1243
278 1241
279 1235
280 1157
281 1134
282 1082
283 1068
284 1059
285 910
286 860
287 839
288 806
289 744
290 733
291 696
292 612
293 561
294 547
295 511
296 480
297 477
298 428
299 409
300 429
301 332
302 311
303 375
304 334
305 310
306 315
307 279
308 274
309 230
310 258
311 202
312 200
313 195
314 188
315 190
316 158
317 158
318 155
319 130
320 140
321 108
322 122
323 105
324 88
325 82
326 80
327 71
328 72
329 42
330 34
331 26
332 44
333 35
334 20
335 13
336 24
337 14
338 27
339 25
340 26
341 14
342 24
343 21
344 22
345 14
346 19
347 17
348 17
349 22
350 16
351 17
352 16
353 20
354 8
355 9
356 12
357 15
358 15
359 15
360 19
361 13
362 10
363 7
364 3
365 7
366 5
367 1
368 1
369 1
370 0
371 1
372 1
