0 0
1 0
2 0
3 0
4 0
5 0
6 0
7 0
8 0
9 0
10 0
11 0
12 0
13 0
14 0
15 0
16 0
17 0
18 0
19 0
20 0
21 0
22 0
23 0
24 0
25 0
26 0
27 0
28 0
29 0
30 0
31 0
32 0
33 0
34 0
35 0
36 0
37 0
38 0
39 0
40 0
41 0
42 0
43 0
44 0
45 1
46 0
47 0
48 0
49 0
50 0
51 0
52 0
53 0
54 0
55 0
56 0
57 0
58 0
59 0
60 0
61 0
62 0
63 0
64 0
65 0
66 0
67 0
68 0
69 0
70 0
71 0
72 0
73 0
74 0
75 0
76 0
77 0
78 0
79 0
80 0
81 0
82 0
83 0
84 0
85 0
86 0
87 0
88 0
89 0
90 0
91 0
92 0
93 0
94 0
95 0
96 0
97 0
98 0
99 0
100 0
101 0
102 0
103 0
104 0
105 0
106 0
107 0
108 0
109 0
110 0
111 0
112 0
113 0
114 0
115 0
116 0
117 0
118 0
119 0
120 0
121 0
122 0
123 0
124 0
125 0
126 0
127 0
128 1
129 7
130 3
131 7
132 10
133 24
134 41
135 36
136 66
137 85
138 89
139 101
140 121
141 119
142 113
143 108
144 76
145 84
146 99
147 107
148 133
149 159
150 138
151 142
152 194
153 179
154 161
155 184
156 190
157 247
158 226
159 249
160 272
161 338
162 374
163 361
164 499
165 620
166 735
167 752
168 760
169 847
170 838
171 1040
172 972
173 1178
174 1092
175 1083
176 1096
177 1153
178 1137
179 1118
180 1188
181 1203
182 1311
183 1265
184 1275
185 1316
186 1371
187 1341
188 1292
189 1329
190 1439
191 1514
192 1399
193 1495
194 1606
195 1582
196 1650
197 1689
198 1693
199 1743
200 1793
201 1899
202 1852
203 1836
204 1810
205 1942
206 1994
207 1925
208 1863
209 1985
210 1999
211 1855
212 1991
213 2012
214 2003
215 2059
216 2142
217 2210
218 2226
219 2234
220 2371
221 2266
222 2363
223 2326
224 2387
225 2445
226 2408
227 2570
228 2721
229 2650
230 2757
231 2858
232 2688
233 2790
234 2787
235 2881
236 2909
237 2761
238 2838
239 2652
240 2563
241 2511
242 2466
243 2335
244 2125
245 2067
246 1888
247 1782
248 1624
249 1599
250 1541
251 1569
252 1491
253 1443
254 1442
255 1435
256 1341
257 1248
258 1259
259 1183
260 1280
261 1200
262 1137
263 1164
264 1136
265 1122
266 1053
267 1011
268 1064
269 1117
270 981
271 1017
272 1035
273 992
274 1043
275 932
276 973
277 1082
278 1028
279 1026
280 1025
281 1005
282 890
283 846
284 833
285 721
286 745
287 766
288 686
289 708
290 720
291 716
292 717
293 662
294 674
295 654
296 645
297 631
298 646
299 632
300 569
301 553
302 448
303 433
304 372
305 350
306 352
307 340
308 308
309 253
310 276
311 272
312 243
313 232
314 240
315 210
316 190
317 183
318 184
319 174
320 170
321 150
322 142
323 145
324 127
325 155
326 113
327 134
328 113
329 111
330 110
331 93
332 118
333 74
334 70
335 70
336 58
337 39
338 58
339 35
340 53
341 25
342 34
343 32
344 26
345 15
346 18
347 14
348 20
349 15
350 17
351 17
352 22
353 18
354 26
355 27
356 27
357 21
358 17
359 21
360 28
361 14
362 12
363 10
364 6
365 5
366 5
367 2
368 2
369 3
370 1
371 4
372 2
373 1
