0 0
1 0
2 0
3 0
4 0
5 0
6 0
7 0
8 0
9 0
10 0
11 0
12 0
13 0
14 0
15 0
16 0
17 0
18 0
19 0
20 0
21 0
22 0
23 0
24 0
25 0
26 0
27 0
28 0
29 0
30 0
31 0
32 0
33 0
34 0
35 0
36 0
37 0
38 0
39 0
40 0
41 0
42 0
43 0
44 0
45 0
46 0
47 0
48 0
49 0
50 0
51 0
52 0
53 0
54 0
55 0
56 0
57 0
58 0
59 0
60 0
61 0
62 0
63 0
64 0
65 0
66 0
67 0
68 0
69 0
70 0
71 0
72 0
73 0
74 0
75 0
76 0
77 2
78 0
79 0
80 2
81 0
82 2
83 2
84 1
85 0
86 3
87 3
88 1
89 2
90 2
91 1
92 3
93 0
94 3
95 2
96 3
97 5
98 1
99 8
100 5
101 2
102 9
103 5
104 3
105 3
106 8
107 9
108 11
109 19
110 11
111 8
112 13
113 11
114 13
115 18
116 13
117 22
118 26
119 19
120 11
121 13
122 34
123 36
124 29
125 18
126 38
127 24
128 43
129 27
130 24
131 20
132 24
133 24
134 35
135 21
136 29
137 30
138 31
139 24
140 36
141 45
142 49
143 52
144 40
145 49
146 48
147 71
148 63
149 88
150 75
151 78
152 95
153 105
154 139
155 144
156 180
157 171
158 185
159 164
160 199
161 219
162 220
163 241
164 333
165 369
166 413
167 473
168 493
169 604
170 634
171 650
172 708
173 814
174 789
175 825
176 894
177 904
178 860
179 962
180 896
181 938
182 982
183 962
184 833
185 951
186 918
187 896
188 1031
189 980
190 1093
191 1019
192 1126
193 1108
194 1276
195 1197
196 1296
197 1253
198 1246
199 1256
200 1437
201 1341
202 1417
203 1351
204 1334
205 1413
206 1393
207 1444
208 1436
209 1380
210 1606
211 1550
212 1663
213 1663
214 1702
215 1786
216 1957
217 1996
218 2014
219 1993
220 2115
221 2254
222 2233
223 2280
224 2396
225 2395
226 2256
227 2433
228 2512
229 2465
230 2439
231 2378
232 2252
233 2247
234 2330
235 2214
236 2056
237 1943
238 2117
239 1999
240 1835
241 1997
242 2051
243 2169
244 2357
245 2314
246 2468
247 2584
248 2562
249 2571
250 2568
251 2719
252 2566
253 2438
254 2314
255 2325
256 2146
257 2247
258 2202
259 2187
260 2258
261 2193
262 2178
263 2064
264 1892
265 1784
266 1762
267 1636
268 1538
269 1496
270 1325
271 1395
272 1366
273 1255
274 1183
275 1272
276 1155
277 1144
278 1136
279 1236
280 1043
281 1089
282 998
283 1047
284 1034
285 999
286 972
287 1043
288 950
289 965
290 901
291 981
292 955
293 856
294 868
295 853
296 836
297 797
298 713
299 750
300 652
301 640
302 668
303 573
304 626
305 537
306 562
307 469
308 512
309 416
310 369
311 376
312 352
313 325
314 325
315 285
316 245
317 272
318 224
319 206
320 136
321 182
322 140
323 131
324 119
325 114
326 101
327 98
328 97
329 100
330 89
331 83
332 77
333 96
334 81
335 83
336 73
337 70
338 57
339 62
340 45
341 62
342 52
343 68
344 59
345 59
346 49
347 45
348 40
349 42
350 43
351 58
352 46
353 38
354 37
355 32
356 45
357 40
358 52
359 37
360 25
361 41
362 35
363 40
364 24
365 23
366 23
367 17
368 16
369 21
370 14
371 11
372 12
373 14
374 9
375 9
376 6
377 6
378 5
379 5
380 6
381 6
382 5
383 6
384 3
385 7
386 8
387 9
388 5
389 3
390 2
391 2
392 4
393 1
394 1
395 0
396 0
397 0
398 2
