0 0
1 0
2 0
3 0
4 0
5 0
6 0
7 0
8 0
9 0
10 0
11 0
12 0
13 0
14 0
15 0
16 0
17 0
18 0
19 1
20 0
21 0
22 0
23 0
24 0
25 0
26 0
27 0
28 0
29 0
30 0
31 1
32 0
33 0
34 1
35 1
36 0
37 1
38 0
39 1
40 1
41 1
42 0
43 0
44 0
45 0
46 0
47 0
48 0
49 0
50 0
51 1
52 0
53 0
54 0
55 0
56 0
57 0
58 2
59 0
60 1
61 0
62 0
63 0
64 1
65 0
66 0
67 0
68 1
69 0
70 0
71 0
72 1
73 1
74 1
75 0
76 0
77 0
78 0
79 0
80 0
81 0
82 0
83 0
84 0
85 0
86 1
87 0
88 0
89 0
90 0
91 0
92 0
93 0
94 0
95 1
96 0
97 0
98 0
99 0
100 1
101 1
102 0
103 0
104 0
105 0
106 1
107 0
108 1
109 0
110 1
111 1
112 0
113 1
114 1
115 1
116 0
117 0
118 1
119 3
120 1
121 2
122 4
123 7
124 14
125 7
126 4
127 9
128 25
129 25
130 27
131 32
132 42
133 47
134 42
135 55
136 38
137 58
138 77
139 80
140 76
141 89
142 70
143 100
144 98
145 77
146 99
147 99
148 101
149 112
150 128
151 149
152 164
153 209
154 223
155 216
156 211
157 272
158 342
159 286
160 286
161 288
162 334
163 311
164 283
165 327
166 364
167 359
168 322
169 377
170 361
171 414
172 385
173 397
174 462
175 467
176 470
177 503
178 497
179 591
180 509
181 559
182 661
183 681
184 756
185 751
186 785
187 871
188 830
189 877
190 954
191 895
192 1081
193 1060
194 1141
195 1136
196 1245
197 1260
198 1331
199 1254
200 1342
201 1403
202 1532
203 1432
204 1496
205 1418
206 1398
207 1527
208 1415
209 1514
210 1530
211 1561
212 1605
213 1696
214 1658
215 1724
216 1735
217 1681
218 1932
219 1964
220 1929
221 2202
222 2346
223 2494
224 2487
225 2586
226 2785
227 2478
228 2709
229 2878
230 2842
231 2871
232 2764
233 2887
234 2974
235 2728
236 2615
237 2529
238 2522
239 2535
240 2541
241 2473
242 2405
243 2401
244 2441
245 2298
246 2227
247 2244
248 2057
249 2065
250 2026
251 2027
252 1902
253 1906
254 1841
255 1855
256 1814
257 1879
258 1950
259 1854
260 1811
261 1748
262 1705
263 1702
264 1590
265 1614
266 1513
267 1397
268 1436
269 1478
270 1421
271 1469
272 1465
273 1371
274 1427
275 1411
276 1383
277 1483
278 1381
279 1468
280 1423
281 1473
282 1416
283 1277
284 1122
285 1232
286 1197
287 1165
288 1073
289 984
290 940
291 944
292 913
293 894
294 788
295 774
296 856
297 668
298 682
299 627
300 590
301 566
302 562
303 473
304 447
305 467
306 448
307 430
308 476
309 399
310 390
311 391
312 391
313 380
314 352
315 398
316 365
317 352
318 309
319 308
320 286
321 284
322 281
323 267
324 225
325 204
326 195
327 181
328 173
329 154
330 133
331 171
332 169
333 130
334 147
335 137
336 144
337 121
338 117
339 121
340 110
341 73
342 111
343 83
344 74
345 83
346 105
347 146
348 85
349 112
350 70
351 90
352 92
353 96
354 78
355 75
356 83
357 74
358 35
359 42
360 39
361 43
362 25
363 17
364 24
365 24
366 18
367 10
368 9
369 10
370 5
371 6
372 13
373 6
374 4
375 3
376 3
377 2
378 0
379 1
380 0
381 0
382 0
383 2
384 0
385 0
386 0
387 1
