0 0
1 0
2 0
3 0
4 0
5 0
6 0
7 0
8 0
9 0
10 0
11 0
12 0
13 0
14 0
15 0
16 0
17 0
18 0
19 1
20 0
21 1
22 0
23 0
24 0
25 0
26 1
27 0
28 1
29 1
30 0
31 0
32 0
33 0
34 1
35 0
36 1
37 0
38 1
39 1
40 0
41 1
42 0
43 0
44 0
45 1
46 1
47 1
48 2
49 1
50 0
51 0
52 0
53 1
54 1
55 0
56 0
57 1
58 0
59 0
60 0
61 1
62 0
63 0
64 2
65 0
66 0
67 0
68 0
69 0
70 0
71 1
72 0
73 0
74 0
75 0
76 0
77 0
78 0
79 0
80 0
81 1
82 2
83 0
84 0
85 2
86 1
87 0
88 0
89 2
90 1
91 1
92 0
93 3
94 1
95 1
96 1
97 0
98 0
99 4
100 2
101 3
102 1
103 1
104 8
105 9
106 3
107 7
108 9
109 6
110 8
111 14
112 18
113 20
114 20
115 24
116 26
117 36
118 34
119 37
120 43
121 36
122 49
123 50
124 48
125 57
126 40
127 53
128 43
129 50
130 52
131 53
132 74
133 82
134 98
135 90
136 140
137 152
138 202
139 214
140 213
141 282
142 294
143 367
144 365
145 406
146 416
147 409
148 380
149 407
150 402
151 415
152 433
153 408
154 464
155 421
156 479
157 534
158 576
159 555
160 674
161 661
162 659
163 643
164 773
165 749
166 843
167 842
168 845
169 917
170 1037
171 957
172 1152
173 1228
174 1290
175 1460
176 1417
177 1470
178 1543
179 1586
180 1657
181 1654
182 1620
183 1613
184 1574
185 1696
186 1644
187 1671
188 1716
189 1681
190 1810
191 2004
192 1966
193 2042
194 2196
195 2302
196 2449
197 2569
198 2587
199 2782
200 2683
201 2618
202 2672
203 2603
204 2619
205 2692
206 2800
207 2848
208 2763
209 2822
210 2878
211 2787
212 2829
213 2784
214 2670
215 2728
216 2487
217 2467
218 2508
219 2367
220 2495
221 2412
222 2209
223 2236
224 2118
225 2148
226 1999
227 1999
228 2020
229 2070
230 2089
231 2014
232 2160
233 2299
234 2268
235 2300
236 2371
237 2355
238 2263
239 2023
240 2090
241 2166
242 2061
243 2010
244 1914
245 1867
246 1901
247 1814
248 1927
249 1823
250 1671
251 1785
252 1676
253 1753
254 1564
255 1491
256 1315
257 1269
258 1213
259 1124
260 1023
261 911
262 983
263 862
264 839
265 765
266 693
267 753
268 649
269 634
270 497
271 494
272 483
273 445
274 363
275 432
276 339
277 349
278 364
279 341
280 361
281 317
282 298
283 291
284 219
285 239
286 240
287 228
288 189
289 197
290 253
291 201
292 207
293 190
294 201
295 183
296 180
297 138
298 150
299 139
300 109
301 102
302 101
303 64
304 103
305 81
306 81
307 58
308 57
309 66
310 48
311 48
312 48
313 38
314 43
315 28
316 25
317 18
318 25
319 11
320 15
321 6
322 3
323 20
324 17
325 9
326 7
327 0
328 11
329 8
330 0
331 2
332 0
333 2
334 10
335 2
336 1
337 1
338 3
339 0
340 1
341 0
342 0
343 0
344 0
345 0
346 0
347 1
348 0
349 0
350 0
351 0
352 1
353 0
354 0
355 1
