0 0
1 0
2 0
3 0
4 0
5 0
6 0
7 0
8 0
9 0
10 0
11 0
12 0
13 0
14 0
15 0
16 0
17 0
18 0
19 0
20 0
21 0
22 0
23 0
24 0
25 0
26 1
27 0
28 2
29 0
30 1
31 2
32 0
33 0
34 1
35 3
36 0
37 2
38 2
39 4
40 0
41 4
42 1
43 2
44 2
45 3
46 3
47 2
48 0
49 2
50 0
51 2
52 0
53 3
54 1
55 2
56 3
57 2
58 3
59 3
60 1
61 2
62 3
63 0
64 0
65 1
66 0
67 0
68 5
69 2
70 1
71 2
72 0
73 1
74 0
75 1
76 2
77 0
78 1
79 1
80 1
81 2
82 2
83 0
84 2
85 0
86 3
87 0
88 1
89 1
90 0
91 3
92 2
93 0
94 2
95 2
96 1
97 1
98 6
99 0
100 3
101 6
102 3
103 4
104 4
105 4
106 1
107 6
108 6
109 3
110 7
111 4
112 2
113 4
114 2
115 3
116 3
117 5
118 3
119 8
120 3
121 4
122 2
123 4
124 7
125 3
126 2
127 4
128 7
129 1
130 8
131 1
132 6
133 8
134 3
135 2
136 11
137 10
138 13
139 26
140 14
141 20
142 25
143 30
144 36
145 41
146 49
147 61
148 52
149 73
150 54
151 70
152 39
153 39
154 73
155 74
156 59
157 62
158 90
159 93
160 120
161 105
162 128
163 148
164 105
165 148
166 100
167 126
168 119
169 117
170 162
171 221
172 177
173 226
174 259
175 273
176 249
177 264
178 261
179 275
180 303
181 295
182 291
183 322
184 349
185 374
186 368
187 371
188 419
189 392
190 478
191 472
192 495
193 598
194 675
195 657
196 743
197 746
198 743
199 926
200 1040
201 902
202 977
203 1120
204 1149
205 1126
206 1260
207 1312
208 1416
209 1403
210 1357
211 1464
212 1446
213 1353
214 1516
215 1428
216 1562
217 1596
218 1733
219 1644
220 1745
221 1653
222 1734
223 1818
224 1663
225 1749
226 1831
227 1912
228 1944
229 2100
230 2269
231 2225
232 2141
233 2525
234 2514
235 2224
236 2450
237 2321
238 2473
239 2534
240 2535
241 2479
242 2400
243 2384
244 2323
245 2173
246 2185
247 2231
248 2399
249 2282
250 2184
251 2245
252 2291
253 2228
254 2297
255 2329
256 2115
257 2226
258 2286
259 2101
260 2384
261 2420
262 2355
263 2380
264 2466
265 2331
266 2379
267 2420
268 2482
269 2461
270 2537
271 2354
272 2285
273 2241
274 2177
275 2330
276 2213
277 2356
278 2129
279 1991
280 2009
281 1968
282 1968
283 1894
284 2093
285 1908
286 1669
287 1648
288 1670
289 1564
290 1304
291 1342
292 1221
293 1188
294 1094
295 1109
296 1059
297 1095
298 1065
299 1053
300 923
301 1035
302 963
303 1000
304 798
305 825
306 781
307 618
308 536
309 594
310 505
311 477
312 479
313 396
314 336
315 307
316 275
317 261
318 206
319 258
320 203
321 186
322 169
323 186
324 171
325 160
326 125
327 164
328 138
329 125
330 121
331 114
332 116
333 108
334 109
335 86
336 89
337 85
338 101
339 75
340 76
341 82
342 54
343 52
344 52
345 42
346 40
347 30
348 25
349 24
350 14
351 21
352 17
353 17
354 19
355 14
356 17
357 16
358 13
359 25
360 17
361 12
362 8
363 16
364 6
365 15
366 6
367 5
368 0
369 1
370 2
371 0
372 3
373 0
374 1
