0 0
1 0
2 0
3 0
4 0
5 0
6 0
7 0
8 0
9 0
10 0
11 0
12 0
13 0
14 0
15 0
16 0
17 0
18 0
19 0
20 0
21 0
22 0
23 0
24 0
25 0
26 0
27 0
28 0
29 0
30 0
31 0
32 0
33 0
34 0
35 0
36 0
37 0
38 0
39 0
40 0
41 0
42 0
43 0
44 0
45 0
46 0
47 0
48 0
49 0
50 0
51 0
52 0
53 0
54 0
55 0
56 0
57 0
58 0
59 0
60 0
61 0
62 0
63 0
64 0
65 0
66 0
67 0
68 1
69 1
70 1
71 2
72 1
73 1
74 0
75 3
76 4
77 4
78 1
79 5
80 7
81 7
82 5
83 12
84 8
85 7
86 8
87 5
88 3
89 7
90 2
91 3
92 6
93 2
94 4
95 0
96 1
97 3
98 1
99 3
100 1
101 5
102 1
103 4
104 2
105 2
106 1
107 0
108 2
109 1
110 1
111 0
112 1
113 0
114 0
115 1
116 2
117 1
118 0
119 2
120 0
121 1
122 0
123 0
124 0
125 0
126 4
127 0
128 4
129 1
130 1
131 0
132 0
133 2
134 2
135 7
136 0
137 16
138 9
139 22
140 27
141 18
142 37
143 37
144 45
145 40
146 66
147 73
148 83
149 90
150 86
151 63
152 71
153 72
154 71
155 67
156 56
157 53
158 48
159 53
160 64
161 53
162 61
163 59
164 102
165 68
166 53
167 72
168 73
169 87
170 97
171 91
172 102
173 79
174 104
175 131
176 106
177 135
178 115
179 133
180 134
181 122
182 168
183 165
184 182
185 172
186 164
187 205
188 188
189 165
190 241
191 240
192 233
193 218
194 258
195 271
196 265
197 286
198 300
199 309
200 345
201 418
202 478
203 450
204 552
205 538
206 699
207 645
208 704
209 715
210 753
211 752
212 830
213 881
214 935
215 952
216 916
217 980
218 1029
219 1029
220 1054
221 1157
222 1218
223 1157
224 1263
225 1220
226 1310
227 1414
228 1564
229 1533
230 1660
231 1645
232 1628
233 1727
234 1682
235 1724
236 1736
237 1842
238 1824
239 1782
240 1865
241 1853
242 2000
243 2069
244 1939
245 2138
246 2261
247 2388
248 2413
249 2370
250 2422
251 2561
252 2580
253 2584
254 2574
255 2653
256 2876
257 2945
258 2815
259 2933
260 2835
261 2804
262 2792
263 2784
264 2696
265 2890
266 2923
267 2928
268 3008
269 2974
270 3128
271 3120
272 2876
273 2911
274 2700
275 2762
276 2619
277 2634
278 2682
279 2599
280 2528
281 2404
282 2325
283 2388
284 2272
285 2241
286 2193
287 1984
288 1951
289 1867
290 1754
291 1596
292 1690
293 1547
294 1608
295 1531
296 1489
297 1542
298 1444
299 1369
300 1336
301 1297
302 1225
303 1158
304 1168
305 1172
306 1097
307 1026
308 965
309 976
310 854
311 930
312 864
313 903
314 757
315 679
316 687
317 598
318 602
319 547
320 444
321 496
322 425
323 399
324 396
325 349
326 302
327 320
328 307
329 319
330 320
331 264
332 269
333 222
334 232
335 268
336 177
337 186
338 196
339 153
340 130
341 139
342 135
343 117
344 101
345 62
346 71
347 52
348 59
349 49
350 40
351 54
352 24
353 30
354 27
355 27
356 20
357 23
358 17
359 25
360 6
361 14
362 14
363 15
364 16
365 10
366 4
367 10
368 3
369 1
370 1
371 0
372 3
