0 0
1 0
2 0
3 0
4 0
5 0
6 0
7 0
8 0
9 0
10 0
11 0
12 0
13 2
14 1
15 1
16 0
17 0
18 2
19 1
20 2
21 1
22 3
23 2
24 2
25 0
26 0
27 0
28 3
29 1
30 2
31 6
32 1
33 0
34 2
35 1
36 2
37 4
38 0
39 2
40 0
41 1
42 3
43 8
44 7
45 2
46 13
47 8
48 9
49 9
50 8
51 6
52 6
53 8
54 11
55 18
56 11
57 8
58 1
59 4
60 8
61 21
62 16
63 9
64 25
65 23
66 24
67 38
68 34
69 18
70 23
71 57
72 41
73 78
74 62
75 71
76 75
77 44
78 38
79 36
80 32
81 32
82 54
83 54
84 53
85 31
86 44
87 55
88 49
89 64
90 48
91 61
92 69
93 64
94 74
95 91
96 54
97 88
98 53
99 58
100 50
101 50
102 53
103 61
104 85
105 92
106 86
107 62
108 61
109 93
110 78
111 79
112 48
113 59
114 54
115 42
116 44
117 48
118 61
119 54
120 60
121 75
122 70
123 82
124 62
125 90
126 111
127 109
128 137
129 174
130 166
131 216
132 199
133 282
134 329
135 389
136 388
137 397
138 383
139 463
140 460
141 487
142 515
143 524
144 498
145 575
146 681
147 712
148 733
149 775
150 798
151 894
152 905
153 877
154 890
155 853
156 900
157 816
158 810
159 884
160 905
161 916
162 918
163 913
164 938
165 965
166 1025
167 965
168 956
169 1006
170 1066
171 1072
172 1055
173 1057
174 1109
175 1280
176 1209
177 1214
178 1311
179 1334
180 1358
181 1432
182 1441
183 1496
184 1437
185 1443
186 1696
187 1664
188 1821
189 1913
190 1852
191 1945
192 2049
193 2177
194 2270
195 2448
196 2457
197 2423
198 2487
199 2442
200 2387
201 2431
202 2451
203 2446
204 2485
205 2332
206 2325
207 2388
208 2414
209 2496
210 2524
211 2629
212 2699
213 2725
214 2846
215 2901
216 2805
217 2852
218 2855
219 2876
220 2621
221 2561
222 2595
223 2501
224 2487
225 2422
226 2551
227 2371
228 2345
229 2403
230 2469
231 2412
232 2422
233 2356
234 2210
235 2303
236 2299
237 2239
238 2194
239 2107
240 1952
241 1879
242 1844
243 1604
244 1626
245 1588
246 1565
247 1477
248 1384
249 1367
250 1206
251 1313
252 1117
253 1042
254 1122
255 1103
256 999
257 978
258 854
259 838
260 794
261 842
262 764
263 849
264 747
265 668
266 702
267 608
268 563
269 491
270 481
271 385
272 398
273 331
274 360
275 231
276 275
277 206
278 205
279 142
280 134
281 129
282 124
283 87
284 89
285 58
286 58
287 42
288 39
289 60
290 45
291 36
292 33
293 27
294 37
295 22
296 19
297 20
298 20
299 15
300 8
301 9
302 11
303 8
304 9
305 7
306 8
307 4
308 9
309 9
310 14
311 9
312 10
313 5
314 4
315 4
316 5
317 4
318 6
319 4
320 0
321 1
322 1
323 1
324 0
325 1
326 1
327 1
