0 0
1 0
2 0
3 0
4 0
5 0
6 0
7 0
8 0
9 0
10 0
11 0
12 0
13 0
14 0
15 0
16 0
17 0
18 0
19 0
20 0
21 0
22 0
23 0
24 0
25 0
26 0
27 0
28 0
29 0
30 0
31 0
32 0
33 0
34 0
35 0
36 0
37 0
38 0
39 0
40 0
41 0
42 0
43 0
44 0
45 0
46 0
47 0
48 0
49 0
50 0
51 0
52 0
53 0
54 0
55 0
56 0
57 0
58 0
59 0
60 0
61 0
62 0
63 0
64 0
65 0
66 0
67 0
68 0
69 0
70 0
71 0
72 0
73 0
74 0
75 0
76 0
77 0
78 0
79 0
80 0
81 0
82 0
83 0
84 0
85 0
86 0
87 0
88 0
89 0
90 0
91 0
92 0
93 0
94 0
95 0
96 0
97 0
98 0
99 0
100 0
101 0
102 0
103 0
104 0
105 0
106 0
107 0
108 0
109 0
110 0
111 0
112 0
113 0
114 0
115 0
116 0
117 0
118 0
119 0
120 3
121 1
122 1
123 1
124 4
125 3
126 0
127 1
128 3
129 3
130 1
131 0
132 5
133 3
134 7
135 1
136 6
137 6
138 3
139 2
140 6
141 10
142 6
143 7
144 5
145 14
146 10
147 11
148 14
149 10
150 16
151 5
152 11
153 15
154 11
155 11
156 12
157 8
158 18
159 22
160 16
161 15
162 15
163 11
164 23
165 21
166 27
167 29
168 46
169 30
170 37
171 30
172 34
173 20
174 50
175 47
176 52
177 54
178 55
179 64
180 84
181 91
182 80
183 118
184 128
185 162
186 172
187 178
188 209
189 212
190 232
191 263
192 319
193 352
194 388
195 452
196 517
197 655
198 717
199 844
200 951
201 963
202 960
203 1063
204 1090
205 1086
206 1060
207 1099
208 1149
209 1233
210 1256
211 1233
212 1340
213 1368
214 1462
215 1444
216 1608
217 1608
218 1711
219 1731
220 1796
221 1820
222 1833
223 1923
224 1875
225 1848
226 1913
227 2005
228 2032
229 2202
230 2242
231 2246
232 2364
233 2453
234 2280
235 2429
236 2467
237 2359
238 2707
239 2615
240 2496
241 2707
242 2667
243 2771
244 2752
245 2689
246 2748
247 2779
248 2808
249 2813
250 2758
251 2896
252 2907
253 2861
254 2979
255 2873
256 2929
257 2908
258 3050
259 2845
260 2968
261 2963
262 3005
263 2811
264 2788
265 2593
266 2357
267 2268
268 2264
269 2276
270 2265
271 2273
272 2168
273 2221
274 2111
275 2177
276 2079
277 1972
278 1846
279 1785
280 1683
281 1484
282 1512
283 1470
284 1345
285 1214
286 1227
287 1181
288 1111
289 1155
290 1058
291 1038
292 960
293 931
294 880
295 832
296 851
297 752
298 789
299 674
300 645
301 648
302 670
303 697
304 617
305 622
306 612
307 640
308 624
309 601
310 626
311 657
312 640
313 643
314 573
315 611
316 593
317 596
318 558
319 546
320 537
321 530
322 452
323 497
324 351
325 332
326 347
327 361
328 331
329 328
330 280
331 319
332 336
333 288
334 266
335 235
336 239
337 191
338 212
339 174
340 136
341 92
342 89
343 75
344 63
345 52
346 45
347 35
348 25
349 35
350 19
351 10
352 10
353 1
354 11
355 12
356 6
357 7
358 3
359 1
360 0
361 1
362 0
363 0
364 2
365 0
366 1
367 0
368 3
369 1
370 2
371 2
372 2
373 0
374 1
