0 0
1 0
2 0
3 0
4 0
5 0
6 0
7 0
8 0
9 0
10 0
11 0
12 0
13 2
14 0
15 0
16 0
17 0
18 0
19 0
20 0
21 0
22 2
23 0
24 0
25 0
26 0
27 0
28 2
29 1
30 0
31 0
32 4
33 0
34 2
35 0
36 4
37 2
38 2
39 2
40 8
41 4
42 0
43 2
44 1
45 4
46 4
47 2
48 4
49 0
50 3
51 2
52 4
53 4
54 0
55 2
56 6
57 2
58 0
59 2
60 2
61 2
62 2
63 2
64 0
65 4
66 3
67 0
68 6
69 3
70 4
71 2
72 8
73 7
74 14
75 26
76 47
77 27
78 39
79 47
80 30
81 60
82 40
83 57
84 42
85 58
86 53
87 59
88 36
89 50
90 32
91 37
92 41
93 43
94 38
95 54
96 52
97 47
98 41
99 44
100 31
101 51
102 27
103 44
104 38
105 44
106 37
107 15
108 32
109 33
110 37
111 40
112 38
113 33
114 28
115 18
116 30
117 36
118 44
119 50
120 63
121 37
122 39
123 63
124 32
125 53
126 41
127 63
128 54
129 44
130 62
131 62
132 64
133 102
134 120
135 111
136 161
137 139
138 142
139 177
140 187
141 227
142 205
143 218
144 273
145 221
146 276
147 281
148 215
149 295
150 268
151 269
152 265
153 255
154 315
155 350
156 394
157 464
158 420
159 507
160 513
161 596
162 576
163 671
164 707
165 706
166 823
167 782
168 966
169 976
170 1019
171 1130
172 1104
173 1090
174 1089
175 1225
176 1281
177 1257
178 1347
179 1310
180 1373
181 1399
182 1359
183 1416
184 1429
185 1321
186 1295
187 1306
188 1236
189 1248
190 1261
191 1368
192 1535
193 1634
194 1742
195 1693
196 1660
197 1639
198 1628
199 1576
200 1574
201 1713
202 1672
203 1759
204 1790
205 1698
206 1859
207 1847
208 1848
209 1830
210 1958
211 1902
212 2049
213 2049
214 1965
215 1996
216 1983
217 2051
218 2164
219 2123
220 2174
221 2341
222 2199
223 2370
224 2398
225 2249
226 2368
227 2382
228 2361
229 2314
230 2195
231 2206
232 2182
233 2263
234 2301
235 2311
236 2239
237 2279
238 2260
239 2170
240 2197
241 2109
242 2043
243 1984
244 1995
245 1877
246 1860
247 1890
248 1830
249 1815
250 1705
251 1624
252 1651
253 1594
254 1557
255 1603
256 1646
257 1541
258 1513
259 1484
260 1463
261 1568
262 1480
263 1386
264 1297
265 1338
266 1326
267 1378
268 1411
269 1281
270 1252
271 1235
272 1121
273 965
274 984
275 906
276 933
277 910
278 835
279 830
280 821
281 838
282 933
283 840
284 806
285 853
286 857
287 834
288 742
289 792
290 653
291 600
292 628
293 521
294 502
295 479
296 395
297 402
298 396
299 366
300 399
301 353
302 379
303 290
304 280
305 249
306 290
307 327
308 233
309 272
310 253
311 251
312 285
313 290
314 271
315 184
316 204
317 200
318 213
319 166
320 167
321 136
322 134
323 98
324 101
325 97
326 74
327 63
328 51
329 35
330 25
331 23
332 22
333 7
334 11
335 15
336 2
337 3
338 1
339 6
340 2
341 1
342 3
343 1
344 3
345 4
346 2
347 6
348 2
349 11
350 6
351 4
352 1
353 3
354 2
355 2
356 2
357 3
358 5
359 0
360 4
361 2
362 2
363 3
364 1
365 0
366 1
