0 0
1 0
2 0
3 0
4 0
5 0
6 0
7 0
8 0
9 0
10 0
11 0
12 0
13 0
14 0
15 0
16 0
17 0
18 0
19 0
20 0
21 0
22 0
23 0
24 0
25 0
26 0
27 0
28 0
29 0
30 0
31 0
32 0
33 0
34 0
35 0
36 0
37 0
38 1
39 0
40 0
41 0
42 0
43 0
44 0
45 0
46 0
47 0
48 0
49 0
50 0
51 0
52 0
53 0
54 0
55 0
56 0
57 0
58 0
59 0
60 0
61 0
62 0
63 0
64 0
65 0
66 0
67 0
68 0
69 0
70 0
71 0
72 0
73 0
74 0
75 0
76 0
77 0
78 0
79 0
80 0
81 0
82 0
83 0
84 0
85 0
86 0
87 0
88 2
89 0
90 0
91 1
92 0
93 0
94 0
95 0
96 0
97 0
98 0
99 1
100 1
101 0
102 0
103 0
104 0
105 0
106 0
107 0
108 0
109 1
110 0
111 1
112 0
113 0
114 1
115 0
116 0
117 0
118 1
119 0
120 0
121 2
122 4
123 6
124 7
125 2
126 3
127 3
128 3
129 9
130 7
131 9
132 16
133 19
134 17
135 31
136 32
137 27
138 33
139 28
140 30
141 29
142 68
143 50
144 31
145 36
146 63
147 69
148 42
149 45
150 63
151 67
152 70
153 51
154 61
155 59
156 69
157 67
158 84
159 83
160 106
161 116
162 87
163 89
164 132
165 119
166 121
167 122
168 174
169 148
170 159
171 153
172 126
173 176
174 176
175 151
176 187
177 176
178 193
179 218
180 181
181 216
182 225
183 208
184 263
185 241
186 312
187 289
188 359
189 371
190 390
191 421
192 466
193 437
194 542
195 498
196 513
197 535
198 512
199 543
200 597
201 644
202 615
203 796
204 869
205 937
206 993
207 1154
208 1211
209 1356
210 1440
211 1636
212 1761
213 1812
214 1860
215 1902
216 1917
217 1956
218 1958
219 2007
220 2039
221 1981
222 2150
223 2187
224 2184
225 2213
226 2292
227 2304
228 2285
229 2335
230 2429
231 2463
232 2373
233 2264
234 2387
235 2449
236 2463
237 2435
238 2413
239 2343
240 2461
241 2553
242 2603
243 2631
244 2579
245 2752
246 2718
247 2570
248 2552
249 2490
250 2408
251 2277
252 2457
253 2438
254 2403
255 2574
256 2571
257 2620
258 2788
259 2569
260 2847
261 2885
262 2847
263 2788
264 2644
265 2652
266 2452
267 2441
268 2267
269 2172
270 2127
271 2019
272 1989
273 1893
274 1963
275 2064
276 1769
277 1805
278 1698
279 1722
280 1650
281 1626
282 1704
283 1552
284 1440
285 1356
286 1371
287 1365
288 1360
289 1356
290 1348
291 1362
292 1270
293 1278
294 1121
295 1170
296 1141
297 1071
298 1023
299 963
300 831
301 874
302 828
303 775
304 752
305 759
306 695
307 742
308 664
309 576
310 518
311 519
312 397
313 363
314 310
315 293
316 231
317 204
318 212
319 228
320 185
321 214
322 195
323 185
324 145
325 133
326 121
327 97
328 124
329 106
330 104
331 100
332 75
333 87
334 65
335 61
336 59
337 53
338 32
339 37
340 44
341 23
342 24
343 20
344 24
345 14
346 12
347 15
348 4
349 3
350 8
351 4
352 3
353 2
354 3
355 2
356 1
357 0
358 4
359 1
360 1
361 1
362 3
363 1
364 1
