0 0
1 0
2 2
3 0
4 0
5 0
6 0
7 0
8 2
9 0
10 0
11 1
12 0
13 0
14 0
15 0
16 0
17 0
18 2
19 0
20 2
21 0
22 0
23 2
24 1
25 0
26 0
27 3
28 9
29 1
30 3
31 1
32 9
33 5
34 0
35 5
36 1
37 6
38 1
39 6
40 10
41 7
42 7
43 2
44 4
45 2
46 8
47 9
48 6
49 4
50 8
51 4
52 11
53 12
54 8
55 9
56 3
57 12
58 3
59 4
60 4
61 3
62 4
63 6
64 10
65 4
66 9
67 6
68 10
69 9
70 5
71 11
72 12
73 1
74 6
75 6
76 3
77 5
78 13
79 4
80 3
81 1
82 3
83 3
84 10
85 3
86 7
87 15
88 11
89 9
90 18
91 18
92 13
93 7
94 20
95 18
96 22
97 27
98 20
99 10
100 19
101 13
102 11
103 30
104 19
105 10
106 18
107 20
108 17
109 21
110 25
111 20
112 21
113 27
114 17
115 17
116 20
117 16
118 28
119 27
120 32
121 38
122 29
123 18
124 27
125 21
126 23
127 16
128 14
129 21
130 19
131 25
132 24
133 30
134 37
135 24
136 44
137 43
138 52
139 65
140 72
141 82
142 91
143 101
144 113
145 98
146 97
147 105
148 99
149 120
150 157
151 171
152 162
153 169
154 179
155 158
156 167
157 181
158 197
159 204
160 203
161 232
162 246
163 251
164 285
165 338
166 324
167 347
168 377
169 429
170 419
171 436
172 402
173 436
174 405
175 427
176 460
177 466
178 440
179 509
180 473
181 521
182 491
183 507
184 615
185 674
186 621
187 677
188 739
189 755
190 809
191 918
192 814
193 1021
194 1118
195 1031
196 1138
197 1171
198 1213
199 1275
200 1252
201 1297
202 1496
203 1661
204 1763
205 1881
206 1934
207 1769
208 1642
209 1697
210 1626
211 1615
212 1693
213 1615
214 1703
215 1692
216 1701
217 1610
218 1692
219 1678
220 1624
221 1765
222 1739
223 1926
224 1826
225 1889
226 1932
227 1893
228 1887
229 1878
230 1955
231 1920
232 1913
233 1990
234 2079
235 1988
236 2162
237 2131
238 2166
239 2209
240 2117
241 2308
242 2299
243 2466
244 2415
245 2420
246 2573
247 2634
248 2679
249 2736
250 2867
251 2847
252 2895
253 2776
254 2659
255 2579
256 2566
257 2562
258 2540
259 2555
260 2611
261 2480
262 2560
263 2378
264 2532
265 2473
266 2157
267 2161
268 2116
269 1995
270 2017
271 1895
272 1926
273 1683
274 1665
275 1590
276 1536
277 1440
278 1468
279 1403
280 1323
281 1297
282 1197
283 1327
284 1263
285 1181
286 1170
287 1206
288 1040
289 983
290 945
291 874
292 873
293 926
294 844
295 861
296 789
297 811
298 762
299 666
300 656
301 573
302 551
303 472
304 454
305 429
306 429
307 352
308 323
309 300
310 299
311 278
312 276
313 272
314 279
315 272
316 194
317 197
318 208
319 176
320 139
321 154
322 114
323 98
324 100
325 97
326 83
327 63
328 66
329 43
330 22
331 36
332 40
333 18
334 33
335 15
336 21
337 15
338 16
339 13
340 4
341 6
342 3
343 9
344 2
345 5
346 0
347 3
348 3
349 6
350 1
351 0
352 3
353 3
354 4
355 2
356 4
357 0
358 0
359 0
360 0
361 0
362 0
363 1
364 0
365 0
366 1
367 0
368 0
369 0
370 1
371 0
372 1
373 0
374 0
375 0
376 0
377 0
378 0
379 0
380 0
381 0
382 0
383 1
