0 0
1 0
2 0
3 0
4 0
5 0
6 0
7 0
8 0
9 0
10 0
11 0
12 0
13 0
14 0
15 0
16 0
17 0
18 0
19 0
20 0
21 0
22 0
23 0
24 0
25 0
26 0
27 0
28 0
29 0
30 0
31 0
32 0
33 0
34 0
35 0
36 0
37 0
38 0
39 0
40 0
41 0
42 0
43 0
44 0
45 0
46 0
47 0
48 0
49 0
50 0
51 0
52 0
53 0
54 0
55 0
56 0
57 0
58 0
59 0
60 0
61 0
62 0
63 0
64 0
65 0
66 0
67 0
68 0
69 0
70 0
71 0
72 0
73 0
74 0
75 0
76 0
77 0
78 0
79 0
80 0
81 0
82 0
83 0
84 0
85 0
86 0
87 0
88 0
89 0
90 0
91 0
92 0
93 0
94 0
95 0
96 0
97 0
98 2
99 0
100 0
101 1
102 0
103 0
104 0
105 0
106 0
107 0
108 0
109 0
110 0
111 1
112 3
113 0
114 2
115 0
116 1
117 3
118 2
119 2
120 4
121 1
122 3
123 1
124 2
125 11
126 3
127 9
128 5
129 10
130 11
131 10
132 10
133 13
134 13
135 11
136 8
137 29
138 40
139 41
140 45
141 49
142 58
143 53
144 48
145 55
146 59
147 52
148 53
149 46
150 65
151 62
152 68
153 78
154 57
155 85
156 85
157 89
158 85
159 82
160 68
161 78
162 71
163 75
164 87
165 102
166 93
167 87
168 100
169 77
170 71
171 104
172 106
173 133
174 124
175 158
176 162
177 142
178 207
179 200
180 230
181 249
182 277
183 251
184 262
185 271
186 299
187 254
188 293
189 257
190 355
191 331
192 416
193 451
194 562
195 597
196 666
197 662
198 783
199 803
200 877
201 981
202 997
203 1179
204 1215
205 1266
206 1400
207 1333
208 1321
209 1157
210 1150
211 1041
212 965
213 1032
214 975
215 1075
216 1013
217 1008
218 1051
219 1143
220 1161
221 1280
222 1271
223 1229
224 1260
225 1323
226 1355
227 1258
228 1383
229 1392
230 1452
231 1382
232 1431
233 1467
234 1455
235 1541
236 1513
237 1656
238 1593
239 1576
240 1611
241 1723
242 1680
243 1815
244 1788
245 1771
246 1708
247 1686
248 1703
249 1730
250 1679
251 1649
252 1727
253 1768
254 1827
255 1762
256 2002
257 1870
258 2035
259 2046
260 2118
261 2015
262 2170
263 2349
264 2363
265 2523
266 2428
267 2534
268 2415
269 2428
270 2423
271 2408
272 2356
273 2231
274 2194
275 2109
276 2167
277 2095
278 1916
279 2060
280 2009
281 2015
282 2090
283 2008
284 2034
285 2114
286 2046
287 2107
288 1851
289 1847
290 1760
291 1707
292 1682
293 1559
294 1598
295 1678
296 1518
297 1481
298 1558
299 1558
300 1508
301 1505
302 1522
303 1527
304 1481
305 1506
306 1338
307 1415
308 1399
309 1364
310 1193
311 1206
312 1187
313 1137
314 1021
315 1102
316 1067
317 980
318 966
319 951
320 883
321 861
322 894
323 800
324 782
325 740
326 771
327 694
328 663
329 553
330 608
331 539
332 492
333 489
334 483
335 468
336 412
337 399
338 380
339 378
340 305
341 344
342 294
343 230
344 207
345 159
346 215
347 169
348 177
349 142
350 142
351 148
352 129
353 124
354 134
355 149
356 110
357 145
358 145
359 113
360 79
361 77
362 73
363 85
364 56
365 45
366 52
367 41
368 41
369 35
370 30
371 26
372 30
373 14
374 15
375 7
376 10
377 2
378 2
379 4
380 0
381 1
382 0
383 2
384 1
385 0
386 0
387 1
388 0
389 0
390 0
391 1
392 0
393 0
394 2
395 1
396 3
397 3
398 1
399 0
400 2
401 0
402 0
403 1
404 0
405 0
406 0
407 2
