0 0
1 0
2 0
3 0
4 0
5 0
6 0
7 0
8 0
9 0
10 0
11 0
12 0
13 0
14 0
15 0
16 0
17 0
18 0
19 0
20 0
21 0
22 0
23 0
24 0
25 0
26 0
27 0
28 0
29 0
30 0
31 0
32 0
33 0
34 0
35 0
36 0
37 0
38 0
39 0
40 0
41 0
42 0
43 0
44 1
45 0
46 2
47 0
48 2
49 1
50 1
51 1
52 1
53 5
54 1
55 1
56 0
57 2
58 1
59 2
60 0
61 1
62 2
63 6
64 0
65 2
66 3
67 1
68 3
69 0
70 2
71 0
72 4
73 0
74 2
75 2
76 0
77 2
78 0
79 1
80 0
81 1
82 3
83 2
84 1
85 1
86 0
87 3
88 2
89 6
90 0
91 3
92 6
93 3
94 13
95 6
96 2
97 3
98 3
99 7
100 5
101 5
102 7
103 5
104 1
105 5
106 13
107 9
108 14
109 7
110 3
111 10
112 7
113 12
114 11
115 4
116 9
117 8
118 13
119 8
120 13
121 8
122 6
123 8
124 13
125 7
126 15
127 8
128 4
129 6
130 8
131 6
132 10
133 14
134 6
135 12
136 6
137 19
138 9
139 10
140 19
141 10
142 12
143 16
144 11
145 21
146 12
147 22
148 19
149 13
150 14
151 24
152 27
153 19
154 27
155 31
156 36
157 34
158 35
159 33
160 30
161 57
162 73
163 75
164 63
165 65
166 61
167 90
168 93
169 113
170 112
171 115
172 119
173 147
174 173
175 165
176 175
177 157
178 216
179 180
180 234
181 222
182 258
183 230
184 204
185 239
186 228
187 257
188 251
189 344
190 342
191 327
192 376
193 360
194 390
195 353
196 413
197 432
198 475
199 444
200 461
201 507
202 520
203 561
204 484
205 598
206 599
207 636
208 618
209 650
210 669
211 774
212 790
213 942
214 940
215 1010
216 1028
217 1149
218 1149
219 1065
220 1197
221 1171
222 1247
223 1485
224 1501
225 1471
226 1611
227 1660
228 1654
229 1810
230 1788
231 1895
232 1949
233 2061
234 2154
235 2381
236 2427
237 2618
238 2594
239 2689
240 2465
241 2540
242 2508
243 2475
244 2438
245 2553
246 2440
247 2529
248 2647
249 2640
250 2553
251 2649
252 2706
253 2625
254 2756
255 2587
256 2673
257 2674
258 2558
259 2430
260 2569
261 2686
262 2482
263 2388
264 2481
265 2302
266 2279
267 2110
268 2286
269 2019
270 2010
271 2159
272 2219
273 2227
274 2129
275 2110
276 2266
277 2296
278 2393
279 2251
280 2063
281 2161
282 1877
283 1890
284 1916
285 1850
286 1783
287 1730
288 1736
289 1685
290 1505
291 1513
292 1494
293 1443
294 1412
295 1439
296 1348
297 1355
298 1318
299 1358
300 1402
301 1298
302 1387
303 1333
304 1332
305 1254
306 1261
307 1226
308 1270
309 1250
310 1189
311 1064
312 1022
313 996
314 925
315 808
316 750
317 686
318 681
319 680
320 561
321 558
322 476
323 412
324 401
325 363
326 331
327 284
328 301
329 238
330 290
331 253
332 264
333 240
334 241
335 229
336 205
337 188
338 178
339 139
340 146
341 105
342 113
343 96
344 47
345 53
346 47
347 35
348 46
349 33
350 38
351 28
352 26
353 23
354 24
355 11
356 14
357 9
358 8
359 4
360 7
361 5
362 5
363 6
364 3
365 5
366 4
367 6
368 0
369 3
370 1
371 5
372 2
373 1
374 1
375 2
376 0
377 0
378 1
379 1
380 1
381 0
382 1
383 0
384 1
385 1
386 1
