0 0
1 0
2 0
3 0
4 0
5 0
6 0
7 0
8 0
9 0
10 0
11 0
12 0
13 0
14 0
15 0
16 0
17 0
18 0
19 0
20 0
21 0
22 0
23 0
24 0
25 0
26 0
27 0
28 0
29 0
30 0
31 0
32 0
33 0
34 0
35 0
36 0
37 0
38 0
39 0
40 0
41 0
42 0
43 0
44 0
45 0
46 0
47 0
48 0
49 0
50 0
51 0
52 0
53 0
54 0
55 0
56 0
57 0
58 0
59 0
60 0
61 0
62 0
63 0
64 0
65 0
66 0
67 0
68 0
69 0
70 0
71 0
72 0
73 0
74 0
75 0
76 0
77 0
78 0
79 0
80 0
81 0
82 0
83 0
84 0
85 0
86 0
87 0
88 0
89 0
90 0
91 0
92 0
93 0
94 0
95 0
96 0
97 0
98 0
99 0
100 2
101 1
102 2
103 0
104 0
105 1
106 2
107 0
108 8
109 2
110 2
111 6
112 2
113 11
114 6
115 9
116 12
117 22
118 7
119 13
120 21
121 18
122 27
123 23
124 25
125 23
126 18
127 21
128 21
129 15
130 23
131 16
132 26
133 16
134 16
135 23
136 21
137 33
138 26
139 39
140 40
141 40
142 59
143 45
144 49
145 60
146 69
147 66
148 107
149 98
150 120
151 140
152 171
153 301
154 297
155 401
156 451
157 484
158 436
159 446
160 379
161 412
162 371
163 369
164 334
165 329
166 353
167 371
168 318
169 426
170 408
171 369
172 386
173 435
174 386
175 441
176 483
177 506
178 574
179 490
180 523
181 573
182 632
183 620
184 710
185 720
186 756
187 716
188 718
189 820
190 882
191 888
192 958
193 958
194 956
195 1094
196 1126
197 1212
198 1180
199 1204
200 1250
201 1287
202 1385
203 1302
204 1505
205 1435
206 1580
207 1515
208 1515
209 1541
210 1666
211 1605
212 1727
213 1734
214 1855
215 1836
216 2023
217 2050
218 2006
219 2043
220 2078
221 2079
222 2018
223 1967
224 2126
225 2191
226 2315
227 2267
228 2350
229 2335
230 2419
231 2361
232 2432
233 2491
234 2638
235 2690
236 2616
237 2770
238 2651
239 2666
240 2687
241 2877
242 2760
243 2838
244 2755
245 2710
246 2727
247 2652
248 2762
249 2686
250 2627
251 2736
252 2564
253 2624
254 2459
255 2276
256 2120
257 2087
258 1908
259 1954
260 1864
261 1870
262 1935
263 1972
264 1931
265 1798
266 1698
267 1650
268 1594
269 1625
270 1585
271 1498
272 1351
273 1454
274 1449
275 1416
276 1400
277 1334
278 1420
279 1376
280 1396
281 1367
282 1300
283 1174
284 1179
285 1148
286 1092
287 961
288 982
289 943
290 854
291 939
292 784
293 691
294 714
295 673
296 557
297 529
298 483
299 528
300 449
301 435
302 411
303 418
304 482
305 491
306 402
307 447
308 464
309 452
310 422
311 428
312 420
313 353
314 327
315 305
316 261
317 220
318 241
319 200
320 150
321 196
322 130
323 144
324 123
325 103
326 91
327 99
328 90
329 50
330 61
331 76
332 59
333 39
334 67
335 45
336 46
337 41
338 27
339 38
340 28
341 29
342 13
343 19
344 10
345 23
346 17
347 9
348 11
349 13
350 7
351 16
352 4
353 6
354 7
355 5
356 9
357 6
358 4
359 2
360 3
361 8
362 5
363 3
364 1
365 6
366 3
367 1
368 2
369 1
370 1
371 1
372 1
373 1
374 2
