0 0
1 0
2 0
3 0
4 0
5 0
6 0
7 0
8 0
9 0
10 0
11 0
12 0
13 0
14 0
15 0
16 0
17 0
18 0
19 0
20 0
21 0
22 0
23 0
24 0
25 0
26 0
27 0
28 0
29 0
30 0
31 0
32 0
33 0
34 0
35 0
36 0
37 0
38 0
39 0
40 0
41 0
42 0
43 0
44 0
45 0
46 0
47 0
48 0
49 0
50 0
51 0
52 0
53 0
54 0
55 0
56 0
57 0
58 0
59 0
60 0
61 0
62 0
63 0
64 0
65 0
66 0
67 0
68 0
69 0
70 0
71 0
72 0
73 0
74 0
75 0
76 0
77 3
78 0
79 0
80 0
81 0
82 1
83 0
84 2
85 2
86 1
87 0
88 4
89 3
90 7
91 1
92 2
93 3
94 6
95 4
96 2
97 1
98 7
99 7
100 8
101 11
102 11
103 6
104 18
105 5
106 14
107 16
108 34
109 19
110 33
111 24
112 32
113 49
114 36
115 25
116 59
117 47
118 34
119 47
120 33
121 45
122 50
123 50
124 39
125 72
126 65
127 96
128 111
129 92
130 130
131 143
132 176
133 138
134 202
135 154
136 222
137 246
138 229
139 271
140 314
141 286
142 306
143 289
144 337
145 424
146 410
147 424
148 449
149 438
150 502
151 507
152 539
153 601
154 603
155 622
156 680
157 660
158 707
159 744
160 842
161 843
162 924
163 1048
164 1001
165 1047
166 1051
167 1150
168 1185
169 1075
170 1153
171 1084
172 1202
173 1125
174 1148
175 1211
176 1175
177 1168
178 1219
179 1286
180 1400
181 1315
182 1383
183 1371
184 1469
185 1579
186 1750
187 1770
188 2000
189 1976
190 1968
191 2250
192 2310
193 2195
194 2389
195 2280
196 2337
197 2196
198 2151
199 2134
200 2112
201 2256
202 2275
203 2293
204 2443
205 2344
206 2254
207 2391
208 2164
209 2145
210 2023
211 1988
212 1918
213 1958
214 1875
215 2004
216 1997
217 2071
218 2079
219 2096
220 2273
221 2318
222 2238
223 2274
224 2203
225 2242
226 2144
227 2182
228 2040
229 2002
230 1992
231 2010
232 2080
233 1947
234 2037
235 1981
236 1998
237 1919
238 1940
239 1814
240 1582
241 1730
242 1512
243 1522
244 1465
245 1369
246 1398
247 1326
248 1406
249 1284
250 1322
251 1308
252 1172
253 1167
254 1197
255 1124
256 1179
257 1149
258 1132
259 1184
260 1100
261 1141
262 1179
263 1155
264 1128
265 1151
266 1135
267 1163
268 1247
269 1212
270 1184
271 1184
272 1189
273 1118
274 1078
275 1074
276 985
277 1033
278 864
279 909
280 938
281 800
282 790
283 747
284 765
285 702
286 702
287 678
288 531
289 563
290 458
291 472
292 414
293 381
294 351
295 335
296 316
297 278
298 288
299 255
300 249
301 226
302 225
303 209
304 212
305 195
306 175
307 171
308 141
309 181
310 148
311 152
312 142
313 135
314 106
315 99
316 82
317 74
318 71
319 60
320 59
321 49
322 43
323 66
324 54
325 50
326 51
327 65
328 52
329 50
330 50
331 70
332 55
333 50
334 50
335 49
336 34
337 30
338 28
339 23
340 20
341 16
342 26
343 11
344 6
345 11
346 4
347 9
348 21
349 13
350 9
351 6
352 3
353 5
354 9
355 5
356 4
357 14
358 8
359 8
360 9
361 4
362 3
363 14
364 6
365 5
366 0
367 5
368 0
369 2
370 6
371 3
372 2
373 1
374 7
375 1
376 0
377 0
378 0
379 0
380 0
381 0
382 0
383 0
384 0
385 2
386 1
