0 0
1 0
2 0
3 0
4 0
5 0
6 0
7 0
8 0
9 0
10 0
11 0
12 1
13 3
14 0
15 0
16 0
17 1
18 0
19 0
20 1
21 1
22 0
23 0
24 0
25 3
26 0
27 2
28 1
29 0
30 3
31 2
32 4
33 4
34 5
35 1
36 2
37 6
38 2
39 2
40 2
41 0
42 0
43 2
44 1
45 2
46 4
47 1
48 0
49 1
50 4
51 6
52 7
53 3
54 5
55 4
56 1
57 6
58 2
59 3
60 4
61 6
62 1
63 4
64 5
65 2
66 2
67 3
68 2
69 5
70 2
71 5
72 4
73 5
74 3
75 3
76 1
77 2
78 4
79 4
80 5
81 5
82 3
83 3
84 4
85 1
86 4
87 5
88 8
89 6
90 4
91 4
92 5
93 6
94 4
95 0
96 2
97 2
98 4
99 0
100 1
101 1
102 4
103 7
104 8
105 13
106 13
107 11
108 24
109 12
110 16
111 18
112 25
113 32
114 41
115 42
116 34
117 51
118 64
119 47
120 63
121 105
122 74
123 88
124 127
125 171
126 136
127 154
128 193
129 201
130 207
131 250
132 173
133 245
134 206
135 293
136 225
137 255
138 247
139 299
140 328
141 321
142 358
143 372
144 400
145 376
146 427
147 401
148 503
149 499
150 553
151 579
152 629
153 575
154 663
155 743
156 691
157 855
158 909
159 1013
160 991
161 1184
162 1259
163 1180
164 1200
165 1199
166 1222
167 1333
168 1329
169 1235
170 1346
171 1348
172 1439
173 1527
174 1535
175 1613
176 1634
177 1601
178 1602
179 1744
180 1708
181 1778
182 1634
183 1671
184 1666
185 1635
186 1708
187 1737
188 1709
189 1777
190 1782
191 1843
192 1815
193 1880
194 1898
195 1920
196 2006
197 2186
198 2224
199 2458
200 2660
201 2759
202 2890
203 2976
204 2886
205 3008
206 3037
207 2912
208 2849
209 2761
210 2461
211 2547
212 2518
213 2323
214 2306
215 2223
216 2148
217 2103
218 2104
219 2105
220 2079
221 2072
222 2110
223 1981
224 2025
225 1877
226 1825
227 1902
228 1727
229 1786
230 1799
231 1692
232 1759
233 1727
234 1645
235 1678
236 1558
237 1519
238 1604
239 1444
240 1467
241 1429
242 1681
243 1493
244 1502
245 1503
246 1324
247 1353
248 1344
249 1290
250 1296
251 1225
252 1200
253 1193
254 1291
255 1159
256 1180
257 1108
258 991
259 957
260 970
261 852
262 875
263 813
264 820
265 781
266 728
267 734
268 699
269 723
270 693
271 579
272 696
273 637
274 621
275 645
276 544
277 577
278 512
279 521
280 545
281 529
282 637
283 699
284 664
285 774
286 727
287 735
288 698
289 585
290 533
291 536
292 511
293 456
294 388
295 434
296 375
297 348
298 308
299 209
300 268
301 244
302 218
303 183
304 145
305 197
306 149
307 116
308 125
309 101
310 91
311 60
312 64
313 62
314 40
315 41
316 41
317 26
318 44
319 20
320 18
321 14
322 23
323 25
324 13
325 18
326 12
327 14
328 13
329 8
330 9
331 13
332 11
333 7
334 9
335 5
336 13
337 6
338 12
339 3
340 6
341 0
342 1
343 0
344 3
345 1
346 0
347 0
348 2
349 1
