0 0
1 0
2 0
3 0
4 0
5 0
6 0
7 0
8 0
9 0
10 0
11 0
12 0
13 0
14 0
15 0
16 0
17 0
18 0
19 0
20 0
21 0
22 0
23 0
24 0
25 0
26 0
27 0
28 0
29 0
30 0
31 0
32 0
33 0
34 0
35 0
36 0
37 0
38 0
39 0
40 0
41 0
42 0
43 0
44 0
45 0
46 0
47 0
48 0
49 0
50 0
51 0
52 0
53 0
54 0
55 0
56 0
57 0
58 0
59 0
60 0
61 0
62 0
63 0
64 0
65 0
66 0
67 0
68 0
69 0
70 0
71 0
72 0
73 0
74 0
75 0
76 0
77 0
78 0
79 0
80 0
81 0
82 0
83 0
84 0
85 0
86 0
87 0
88 0
89 0
90 0
91 0
92 0
93 0
94 0
95 0
96 0
97 1
98 0
99 0
100 0
101 0
102 0
103 0
104 0
105 1
106 3
107 2
108 3
109 3
110 10
111 9
112 7
113 15
114 20
115 29
116 17
117 31
118 24
119 26
120 37
121 41
122 63
123 56
124 54
125 66
126 66
127 83
128 83
129 113
130 138
131 136
132 131
133 177
134 199
135 215
136 211
137 219
138 239
139 240
140 237
141 217
142 258
143 289
144 316
145 338
146 400
147 357
148 344
149 363
150 366
151 368
152 414
153 412
154 439
155 467
156 541
157 561
158 553
159 645
160 751
161 856
162 984
163 1122
164 1192
165 1223
166 1238
167 1266
168 1329
169 1206
170 1379
171 1260
172 1246
173 1195
174 1208
175 1121
176 1193
177 1215
178 1258
179 1439
180 1459
181 1485
182 1705
183 1759
184 1838
185 1853
186 1889
187 1940
188 1976
189 1936
190 1989
191 1948
192 2093
193 2050
194 2180
195 2247
196 2174
197 2173
198 2191
199 2214
200 2210
201 2111
202 2181
203 2079
204 2058
205 2139
206 1963
207 1987
208 2075
209 2165
210 2132
211 2060
212 2052
213 2116
214 2116
215 2236
216 2075
217 2181
218 2163
219 2246
220 2391
221 2450
222 2501
223 2439
224 2471
225 2500
226 2385
227 2407
228 2322
229 2217
230 2102
231 2051
232 2016
233 1942
234 1798
235 1947
236 1960
237 1864
238 1660
239 1725
240 1729
241 1709
242 1762
243 1679
244 1688
245 1702
246 1608
247 1661
248 1571
249 1579
250 1388
251 1375
252 1370
253 1256
254 1380
255 1515
256 1475
257 1563
258 1648
259 1551
260 1743
261 1531
262 1596
263 1516
264 1588
265 1553
266 1464
267 1431
268 1346
269 1243
270 1099
271 1052
272 876
273 817
274 711
275 674
276 707
277 654
278 574
279 586
280 496
281 473
282 490
283 448
284 397
285 396
286 399
287 379
288 319
289 289
290 321
291 259
292 227
293 211
294 204
295 203
296 174
297 160
298 183
299 144
300 166
301 160
302 147
303 125
304 121
305 125
306 115
307 93
308 88
309 76
310 57
311 56
312 52
313 50
314 39
315 41
316 25
317 43
318 40
319 26
320 31
321 27
322 13
323 29
324 14
325 22
326 11
327 23
328 14
329 13
330 11
331 15
332 6
333 8
334 5
335 3
336 3
337 2
338 3
339 4
340 8
341 2
342 2
343 1
344 1
345 3
346 0
347 1
348 5
349 4
350 1
351 0
352 0
353 0
354 0
355 1
356 1
357 0
358 0
359 1
