0 0
1 0
2 0
3 0
4 0
5 0
6 0
7 0
8 0
9 0
10 0
11 0
12 0
13 0
14 0
15 0
16 0
17 0
18 0
19 0
20 0
21 0
22 0
23 0
24 0
25 0
26 0
27 0
28 0
29 0
30 0
31 0
32 0
33 0
34 0
35 0
36 0
37 0
38 0
39 0
40 0
41 0
42 0
43 0
44 0
45 0
46 0
47 0
48 0
49 0
50 0
51 0
52 0
53 0
54 0
55 0
56 0
57 0
58 0
59 0
60 0
61 0
62 0
63 0
64 0
65 0
66 0
67 0
68 0
69 0
70 0
71 0
72 0
73 0
74 0
75 1
76 0
77 0
78 1
79 0
80 0
81 0
82 0
83 0
84 0
85 0
86 0
87 0
88 0
89 0
90 0
91 1
92 0
93 0
94 2
95 0
96 1
97 0
98 0
99 0
100 0
101 0
102 1
103 0
104 1
105 0
106 0
107 4
108 1
109 4
110 9
111 5
112 5
113 11
114 12
115 17
116 16
117 26
118 30
119 29
120 42
121 45
122 52
123 36
124 58
125 39
126 39
127 85
128 68
129 94
130 88
131 90
132 100
133 83
134 100
135 93
136 111
137 110
138 114
139 128
140 107
141 112
142 135
143 110
144 134
145 127
146 143
147 144
148 114
149 125
150 109
151 144
152 144
153 152
154 139
155 144
156 139
157 158
158 150
159 201
160 177
161 174
162 200
163 222
164 199
165 310
166 275
167 270
168 349
169 391
170 469
171 510
172 591
173 718
174 739
175 850
176 875
177 1130
178 1094
179 1207
180 1321
181 1344
182 1491
183 1498
184 1519
185 1531
186 1651
187 1551
188 1601
189 1616
190 1716
191 1803
192 1747
193 1848
194 1823
195 1881
196 1919
197 1904
198 2065
199 2033
200 2097
201 1978
202 2128
203 2157
204 2062
205 2174
206 2265
207 2160
208 2192
209 2343
210 2369
211 2392
212 2329
213 2349
214 2309
215 2398
216 2506
217 2563
218 2546
219 2344
220 2353
221 2290
222 2361
223 2341
224 2229
225 2202
226 2278
227 2398
228 2513
229 2356
230 2436
231 2495
232 2462
233 2388
234 2413
235 2445
236 2215
237 2214
238 2255
239 2237
240 2164
241 1989
242 1981
243 1952
244 1894
245 1845
246 1718
247 1793
248 1731
249 1854
250 1622
251 1578
252 1592
253 1467
254 1534
255 1362
256 1354
257 1295
258 1318
259 1306
260 1226
261 1248
262 1246
263 1139
264 1194
265 1199
266 1130
267 1105
268 1069
269 1089
270 1041
271 971
272 999
273 1067
274 1043
275 1046
276 1191
277 1200
278 1258
279 1279
280 1136
281 1030
282 986
283 979
284 948
285 788
286 759
287 782
288 686
289 674
290 630
291 561
292 580
293 594
294 571
295 595
296 582
297 501
298 508
299 440
300 435
301 441
302 426
303 392
304 338
305 341
306 356
307 363
308 359
309 341
310 352
311 333
312 326
313 311
314 282
315 216
316 238
317 220
318 244
319 198
320 213
321 252
322 186
323 192
324 163
325 148
326 154
327 128
328 116
329 134
330 109
331 108
332 100
333 78
334 85
335 82
336 54
337 41
338 30
339 34
340 35
341 18
342 13
343 32
344 14
345 11
346 5
347 9
348 8
349 11
350 14
351 9
352 15
353 5
354 12
355 10
356 8
357 8
358 13
359 10
360 0
361 8
362 12
363 9
364 5
365 5
366 9
367 4
368 5
369 2
370 1
371 1
372 1
