0 0
1 0
2 0
3 0
4 0
5 0
6 0
7 0
8 0
9 0
10 0
11 0
12 0
13 0
14 0
15 0
16 0
17 0
18 0
19 0
20 0
21 0
22 0
23 0
24 0
25 0
26 0
27 0
28 0
29 0
30 0
31 0
32 0
33 0
34 0
35 0
36 0
37 0
38 0
39 0
40 0
41 0
42 0
43 0
44 0
45 0
46 0
47 0
48 0
49 0
50 0
51 0
52 0
53 0
54 0
55 0
56 0
57 0
58 0
59 0
60 0
61 0
62 0
63 0
64 0
65 0
66 0
67 0
68 0
69 0
70 0
71 0
72 0
73 0
74 0
75 0
76 0
77 0
78 0
79 0
80 1
81 6
82 1
83 2
84 5
85 6
86 7
87 4
88 11
89 8
90 5
91 9
92 4
93 8
94 13
95 12
96 11
97 20
98 11
99 18
100 16
101 18
102 32
103 30
104 26
105 41
106 40
107 72
108 58
109 70
110 66
111 82
112 88
113 86
114 79
115 76
116 83
117 63
118 91
119 85
120 85
121 112
122 116
123 104
124 138
125 142
126 146
127 134
128 167
129 163
130 184
131 181
132 209
133 220
134 228
135 260
136 277
137 257
138 252
139 270
140 270
141 251
142 277
143 255
144 252
145 261
146 268
147 280
148 313
149 344
150 376
151 466
152 515
153 636
154 689
155 803
156 862
157 797
158 793
159 826
160 900
161 826
162 822
163 891
164 987
165 1003
166 1094
167 1141
168 1130
169 1195
170 1188
171 1195
172 1225
173 1249
174 1231
175 1280
176 1369
177 1338
178 1316
179 1393
180 1312
181 1341
182 1370
183 1365
184 1426
185 1384
186 1372
187 1450
188 1486
189 1504
190 1740
191 1704
192 1826
193 1859
194 1949
195 1960
196 1861
197 1968
198 2106
199 2047
200 2030
201 2184
202 2134
203 2155
204 2202
205 2146
206 2207
207 2289
208 2365
209 2352
210 2189
211 2275
212 2290
213 2315
214 2345
215 2312
216 2392
217 2275
218 2291
219 2430
220 2198
221 2228
222 2238
223 2348
224 2103
225 2126
226 2091
227 2001
228 2120
229 1976
230 2135
231 2087
232 2122
233 2149
234 2280
235 2160
236 2352
237 2341
238 2283
239 2385
240 2336
241 2268
242 2156
243 2176
244 2161
245 1922
246 1879
247 1960
248 1829
249 1931
250 1843
251 1893
252 1728
253 1685
254 1611
255 1592
256 1634
257 1603
258 1690
259 1574
260 1545
261 1528
262 1594
263 1609
264 1505
265 1336
266 1322
267 1141
268 1013
269 862
270 820
271 748
272 642
273 551
274 531
275 434
276 409
277 432
278 295
279 388
280 329
281 324
282 321
283 342
284 305
285 286
286 302
287 226
288 274
289 231
290 254
291 267
292 211
293 190
294 175
295 135
296 138
297 104
298 163
299 110
300 82
301 83
302 66
303 72
304 48
305 39
306 52
307 38
308 20
309 53
310 29
311 24
312 38
313 37
314 18
315 36
316 34
317 36
318 32
319 17
320 15
321 19
322 14
323 11
324 11
325 6
326 4
327 8
328 1
329 5
330 1
331 1
332 1
333 2
334 1
335 5
336 1
337 1
