0 0
1 0
2 0
3 0
4 0
5 0
6 0
7 0
8 0
9 0
10 0
11 0
12 0
13 0
14 0
15 0
16 0
17 0
18 0
19 0
20 0
21 0
22 0
23 0
24 0
25 0
26 0
27 0
28 0
29 0
30 0
31 0
32 0
33 0
34 0
35 0
36 0
37 0
38 0
39 0
40 0
41 0
42 0
43 0
44 0
45 0
46 0
47 0
48 0
49 0
50 0
51 0
52 0
53 1
54 0
55 0
56 0
57 0
58 0
59 1
60 0
61 0
62 0
63 0
64 0
65 0
66 0
67 0
68 1
69 0
70 0
71 0
72 0
73 0
74 0
75 0
76 0
77 0
78 0
79 0
80 0
81 0
82 0
83 0
84 0
85 0
86 0
87 0
88 0
89 0
90 0
91 0
92 0
93 0
94 0
95 0
96 0
97 0
98 0
99 0
100 0
101 1
102 0
103 0
104 1
105 3
106 3
107 5
108 5
109 14
110 19
111 17
112 24
113 18
114 19
115 24
116 35
117 38
118 40
119 58
120 69
121 68
122 63
123 76
124 62
125 62
126 73
127 68
128 78
129 50
130 56
131 60
132 53
133 68
134 66
135 82
136 77
137 109
138 126
139 148
140 155
141 169
142 187
143 202
144 216
145 213
146 290
147 278
148 319
149 350
150 355
151 338
152 408
153 418
154 438
155 415
156 479
157 487
158 499
159 468
160 503
161 499
162 444
163 516
164 528
165 551
166 571
167 625
168 594
169 742
170 664
171 895
172 876
173 939
174 950
175 981
176 1083
177 966
178 979
179 1041
180 1062
181 1119
182 1153
183 1247
184 1227
185 1244
186 1251
187 1227
188 1233
189 1186
190 1253
191 1196
192 1286
193 1283
194 1342
195 1347
196 1356
197 1374
198 1326
199 1442
200 1468
201 1559
202 1548
203 1600
204 1822
205 1873
206 1791
207 1858
208 1944
209 1951
210 1961
211 1956
212 1936
213 2093
214 2138
215 2136
216 2113
217 2124
218 2162
219 2177
220 2196
221 2195
222 2249
223 2293
224 2271
225 2258
226 2161
227 2229
228 2157
229 2062
230 1997
231 1960
232 1840
233 1767
234 1746
235 1820
236 1740
237 1709
238 1594
239 1606
240 1602
241 1578
242 1486
243 1614
244 1536
245 1558
246 1566
247 1531
248 1595
249 1561
250 1423
251 1405
252 1366
253 1322
254 1272
255 1313
256 1295
257 1366
258 1353
259 1230
260 1299
261 1238
262 1362
263 1321
264 1428
265 1426
266 1462
267 1501
268 1579
269 1544
270 1549
271 1533
272 1619
273 1569
274 1604
275 1649
276 1671
277 1609
278 1584
279 1572
280 1542
281 1525
282 1416
283 1473
284 1395
285 1217
286 1149
287 978
288 927
289 793
290 715
291 714
292 674
293 551
294 495
295 558
296 508
297 552
298 570
299 508
300 496
301 508
302 545
303 559
304 580
305 540
306 524
307 504
308 553
309 550
310 494
311 475
312 473
313 462
314 517
315 543
316 566
317 542
318 534
319 537
320 542
321 586
322 551
323 508
324 505
325 381
326 309
327 256
328 159
329 163
330 154
331 163
332 150
333 146
334 121
335 104
336 112
337 74
338 76
339 70
340 70
341 46
342 45
343 44
344 51
345 52
346 45
347 22
348 20
349 12
350 12
351 21
352 17
353 9
354 11
355 7
356 8
357 7
358 2
359 5
360 7
361 3
362 1
363 3
364 2
365 1
366 1
367 1
368 1
369 0
370 0
371 1
372 2
373 1
374 1
375 3
376 0
377 1
378 3
379 0
380 1
381 0
382 1
