0 0
1 0
2 0
3 0
4 0
5 0
6 0
7 0
8 0
9 0
10 0
11 0
12 0
13 0
14 0
15 0
16 0
17 0
18 0
19 0
20 0
21 0
22 0
23 0
24 0
25 0
26 0
27 0
28 0
29 0
30 0
31 0
32 0
33 0
34 0
35 0
36 0
37 0
38 0
39 0
40 0
41 0
42 0
43 0
44 0
45 0
46 0
47 0
48 0
49 0
50 0
51 0
52 0
53 1
54 0
55 0
56 0
57 0
58 0
59 0
60 0
61 0
62 0
63 0
64 0
65 0
66 0
67 0
68 1
69 0
70 0
71 0
72 0
73 0
74 0
75 1
76 0
77 0
78 0
79 0
80 0
81 0
82 0
83 0
84 0
85 0
86 2
87 0
88 2
89 1
90 3
91 5
92 4
93 3
94 5
95 4
96 4
97 2
98 3
99 4
100 7
101 3
102 3
103 5
104 5
105 2
106 10
107 11
108 11
109 9
110 21
111 19
112 18
113 20
114 16
115 21
116 21
117 26
118 33
119 22
120 29
121 27
122 40
123 37
124 48
125 47
126 47
127 53
128 65
129 61
130 41
131 74
132 64
133 56
134 72
135 87
136 96
137 101
138 91
139 108
140 108
141 132
142 146
143 161
144 153
145 177
146 208
147 219
148 167
149 192
150 210
151 211
152 238
153 288
154 272
155 339
156 386
157 443
158 451
159 541
160 554
161 639
162 731
163 820
164 930
165 910
166 1042
167 1090
168 1038
169 1069
170 1169
171 1084
172 1126
173 1081
174 1210
175 1190
176 1222
177 1222
178 1225
179 1239
180 1415
181 1392
182 1442
183 1476
184 1661
185 1624
186 1733
187 1694
188 1658
189 1573
190 1522
191 1493
192 1398
193 1487
194 1446
195 1334
196 1485
197 1568
198 1655
199 1579
200 1635
201 1770
202 1648
203 1837
204 1677
205 1845
206 2033
207 2024
208 2126
209 2349
210 2576
211 2743
212 2992
213 3096
214 3016
215 3048
216 2984
217 2888
218 2614
219 2430
220 2264
221 2351
222 2295
223 2199
224 2073
225 2038
226 2222
227 2323
228 2193
229 2189
230 2159
231 2233
232 2260
233 2118
234 2269
235 2335
236 2344
237 2143
238 2354
239 2238
240 2311
241 2356
242 2258
243 2210
244 2295
245 2133
246 2123
247 2125
248 2059
249 1968
250 1821
251 1628
252 1683
253 1562
254 1654
255 1511
256 1531
257 1697
258 1428
259 1547
260 1469
261 1446
262 1422
263 1328
264 1493
265 1331
266 1334
267 1384
268 1313
269 1398
270 1165
271 1130
272 1059
273 967
274 902
275 901
276 794
277 782
278 691
279 681
280 597
281 552
282 553
283 560
284 438
285 425
286 471
287 443
288 385
289 447
290 390
291 360
292 329
293 298
294 298
295 272
296 275
297 244
298 222
299 227
300 172
301 154
302 166
303 139
304 143
305 151
306 145
307 155
308 150
309 128
310 137
311 128
312 100
313 119
314 76
315 68
316 71
317 48
318 41
319 29
320 45
321 30
322 31
323 33
324 24
325 26
326 22
327 17
328 10
329 20
330 15
331 20
332 18
333 16
334 11
335 15
336 7
337 7
338 8
339 13
340 3
341 4
342 5
343 5
344 3
345 6
346 1
347 6
348 3
349 3
350 3
351 0
352 4
353 1
354 2
355 1
356 3
357 1
