0 0
1 0
2 0
3 0
4 0
5 0
6 0
7 0
8 0
9 0
10 0
11 0
12 0
13 0
14 0
15 0
16 0
17 0
18 0
19 0
20 0
21 0
22 0
23 0
24 0
25 0
26 0
27 0
28 0
29 0
30 0
31 0
32 0
33 0
34 0
35 0
36 0
37 0
38 0
39 0
40 0
41 0
42 0
43 0
44 0
45 0
46 0
47 0
48 0
49 0
50 0
51 0
52 0
53 0
54 0
55 0
56 0
57 0
58 0
59 0
60 0
61 0
62 0
63 0
64 0
65 0
66 0
67 0
68 0
69 0
70 0
71 0
72 0
73 0
74 0
75 0
76 0
77 0
78 0
79 0
80 0
81 0
82 0
83 0
84 0
85 0
86 0
87 0
88 0
89 0
90 0
91 0
92 0
93 0
94 0
95 0
96 0
97 0
98 0
99 4
100 3
101 6
102 13
103 16
104 19
105 19
106 23
107 28
108 28
109 24
110 14
111 12
112 17
113 19
114 29
115 24
116 29
117 37
118 53
119 40
120 34
121 47
122 62
123 79
124 75
125 82
126 93
127 69
128 65
129 83
130 93
131 79
132 98
133 88
134 117
135 108
136 106
137 97
138 100
139 103
140 113
141 118
142 119
143 139
144 133
145 162
146 157
147 149
148 210
149 201
150 239
151 267
152 331
153 369
154 440
155 455
156 521
157 589
158 654
159 779
160 783
161 865
162 858
163 789
164 821
165 766
166 674
167 726
168 625
169 761
170 836
171 906
172 1092
173 1241
174 1184
175 1316
176 1241
177 1179
178 1171
179 1221
180 1260
181 1252
182 1348
183 1475
184 1475
185 1622
186 1667
187 1753
188 1788
189 1950
190 1855
191 2081
192 2177
193 2225
194 2136
195 2175
196 2282
197 2262
198 2277
199 2233
200 2244
201 2278
202 2223
203 2515
204 2569
205 2563
206 2650
207 2501
208 2549
209 2354
210 2309
211 2232
212 2339
213 2301
214 2369
215 2259
216 2282
217 2256
218 2191
219 2255
220 2209
221 2204
222 2198
223 2291
224 2178
225 2322
226 2361
227 2306
228 2306
229 2197
230 2287
231 2247
232 2104
233 2017
234 2119
235 2093
236 2055
237 1979
238 2245
239 2167
240 2200
241 2331
242 2311
243 2413
244 2332
245 2311
246 2310
247 2171
248 2193
249 2075
250 1951
251 1899
252 1862
253 1736
254 1695
255 1629
256 1599
257 1624
258 1596
259 1370
260 1312
261 1380
262 1159
263 1293
264 1274
265 1099
266 1015
267 986
268 942
269 911
270 787
271 694
272 628
273 777
274 601
275 597
276 547
277 552
278 450
279 438
280 464
281 414
282 409
283 332
284 342
285 340
286 325
287 262
288 279
289 254
290 250
291 229
292 264
293 243
294 220
295 195
296 237
297 285
298 281
299 285
300 254
301 217
302 218
303 176
304 157
305 163
306 165
307 118
308 113
309 72
310 79
311 49
312 60
313 62
314 58
315 35
316 39
317 9
318 25
319 9
320 4
321 23
322 9
323 19
324 6
325 11
326 5
327 4
328 8
329 3
330 3
331 8
332 1
333 2
334 2
335 1
336 0
337 1
