0 0
1 0
2 0
3 0
4 0
5 0
6 0
7 0
8 0
9 0
10 0
11 0
12 0
13 0
14 0
15 0
16 0
17 0
18 0
19 0
20 0
21 0
22 0
23 0
24 0
25 0
26 0
27 0
28 0
29 0
30 0
31 0
32 0
33 0
34 0
35 0
36 0
37 0
38 0
39 0
40 0
41 0
42 0
43 0
44 0
45 0
46 0
47 0
48 0
49 0
50 0
51 0
52 0
53 0
54 0
55 0
56 0
57 0
58 0
59 0
60 0
61 0
62 0
63 0
64 0
65 0
66 1
67 1
68 0
69 0
70 0
71 0
72 0
73 0
74 0
75 0
76 0
77 0
78 0
79 0
80 0
81 0
82 0
83 0
84 0
85 0
86 1
87 0
88 0
89 0
90 1
91 0
92 1
93 2
94 1
95 2
96 0
97 2
98 4
99 0
100 5
101 4
102 8
103 11
104 8
105 21
106 14
107 14
108 18
109 25
110 24
111 28
112 27
113 31
114 31
115 30
116 53
117 39
118 43
119 42
120 42
121 51
122 61
123 56
124 53
125 65
126 75
127 58
128 72
129 78
130 89
131 83
132 67
133 90
134 74
135 71
136 68
137 97
138 82
139 83
140 97
141 96
142 109
143 89
144 97
145 104
146 108
147 116
148 121
149 122
150 159
151 122
152 172
153 171
154 198
155 215
156 218
157 281
158 301
159 356
160 365
161 397
162 381
163 478
164 526
165 446
166 549
167 565
168 731
169 798
170 840
171 883
172 1033
173 1015
174 1135
175 1194
176 1197
177 1349
178 1339
179 1365
180 1279
181 1213
182 1296
183 1181
184 1224
185 1248
186 1380
187 1272
188 1370
189 1278
190 1316
191 1312
192 1415
193 1498
194 1495
195 1517
196 1629
197 1613
198 1642
199 1680
200 1704
201 1832
202 1828
203 1889
204 1919
205 1962
206 1916
207 2175
208 2169
209 2257
210 2379
211 2394
212 2453
213 2521
214 2641
215 2663
216 2607
217 2663
218 2699
219 2534
220 2586
221 2626
222 2587
223 2763
224 2576
225 2705
226 3052
227 3085
228 3055
229 3081
230 3231
231 2890
232 2866
233 2744
234 2537
235 2379
236 2243
237 2287
238 2244
239 2156
240 1840
241 2056
242 1940
243 1916
244 1772
245 1809
246 1714
247 1682
248 1624
249 1651
250 1701
251 1693
252 1726
253 1634
254 1810
255 1749
256 1727
257 1804
258 1734
259 1564
260 1432
261 1451
262 1384
263 1404
264 1365
265 1308
266 1260
267 1241
268 1227
269 1174
270 1191
271 1152
272 1090
273 1125
274 1121
275 1052
276 998
277 988
278 981
279 840
280 833
281 752
282 803
283 661
284 735
285 660
286 678
287 681
288 631
289 584
290 557
291 444
292 450
293 466
294 382
295 336
296 310
297 281
298 244
299 266
300 205
301 228
302 220
303 202
304 179
305 180
306 147
307 136
308 138
309 128
310 100
311 115
312 75
313 115
314 79
315 71
316 73
317 50
318 44
319 54
320 32
321 39
322 42
323 25
324 15
325 21
326 22
327 20
328 16
329 13
330 17
331 10
332 15
333 11
334 5
335 11
336 4
337 11
338 1
339 9
340 0
341 3
342 4
343 2
344 0
345 3
346 1
347 0
348 0
349 0
350 0
351 1
352 0
353 0
354 0
355 2
356 1
