0 0
1 0
2 0
3 0
4 0
5 0
6 0
7 0
8 0
9 0
10 0
11 0
12 0
13 0
14 0
15 0
16 0
17 0
18 0
19 0
20 0
21 0
22 0
23 0
24 0
25 0
26 0
27 0
28 0
29 0
30 0
31 0
32 0
33 0
34 0
35 0
36 0
37 0
38 0
39 0
40 0
41 0
42 0
43 0
44 0
45 0
46 0
47 0
48 0
49 0
50 0
51 0
52 0
53 0
54 0
55 0
56 0
57 0
58 0
59 0
60 0
61 0
62 0
63 0
64 0
65 0
66 0
67 0
68 0
69 0
70 0
71 0
72 0
73 0
74 0
75 0
76 0
77 0
78 0
79 0
80 0
81 0
82 0
83 0
84 1
85 1
86 1
87 1
88 0
89 0
90 0
91 1
92 0
93 0
94 1
95 0
96 2
97 0
98 0
99 0
100 2
101 2
102 0
103 1
104 1
105 3
106 1
107 2
108 6
109 0
110 7
111 4
112 5
113 8
114 2
115 8
116 4
117 12
118 6
119 8
120 8
121 15
122 26
123 19
124 17
125 18
126 17
127 28
128 19
129 18
130 21
131 29
132 32
133 22
134 32
135 33
136 24
137 23
138 26
139 22
140 42
141 49
142 52
143 49
144 61
145 74
146 75
147 50
148 59
149 66
150 72
151 79
152 95
153 111
154 131
155 93
156 136
157 135
158 158
159 168
160 161
161 195
162 183
163 218
164 231
165 227
166 251
167 300
168 304
169 310
170 344
171 369
172 428
173 465
174 521
175 554
176 655
177 689
178 708
179 812
180 858
181 876
182 952
183 1010
184 1038
185 1090
186 1070
187 1066
188 1086
189 1113
190 1105
191 1203
192 1226
193 1344
194 1282
195 1344
196 1544
197 1615
198 1658
199 1703
200 1806
201 1816
202 1836
203 1940
204 2094
205 2187
206 2179
207 2271
208 2316
209 2355
210 2447
211 2544
212 2668
213 2645
214 2759
215 2688
216 2824
217 2777
218 2656
219 2625
220 2538
221 2503
222 2515
223 2759
224 2576
225 2598
226 2639
227 2620
228 2641
229 2537
230 2618
231 2435
232 2403
233 2495
234 2453
235 2391
236 2409
237 2415
238 2541
239 2413
240 2322
241 2306
242 2238
243 2255
244 2255
245 2459
246 2354
247 2376
248 2276
249 2181
250 2070
251 2077
252 2049
253 1883
254 1746
255 1820
256 1754
257 1803
258 1923
259 1887
260 2036
261 2205
262 2274
263 2474
264 2395
265 2380
266 2302
267 2144
268 1865
269 1684
270 1481
271 1270
272 1203
273 1079
274 1099
275 915
276 936
277 977
278 863
279 726
280 728
281 656
282 625
283 633
284 581
285 545
286 496
287 516
288 505
289 483
290 446
291 411
292 418
293 390
294 409
295 383
296 399
297 353
298 341
299 357
300 372
301 296
302 274
303 276
304 243
305 277
306 227
307 180
308 154
309 149
310 134
311 114
312 106
313 81
314 71
315 68
316 74
317 69
318 64
319 68
320 61
321 51
322 50
323 64
324 60
325 66
326 58
327 57
328 42
329 58
330 50
331 61
332 54
333 73
334 53
335 68
336 63
337 56
338 64
339 57
340 45
341 66
342 41
343 46
344 26
345 35
346 15
347 22
348 13
349 10
350 12
351 5
352 9
353 6
354 9
355 5
356 1
357 5
358 5
359 3
360 2
361 2
362 2
363 1
364 2
365 1
366 0
367 0
368 0
369 1
370 4
371 0
372 2
373 1
374 2
375 1
