0 0
1 0
2 0
3 0
4 0
5 0
6 0
7 0
8 0
9 0
10 0
11 0
12 0
13 0
14 0
15 0
16 0
17 0
18 0
19 0
20 0
21 0
22 0
23 0
24 0
25 0
26 0
27 0
28 0
29 0
30 0
31 0
32 0
33 0
34 0
35 0
36 0
37 0
38 0
39 0
40 0
41 0
42 0
43 0
44 0
45 0
46 0
47 0
48 0
49 0
50 0
51 0
52 0
53 0
54 0
55 0
56 0
57 0
58 0
59 0
60 0
61 0
62 0
63 0
64 0
65 0
66 0
67 0
68 0
69 0
70 0
71 0
72 0
73 0
74 0
75 0
76 0
77 0
78 0
79 0
80 0
81 0
82 0
83 0
84 0
85 0
86 0
87 0
88 0
89 0
90 0
91 0
92 0
93 0
94 0
95 0
96 0
97 0
98 0
99 0
100 0
101 0
102 0
103 0
104 0
105 0
106 1
107 1
108 0
109 0
110 1
111 1
112 4
113 2
114 7
115 4
116 2
117 2
118 1
119 6
120 8
121 7
122 5
123 10
124 7
125 10
126 16
127 13
128 8
129 19
130 23
131 24
132 18
133 19
134 14
135 23
136 15
137 11
138 10
139 14
140 31
141 24
142 30
143 23
144 39
145 35
146 17
147 25
148 49
149 49
150 58
151 54
152 54
153 54
154 83
155 103
156 113
157 123
158 156
159 179
160 208
161 258
162 227
163 309
164 257
165 274
166 289
167 325
168 351
169 328
170 371
171 383
172 463
173 455
174 480
175 529
176 591
177 530
178 630
179 613
180 755
181 768
182 796
183 851
184 872
185 826
186 872
187 1054
188 1090
189 1247
190 1209
191 1392
192 1321
193 1516
194 1651
195 1575
196 1710
197 1682
198 1769
199 1744
200 1766
201 1865
202 1864
203 1834
204 1934
205 1974
206 2140
207 2220
208 2396
209 2448
210 2466
211 2408
212 2534
213 2727
214 2726
215 2666
216 2694
217 2729
218 2724
219 2755
220 2867
221 2864
222 2830
223 2845
224 2837
225 2951
226 2911
227 3045
228 3157
229 3130
230 3225
231 3367
232 3405
233 3208
234 3131
235 2943
236 2946
237 2851
238 2625
239 2912
240 2695
241 2644
242 2710
243 2553
244 2598
245 2687
246 2599
247 2506
248 2457
249 2420
250 2419
251 2457
252 2154
253 2303
254 2410
255 2429
256 2451
257 2358
258 2163
259 2050
260 2049
261 1904
262 1980
263 1769
264 1719
265 1423
266 1254
267 1247
268 1051
269 976
270 952
271 856
272 798
273 812
274 720
275 739
276 669
277 621
278 620
279 566
280 492
281 461
282 438
283 433
284 397
285 366
286 348
287 357
288 348
289 325
290 333
291 260
292 276
293 265
294 261
295 217
296 202
297 168
298 209
299 163
300 166
301 157
302 170
303 150
304 182
305 145
306 154
307 126
308 110
309 111
310 85
311 75
312 70
313 52
314 26
315 46
316 28
317 26
318 24
319 13
320 14
321 11
322 7
323 11
324 9
325 10
326 11
327 11
328 3
329 7
330 7
331 4
332 6
333 11
334 5
335 6
336 3
337 6
338 2
339 3
340 4
341 2
342 6
343 6
344 2
345 3
346 2
347 0
348 2
349 1
350 1
351 1
352 0
353 0
354 1
355 0
356 0
357 2
358 0
359 0
360 0
361 0
362 1
363 0
364 0
365 0
366 0
367 0
368 0
369 1
