0 0
1 0
2 0
3 0
4 0
5 0
6 0
7 0
8 0
9 0
10 0
11 0
12 0
13 0
14 0
15 0
16 0
17 0
18 0
19 0
20 0
21 0
22 0
23 0
24 0
25 0
26 0
27 0
28 0
29 0
30 0
31 0
32 0
33 0
34 0
35 0
36 0
37 0
38 0
39 0
40 0
41 0
42 0
43 0
44 0
45 0
46 0
47 0
48 0
49 0
50 0
51 0
52 0
53 0
54 0
55 0
56 0
57 0
58 0
59 0
60 0
61 0
62 0
63 0
64 0
65 0
66 0
67 0
68 0
69 0
70 0
71 0
72 0
73 0
74 0
75 0
76 0
77 0
78 0
79 1
80 0
81 0
82 0
83 1
84 0
85 4
86 5
87 5
88 7
89 10
90 5
91 7
92 6
93 6
94 8
95 13
96 8
97 7
98 6
99 6
100 6
101 3
102 5
103 5
104 12
105 7
106 2
107 3
108 9
109 6
110 6
111 6
112 7
113 16
114 16
115 24
116 28
117 23
118 35
119 35
120 35
121 60
122 43
123 54
124 75
125 62
126 51
127 46
128 82
129 78
130 71
131 90
132 80
133 98
134 152
135 164
136 139
137 150
138 164
139 180
140 194
141 198
142 207
143 242
144 222
145 239
146 260
147 270
148 222
149 271
150 256
151 278
152 271
153 309
154 330
155 298
156 365
157 410
158 455
159 392
160 486
161 518
162 606
163 541
164 652
165 812
166 843
167 924
168 898
169 948
170 967
171 1028
172 1127
173 1200
174 1195
175 1248
176 1284
177 1399
178 1406
179 1439
180 1635
181 1599
182 1785
183 1821
184 1781
185 1795
186 1996
187 2007
188 2173
189 2024
190 2324
191 2032
192 2054
193 1955
194 1882
195 1858
196 1841
197 1874
198 1860
199 1870
200 1889
201 1924
202 1892
203 1985
204 2024
205 2151
206 2074
207 2214
208 2371
209 2459
210 2389
211 2466
212 2556
213 2463
214 2473
215 2664
216 2605
217 2769
218 2696
219 2605
220 2792
221 2938
222 2944
223 3069
224 3081
225 3013
226 3351
227 3328
228 3288
229 3438
230 3303
231 3254
232 3384
233 3063
234 2896
235 2915
236 2750
237 2607
238 2244
239 2320
240 2000
241 1964
242 1893
243 1839
244 1814
245 1755
246 1717
247 1535
248 1530
249 1475
250 1455
251 1391
252 1382
253 1339
254 1188
255 1248
256 1151
257 1115
258 1100
259 1019
260 977
261 892
262 906
263 922
264 881
265 803
266 763
267 778
268 776
269 663
270 716
271 730
272 636
273 557
274 628
275 532
276 562
277 541
278 564
279 552
280 438
281 441
282 397
283 343
284 358
285 283
286 233
287 213
288 194
289 149
290 146
291 174
292 144
293 127
294 127
295 127
296 84
297 112
298 83
299 53
300 46
301 66
302 33
303 29
304 18
305 30
306 18
307 19
308 15
309 13
310 16
311 16
312 21
313 17
314 10
315 10
316 9
317 8
318 6
319 2
320 0
321 5
322 2
323 4
324 7
325 6
326 6
327 8
328 10
329 6
330 14
331 4
332 2
333 11
334 5
335 6
336 4
337 6
338 2
339 12
340 1
341 1
342 2
343 2
344 0
345 0
346 0
347 0
348 0
349 0
350 2
