0 0
1 0
2 0
3 0
4 0
5 0
6 0
7 0
8 0
9 0
10 0
11 0
12 0
13 0
14 0
15 0
16 0
17 0
18 0
19 1
20 0
21 0
22 0
23 1
24 0
25 0
26 1
27 0
28 1
29 0
30 0
31 0
32 0
33 0
34 0
35 1
36 0
37 0
38 2
39 1
40 0
41 0
42 0
43 0
44 0
45 0
46 0
47 0
48 0
49 0
50 1
51 1
52 1
53 1
54 0
55 2
56 2
57 0
58 0
59 1
60 0
61 0
62 1
63 1
64 1
65 1
66 1
67 0
68 0
69 0
70 1
71 1
72 1
73 2
74 1
75 1
76 0
77 1
78 0
79 1
80 1
81 2
82 0
83 1
84 1
85 1
86 1
87 0
88 2
89 1
90 0
91 0
92 1
93 1
94 0
95 0
96 0
97 0
98 1
99 1
100 2
101 1
102 1
103 0
104 0
105 0
106 1
107 1
108 1
109 0
110 0
111 0
112 0
113 0
114 3
115 0
116 1
117 1
118 0
119 1
120 0
121 1
122 1
123 0
124 1
125 2
126 2
127 2
128 4
129 4
130 9
131 7
132 15
133 18
134 27
135 22
136 27
137 14
138 32
139 29
140 28
141 38
142 31
143 37
144 36
145 48
146 57
147 68
148 54
149 101
150 118
151 117
152 192
153 170
154 173
155 209
156 220
157 197
158 241
159 229
160 228
161 261
162 235
163 288
164 281
165 284
166 345
167 304
168 346
169 311
170 426
171 371
172 396
173 475
174 499
175 528
176 592
177 626
178 690
179 687
180 704
181 772
182 753
183 793
184 899
185 1025
186 1018
187 1013
188 1018
189 1063
190 1088
191 1245
192 1309
193 1286
194 1436
195 1435
196 1492
197 1511
198 1442
199 1545
200 1459
201 1373
202 1366
203 1434
204 1643
205 1473
206 1625
207 1622
208 1568
209 1600
210 1667
211 1670
212 1482
213 1553
214 1620
215 1637
216 1644
217 1682
218 1537
219 1613
220 1706
221 1715
222 1736
223 1804
224 1806
225 1828
226 1863
227 1867
228 1965
229 2066
230 2121
231 2100
232 2092
233 2245
234 2318
235 2287
236 2404
237 2406
238 2491
239 2422
240 2595
241 2619
242 2506
243 2442
244 2537
245 2368
246 2361
247 2372
248 2238
249 2286
250 2403
251 2611
252 2574
253 2504
254 2700
255 2626
256 2575
257 2474
258 2374
259 2262
260 2293
261 2391
262 2377
263 2192
264 2329
265 2317
266 2143
267 1998
268 1936
269 1963
270 1733
271 1650
272 1601
273 1574
274 1593
275 1476
276 1440
277 1264
278 1178
279 1220
280 1128
281 1081
282 997
283 1063
284 1068
285 1110
286 1087
287 1060
288 1084
289 1056
290 953
291 955
292 921
293 821
294 880
295 801
296 776
297 812
298 712
299 740
300 684
301 681
302 603
303 576
304 568
305 539
306 431
307 415
308 374
309 403
310 335
311 336
312 347
313 300
314 282
315 235
316 205
317 230
318 168
319 157
320 145
321 125
322 105
323 97
324 90
325 92
326 89
327 83
328 62
329 71
330 59
331 85
332 69
333 87
334 70
335 64
336 48
337 61
338 43
339 46
340 32
341 24
342 31
343 26
344 19
345 11
346 11
347 7
348 10
349 1
350 8
351 4
352 2
353 6
354 2
355 4
356 2
357 0
358 0
359 0
360 1
