0 0
1 0
2 0
3 0
4 0
5 0
6 0
7 0
8 0
9 0
10 0
11 0
12 0
13 0
14 0
15 0
16 0
17 0
18 0
19 0
20 0
21 0
22 0
23 0
24 0
25 0
26 0
27 0
28 0
29 0
30 0
31 0
32 0
33 0
34 0
35 0
36 0
37 0
38 0
39 0
40 0
41 0
42 0
43 0
44 0
45 0
46 0
47 0
48 0
49 0
50 0
51 0
52 0
53 0
54 0
55 0
56 0
57 0
58 0
59 0
60 0
61 0
62 0
63 0
64 0
65 0
66 0
67 0
68 0
69 0
70 0
71 0
72 0
73 0
74 0
75 0
76 0
77 0
78 0
79 0
80 0
81 0
82 0
83 0
84 0
85 0
86 0
87 0
88 0
89 0
90 0
91 0
92 0
93 0
94 0
95 0
96 0
97 0
98 0
99 0
100 0
101 0
102 0
103 0
104 0
105 0
106 0
107 0
108 1
109 0
110 0
111 0
112 2
113 0
114 0
115 2
116 1
117 0
118 2
119 1
120 1
121 2
122 8
123 4
124 3
125 0
126 9
127 8
128 18
129 4
130 15
131 9
132 17
133 11
134 28
135 38
136 29
137 34
138 48
139 48
140 61
141 76
142 50
143 68
144 73
145 96
146 89
147 114
148 162
149 144
150 153
151 212
152 230
153 244
154 238
155 301
156 301
157 283
158 326
159 356
160 388
161 356
162 465
163 520
164 557
165 703
166 774
167 844
168 953
169 1079
170 1096
171 1145
172 1190
173 1280
174 1282
175 1279
176 1338
177 1509
178 1448
179 1458
180 1481
181 1527
182 1553
183 1531
184 1453
185 1525
186 1534
187 1684
188 1637
189 1758
190 1800
191 1887
192 1933
193 1952
194 2016
195 2102
196 2264
197 2216
198 2306
199 2369
200 2506
201 2511
202 2573
203 2492
204 2627
205 2670
206 2805
207 2566
208 2527
209 2480
210 2480
211 2422
212 2521
213 2630
214 2740
215 2712
216 2666
217 2794
218 2748
219 2932
220 3045
221 3155
222 3123
223 3195
224 3242
225 3252
226 3245
227 3085
228 3076
229 3047
230 2851
231 2847
232 2824
233 2710
234 2885
235 2722
236 2680
237 2563
238 2461
239 2393
240 2323
241 2121
242 2105
243 2030
244 1779
245 1783
246 1691
247 1594
248 1490
249 1492
250 1379
251 1265
252 1237
253 1123
254 1078
255 970
256 1003
257 952
258 913
259 841
260 851
261 746
262 690
263 796
264 677
265 639
266 580
267 573
268 622
269 625
270 574
271 615
272 655
273 659
274 677
275 713
276 620
277 609
278 630
279 686
280 614
281 532
282 504
283 497
284 616
285 617
286 552
287 467
288 532
289 471
290 423
291 399
292 338
293 300
294 222
295 186
296 160
297 113
298 91
299 49
300 28
301 35
302 28
303 36
304 15
305 26
306 10
307 9
308 16
309 8
310 13
311 8
312 12
313 3
314 5
315 5
316 6
317 3
318 2
319 3
320 2
321 1
322 1
323 1
324 1
325 0
326 0
327 1
