0 0
1 0
2 0
3 0
4 0
5 0
6 0
7 0
8 0
9 0
10 0
11 0
12 0
13 0
14 0
15 0
16 0
17 0
18 0
19 0
20 0
21 0
22 0
23 0
24 0
25 0
26 0
27 0
28 0
29 0
30 0
31 0
32 0
33 0
34 0
35 0
36 0
37 0
38 0
39 0
40 0
41 0
42 0
43 0
44 0
45 0
46 0
47 0
48 0
49 0
50 0
51 0
52 0
53 0
54 0
55 0
56 0
57 0
58 0
59 0
60 0
61 0
62 0
63 0
64 0
65 0
66 0
67 0
68 0
69 0
70 0
71 0
72 0
73 0
74 0
75 0
76 0
77 0
78 0
79 0
80 0
81 0
82 0
83 0
84 0
85 0
86 0
87 0
88 0
89 0
90 0
91 0
92 0
93 0
94 0
95 0
96 0
97 0
98 0
99 0
100 0
101 1
102 0
103 1
104 0
105 0
106 2
107 1
108 0
109 0
110 3
111 0
112 1
113 5
114 2
115 9
116 4
117 5
118 3
119 3
120 5
121 6
122 8
123 10
124 5
125 12
126 9
127 2
128 12
129 12
130 14
131 7
132 13
133 13
134 34
135 27
136 32
137 34
138 42
139 41
140 63
141 69
142 84
143 92
144 94
145 88
146 109
147 128
148 135
149 141
150 171
151 127
152 176
153 154
154 221
155 184
156 187
157 162
158 179
159 168
160 224
161 178
162 245
163 241
164 250
165 308
166 334
167 323
168 335
169 304
170 389
171 339
172 354
173 431
174 447
175 489
176 505
177 535
178 529
179 535
180 679
181 710
182 678
183 791
184 778
185 852
186 900
187 1046
188 1074
189 1195
190 1158
191 1137
192 1281
193 1276
194 1358
195 1457
196 1438
197 1349
198 1499
199 1554
200 1555
201 1685
202 1723
203 1777
204 1843
205 1932
206 2054
207 2033
208 1989
209 2100
210 2122
211 2121
212 1986
213 2074
214 2156
215 2098
216 2180
217 2120
218 2203
219 2364
220 2314
221 2186
222 2184
223 2456
224 2359
225 2375
226 2330
227 2217
228 2332
229 2456
230 2381
231 2397
232 2316
233 2413
234 2419
235 2459
236 2477
237 2549
238 2493
239 2904
240 2934
241 3031
242 3049
243 2903
244 3055
245 2956
246 2865
247 2834
248 2745
249 2655
250 2606
251 2427
252 2496
253 2269
254 2188
255 2137
256 2051
257 2154
258 1931
259 1851
260 1856
261 1825
262 1678
263 1585
264 1583
265 1507
266 1360
267 1352
268 1241
269 1188
270 1222
271 1183
272 1078
273 1029
274 1011
275 1002
276 980
277 971
278 997
279 957
280 1021
281 1049
282 1020
283 996
284 1045
285 1025
286 915
287 969
288 908
289 822
290 769
291 744
292 742
293 662
294 624
295 543
296 477
297 447
298 398
299 400
300 360
301 364
302 375
303 442
304 483
305 423
306 496
307 489
308 561
309 520
310 455
311 395
312 420
313 367
314 279
315 267
316 151
317 101
318 103
319 85
320 82
321 58
322 80
323 63
324 40
325 42
326 46
327 57
328 35
329 51
330 39
331 35
332 34
333 44
334 22
335 20
336 23
337 12
338 11
339 12
340 19
341 10
342 6
343 4
344 4
345 6
346 5
347 10
348 4
349 9
350 2
351 2
352 3
353 7
354 3
355 2
356 2
357 2
358 4
359 2
360 5
361 3
362 0
363 3
364 3
365 2
366 3
367 4
368 2
369 2
370 0
371 0
372 2
373 0
374 1
375 0
376 0
377 1
