0 0
1 0
2 0
3 0
4 0
5 0
6 0
7 0
8 0
9 0
10 0
11 0
12 0
13 0
14 0
15 0
16 0
17 0
18 0
19 0
20 0
21 0
22 0
23 0
24 0
25 0
26 0
27 0
28 0
29 0
30 0
31 0
32 0
33 0
34 0
35 0
36 0
37 0
38 0
39 0
40 0
41 0
42 0
43 0
44 0
45 0
46 0
47 0
48 0
49 0
50 0
51 0
52 0
53 0
54 0
55 0
56 0
57 0
58 0
59 0
60 0
61 0
62 0
63 0
64 0
65 0
66 0
67 0
68 0
69 0
70 0
71 0
72 0
73 0
74 0
75 0
76 0
77 0
78 0
79 0
80 0
81 0
82 0
83 0
84 0
85 0
86 0
87 0
88 0
89 0
90 0
91 0
92 0
93 0
94 0
95 0
96 0
97 0
98 0
99 0
100 0
101 0
102 0
103 0
104 0
105 0
106 0
107 0
108 0
109 0
110 0
111 2
112 0
113 3
114 2
115 1
116 6
117 15
118 5
119 8
120 15
121 9
122 15
123 19
124 13
125 28
126 13
127 11
128 21
129 24
130 35
131 35
132 32
133 60
134 82
135 97
136 96
137 128
138 115
139 151
140 168
141 173
142 202
143 230
144 225
145 230
146 289
147 295
148 332
149 332
150 298
151 282
152 317
153 293
154 315
155 333
156 426
157 437
158 513
159 483
160 576
161 607
162 625
163 685
164 722
165 727
166 790
167 803
168 892
169 866
170 840
171 918
172 876
173 1035
174 973
175 1119
176 1175
177 1273
178 1349
179 1331
180 1381
181 1338
182 1408
183 1231
184 1274
185 1250
186 1384
187 1376
188 1544
189 1541
190 1645
191 1736
192 1702
193 1842
194 1871
195 1954
196 2037
197 2146
198 2188
199 2162
200 2299
201 2218
202 2403
203 2360
204 2380
205 2475
206 2398
207 2456
208 2420
209 2366
210 2427
211 2344
212 2462
213 2560
214 2454
215 2642
216 2545
217 2648
218 2702
219 2724
220 2895
221 2998
222 3040
223 2860
224 3080
225 2958
226 2964
227 3002
228 3026
229 2909
230 2805
231 2808
232 2574
233 2665
234 2607
235 2368
236 2551
237 2378
238 2258
239 2394
240 2287
241 2230
242 2150
243 2124
244 2140
245 1921
246 1821
247 1808
248 1783
249 1728
250 1608
251 1604
252 1551
253 1537
254 1445
255 1492
256 1397
257 1405
258 1368
259 1450
260 1452
261 1401
262 1375
263 1398
264 1309
265 1186
266 1092
267 1136
268 1081
269 981
270 892
271 921
272 949
273 927
274 890
275 793
276 775
277 763
278 664
279 565
280 468
281 398
282 294
283 252
284 188
285 157
286 122
287 120
288 105
289 88
290 73
291 65
292 75
293 54
294 39
295 30
296 34
297 36
298 31
299 46
300 37
301 25
302 31
303 28
304 14
305 16
306 22
307 17
308 9
309 15
310 14
311 22
312 8
313 13
314 9
315 4
316 10
317 7
318 4
319 6
320 3
321 9
322 7
323 6
324 6
325 10
326 4
327 3
328 4
329 1
330 1
331 0
332 1
333 1
334 0
335 0
336 1
337 2
