0 0
1 0
2 0
3 0
4 0
5 0
6 0
7 0
8 0
9 0
10 0
11 0
12 0
13 0
14 0
15 0
16 0
17 0
18 0
19 0
20 0
21 0
22 0
23 0
24 0
25 0
26 0
27 0
28 0
29 0
30 0
31 0
32 0
33 0
34 0
35 0
36 0
37 0
38 0
39 0
40 0
41 0
42 0
43 0
44 0
45 0
46 0
47 1
48 1
49 0
50 1
51 1
52 0
53 0
54 0
55 0
56 0
57 0
58 0
59 0
60 1
61 0
62 0
63 0
64 0
65 0
66 0
67 1
68 0
69 1
70 2
71 0
72 0
73 1
74 0
75 0
76 0
77 0
78 0
79 0
80 0
81 0
82 0
83 0
84 0
85 0
86 1
87 1
88 1
89 0
90 0
91 0
92 1
93 0
94 1
95 0
96 1
97 0
98 0
99 0
100 0
101 0
102 0
103 0
104 1
105 1
106 1
107 1
108 2
109 1
110 1
111 3
112 0
113 3
114 4
115 3
116 7
117 7
118 6
119 10
120 13
121 11
122 16
123 17
124 15
125 16
126 17
127 34
128 22
129 40
130 32
131 43
132 47
133 40
134 51
135 63
136 65
137 77
138 61
139 77
140 69
141 81
142 74
143 69
144 124
145 136
146 102
147 120
148 122
149 132
150 113
151 180
152 129
153 142
154 134
155 151
156 138
157 158
158 169
159 206
160 214
161 239
162 233
163 292
164 290
165 387
166 326
167 415
168 436
169 459
170 502
171 630
172 631
173 737
174 724
175 853
176 860
177 846
178 987
179 1004
180 1070
181 1044
182 1155
183 1208
184 1285
185 1303
186 1378
187 1380
188 1462
189 1559
190 1652
191 1713
192 2015
193 2034
194 2128
195 2405
196 2350
197 2435
198 2556
199 2365
200 2409
201 2325
202 2359
203 2340
204 2480
205 2488
206 2469
207 2510
208 2565
209 2575
210 2681
211 2639
212 2603
213 2635
214 2596
215 2513
216 2599
217 2613
218 2455
219 2569
220 2472
221 2402
222 2459
223 2526
224 2656
225 2605
226 2542
227 2461
228 2433
229 2507
230 2412
231 2495
232 2432
233 2281
234 2285
235 2133
236 2308
237 2253
238 2166
239 2156
240 2125
241 2069
242 2228
243 2173
244 2250
245 2214
246 2176
247 2124
248 2033
249 2158
250 1902
251 1829
252 1876
253 1791
254 1646
255 1687
256 1477
257 1509
258 1447
259 1438
260 1402
261 1390
262 1366
263 1335
264 1296
265 1230
266 1318
267 1235
268 1102
269 1044
270 1011
271 944
272 981
273 776
274 825
275 783
276 730
277 689
278 688
279 689
280 676
281 660
282 718
283 709
284 666
285 651
286 575
287 628
288 578
289 494
290 460
291 449
292 410
293 365
294 383
295 371
296 404
297 412
298 343
299 354
300 397
301 334
302 318
303 287
304 290
305 218
306 213
307 185
308 179
309 139
310 122
311 142
312 122
313 100
314 109
315 82
316 73
317 75
318 64
319 52
320 60
321 60
322 54
323 45
324 52
325 44
326 46
327 46
328 29
329 36
330 49
331 29
332 24
333 31
334 19
335 24
336 17
337 21
338 18
339 18
340 23
341 19
342 10
343 13
344 6
345 15
346 11
347 10
348 7
349 8
350 7
351 8
352 9
353 11
354 5
355 11
356 12
357 11
358 3
359 9
360 7
361 6
362 1
363 10
364 6
365 10
366 4
367 11
368 4
369 6
370 7
371 1
372 0
373 3
374 3
375 0
376 0
377 4
378 1
379 0
380 1
381 0
382 3
383 1
