0 0
1 0
2 0
3 0
4 0
5 0
6 0
7 0
8 0
9 0
10 0
11 0
12 0
13 0
14 0
15 0
16 0
17 0
18 0
19 0
20 0
21 0
22 0
23 0
24 0
25 0
26 0
27 0
28 0
29 0
30 4
31 2
32 2
33 2
34 0
35 0
36 4
37 4
38 0
39 0
40 2
41 2
42 0
43 0
44 0
45 0
46 0
47 0
48 0
49 0
50 0
51 0
52 0
53 0
54 0
55 0
56 0
57 0
58 0
59 2
60 0
61 0
62 2
63 0
64 0
65 0
66 0
67 2
68 0
69 0
70 1
71 0
72 0
73 3
74 0
75 1
76 1
77 0
78 4
79 4
80 5
81 9
82 11
83 4
84 12
85 11
86 7
87 13
88 9
89 8
90 11
91 6
92 7
93 6
94 11
95 8
96 6
97 2
98 3
99 6
100 8
101 14
102 3
103 8
104 14
105 10
106 20
107 21
108 16
109 16
110 33
111 44
112 49
113 35
114 42
115 29
116 36
117 37
118 55
119 37
120 43
121 57
122 61
123 71
124 73
125 71
126 88
127 73
128 103
129 105
130 124
131 98
132 96
133 91
134 117
135 114
136 157
137 154
138 155
139 157
140 144
141 193
142 238
143 268
144 248
145 327
146 361
147 388
148 408
149 484
150 507
151 535
152 591
153 652
154 705
155 710
156 703
157 810
158 895
159 993
160 947
161 1007
162 1073
163 1143
164 1139
165 1250
166 1324
167 1315
168 1515
169 1634
170 1659
171 1789
172 1938
173 2123
174 2152
175 2337
176 2459
177 2326
178 2412
179 2164
180 2212
181 2198
182 2077
183 2143
184 2061
185 1960
186 2020
187 2059
188 2001
189 2101
190 2067
191 2067
192 2083
193 2097
194 2086
195 2246
196 2206
197 2336
198 2295
199 2381
200 2420
201 2513
202 2410
203 2315
204 2382
205 2373
206 2280
207 2447
208 2392
209 2351
210 2246
211 2275
212 2395
213 2309
214 2486
215 2453
216 2520
217 2516
218 2600
219 2556
220 2672
221 2554
222 2334
223 2365
224 2373
225 2320
226 2210
227 2215
228 2026
229 2091
230 2067
231 1982
232 1932
233 1946
234 1900
235 1835
236 1768
237 1665
238 1665
239 1489
240 1526
241 1356
242 1333
243 1286
244 1274
245 1230
246 1158
247 1103
248 1098
249 1094
250 1137
251 1045
252 1012
253 1024
254 1077
255 1021
256 966
257 1033
258 915
259 890
260 938
261 863
262 832
263 714
264 690
265 719
266 727
267 757
268 651
269 652
270 768
271 675
272 685
273 637
274 625
275 708
276 596
277 558
278 473
279 342
280 451
281 385
282 392
283 308
284 278
285 284
286 269
287 242
288 223
289 309
290 264
291 207
292 323
293 198
294 249
295 237
296 186
297 214
298 171
299 158
300 118
301 112
302 83
303 78
304 72
305 46
306 29
307 20
308 15
309 5
310 10
311 7
312 1
313 4
314 6
315 6
316 6
317 7
318 2
319 4
320 2
321 0
322 2
323 0
324 0
325 0
326 4
327 0
328 0
329 3
