0 0
1 0
2 0
3 0
4 0
5 0
6 0
7 0
8 0
9 0
10 0
11 0
12 0
13 0
14 0
15 0
16 0
17 0
18 0
19 0
20 0
21 0
22 0
23 0
24 0
25 0
26 0
27 0
28 0
29 0
30 0
31 0
32 0
33 0
34 0
35 0
36 0
37 0
38 0
39 0
40 0
41 1
42 0
43 0
44 0
45 1
46 0
47 0
48 0
49 0
50 0
51 0
52 1
53 0
54 0
55 0
56 0
57 0
58 0
59 0
60 0
61 0
62 0
63 0
64 0
65 0
66 0
67 0
68 0
69 0
70 0
71 0
72 0
73 1
74 0
75 0
76 0
77 0
78 0
79 0
80 0
81 0
82 0
83 0
84 2
85 0
86 0
87 0
88 0
89 1
90 0
91 0
92 0
93 0
94 1
95 0
96 1
97 0
98 0
99 9
100 0
101 6
102 9
103 15
104 41
105 39
106 35
107 26
108 40
109 30
110 12
111 33
112 37
113 46
114 26
115 32
116 32
117 34
118 49
119 38
120 68
121 51
122 47
123 32
124 68
125 42
126 47
127 42
128 64
129 64
130 105
131 109
132 111
133 119
134 164
135 153
136 214
137 237
138 241
139 253
140 325
141 280
142 349
143 388
144 401
145 400
146 467
147 472
148 428
149 462
150 502
151 586
152 533
153 509
154 576
155 545
156 713
157 625
158 654
159 591
160 681
161 701
162 710
163 716
164 769
165 636
166 756
167 784
168 876
169 919
170 1028
171 1102
172 1206
173 1114
174 1364
175 1367
176 1358
177 1446
178 1307
179 1466
180 1492
181 1656
182 1545
183 1648
184 1550
185 1560
186 1683
187 1624
188 1688
189 1679
190 1601
191 1660
192 1703
193 1641
194 1698
195 1848
196 1771
197 1875
198 1919
199 1880
200 1794
201 1756
202 1633
203 1684
204 1879
205 1761
206 1852
207 1882
208 1878
209 1850
210 1966
211 2039
212 2044
213 1943
214 2078
215 2006
216 2064
217 2079
218 2135
219 2207
220 2245
221 2363
222 2242
223 2238
224 2364
225 2580
226 2562
227 2821
228 2801
229 2744
230 2775
231 2765
232 2723
233 2482
234 2645
235 2754
236 2624
237 2575
238 2491
239 2566
240 2631
241 2506
242 2548
243 2519
244 2464
245 2341
246 2282
247 2329
248 2332
249 2256
250 2106
251 2150
252 1997
253 1908
254 1740
255 1871
256 1789
257 1507
258 1356
259 1410
260 1254
261 1203
262 1033
263 1034
264 996
265 819
266 786
267 738
268 705
269 612
270 551
271 514
272 480
273 460
274 435
275 456
276 377
277 361
278 355
279 372
280 336
281 317
282 298
283 291
284 274
285 296
286 242
287 273
288 292
289 304
290 251
291 293
292 273
293 252
294 204
295 205
296 199
297 174
298 167
299 164
300 146
301 129
302 166
303 114
304 139
305 126
306 117
307 117
308 124
309 107
310 102
311 112
312 104
313 123
314 118
315 116
316 159
317 133
318 122
319 120
320 104
321 78
322 57
323 65
324 45
325 46
326 43
327 23
328 32
329 39
330 30
331 33
332 17
333 27
334 33
335 31
336 32
337 30
338 25
339 25
340 18
341 10
342 7
343 1
344 3
345 1
346 2
347 1
348 0
349 2
350 0
351 1
352 0
353 0
354 0
355 0
356 0
357 0
358 0
359 1
