0 0
1 0
2 0
3 0
4 0
5 0
6 0
7 0
8 0
9 0
10 0
11 0
12 0
13 0
14 0
15 0
16 0
17 0
18 0
19 0
20 0
21 0
22 0
23 0
24 0
25 0
26 0
27 3
28 0
29 0
30 0
31 0
32 1
33 6
34 0
35 0
36 4
37 1
38 0
39 0
40 2
41 2
42 2
43 2
44 0
45 1
46 0
47 0
48 0
49 0
50 0
51 1
52 0
53 0
54 0
55 0
56 0
57 0
58 0
59 0
60 0
61 0
62 0
63 0
64 0
65 0
66 0
67 2
68 4
69 2
70 0
71 0
72 0
73 2
74 0
75 0
76 0
77 0
78 0
79 0
80 0
81 1
82 1
83 1
84 0
85 0
86 0
87 0
88 0
89 7
90 1
91 2
92 5
93 3
94 6
95 6
96 6
97 2
98 5
99 21
100 12
101 12
102 12
103 12
104 10
105 20
106 26
107 31
108 23
109 36
110 40
111 24
112 38
113 42
114 17
115 34
116 31
117 34
118 29
119 47
120 55
121 39
122 53
123 48
124 51
125 42
126 57
127 66
128 113
129 81
130 74
131 115
132 130
133 112
134 105
135 120
136 133
137 155
138 146
139 142
140 172
141 153
142 169
143 235
144 227
145 314
146 310
147 323
148 279
149 304
150 282
151 325
152 366
153 352
154 410
155 376
156 457
157 446
158 464
159 522
160 525
161 508
162 557
163 555
164 646
165 707
166 735
167 797
168 888
169 983
170 1050
171 1197
172 1152
173 1192
174 1293
175 1368
176 1341
177 1320
178 1337
179 1391
180 1180
181 1206
182 1053
183 1201
184 1126
185 1094
186 1158
187 1075
188 1116
189 1206
190 1230
191 1231
192 1316
193 1348
194 1533
195 1364
196 1501
197 1518
198 1467
199 1438
200 1510
201 1643
202 1593
203 1736
204 1827
205 1879
206 1853
207 1918
208 1848
209 1863
210 1748
211 1833
212 1844
213 2037
214 2072
215 2203
216 2133
217 2302
218 2285
219 2317
220 2168
221 2309
222 2368
223 2201
224 2231
225 2235
226 2280
227 2196
228 2313
229 2317
230 2429
231 2382
232 2301
233 2267
234 2123
235 2047
236 2023
237 1811
238 1866
239 1709
240 1760
241 1641
242 1759
243 1631
244 1678
245 1768
246 1691
247 1706
248 1687
249 1707
250 1773
251 1858
252 2019
253 2106
254 1928
255 1982
256 2041
257 1958
258 2037
259 2010
260 1936
261 1905
262 1715
263 1627
264 1608
265 1449
266 1414
267 1309
268 1239
269 1284
270 1223
271 1176
272 1225
273 1224
274 1140
275 1050
276 1014
277 1066
278 956
279 977
280 918
281 884
282 839
283 744
284 783
285 686
286 596
287 635
288 537
289 541
290 532
291 531
292 538
293 442
294 491
295 484
296 471
297 382
298 413
299 456
300 345
301 310
302 370
303 368
304 358
305 339
306 274
307 301
308 251
309 239
310 287
311 325
312 431
313 437
314 427
315 506
316 459
317 448
318 400
319 384
320 399
321 300
322 260
323 221
324 212
325 166
326 121
327 58
328 81
329 26
330 26
331 51
332 33
333 26
334 19
335 15
336 21
337 17
338 24
339 11
340 13
341 8
342 11
343 1
344 5
345 3
346 8
347 10
348 2
349 7
350 6
351 0
352 2
353 3
354 3
355 4
