0 0
1 0
2 0
3 0
4 0
5 0
6 0
7 0
8 0
9 0
10 0
11 0
12 0
13 0
14 0
15 0
16 0
17 0
18 0
19 0
20 0
21 0
22 0
23 0
24 0
25 0
26 0
27 0
28 0
29 0
30 0
31 0
32 0
33 0
34 0
35 0
36 0
37 0
38 0
39 0
40 0
41 0
42 0
43 0
44 0
45 0
46 0
47 0
48 0
49 0
50 0
51 0
52 0
53 0
54 0
55 0
56 0
57 0
58 0
59 0
60 0
61 0
62 0
63 0
64 0
65 0
66 0
67 0
68 0
69 0
70 0
71 0
72 0
73 0
74 0
75 0
76 0
77 0
78 0
79 0
80 0
81 0
82 0
83 0
84 0
85 0
86 0
87 1
88 4
89 1
90 0
91 0
92 1
93 3
94 0
95 4
96 3
97 6
98 3
99 4
100 3
101 0
102 5
103 5
104 12
105 3
106 6
107 1
108 6
109 1
110 3
111 6
112 3
113 8
114 3
115 7
116 0
117 4
118 4
119 2
120 5
121 2
122 8
123 8
124 6
125 5
126 4
127 4
128 11
129 0
130 4
131 4
132 2
133 3
134 3
135 3
136 3
137 4
138 0
139 7
140 6
141 6
142 4
143 7
144 3
145 11
146 9
147 14
148 6
149 11
150 20
151 19
152 19
153 16
154 20
155 16
156 25
157 31
158 20
159 31
160 36
161 25
162 17
163 28
164 36
165 34
166 42
167 36
168 46
169 56
170 69
171 59
172 67
173 64
174 83
175 92
176 100
177 84
178 130
179 113
180 147
181 127
182 124
183 186
184 170
185 172
186 191
187 279
188 274
189 308
190 297
191 365
192 373
193 420
194 468
195 529
196 594
197 648
198 733
199 781
200 801
201 917
202 959
203 950
204 971
205 1045
206 1145
207 1219
208 1069
209 1194
210 1355
211 1540
212 1509
213 1665
214 1736
215 2007
216 1968
217 2095
218 2233
219 2206
220 2298
221 2433
222 2458
223 2440
224 2635
225 2571
226 2797
227 2749
228 2892
229 2985
230 2827
231 2923
232 3147
233 3133
234 3075
235 3020
236 3117
237 3054
238 3238
239 3209
240 3330
241 3287
242 3206
243 3252
244 3237
245 3240
246 3163
247 3182
248 3219
249 3312
250 3140
251 3006
252 3197
253 3042
254 3150
255 3019
256 3013
257 2894
258 2856
259 2822
260 2573
261 2566
262 2412
263 2408
264 2460
265 2482
266 2534
267 2172
268 2074
269 1829
270 1664
271 1623
272 1557
273 1544
274 1367
275 1396
276 1290
277 1151
278 1132
279 1021
280 1088
281 1236
282 1256
283 1218
284 1134
285 1056
286 1145
287 1060
288 942
289 1045
290 875
291 880
292 779
293 769
294 743
295 680
296 634
297 634
298 622
299 633
300 603
301 548
302 479
303 522
304 451
305 423
306 472
307 418
308 377
309 314
310 297
311 246
312 283
313 234
314 233
315 203
316 204
317 173
318 146
319 143
320 121
321 105
322 118
323 106
324 82
325 93
326 93
327 102
328 92
329 99
330 105
331 84
332 84
333 76
334 63
335 52
336 43
337 35
338 21
339 13
340 19
341 16
342 15
343 19
344 11
345 7
346 8
347 11
348 3
349 15
350 10
351 7
352 9
353 3
354 6
355 4
356 3
357 3
358 7
359 5
360 5
361 2
362 3
363 1
364 2
365 3
366 1
367 1
368 0
369 1
370 0
371 0
372 1
373 0
374 0
375 0
376 0
377 0
378 1
