0 0
1 0
2 0
3 0
4 0
5 0
6 0
7 0
8 0
9 0
10 0
11 0
12 0
13 0
14 0
15 0
16 0
17 0
18 0
19 0
20 0
21 0
22 0
23 0
24 0
25 0
26 0
27 0
28 0
29 0
30 0
31 0
32 0
33 0
34 0
35 0
36 0
37 0
38 0
39 0
40 0
41 0
42 0
43 0
44 0
45 0
46 0
47 0
48 0
49 0
50 0
51 0
52 0
53 0
54 0
55 0
56 0
57 0
58 0
59 0
60 0
61 0
62 0
63 0
64 0
65 0
66 0
67 0
68 0
69 0
70 0
71 0
72 0
73 0
74 0
75 0
76 0
77 0
78 0
79 0
80 0
81 0
82 0
83 0
84 0
85 0
86 0
87 0
88 0
89 0
90 0
91 0
92 0
93 0
94 0
95 0
96 0
97 0
98 0
99 0
100 0
101 0
102 0
103 0
104 0
105 0
106 0
107 0
108 0
109 0
110 0
111 0
112 0
113 0
114 0
115 0
116 0
117 0
118 0
119 0
120 0
121 0
122 0
123 1
124 0
125 0
126 0
127 0
128 0
129 0
130 2
131 2
132 0
133 0
134 2
135 2
136 5
137 7
138 7
139 7
140 12
141 16
142 35
143 43
144 40
145 43
146 59
147 64
148 73
149 97
150 105
151 104
152 97
153 99
154 99
155 121
156 118
157 130
158 177
159 178
160 179
161 213
162 257
163 316
164 361
165 362
166 371
167 439
168 472
169 434
170 521
171 476
172 513
173 500
174 569
175 535
176 661
177 753
178 766
179 723
180 817
181 801
182 885
183 993
184 895
185 1035
186 1152
187 1110
188 1263
189 1283
190 1347
191 1436
192 1408
193 1614
194 1412
195 1561
196 1656
197 1541
198 1579
199 1657
200 1519
201 1356
202 1530
203 1473
204 1394
205 1374
206 1342
207 1467
208 1413
209 1433
210 1538
211 1678
212 1734
213 1789
214 1763
215 1639
216 1792
217 1754
218 1743
219 1738
220 1812
221 1869
222 1891
223 1850
224 1930
225 2055
226 1952
227 2112
228 2163
229 2208
230 2295
231 2311
232 2333
233 2393
234 2570
235 2606
236 2638
237 2583
238 2484
239 2562
240 2531
241 2527
242 2496
243 2458
244 2552
245 2523
246 2389
247 2401
248 2342
249 2353
250 2176
251 2181
252 2155
253 2096
254 2126
255 2011
256 2085
257 1930
258 1903
259 1977
260 1909
261 1907
262 1944
263 2078
264 1960
265 1839
266 2020
267 1943
268 1923
269 1908
270 1754
271 1853
272 1713
273 1689
274 1703
275 1472
276 1505
277 1415
278 1345
279 1311
280 1237
281 1244
282 1086
283 981
284 933
285 973
286 830
287 796
288 705
289 666
290 648
291 586
292 549
293 484
294 479
295 457
296 455
297 479
298 452
299 531
300 501
301 490
302 554
303 697
304 684
305 657
306 616
307 566
308 577
309 612
310 637
311 547
312 453
313 464
314 394
315 415
316 380
317 324
318 288
319 265
320 219
321 221
322 249
323 192
324 195
325 197
326 155
327 115
328 104
329 123
330 117
331 86
332 65
333 68
334 59
335 50
336 33
337 42
338 37
339 29
340 28
341 30
342 37
343 24
344 24
345 22
346 25
347 19
348 24
349 20
350 24
351 17
352 16
353 24
354 10
355 9
356 13
357 4
358 13
359 10
360 4
361 10
362 2
363 7
364 11
365 3
366 5
367 2
368 4
369 1
370 2
371 0
372 2
373 0
374 1
375 0
376 0
377 0
378 0
379 0
380 1
381 1
382 1
383 1
384 0
385 1
386 1
387 2
388 0
389 1
390 0
391 0
392 1
393 1
