0 0
1 0
2 0
3 0
4 0
5 0
6 0
7 0
8 0
9 0
10 0
11 0
12 0
13 0
14 0
15 0
16 0
17 0
18 0
19 1
20 0
21 0
22 0
23 0
24 1
25 1
26 0
27 0
28 0
29 0
30 0
31 0
32 0
33 0
34 0
35 0
36 0
37 0
38 0
39 1
40 0
41 0
42 0
43 1
44 0
45 0
46 0
47 1
48 0
49 0
50 0
51 0
52 0
53 3
54 0
55 0
56 1
57 1
58 1
59 0
60 0
61 0
62 0
63 1
64 0
65 0
66 0
67 0
68 0
69 0
70 1
71 0
72 0
73 0
74 0
75 1
76 0
77 1
78 0
79 0
80 0
81 0
82 0
83 2
84 0
85 0
86 0
87 1
88 1
89 0
90 1
91 0
92 1
93 2
94 0
95 1
96 1
97 1
98 0
99 1
100 2
101 2
102 2
103 1
104 2
105 1
106 2
107 4
108 1
109 4
110 5
111 1
112 3
113 1
114 2
115 1
116 2
117 3
118 4
119 4
120 3
121 2
122 4
123 6
124 5
125 5
126 4
127 13
128 15
129 31
130 35
131 44
132 37
133 41
134 45
135 71
136 58
137 99
138 85
139 119
140 117
141 149
142 145
143 173
144 172
145 225
146 194
147 188
148 241
149 221
150 314
151 289
152 388
153 388
154 443
155 340
156 366
157 357
158 339
159 419
160 377
161 429
162 395
163 425
164 410
165 537
166 498
167 583
168 621
169 590
170 668
171 747
172 657
173 670
174 698
175 702
176 787
177 815
178 831
179 836
180 843
181 883
182 887
183 1012
184 945
185 1014
186 1081
187 1106
188 1107
189 1211
190 1214
191 1319
192 1322
193 1359
194 1426
195 1418
196 1524
197 1585
198 1635
199 1762
200 1900
201 2077
202 2184
203 2372
204 2403
205 2433
206 2498
207 2474
208 2460
209 2284
210 2361
211 2515
212 2486
213 2450
214 2513
215 2559
216 2683
217 2755
218 2770
219 2754
220 2955
221 2858
222 2956
223 2919
224 3005
225 3152
226 3224
227 3272
228 3168
229 2941
230 3087
231 2771
232 2739
233 2612
234 2488
235 2397
236 2235
237 2348
238 2324
239 2268
240 2132
241 2325
242 2039
243 2161
244 2144
245 2053
246 2133
247 2137
248 2142
249 2081
250 2019
251 2048
252 1965
253 1814
254 1752
255 1831
256 1753
257 1612
258 1518
259 1594
260 1660
261 1638
262 1727
263 1537
264 1542
265 1442
266 1475
267 1379
268 1323
269 1150
270 1133
271 945
272 992
273 878
274 848
275 907
276 798
277 786
278 786
279 698
280 656
281 626
282 566
283 517
284 463
285 502
286 502
287 450
288 440
289 413
290 395
291 388
292 331
293 324
294 354
295 341
296 334
297 264
298 263
299 263
300 223
301 218
302 217
303 157
304 150
305 148
306 137
307 133
308 105
309 81
310 60
311 85
312 87
313 63
314 43
315 34
316 27
317 33
318 14
319 12
320 16
321 4
322 11
323 5
324 3
325 5
326 0
327 0
328 3
329 1
330 0
331 2
332 2
