0 0
1 0
2 0
3 0
4 0
5 0
6 0
7 0
8 0
9 0
10 0
11 0
12 0
13 0
14 0
15 0
16 0
17 0
18 0
19 0
20 0
21 0
22 0
23 0
24 0
25 0
26 0
27 0
28 0
29 0
30 0
31 0
32 0
33 0
34 0
35 0
36 0
37 0
38 0
39 0
40 0
41 0
42 0
43 0
44 0
45 0
46 0
47 0
48 0
49 0
50 0
51 0
52 0
53 0
54 0
55 0
56 0
57 0
58 0
59 0
60 0
61 0
62 0
63 0
64 0
65 0
66 0
67 0
68 0
69 0
70 0
71 0
72 0
73 0
74 0
75 0
76 0
77 0
78 0
79 0
80 0
81 0
82 0
83 0
84 0
85 0
86 0
87 0
88 0
89 0
90 0
91 0
92 0
93 0
94 0
95 0
96 0
97 0
98 0
99 0
100 0
101 0
102 0
103 0
104 0
105 0
106 0
107 0
108 0
109 0
110 0
111 0
112 0
113 0
114 0
115 0
116 0
117 0
118 0
119 0
120 0
121 0
122 0
123 0
124 0
125 0
126 0
127 0
128 0
129 0
130 0
131 0
132 0
133 0
134 0
135 0
136 0
137 0
138 0
139 1
140 0
141 0
142 0
143 0
144 0
145 1
146 0
147 0
148 0
149 2
150 1
151 0
152 4
153 0
154 3
155 8
156 3
157 12
158 13
159 15
160 38
161 37
162 38
163 51
164 51
165 72
166 97
167 96
168 113
169 109
170 136
171 140
172 147
173 136
174 169
175 209
176 213
177 245
178 261
179 248
180 287
181 311
182 337
183 386
184 375
185 399
186 478
187 432
188 485
189 530
190 581
191 643
192 794
193 939
194 847
195 1103
196 1086
197 1076
198 1076
199 1223
200 1245
201 1318
202 1378
203 1470
204 1491
205 1580
206 1596
207 1640
208 1701
209 1808
210 1888
211 1856
212 1909
213 1852
214 1971
215 1897
216 2069
217 2174
218 2270
219 2414
220 2521
221 2539
222 2648
223 2983
224 3016
225 3133
226 3390
227 3432
228 3547
229 3661
230 3717
231 3596
232 3555
233 3525
234 3475
235 3252
236 3255
237 3051
238 3131
239 3025
240 3031
241 3259
242 3030
243 3049
244 3202
245 2975
246 3170
247 3094
248 2904
249 2748
250 2703
251 2535
252 2649
253 2437
254 2262
255 2268
256 2195
257 2143
258 2079
259 2051
260 1998
261 2006
262 1907
263 1984
264 1867
265 1888
266 1902
267 1832
268 1659
269 1760
270 1562
271 1555
272 1482
273 1536
274 1560
275 1477
276 1401
277 1299
278 1251
279 1347
280 1355
281 1306
282 1294
283 1345
284 1272
285 997
286 880
287 902
288 748
289 704
290 699
291 596
292 516
293 563
294 479
295 443
296 397
297 413
298 304
299 366
300 287
301 206
302 200
303 166
304 181
305 189
306 156
307 165
308 110
309 79
310 99
311 78
312 68
313 58
314 38
315 34
316 31
317 22
318 23
319 18
320 4
321 6
322 8
323 4
324 9
325 1
326 2
327 4
328 0
329 0
330 1
331 0
332 1
333 1
334 0
335 1
