0 0
1 0
2 0
3 0
4 0
5 0
6 0
7 0
8 0
9 0
10 0
11 0
12 0
13 0
14 0
15 0
16 0
17 0
18 0
19 0
20 0
21 0
22 0
23 0
24 0
25 0
26 0
27 0
28 0
29 0
30 0
31 0
32 0
33 0
34 0
35 0
36 0
37 0
38 0
39 0
40 0
41 0
42 0
43 0
44 0
45 0
46 0
47 0
48 0
49 0
50 0
51 0
52 0
53 0
54 0
55 0
56 0
57 0
58 0
59 0
60 0
61 0
62 0
63 0
64 0
65 0
66 0
67 0
68 0
69 0
70 0
71 0
72 0
73 0
74 0
75 0
76 0
77 0
78 0
79 0
80 0
81 0
82 0
83 0
84 0
85 0
86 0
87 0
88 0
89 0
90 0
91 0
92 0
93 0
94 0
95 0
96 0
97 0
98 0
99 0
100 0
101 0
102 0
103 0
104 0
105 0
106 0
107 0
108 0
109 0
110 0
111 0
112 0
113 0
114 0
115 0
116 0
117 0
118 0
119 0
120 0
121 0
122 2
123 2
124 3
125 2
126 2
127 1
128 0
129 1
130 1
131 1
132 3
133 2
134 0
135 2
136 5
137 4
138 1
139 3
140 3
141 5
142 1
143 1
144 4
145 9
146 4
147 4
148 5
149 13
150 10
151 12
152 7
153 7
154 20
155 10
156 7
157 12
158 10
159 8
160 17
161 17
162 25
163 15
164 20
165 18
166 26
167 28
168 34
169 39
170 37
171 39
172 64
173 47
174 69
175 57
176 46
177 55
178 57
179 59
180 57
181 76
182 75
183 80
184 105
185 148
186 115
187 139
188 150
189 154
190 193
191 210
192 170
193 224
194 281
195 263
196 279
197 270
198 310
199 290
200 340
201 329
202 398
203 448
204 438
205 423
206 484
207 467
208 492
209 521
210 548
211 630
212 679
213 696
214 739
215 754
216 831
217 857
218 992
219 1092
220 1154
221 1199
222 1342
223 1430
224 1590
225 1564
226 1667
227 1727
228 1768
229 1728
230 1803
231 1836
232 1943
233 2181
234 2200
235 2463
236 2596
237 2701
238 2759
239 3179
240 3143
241 3083
242 3106
243 3186
244 3180
245 2975
246 3049
247 2947
248 3070
249 3141
250 3114
251 3142
252 3148
253 3264
254 3395
255 3362
256 3291
257 3167
258 3247
259 3278
260 3139
261 2967
262 2900
263 2823
264 2589
265 2627
266 2441
267 2414
268 2350
269 2412
270 2505
271 2624
272 2653
273 2619
274 2663
275 2852
276 2760
277 2708
278 2721
279 2644
280 2572
281 2601
282 2557
283 2362
284 2317
285 2123
286 2008
287 1800
288 1643
289 1541
290 1421
291 1484
292 1342
293 1237
294 1246
295 1026
296 1075
297 962
298 844
299 899
300 806
301 710
302 682
303 692
304 693
305 629
306 640
307 672
308 607
309 622
310 602
311 576
312 528
313 511
314 412
315 418
316 426
317 447
318 388
319 427
320 355
321 354
322 388
323 351
324 305
325 316
326 247
327 201
328 198
329 186
330 176
331 175
332 152
333 136
334 159
335 154
336 83
337 107
338 108
339 105
340 68
341 66
342 30
343 25
344 31
345 25
346 11
347 5
348 2
349 0
350 0
351 0
352 2
