0 0
1 0
2 0
3 0
4 0
5 0
6 0
7 0
8 0
9 0
10 1
11 0
12 0
13 0
14 0
15 0
16 0
17 0
18 0
19 0
20 0
21 0
22 0
23 0
24 0
25 0
26 0
27 0
28 0
29 0
30 0
31 0
32 0
33 0
34 0
35 0
36 0
37 1
38 0
39 1
40 0
41 0
42 0
43 0
44 1
45 1
46 0
47 0
48 0
49 0
50 0
51 0
52 1
53 1
54 0
55 0
56 0
57 0
58 0
59 1
60 0
61 0
62 1
63 0
64 1
65 0
66 0
67 0
68 0
69 0
70 0
71 0
72 0
73 0
74 0
75 0
76 0
77 0
78 0
79 0
80 1
81 0
82 1
83 0
84 0
85 0
86 0
87 0
88 0
89 0
90 0
91 1
92 0
93 0
94 0
95 0
96 0
97 0
98 0
99 0
100 0
101 0
102 0
103 1
104 1
105 1
106 0
107 0
108 0
109 0
110 1
111 0
112 0
113 2
114 0
115 0
116 2
117 0
118 0
119 0
120 0
121 0
122 2
123 0
124 2
125 2
126 0
127 0
128 2
129 1
130 2
131 1
132 2
133 3
134 2
135 3
136 5
137 10
138 16
139 22
140 21
141 31
142 37
143 53
144 47
145 45
146 36
147 35
148 39
149 41
150 46
151 40
152 41
153 38
154 55
155 46
156 55
157 69
158 65
159 63
160 119
161 125
162 163
163 164
164 189
165 237
166 274
167 282
168 302
169 257
170 374
171 344
172 439
173 407
174 433
175 475
176 533
177 596
178 625
179 619
180 703
181 797
182 881
183 880
184 966
185 1095
186 1144
187 1184
188 1415
189 1662
190 1720
191 1677
192 1737
193 1745
194 1683
195 1766
196 1853
197 1725
198 1901
199 1922
200 2006
201 1925
202 2039
203 2106
204 2189
205 2152
206 2068
207 2229
208 2362
209 2428
210 2509
211 2632
212 2706
213 2733
214 2828
215 3038
216 3163
217 3249
218 3328
219 3469
220 3438
221 3530
222 3496
223 3383
224 3455
225 3115
226 3155
227 3011
228 3084
229 2876
230 2840
231 2956
232 2804
233 2909
234 2824
235 2895
236 2779
237 2778
238 2725
239 2830
240 2686
241 2774
242 2686
243 2732
244 2520
245 2421
246 2470
247 2467
248 2290
249 2306
250 2159
251 2263
252 2163
253 2093
254 2030
255 1969
256 1890
257 1793
258 1692
259 1587
260 1541
261 1611
262 1761
263 1639
264 1553
265 1633
266 1607
267 1531
268 1529
269 1366
270 1373
271 1341
272 1181
273 1019
274 951
275 812
276 712
277 638
278 566
279 450
280 402
281 310
282 278
283 184
284 199
285 179
286 136
287 171
288 120
289 132
290 116
291 92
292 82
293 67
294 63
295 38
296 45
297 46
298 34
299 40
300 36
301 20
302 19
303 27
304 13
305 17
306 21
307 13
308 14
309 12
310 16
311 13
312 9
313 10
314 8
315 2
316 5
317 5
318 2
319 2
320 5
321 5
322 2
323 1
324 0
325 2
326 1
327 1
