0 0
1 0
2 0
3 0
4 0
5 0
6 0
7 0
8 0
9 0
10 0
11 0
12 0
13 0
14 0
15 0
16 0
17 0
18 0
19 0
20 0
21 0
22 0
23 0
24 0
25 0
26 0
27 0
28 0
29 0
30 0
31 0
32 0
33 0
34 0
35 0
36 0
37 0
38 0
39 0
40 0
41 0
42 0
43 0
44 0
45 0
46 0
47 0
48 0
49 0
50 0
51 0
52 0
53 0
54 0
55 0
56 0
57 0
58 0
59 0
60 0
61 0
62 0
63 0
64 0
65 0
66 0
67 0
68 0
69 0
70 0
71 0
72 0
73 0
74 0
75 0
76 0
77 0
78 0
79 0
80 0
81 0
82 0
83 0
84 0
85 0
86 0
87 0
88 0
89 0
90 0
91 0
92 0
93 0
94 0
95 0
96 0
97 0
98 0
99 0
100 0
101 0
102 0
103 0
104 0
105 0
106 0
107 0
108 0
109 0
110 0
111 0
112 0
113 0
114 0
115 0
116 0
117 0
118 0
119 0
120 0
121 0
122 0
123 0
124 0
125 0
126 0
127 0
128 3
129 2
130 0
131 0
132 0
133 4
134 0
135 0
136 1
137 0
138 6
139 9
140 16
141 16
142 5
143 21
144 9
145 23
146 20
147 25
148 34
149 36
150 25
151 33
152 45
153 51
154 76
155 77
156 76
157 84
158 105
159 127
160 99
161 123
162 131
163 144
164 171
165 186
166 220
167 247
168 221
169 275
170 243
171 295
172 294
173 328
174 281
175 393
176 421
177 461
178 507
179 495
180 541
181 683
182 657
183 717
184 783
185 849
186 916
187 1035
188 1146
189 1202
190 1250
191 1319
192 1407
193 1492
194 1448
195 1519
196 1639
197 1751
198 1978
199 2049
200 2080
201 2205
202 2283
203 2230
204 2233
205 2447
206 2320
207 2435
208 2371
209 2488
210 2513
211 2694
212 2953
213 3008
214 3219
215 3073
216 3148
217 3173
218 3128
219 3104
220 3125
221 2978
222 2890
223 2885
224 2742
225 2738
226 2689
227 2594
228 2499
229 2450
230 2518
231 2611
232 2614
233 2486
234 2325
235 2365
236 2276
237 2129
238 2034
239 1896
240 1874
241 1863
242 2023
243 1979
244 1922
245 1937
246 1961
247 1829
248 1903
249 1884
250 1884
251 1883
252 1703
253 1652
254 1729
255 1522
256 1548
257 1504
258 1536
259 1352
260 1382
261 1223
262 1227
263 1152
264 1240
265 1111
266 1167
267 1074
268 1057
269 1013
270 1074
271 1022
272 985
273 987
274 977
275 905
276 896
277 927
278 969
279 947
280 946
281 1054
282 1064
283 1047
284 977
285 942
286 858
287 891
288 873
289 864
290 835
291 828
292 792
293 844
294 896
295 869
296 847
297 723
298 722
299 718
300 604
301 530
302 520
303 449
304 470
305 483
306 460
307 422
308 422
309 432
310 387
311 393
312 383
313 349
314 338
315 325
316 273
317 277
318 265
319 272
320 208
321 266
322 214
323 179
324 212
325 176
326 197
327 235
328 196
329 272
330 235
331 229
332 212
333 205
334 174
335 158
336 164
337 123
338 85
339 69
340 50
341 47
342 21
343 11
344 17
345 13
346 9
347 22
348 7
349 7
350 2
351 7
352 0
353 3
354 3
355 1
356 1
357 3
358 0
359 0
360 0
361 0
362 0
363 3
