0 0
1 0
2 0
3 0
4 0
5 0
6 0
7 0
8 0
9 0
10 0
11 0
12 0
13 0
14 0
15 0
16 0
17 0
18 0
19 0
20 0
21 0
22 0
23 0
24 0
25 0
26 0
27 0
28 0
29 0
30 0
31 0
32 0
33 0
34 0
35 0
36 0
37 0
38 0
39 0
40 0
41 0
42 0
43 0
44 0
45 0
46 0
47 0
48 0
49 0
50 0
51 0
52 0
53 0
54 0
55 0
56 0
57 0
58 0
59 0
60 0
61 0
62 0
63 0
64 0
65 0
66 0
67 0
68 0
69 0
70 0
71 0
72 0
73 0
74 0
75 0
76 0
77 0
78 0
79 0
80 0
81 0
82 0
83 0
84 0
85 0
86 1
87 1
88 1
89 0
90 1
91 1
92 1
93 1
94 0
95 0
96 3
97 1
98 2
99 1
100 0
101 3
102 2
103 4
104 0
105 0
106 5
107 0
108 2
109 3
110 1
111 2
112 3
113 2
114 0
115 5
116 6
117 6
118 9
119 14
120 14
121 13
122 8
123 13
124 21
125 20
126 22
127 14
128 32
129 35
130 26
131 36
132 36
133 38
134 35
135 55
136 40
137 33
138 43
139 58
140 72
141 55
142 81
143 97
144 117
145 107
146 92
147 136
148 123
149 125
150 129
151 167
152 164
153 179
154 189
155 225
156 226
157 164
158 212
159 182
160 208
161 170
162 187
163 211
164 202
165 237
166 239
167 264
168 304
169 388
170 367
171 380
172 481
173 433
174 473
175 512
176 570
177 695
178 639
179 717
180 882
181 892
182 906
183 983
184 1057
185 1118
186 1255
187 1302
188 1381
189 1524
190 1631
191 1873
192 2020
193 2269
194 2349
195 2507
196 2477
197 2752
198 2703
199 2830
200 2907
201 2759
202 2897
203 2799
204 2717
205 2574
206 2714
207 2743
208 2823
209 2732
210 2965
211 3085
212 3096
213 3072
214 3065
215 3044
216 3076
217 3176
218 3082
219 3218
220 2947
221 2914
222 2978
223 2695
224 2607
225 2590
226 2602
227 2463
228 2518
229 2311
230 2260
231 2255
232 2167
233 2251
234 2203
235 2238
236 2230
237 2231
238 2082
239 2103
240 2102
241 2076
242 1866
243 1861
244 1782
245 1748
246 1650
247 1644
248 1593
249 1565
250 1576
251 1552
252 1616
253 1533
254 1414
255 1492
256 1356
257 1350
258 1348
259 1254
260 1109
261 1155
262 1146
263 1047
264 1035
265 1016
266 1050
267 998
268 1025
269 923
270 928
271 877
272 885
273 910
274 893
275 879
276 827
277 820
278 834
279 800
280 682
281 732
282 757
283 681
284 717
285 658
286 569
287 545
288 505
289 458
290 433
291 479
292 442
293 431
294 358
295 381
296 402
297 351
298 343
299 348
300 344
301 312
302 331
303 298
304 307
305 281
306 234
307 208
308 212
309 194
310 238
311 153
312 173
313 149
314 145
315 146
316 116
317 102
318 110
319 118
320 115
321 118
322 119
323 111
324 103
325 96
326 93
327 86
328 88
329 78
330 85
331 80
332 61
333 50
334 46
335 49
336 20
337 28
338 35
339 27
340 18
341 20
342 23
343 30
344 21
345 20
346 15
347 13
348 9
349 19
350 13
351 13
352 9
353 20
354 10
355 14
356 16
357 14
358 18
359 16
360 17
361 15
362 22
363 15
364 15
365 13
366 14
367 24
368 20
369 17
370 18
371 10
372 11
373 9
374 7
375 7
376 9
377 6
378 8
379 9
380 9
381 7
382 6
383 12
384 7
385 8
386 10
387 17
388 6
389 8
390 7
391 8
392 9
393 2
394 7
395 6
396 2
397 0
398 6
399 2
400 0
401 1
402 0
403 1
404 0
405 1
406 1
407 1
408 0
409 1
410 1
