0 0
1 0
2 0
3 0
4 0
5 0
6 0
7 0
8 0
9 0
10 0
11 0
12 0
13 0
14 0
15 0
16 0
17 0
18 0
19 0
20 0
21 0
22 0
23 0
24 0
25 0
26 0
27 0
28 0
29 0
30 0
31 0
32 0
33 0
34 0
35 0
36 0
37 0
38 0
39 0
40 0
41 0
42 0
43 0
44 0
45 0
46 0
47 0
48 0
49 0
50 0
51 0
52 0
53 0
54 0
55 0
56 0
57 0
58 0
59 0
60 0
61 0
62 0
63 0
64 0
65 0
66 0
67 0
68 0
69 0
70 0
71 0
72 0
73 0
74 0
75 0
76 0
77 0
78 0
79 0
80 0
81 0
82 0
83 0
84 0
85 0
86 0
87 0
88 0
89 0
90 0
91 0
92 0
93 0
94 0
95 0
96 0
97 0
98 0
99 0
100 0
101 0
102 0
103 0
104 0
105 0
106 0
107 0
108 0
109 0
110 0
111 0
112 0
113 0
114 0
115 0
116 0
117 0
118 0
119 0
120 0
121 0
122 0
123 0
124 0
125 0
126 0
127 0
128 0
129 0
130 0
131 0
132 0
133 0
134 0
135 0
136 0
137 0
138 0
139 0
140 2
141 0
142 0
143 2
144 0
145 3
146 2
147 0
148 2
149 0
150 2
151 4
152 5
153 6
154 4
155 18
156 10
157 12
158 30
159 13
160 14
161 17
162 15
163 31
164 29
165 28
166 41
167 32
168 26
169 38
170 35
171 49
172 66
173 72
174 76
175 96
176 134
177 127
178 161
179 163
180 166
181 191
182 191
183 201
184 201
185 212
186 281
187 292
188 311
189 388
190 370
191 433
192 470
193 586
194 554
195 674
196 752
197 780
198 916
199 993
200 1020
201 1060
202 1179
203 1250
204 1356
205 1384
206 1532
207 1621
208 1711
209 1910
210 1982
211 2067
212 2156
213 2135
214 2243
215 2218
216 2130
217 2273
218 2216
219 2237
220 2187
221 2251
222 2203
223 2304
224 2336
225 2470
226 2212
227 2467
228 2584
229 2629
230 2592
231 2694
232 2953
233 2935
234 3000
235 3024
236 3134
237 3080
238 3177
239 3416
240 3399
241 3389
242 3520
243 3659
244 3754
245 3806
246 3590
247 3546
248 3826
249 3444
250 3354
251 3406
252 3194
253 3067
254 3014
255 2934
256 2924
257 2811
258 2768
259 2767
260 2744
261 2463
262 2529
263 2371
264 2366
265 2344
266 2259
267 2164
268 1941
269 1910
270 1958
271 1873
272 1787
273 1756
274 1641
275 1623
276 1584
277 1491
278 1471
279 1366
280 1311
281 1210
282 1171
283 1106
284 998
285 826
286 855
287 733
288 655
289 547
290 534
291 529
292 478
293 437
294 406
295 368
296 334
297 285
298 292
299 280
300 244
301 195
302 167
303 189
304 164
305 129
306 112
307 114
308 109
309 87
310 97
311 66
312 51
313 39
314 32
315 39
316 38
317 38
318 23
319 44
320 54
321 49
322 50
323 47
324 41
325 14
326 46
327 19
328 20
329 31
330 19
331 10
332 11
333 9
334 9
335 9
336 4
337 7
338 2
339 7
340 3
341 4
342 0
343 4
344 0
345 4
346 1
347 1
348 3
349 4
350 1
351 1
352 1
353 1
354 0
355 1
356 0
357 0
358 1
359 1
360 0
361 1
362 0
363 1
364 0
365 0
366 1
