0 0
1 0
2 0
3 0
4 0
5 0
6 0
7 0
8 0
9 0
10 0
11 0
12 0
13 0
14 0
15 0
16 0
17 0
18 0
19 0
20 0
21 0
22 0
23 0
24 0
25 0
26 0
27 0
28 0
29 0
30 0
31 0
32 0
33 0
34 0
35 0
36 0
37 0
38 0
39 0
40 0
41 0
42 0
43 0
44 0
45 0
46 0
47 0
48 0
49 0
50 0
51 0
52 0
53 0
54 0
55 0
56 0
57 0
58 0
59 0
60 0
61 0
62 0
63 0
64 0
65 0
66 0
67 0
68 0
69 0
70 0
71 0
72 0
73 0
74 0
75 0
76 0
77 0
78 0
79 0
80 0
81 0
82 0
83 0
84 0
85 0
86 0
87 0
88 0
89 0
90 0
91 0
92 0
93 0
94 0
95 0
96 1
97 1
98 0
99 0
100 0
101 1
102 4
103 1
104 1
105 7
106 2
107 10
108 5
109 3
110 7
111 7
112 5
113 4
114 10
115 8
116 8
117 10
118 14
119 11
120 15
121 16
122 11
123 17
124 21
125 11
126 18
127 8
128 23
129 24
130 32
131 24
132 16
133 18
134 29
135 28
136 25
137 22
138 26
139 20
140 37
141 41
142 51
143 50
144 68
145 81
146 64
147 109
148 106
149 132
150 134
151 116
152 164
153 189
154 196
155 216
156 256
157 227
158 259
159 265
160 288
161 298
162 280
163 300
164 351
165 375
166 385
167 428
168 407
169 450
170 483
171 495
172 571
173 532
174 602
175 654
176 584
177 734
178 867
179 1012
180 1051
181 1173
182 1176
183 1287
184 1279
185 1353
186 1311
187 1329
188 1431
189 1514
190 1505
191 1610
192 1669
193 1655
194 1899
195 1976
196 1905
197 1863
198 1952
199 2027
200 2204
201 2094
202 2418
203 2368
204 2363
205 2472
206 2512
207 2433
208 2517
209 2706
210 2714
211 3002
212 2908
213 2955
214 3075
215 2953
216 3057
217 2788
218 2814
219 2877
220 2797
221 2948
222 2889
223 2998
224 2885
225 2878
226 2820
227 2759
228 2627
229 2534
230 2689
231 2463
232 2396
233 2364
234 2236
235 2268
236 2144
237 2078
238 2061
239 2002
240 1976
241 1920
242 1816
243 1801
244 1783
245 1816
246 1753
247 1672
248 1624
249 1617
250 1545
251 1650
252 1521
253 1581
254 1439
255 1368
256 1372
257 1287
258 1238
259 1141
260 1108
261 1108
262 1038
263 1080
264 1100
265 1094
266 1058
267 1056
268 1108
269 1176
270 1106
271 1077
272 1061
273 990
274 944
275 925
276 962
277 828
278 786
279 786
280 830
281 743
282 679
283 761
284 751
285 644
286 648
287 649
288 642
289 628
290 557
291 612
292 551
293 594
294 539
295 504
296 503
297 433
298 436
299 360
300 353
301 348
302 295
303 300
304 298
305 242
306 250
307 234
308 227
309 241
310 281
311 247
312 260
313 294
314 268
315 280
316 266
317 239
318 226
319 214
320 201
321 164
322 156
323 142
324 143
325 124
326 101
327 82
328 73
329 102
330 96
331 94
332 106
333 104
334 87
335 115
336 118
337 91
338 99
339 82
340 81
341 59
342 72
343 80
344 76
345 55
346 59
347 55
348 30
349 30
350 28
351 15
352 25
353 22
354 17
355 6
356 8
357 11
358 9
359 8
360 8
361 11
362 5
363 4
364 4
365 5
366 6
367 10
368 8
369 9
370 4
371 8
372 2
373 6
374 6
375 6
376 2
377 3
378 2
379 1
380 1
381 1
382 1
383 3
384 2
385 3
