0 0
1 0
2 0
3 0
4 0
5 0
6 0
7 0
8 0
9 0
10 0
11 0
12 0
13 0
14 0
15 0
16 0
17 0
18 0
19 0
20 0
21 0
22 0
23 0
24 0
25 0
26 0
27 0
28 0
29 0
30 0
31 0
32 0
33 0
34 0
35 0
36 0
37 0
38 0
39 0
40 0
41 0
42 0
43 0
44 0
45 0
46 0
47 0
48 0
49 0
50 0
51 0
52 0
53 0
54 0
55 0
56 0
57 0
58 0
59 0
60 0
61 0
62 0
63 0
64 0
65 0
66 0
67 0
68 0
69 0
70 0
71 0
72 0
73 0
74 0
75 0
76 0
77 0
78 0
79 0
80 0
81 0
82 0
83 0
84 0
85 0
86 0
87 1
88 0
89 0
90 0
91 0
92 2
93 0
94 1
95 0
96 0
97 0
98 0
99 0
100 0
101 0
102 0
103 1
104 0
105 1
106 0
107 0
108 0
109 1
110 0
111 0
112 3
113 5
114 2
115 13
116 15
117 37
118 43
119 44
120 84
121 86
122 88
123 93
124 105
125 101
126 109
127 148
128 171
129 189
130 199
131 224
132 223
133 250
134 227
135 237
136 215
137 266
138 269
139 277
140 253
141 288
142 310
143 336
144 360
145 432
146 452
147 457
148 458
149 574
150 653
151 658
152 763
153 840
154 871
155 896
156 917
157 976
158 1108
159 1051
160 1014
161 1064
162 1094
163 1114
164 1211
165 1195
166 1265
167 1319
168 1274
169 1370
170 1292
171 1505
172 1565
173 1566
174 1591
175 1622
176 1771
177 1757
178 1733
179 1770
180 1657
181 1688
182 1706
183 1949
184 1933
185 1823
186 2151
187 2100
188 2125
189 2097
190 2185
191 2209
192 2282
193 2508
194 2361
195 2354
196 2596
197 2448
198 2265
199 2266
200 2394
201 2378
202 2280
203 2446
204 2279
205 2342
206 2354
207 2315
208 2307
209 2270
210 2218
211 2071
212 1926
213 1915
214 1934
215 1803
216 1938
217 1888
218 1866
219 1720
220 1763
221 1698
222 1756
223 1834
224 1775
225 1786
226 1900
227 1883
228 1955
229 2018
230 2015
231 1805
232 1937
233 2019
234 2024
235 1900
236 2093
237 2038
238 2088
239 2035
240 1991
241 2046
242 1914
243 1864
244 1801
245 1825
246 1708
247 1859
248 1669
249 1579
250 1538
251 1622
252 1406
253 1415
254 1318
255 1395
256 1316
257 1222
258 1285
259 1323
260 1280
261 1291
262 1332
263 1257
264 1161
265 1160
266 978
267 920
268 889
269 903
270 707
271 685
272 643
273 569
274 525
275 565
276 507
277 491
278 426
279 355
280 380
281 326
282 287
283 277
284 252
285 251
286 273
287 203
288 209
289 182
290 207
291 147
292 179
293 123
294 124
295 94
296 94
297 86
298 71
299 60
300 70
301 40
302 43
303 44
304 43
305 36
306 41
307 29
308 21
309 27
310 22
311 24
312 16
313 17
314 9
315 7
316 20
317 9
318 20
319 3
320 2
321 7
322 7
323 7
324 0
325 2
326 0
327 0
328 0
329 2
330 4
331 3
332 2
333 2
334 1
