0 0
1 0
2 1
3 0
4 0
5 0
6 0
7 0
8 1
9 0
10 2
11 0
12 2
13 8
14 8
15 7
16 4
17 6
18 4
19 3
20 6
21 2
22 2
23 3
24 5
25 3
26 3
27 3
28 3
29 7
30 4
31 2
32 5
33 8
34 3
35 5
36 6
37 0
38 7
39 11
40 11
41 6
42 2
43 2
44 2
45 3
46 0
47 0
48 1
49 1
50 2
51 1
52 1
53 1
54 3
55 2
56 4
57 2
58 8
59 6
60 4
61 13
62 11
63 7
64 2
65 5
66 5
67 5
68 3
69 1
70 3
71 4
72 3
73 1
74 2
75 3
76 1
77 2
78 1
79 0
80 0
81 1
82 2
83 2
84 4
85 6
86 6
87 10
88 13
89 13
90 27
91 16
92 18
93 18
94 9
95 12
96 11
97 8
98 2
99 8
100 8
101 10
102 4
103 5
104 9
105 11
106 11
107 16
108 13
109 34
110 35
111 44
112 30
113 51
114 77
115 118
116 134
117 151
118 145
119 158
120 199
121 163
122 204
123 190
124 152
125 140
126 170
127 126
128 123
129 141
130 126
131 162
132 152
133 188
134 210
135 258
136 235
137 339
138 361
139 391
140 486
141 372
142 484
143 445
144 478
145 495
146 579
147 585
148 687
149 687
150 861
151 907
152 1046
153 1152
154 1248
155 1269
156 1397
157 1349
158 1371
159 1478
160 1368
161 1395
162 1320
163 1347
164 1157
165 1380
166 1281
167 1339
168 1335
169 1298
170 1488
171 1467
172 1482
173 1459
174 1458
175 1394
176 1433
177 1527
178 1565
179 1596
180 1569
181 1518
182 1620
183 1608
184 1770
185 1909
186 1876
187 1871
188 1997
189 1982
190 2157
191 2213
192 2252
193 2385
194 2209
195 2277
196 2280
197 2238
198 2176
199 2330
200 2250
201 2271
202 2309
203 2389
204 2364
205 2313
206 2318
207 2411
208 2327
209 2337
210 2358
211 2145
212 2208
213 2071
214 2063
215 2032
216 1937
217 2032
218 1873
219 1870
220 1828
221 1938
222 1942
223 1907
224 1741
225 1890
226 1886
227 1798
228 1875
229 1851
230 1681
231 1774
232 1773
233 1723
234 1790
235 1815
236 1692
237 1682
238 1810
239 1680
240 1777
241 1668
242 1793
243 1614
244 1724
245 1639
246 1726
247 1652
248 1529
249 1580
250 1392
251 1432
252 1343
253 1379
254 1363
255 1405
256 1367
257 1369
258 1292
259 1256
260 1176
261 1052
262 928
263 865
264 756
265 740
266 641
267 607
268 519
269 492
270 437
271 402
272 386
273 382
274 356
275 345
276 319
277 403
278 349
279 405
280 394
281 311
282 288
283 293
284 272
285 282
286 249
287 279
288 298
289 222
290 277
291 246
292 249
293 228
294 210
295 225
296 217
297 183
298 197
299 147
300 172
301 171
302 174
303 139
304 119
305 112
306 108
307 94
308 82
309 78
310 50
311 46
312 50
313 33
314 26
315 32
316 31
317 28
318 39
319 25
320 19
321 26
322 28
323 8
324 10
325 8
326 6
327 4
328 15
329 3
330 2
331 5
332 6
333 1
334 3
335 3
336 4
337 0
338 4
339 0
340 4
341 2
342 0
343 0
344 0
345 0
346 1
347 0
348 2
349 1
350 1
351 0
352 0
353 0
354 0
355 1
