0 0
1 0
2 0
3 0
4 0
5 0
6 0
7 0
8 0
9 0
10 0
11 0
12 0
13 0
14 0
15 0
16 0
17 0
18 0
19 0
20 0
21 0
22 0
23 0
24 0
25 0
26 0
27 0
28 0
29 0
30 2
31 0
32 4
33 2
34 0
35 0
36 0
37 0
38 0
39 0
40 0
41 0
42 0
43 0
44 0
45 0
46 0
47 2
48 0
49 4
50 0
51 0
52 0
53 1
54 0
55 0
56 1
57 0
58 0
59 0
60 3
61 2
62 0
63 0
64 0
65 0
66 3
67 0
68 0
69 2
70 1
71 0
72 1
73 2
74 2
75 0
76 0
77 1
78 0
79 0
80 2
81 0
82 0
83 0
84 2
85 3
86 1
87 0
88 0
89 2
90 0
91 0
92 2
93 1
94 2
95 0
96 3
97 2
98 2
99 1
100 3
101 4
102 6
103 9
104 5
105 3
106 6
107 5
108 7
109 7
110 1
111 9
112 15
113 24
114 25
115 33
116 31
117 21
118 37
119 38
120 33
121 39
122 52
123 58
124 53
125 43
126 59
127 62
128 86
129 81
130 118
131 95
132 102
133 115
134 118
135 142
136 144
137 146
138 160
139 159
140 184
141 217
142 201
143 199
144 222
145 219
146 226
147 260
148 236
149 260
150 249
151 301
152 301
153 350
154 388
155 466
156 451
157 445
158 537
159 592
160 589
161 647
162 723
163 710
164 745
165 820
166 824
167 850
168 847
169 918
170 884
171 930
172 988
173 1004
174 1061
175 1042
176 1080
177 1137
178 1113
179 1202
180 1137
181 1279
182 1168
183 1312
184 1351
185 1335
186 1279
187 1317
188 1368
189 1242
190 1200
191 1238
192 1294
193 1260
194 1203
195 1153
196 1412
197 1271
198 1324
199 1524
200 1485
201 1552
202 1691
203 1788
204 1995
205 1945
206 2063
207 1961
208 2151
209 2129
210 2237
211 2173
212 2153
213 2281
214 2137
215 2165
216 2167
217 2155
218 2175
219 2163
220 2200
221 2118
222 2011
223 1994
224 2084
225 2075
226 2022
227 1886
228 1926
229 1806
230 1962
231 1940
232 1871
233 2106
234 2210
235 2266
236 2292
237 2480
238 2419
239 2513
240 2498
241 2347
242 2389
243 2177
244 2057
245 2201
246 2011
247 1938
248 1973
249 1930
250 1957
251 1980
252 1874
253 1750
254 1747
255 1635
256 1669
257 1569
258 1453
259 1509
260 1616
261 1465
262 1456
263 1388
264 1440
265 1371
266 1342
267 1242
268 1266
269 1381
270 1343
271 1298
272 1362
273 1392
274 1341
275 1284
276 1191
277 1329
278 1254
279 1151
280 1168
281 1201
282 1178
283 1184
284 1193
285 1131
286 1043
287 899
288 876
289 828
290 801
291 619
292 619
293 574
294 431
295 434
296 413
297 374
298 315
299 297
300 238
301 260
302 203
303 253
304 195
305 151
306 204
307 177
308 193
309 179
310 126
311 174
312 150
313 152
314 124
315 172
316 95
317 141
318 97
319 71
320 61
321 66
322 76
323 42
324 39
325 43
326 34
327 16
328 18
329 18
330 13
331 17
332 14
333 9
334 13
335 13
336 7
337 5
338 3
339 1
340 0
341 5
342 0
343 2
344 0
345 0
346 7
347 4
348 5
349 3
350 0
351 3
352 0
353 0
354 2
355 2
356 0
357 0
358 0
359 1
