0 0
1 0
2 0
3 0
4 0
5 0
6 0
7 0
8 0
9 0
10 0
11 0
12 0
13 0
14 0
15 0
16 0
17 0
18 0
19 0
20 0
21 0
22 0
23 0
24 0
25 0
26 0
27 0
28 0
29 0
30 0
31 0
32 0
33 0
34 0
35 0
36 0
37 0
38 0
39 0
40 0
41 0
42 0
43 0
44 0
45 0
46 0
47 0
48 0
49 0
50 0
51 0
52 0
53 0
54 0
55 0
56 0
57 0
58 0
59 0
60 0
61 0
62 0
63 0
64 0
65 0
66 0
67 0
68 0
69 0
70 0
71 0
72 0
73 0
74 0
75 0
76 0
77 0
78 0
79 0
80 0
81 0
82 0
83 0
84 0
85 0
86 0
87 0
88 0
89 0
90 0
91 0
92 0
93 0
94 0
95 0
96 0
97 0
98 0
99 0
100 0
101 0
102 1
103 1
104 0
105 2
106 5
107 4
108 3
109 5
110 6
111 8
112 12
113 5
114 10
115 3
116 11
117 12
118 20
119 16
120 22
121 10
122 15
123 8
124 16
125 21
126 25
127 16
128 30
129 22
130 52
131 45
132 38
133 52
134 75
135 56
136 74
137 82
138 92
139 71
140 76
141 76
142 57
143 62
144 49
145 67
146 55
147 61
148 36
149 42
150 40
151 41
152 66
153 66
154 51
155 61
156 43
157 79
158 54
159 73
160 81
161 91
162 75
163 76
164 82
165 97
166 87
167 69
168 95
169 105
170 129
171 113
172 122
173 78
174 120
175 132
176 143
177 161
178 163
179 192
180 185
181 175
182 160
183 188
184 195
185 174
186 214
187 262
188 294
189 264
190 328
191 393
192 444
193 508
194 528
195 586
196 569
197 638
198 652
199 675
200 706
201 777
202 880
203 879
204 899
205 852
206 918
207 907
208 835
209 895
210 915
211 1041
212 1030
213 1081
214 1083
215 1056
216 1039
217 1194
218 1111
219 1204
220 1305
221 1336
222 1378
223 1534
224 1723
225 1799
226 1935
227 1901
228 2109
229 2134
230 1990
231 2207
232 2316
233 2316
234 2297
235 2377
236 2200
237 2184
238 2284
239 2310
240 2193
241 2329
242 2228
243 2323
244 2280
245 2372
246 2385
247 2528
248 2528
249 2649
250 2476
251 2760
252 2741
253 2814
254 2768
255 2864
256 2689
257 2687
258 2635
259 2675
260 2538
261 2514
262 2357
263 2438
264 2342
265 2126
266 2235
267 2143
268 2285
269 2150
270 2192
271 2185
272 2342
273 2220
274 2257
275 2411
276 2248
277 2189
278 2209
279 2270
280 2078
281 2265
282 2103
283 2032
284 1991
285 1829
286 1887
287 1594
288 1697
289 1595
290 1570
291 1458
292 1495
293 1382
294 1404
295 1216
296 1195
297 1134
298 1166
299 1099
300 995
301 995
302 1052
303 1027
304 1007
305 879
306 970
307 914
308 855
309 775
310 820
311 762
312 720
313 609
314 629
315 672
316 642
317 541
318 494
319 472
320 422
321 359
322 360
323 317
324 315
325 244
326 246
327 223
328 224
329 168
330 187
331 181
332 178
333 167
334 163
335 167
336 189
337 142
338 169
339 121
340 111
341 107
342 102
343 80
344 67
345 65
346 59
347 62
348 45
349 46
350 35
351 44
352 41
353 27
354 42
355 25
356 27
357 15
358 14
359 36
360 21
361 34
362 25
363 30
364 35
365 28
366 31
367 22
368 21
369 15
370 12
371 15
372 12
373 9
374 11
375 12
376 9
377 10
378 11
379 8
380 1
381 7
382 11
383 4
384 5
385 9
386 1
387 1
388 1
389 0
390 0
391 0
392 0
393 0
394 2
