0 0
1 0
2 0
3 0
4 0
5 0
6 0
7 0
8 0
9 0
10 0
11 0
12 0
13 0
14 0
15 0
16 0
17 0
18 0
19 0
20 1
21 0
22 0
23 0
24 0
25 0
26 0
27 0
28 0
29 0
30 0
31 0
32 0
33 1
34 0
35 0
36 0
37 0
38 0
39 0
40 1
41 0
42 0
43 0
44 0
45 0
46 0
47 0
48 0
49 0
50 0
51 0
52 0
53 0
54 0
55 0
56 0
57 0
58 0
59 1
60 0
61 0
62 0
63 0
64 0
65 0
66 1
67 0
68 0
69 0
70 0
71 0
72 0
73 0
74 0
75 0
76 0
77 0
78 0
79 0
80 0
81 0
82 0
83 0
84 0
85 0
86 0
87 1
88 0
89 0
90 0
91 0
92 0
93 0
94 0
95 0
96 0
97 0
98 0
99 0
100 0
101 0
102 0
103 0
104 0
105 0
106 0
107 0
108 0
109 0
110 0
111 0
112 0
113 0
114 0
115 0
116 0
117 0
118 0
119 0
120 0
121 0
122 3
123 0
124 1
125 3
126 3
127 7
128 6
129 9
130 8
131 11
132 15
133 7
134 7
135 22
136 21
137 36
138 35
139 46
140 33
141 51
142 49
143 69
144 67
145 101
146 114
147 132
148 130
149 157
150 193
151 238
152 287
153 254
154 341
155 412
156 476
157 474
158 620
159 668
160 757
161 857
162 863
163 959
164 913
165 941
166 951
167 1059
168 1079
169 1030
170 1198
171 1181
172 1265
173 1276
174 1207
175 1199
176 1267
177 1243
178 1324
179 1305
180 1282
181 1302
182 1351
183 1413
184 1485
185 1519
186 1511
187 1529
188 1514
189 1668
190 1564
191 1602
192 1675
193 1727
194 1707
195 1667
196 1639
197 1838
198 1864
199 1996
200 1996
201 2073
202 2326
203 2315
204 2235
205 2429
206 2524
207 2505
208 2451
209 2472
210 2494
211 2491
212 2588
213 2597
214 2497
215 2619
216 2616
217 2708
218 2663
219 2672
220 2685
221 2708
222 2760
223 2732
224 2698
225 2546
226 2711
227 2565
228 2678
229 2686
230 2610
231 2761
232 2616
233 2658
234 2779
235 2775
236 2609
237 2539
238 2509
239 2308
240 2205
241 2036
242 1790
243 1812
244 1800
245 1695
246 1575
247 1454
248 1582
249 1500
250 1329
251 1323
252 1281
253 1288
254 1390
255 1279
256 1280
257 1175
258 1221
259 1109
260 1226
261 1149
262 1164
263 1112
264 1017
265 976
266 960
267 988
268 961
269 948
270 845
271 840
272 810
273 791
274 742
275 689
276 612
277 573
278 496
279 526
280 543
281 554
282 504
283 562
284 552
285 522
286 470
287 443
288 354
289 338
290 285
291 315
292 289
293 331
294 351
295 352
296 330
297 311
298 353
299 331
300 334
301 251
302 269
303 248
304 193
305 220
306 182
307 234
308 250
309 211
310 220
311 233
312 280
313 181
314 200
315 209
316 129
317 182
318 106
319 96
320 107
321 55
322 40
323 55
324 34
325 30
326 9
327 16
328 5
329 5
330 6
331 3
332 4
333 4
334 1
335 2
336 1
337 1
338 1
339 1
340 1
341 1
342 1
343 1
344 0
345 0
346 1
