0 0
1 0
2 0
3 0
4 0
5 0
6 0
7 0
8 0
9 0
10 0
11 0
12 0
13 0
14 0
15 0
16 0
17 0
18 0
19 0
20 0
21 0
22 0
23 0
24 0
25 0
26 0
27 0
28 0
29 0
30 0
31 0
32 0
33 0
34 0
35 0
36 0
37 0
38 0
39 0
40 0
41 0
42 0
43 0
44 0
45 0
46 0
47 0
48 0
49 0
50 0
51 0
52 0
53 0
54 0
55 0
56 0
57 0
58 0
59 0
60 0
61 0
62 0
63 0
64 0
65 0
66 0
67 0
68 0
69 0
70 0
71 0
72 0
73 0
74 0
75 0
76 0
77 0
78 0
79 0
80 0
81 0
82 0
83 0
84 0
85 0
86 0
87 0
88 0
89 0
90 0
91 0
92 0
93 0
94 0
95 0
96 0
97 0
98 0
99 0
100 0
101 0
102 0
103 0
104 0
105 0
106 0
107 0
108 0
109 0
110 0
111 0
112 0
113 0
114 0
115 0
116 0
117 0
118 0
119 0
120 0
121 0
122 0
123 0
124 0
125 0
126 0
127 0
128 0
129 0
130 0
131 0
132 0
133 1
134 0
135 0
136 1
137 0
138 1
139 3
140 5
141 5
142 5
143 4
144 7
145 8
146 13
147 17
148 18
149 14
150 22
151 32
152 35
153 48
154 46
155 43
156 68
157 69
158 81
159 111
160 105
161 113
162 114
163 132
164 144
165 172
166 166
167 216
168 220
169 209
170 257
171 251
172 336
173 373
174 419
175 454
176 471
177 437
178 494
179 501
180 646
181 640
182 754
183 786
184 949
185 1007
186 1088
187 1096
188 1290
189 1289
190 1283
191 1319
192 1493
193 1616
194 1556
195 1595
196 1742
197 1735
198 1785
199 1755
200 1713
201 1880
202 2014
203 2013
204 2110
205 1969
206 1990
207 1996
208 2010
209 2047
210 2170
211 2317
212 2464
213 2503
214 2593
215 2773
216 2824
217 2807
218 2840
219 2856
220 2868
221 2872
222 2824
223 2954
224 2991
225 2923
226 2685
227 2872
228 2593
229 2760
230 2780
231 2752
232 2702
233 2925
234 2910
235 2952
236 2832
237 2659
238 2680
239 2376
240 2405
241 2255
242 2025
243 2078
244 1946
245 1962
246 1935
247 1877
248 1888
249 1869
250 1959
251 1986
252 1957
253 2121
254 2156
255 2104
256 2145
257 2084
258 2264
259 2258
260 2177
261 2106
262 2231
263 2229
264 2068
265 2224
266 2146
267 2139
268 1938
269 1904
270 1730
271 1755
272 1816
273 1576
274 1576
275 1472
276 1373
277 1185
278 1143
279 972
280 932
281 940
282 695
283 702
284 582
285 529
286 547
287 417
288 393
289 344
290 365
291 325
292 298
293 277
294 260
295 237
296 256
297 201
298 185
299 197
300 190
301 166
302 169
303 159
304 144
305 130
306 112
307 108
308 102
309 90
310 66
311 56
312 77
313 67
314 48
315 53
316 67
317 43
318 33
319 43
320 36
321 23
322 29
323 19
324 17
325 7
326 9
327 8
328 7
329 4
330 11
331 6
332 5
333 2
334 4
335 1
336 5
337 1
338 1
339 0
340 2
341 0
342 1
