0 0
1 0
2 0
3 0
4 0
5 0
6 0
7 0
8 0
9 0
10 0
11 0
12 0
13 0
14 0
15 0
16 0
17 0
18 0
19 0
20 0
21 0
22 0
23 0
24 0
25 0
26 0
27 0
28 0
29 0
30 0
31 0
32 0
33 0
34 0
35 0
36 0
37 0
38 0
39 0
40 0
41 0
42 0
43 0
44 0
45 0
46 0
47 0
48 0
49 0
50 0
51 0
52 0
53 0
54 0
55 0
56 0
57 0
58 0
59 0
60 0
61 0
62 0
63 0
64 0
65 0
66 0
67 0
68 0
69 0
70 0
71 0
72 0
73 0
74 0
75 0
76 0
77 0
78 0
79 0
80 0
81 0
82 0
83 0
84 0
85 0
86 0
87 0
88 0
89 0
90 0
91 0
92 0
93 0
94 0
95 0
96 0
97 0
98 0
99 0
100 0
101 0
102 0
103 0
104 0
105 0
106 1
107 0
108 2
109 0
110 3
111 1
112 3
113 4
114 3
115 4
116 5
117 7
118 5
119 12
120 6
121 7
122 11
123 10
124 15
125 12
126 25
127 15
128 23
129 19
130 21
131 17
132 13
133 18
134 12
135 14
136 9
137 8
138 19
139 33
140 34
141 15
142 28
143 31
144 36
145 24
146 36
147 31
148 49
149 34
150 60
151 55
152 81
153 73
154 108
155 135
156 112
157 135
158 147
159 183
160 197
161 209
162 257
163 248
164 292
165 279
166 330
167 354
168 358
169 423
170 449
171 624
172 687
173 817
174 891
175 925
176 975
177 1101
178 1149
179 1044
180 1149
181 1071
182 1228
183 1299
184 1221
185 1214
186 1319
187 1341
188 1410
189 1590
190 1568
191 1676
192 1783
193 1815
194 2016
195 2173
196 2352
197 2517
198 2609
199 2652
200 2560
201 2694
202 2529
203 2457
204 2695
205 2640
206 2673
207 2629
208 2737
209 2845
210 2989
211 3157
212 3259
213 3211
214 3237
215 3467
216 3503
217 3371
218 3255
219 3305
220 3152
221 3057
222 3036
223 3066
224 2783
225 2814
226 2715
227 2733
228 2738
229 2438
230 2386
231 2454
232 2353
233 2313
234 2163
235 2041
236 2053
237 1958
238 1886
239 1825
240 1766
241 1730
242 1710
243 1674
244 1671
245 1626
246 1579
247 1631
248 1563
249 1682
250 1590
251 1636
252 1702
253 1632
254 1498
255 1508
256 1448
257 1413
258 1337
259 1373
260 1365
261 1319
262 1368
263 1302
264 1207
265 1233
266 1216
267 1123
268 1138
269 1069
270 985
271 958
272 971
273 894
274 823
275 912
276 850
277 779
278 767
279 741
280 720
281 624
282 602
283 639
284 552
285 537
286 502
287 442
288 456
289 374
290 357
291 344
292 342
293 295
294 279
295 253
296 229
297 227
298 246
299 206
300 184
301 214
302 191
303 192
304 200
305 184
306 151
307 147
308 134
309 120
310 113
311 110
312 103
313 98
314 107
315 95
316 78
317 64
318 83
319 71
320 56
321 66
322 74
323 54
324 45
325 44
326 50
327 42
328 51
329 34
330 47
331 40
332 34
333 30
334 31
335 34
336 28
337 23
338 31
339 23
340 24
341 18
342 21
343 19
344 14
345 26
346 20
347 16
348 14
349 13
350 18
351 12
352 10
353 9
354 3
355 5
356 1
357 2
358 3
359 2
360 0
361 3
362 0
363 1
364 1
365 1
366 0
367 0
368 0
369 1
