0 0
1 0
2 0
3 0
4 0
5 0
6 0
7 0
8 0
9 0
10 0
11 0
12 0
13 0
14 0
15 0
16 0
17 0
18 0
19 0
20 0
21 0
22 0
23 0
24 0
25 0
26 0
27 0
28 0
29 0
30 0
31 0
32 0
33 0
34 0
35 0
36 0
37 0
38 0
39 0
40 0
41 0
42 0
43 0
44 0
45 0
46 0
47 0
48 0
49 0
50 0
51 0
52 0
53 0
54 0
55 0
56 0
57 0
58 0
59 0
60 0
61 0
62 0
63 0
64 0
65 0
66 0
67 0
68 0
69 0
70 0
71 0
72 0
73 0
74 0
75 0
76 0
77 0
78 0
79 0
80 0
81 0
82 0
83 0
84 0
85 0
86 0
87 0
88 0
89 0
90 0
91 0
92 0
93 0
94 1
95 0
96 0
97 0
98 0
99 0
100 0
101 0
102 0
103 0
104 0
105 0
106 0
107 1
108 1
109 0
110 0
111 0
112 0
113 4
114 0
115 1
116 3
117 1
118 1
119 0
120 7
121 5
122 3
123 3
124 7
125 6
126 9
127 10
128 16
129 14
130 32
131 18
132 42
133 39
134 44
135 63
136 100
137 109
138 117
139 212
140 250
141 323
142 393
143 422
144 381
145 366
146 343
147 345
148 354
149 350
150 350
151 330
152 339
153 364
154 405
155 426
156 421
157 447
158 513
159 485
160 490
161 550
162 643
163 521
164 621
165 618
166 588
167 583
168 621
169 706
170 723
171 718
172 701
173 786
174 887
175 946
176 962
177 1020
178 1176
179 1111
180 1059
181 1118
182 1171
183 1351
184 1397
185 1503
186 1547
187 1617
188 1805
189 1730
190 1935
191 1925
192 1995
193 1961
194 1954
195 2076
196 2143
197 2214
198 2149
199 2134
200 2225
201 2220
202 2217
203 2319
204 2235
205 2270
206 2383
207 2405
208 2487
209 2607
210 2447
211 2448
212 2206
213 2182
214 1980
215 2252
216 1998
217 2216
218 2056
219 1954
220 2106
221 1978
222 2129
223 2092
224 2179
225 2397
226 2370
227 2397
228 2439
229 2522
230 2538
231 2545
232 2540
233 2414
234 2505
235 2391
236 2399
237 2279
238 2278
239 2140
240 2147
241 2022
242 1940
243 1951
244 1898
245 1796
246 1854
247 1691
248 1649
249 1750
250 1787
251 1669
252 1551
253 1679
254 1657
255 1639
256 1616
257 1687
258 1690
259 1598
260 1549
261 1545
262 1572
263 1439
264 1481
265 1437
266 1387
267 1393
268 1302
269 1192
270 1069
271 990
272 1046
273 1001
274 855
275 892
276 826
277 766
278 726
279 757
280 738
281 723
282 606
283 648
284 561
285 603
286 569
287 522
288 510
289 453
290 465
291 404
292 369
293 388
294 364
295 333
296 282
297 295
298 247
299 258
300 231
301 236
302 234
303 205
304 182
305 178
306 217
307 184
308 202
309 169
310 138
311 146
312 123
313 91
314 90
315 83
316 78
317 55
318 66
319 62
320 55
321 48
322 48
323 29
324 35
325 34
326 18
327 26
328 11
329 6
330 16
331 7
332 14
333 13
334 4
335 2
336 11
337 5
338 4
339 4
340 3
341 8
342 5
343 5
344 3
345 4
346 3
347 3
348 3
349 7
350 2
351 2
352 1
353 0
354 0
355 0
356 0
357 1
358 1
