0 0
1 0
2 0
3 0
4 0
5 0
6 0
7 0
8 0
9 0
10 0
11 0
12 0
13 0
14 0
15 0
16 0
17 0
18 0
19 0
20 0
21 0
22 0
23 0
24 0
25 0
26 0
27 0
28 0
29 0
30 0
31 0
32 0
33 0
34 0
35 0
36 0
37 0
38 0
39 0
40 0
41 0
42 0
43 0
44 0
45 0
46 0
47 0
48 0
49 0
50 0
51 0
52 0
53 0
54 0
55 0
56 0
57 0
58 0
59 0
60 0
61 0
62 0
63 0
64 0
65 0
66 0
67 0
68 0
69 0
70 0
71 0
72 0
73 0
74 0
75 0
76 0
77 0
78 0
79 0
80 0
81 0
82 0
83 0
84 0
85 0
86 0
87 0
88 0
89 0
90 0
91 0
92 0
93 0
94 0
95 0
96 0
97 0
98 0
99 0
100 0
101 0
102 0
103 0
104 0
105 0
106 0
107 0
108 0
109 0
110 0
111 0
112 0
113 0
114 0
115 0
116 0
117 0
118 0
119 0
120 0
121 0
122 0
123 0
124 0
125 0
126 0
127 0
128 5
129 0
130 2
131 0
132 2
133 2
134 0
135 4
136 1
137 9
138 5
139 2
140 23
141 11
142 21
143 27
144 32
145 30
146 20
147 20
148 28
149 27
150 48
151 41
152 37
153 49
154 59
155 76
156 73
157 81
158 88
159 55
160 99
161 95
162 87
163 102
164 98
165 116
166 141
167 151
168 155
169 184
170 189
171 185
172 191
173 232
174 252
175 262
176 306
177 280
178 351
179 406
180 440
181 470
182 592
183 607
184 809
185 963
186 887
187 931
188 1116
189 1162
190 1170
191 1157
192 1162
193 1154
194 1195
195 1282
196 1271
197 1347
198 1405
199 1421
200 1431
201 1553
202 1608
203 1687
204 1519
205 1506
206 1473
207 1693
208 1813
209 1770
210 1995
211 1969
212 1998
213 2031
214 2133
215 2292
216 2180
217 2158
218 2225
219 2174
220 2399
221 2391
222 2421
223 2418
224 2458
225 2339
226 2409
227 2645
228 2618
229 2610
230 2726
231 2663
232 2683
233 2768
234 2804
235 2966
236 2947
237 3041
238 3011
239 2870
240 2904
241 2830
242 2639
243 2605
244 2509
245 2316
246 2247
247 2213
248 2147
249 2114
250 2051
251 2187
252 2168
253 2022
254 1985
255 2025
256 2065
257 1959
258 1945
259 1945
260 1983
261 1981
262 1932
263 1957
264 1879
265 1885
266 1913
267 1924
268 1846
269 1820
270 1814
271 1941
272 1859
273 1652
274 1670
275 1632
276 1689
277 1637
278 1489
279 1434
280 1374
281 1358
282 1271
283 1169
284 1128
285 1028
286 962
287 904
288 886
289 775
290 771
291 729
292 713
293 692
294 698
295 792
296 730
297 786
298 729
299 725
300 788
301 621
302 600
303 608
304 498
305 437
306 380
307 265
308 250
309 243
310 161
311 178
312 191
313 130
314 125
315 101
316 94
317 76
318 73
319 60
320 67
321 40
322 55
323 47
324 18
325 26
326 22
327 27
328 23
329 19
330 19
331 23
332 17
333 8
334 12
335 6
336 3
337 6
338 6
339 2
340 4
341 5
342 2
343 2
344 3
345 0
346 1
347 0
348 1
349 0
350 1
351 1
352 2
353 2
354 0
355 1
356 4
357 2
358 2
359 2
360 4
361 2
362 3
363 2
364 1
365 1
366 1
