0 0
1 0
2 0
3 0
4 0
5 0
6 0
7 0
8 0
9 0
10 0
11 0
12 0
13 0
14 0
15 0
16 0
17 0
18 0
19 0
20 0
21 0
22 0
23 0
24 0
25 0
26 0
27 0
28 0
29 0
30 0
31 0
32 0
33 0
34 0
35 0
36 0
37 0
38 0
39 0
40 0
41 0
42 0
43 0
44 0
45 0
46 0
47 0
48 0
49 0
50 0
51 0
52 0
53 0
54 0
55 0
56 0
57 0
58 0
59 0
60 0
61 0
62 0
63 0
64 0
65 0
66 0
67 0
68 0
69 0
70 0
71 0
72 0
73 0
74 0
75 0
76 0
77 0
78 0
79 0
80 0
81 0
82 0
83 0
84 0
85 0
86 0
87 0
88 0
89 0
90 0
91 0
92 0
93 0
94 0
95 0
96 0
97 0
98 0
99 0
100 0
101 0
102 0
103 0
104 0
105 0
106 0
107 0
108 0
109 0
110 0
111 2
112 0
113 5
114 6
115 0
116 6
117 10
118 2
119 10
120 10
121 12
122 15
123 21
124 17
125 19
126 27
127 19
128 11
129 9
130 17
131 17
132 30
133 17
134 15
135 29
136 53
137 28
138 42
139 65
140 49
141 62
142 78
143 96
144 101
145 110
146 114
147 161
148 158
149 120
150 147
151 158
152 145
153 129
154 129
155 175
156 191
157 210
158 214
159 204
160 274
161 273
162 302
163 380
164 332
165 422
166 458
167 461
168 457
169 462
170 539
171 598
172 629
173 700
174 789
175 730
176 809
177 998
178 1075
179 1203
180 1242
181 1473
182 1427
183 1454
184 1568
185 1515
186 1607
187 1656
188 1671
189 1621
190 1718
191 1800
192 1804
193 1908
194 2183
195 2177
196 2231
197 2481
198 2585
199 2790
200 2899
201 2951
202 3045
203 3056
204 3114
205 3183
206 3328
207 3069
208 3069
209 2930
210 2948
211 2907
212 2829
213 2889
214 2613
215 2666
216 2315
217 2525
218 2320
219 2290
220 2375
221 2311
222 2240
223 2255
224 2328
225 2307
226 2282
227 2198
228 2153
229 2224
230 2212
231 2230
232 2378
233 2181
234 2234
235 2082
236 1965
237 2024
238 2056
239 2058
240 1867
241 1931
242 1781
243 1601
244 1692
245 1527
246 1613
247 1522
248 1590
249 1538
250 1587
251 1517
252 1561
253 1535
254 1560
255 1478
256 1549
257 1590
258 1504
259 1415
260 1352
261 1340
262 1299
263 1265
264 1267
265 1239
266 1156
267 1247
268 1217
269 1133
270 1116
271 1176
272 1102
273 1040
274 1003
275 949
276 932
277 851
278 815
279 737
280 779
281 787
282 668
283 640
284 610
285 548
286 527
287 556
288 458
289 406
290 451
291 422
292 400
293 412
294 389
295 365
296 347
297 333
298 349
299 357
300 326
301 308
302 323
303 268
304 268
305 208
306 223
307 189
308 161
309 156
310 133
311 129
312 82
313 75
314 79
315 66
316 74
317 56
318 56
319 64
320 36
321 40
322 41
323 35
324 34
325 36
326 26
327 33
328 40
329 29
330 31
331 34
332 19
333 25
334 16
335 20
336 12
337 22
338 18
339 16
340 17
341 11
342 20
343 9
344 14
345 14
346 12
347 12
348 18
349 12
350 10
351 9
352 11
353 23
354 12
355 5
356 7
357 7
358 14
359 11
360 15
361 10
362 12
363 13
364 7
365 11
366 7
367 11
368 9
369 5
370 8
371 7
372 6
373 3
374 5
375 2
376 1
377 0
378 1
379 0
380 0
381 0
382 1
