0 0
1 0
2 0
3 0
4 0
5 0
6 0
7 0
8 0
9 0
10 0
11 0
12 0
13 0
14 0
15 0
16 0
17 0
18 0
19 0
20 0
21 0
22 0
23 0
24 0
25 0
26 0
27 0
28 0
29 0
30 0
31 0
32 0
33 0
34 0
35 0
36 0
37 0
38 0
39 0
40 0
41 0
42 0
43 0
44 0
45 0
46 0
47 0
48 0
49 0
50 0
51 0
52 0
53 0
54 0
55 0
56 0
57 0
58 0
59 0
60 0
61 0
62 0
63 0
64 0
65 0
66 0
67 0
68 0
69 0
70 0
71 0
72 0
73 0
74 0
75 0
76 0
77 0
78 0
79 0
80 0
81 0
82 0
83 0
84 0
85 0
86 0
87 0
88 0
89 0
90 0
91 0
92 0
93 0
94 0
95 1
96 3
97 3
98 8
99 10
100 10
101 28
102 29
103 33
104 47
105 47
106 52
107 66
108 73
109 65
110 58
111 60
112 71
113 67
114 69
115 62
116 61
117 77
118 84
119 68
120 88
121 106
122 95
123 118
124 137
125 150
126 135
127 163
128 186
129 199
130 190
131 223
132 200
133 218
134 200
135 165
136 188
137 180
138 156
139 182
140 191
141 219
142 229
143 229
144 226
145 286
146 326
147 391
148 408
149 430
150 568
151 492
152 562
153 687
154 645
155 659
156 726
157 723
158 826
159 729
160 771
161 810
162 810
163 848
164 952
165 1029
166 1062
167 1049
168 1125
169 1084
170 1053
171 1096
172 1073
173 1091
174 1185
175 1065
176 1181
177 1205
178 1370
179 1333
180 1310
181 1322
182 1328
183 1418
184 1453
185 1553
186 1572
187 1475
188 1521
189 1489
190 1536
191 1512
192 1464
193 1589
194 1581
195 1539
196 1596
197 1614
198 1531
199 1664
200 1736
201 1813
202 1992
203 1995
204 2157
205 2197
206 2334
207 2572
208 2595
209 2592
210 2471
211 2610
212 2527
213 2536
214 2575
215 2435
216 2387
217 2244
218 2189
219 2069
220 2125
221 2097
222 2234
223 2082
224 2184
225 2337
226 2450
227 2482
228 2463
229 2509
230 2410
231 2399
232 2239
233 2293
234 2274
235 2249
236 2149
237 2285
238 2094
239 2083
240 2135
241 2156
242 2120
243 2003
244 2007
245 2098
246 2078
247 1879
248 2059
249 2008
250 1875
251 1775
252 1772
253 1790
254 1644
255 1764
256 1483
257 1564
258 1584
259 1448
260 1407
261 1289
262 1167
263 1181
264 1135
265 944
266 1004
267 879
268 839
269 861
270 846
271 908
272 968
273 919
274 979
275 1012
276 855
277 821
278 743
279 657
280 636
281 524
282 518
283 433
284 402
285 403
286 282
287 326
288 305
289 281
290 284
291 221
292 213
293 234
294 248
295 184
296 215
297 207
298 135
299 180
300 128
301 97
302 172
303 106
304 95
305 102
306 97
307 77
308 63
309 73
310 76
311 63
312 31
313 56
314 31
315 52
316 29
317 31
318 38
319 49
320 17
321 17
322 16
323 19
324 15
325 7
326 9
327 2
328 2
329 3
330 7
331 2
332 1
333 0
334 1
335 0
336 0
337 0
338 0
339 1
340 0
341 0
342 0
343 0
344 0
345 0
346 0
347 0
348 0
349 0
350 0
351 0
352 1
