0 0
1 0
2 0
3 0
4 0
5 0
6 0
7 0
8 0
9 0
10 0
11 0
12 0
13 0
14 0
15 0
16 0
17 0
18 0
19 0
20 0
21 0
22 0
23 0
24 0
25 0
26 0
27 0
28 0
29 1
30 0
31 0
32 0
33 1
34 0
35 0
36 0
37 0
38 0
39 0
40 0
41 0
42 0
43 0
44 0
45 0
46 0
47 0
48 0
49 0
50 0
51 0
52 0
53 0
54 0
55 0
56 0
57 0
58 0
59 0
60 0
61 0
62 0
63 0
64 0
65 0
66 0
67 0
68 0
69 0
70 0
71 0
72 0
73 0
74 0
75 0
76 0
77 0
78 0
79 0
80 1
81 1
82 0
83 1
84 0
85 0
86 1
87 0
88 0
89 0
90 1
91 0
92 1
93 1
94 1
95 0
96 0
97 0
98 0
99 0
100 1
101 0
102 0
103 0
104 0
105 0
106 0
107 0
108 0
109 0
110 0
111 1
112 1
113 0
114 0
115 1
116 0
117 1
118 2
119 1
120 0
121 0
122 0
123 0
124 0
125 0
126 1
127 0
128 0
129 0
130 0
131 2
132 1
133 0
134 1
135 0
136 5
137 3
138 10
139 12
140 15
141 6
142 16
143 23
144 22
145 36
146 35
147 36
148 40
149 39
150 62
151 43
152 59
153 72
154 82
155 99
156 136
157 165
158 176
159 175
160 200
161 200
162 236
163 252
164 294
165 280
166 295
167 347
168 400
169 344
170 423
171 454
172 543
173 526
174 562
175 590
176 642
177 770
178 660
179 906
180 972
181 1063
182 1101
183 1186
184 1233
185 1457
186 1415
187 1479
188 1461
189 1486
190 1659
191 1667
192 1755
193 1787
194 1815
195 2031
196 2116
197 2191
198 2228
199 2343
200 2466
201 2513
202 2604
203 2575
204 2798
205 2862
206 2670
207 2703
208 2652
209 2760
210 2788
211 2828
212 2915
213 2929
214 2908
215 2867
216 2925
217 2809
218 2879
219 2861
220 2904
221 2671
222 2822
223 2881
224 2858
225 2677
226 2614
227 2692
228 2498
229 2492
230 2541
231 2418
232 2426
233 2498
234 2446
235 2292
236 2243
237 2306
238 2207
239 2201
240 2290
241 2116
242 2238
243 2165
244 2000
245 2108
246 2032
247 2030
248 2040
249 1972
250 2143
251 2074
252 2027
253 2090
254 2094
255 2071
256 2182
257 2021
258 1844
259 1940
260 1665
261 1565
262 1509
263 1530
264 1281
265 1269
266 1161
267 1055
268 963
269 1038
270 887
271 777
272 797
273 766
274 601
275 699
276 652
277 539
278 553
279 515
280 450
281 391
282 375
283 396
284 360
285 355
286 361
287 326
288 374
289 395
290 375
291 318
292 312
293 311
294 284
295 294
296 298
297 288
298 282
299 263
300 235
301 214
302 204
303 213
304 203
305 171
306 184
307 149
308 140
309 133
310 109
311 107
312 86
313 95
314 57
315 82
316 74
317 65
318 109
319 108
320 141
321 120
322 109
323 126
324 132
325 106
326 140
327 141
328 115
329 94
330 75
331 60
332 69
333 58
334 50
335 61
336 26
337 12
338 11
339 13
340 7
341 6
342 4
343 2
344 0
345 0
346 2
