0 0
1 0
2 0
3 0
4 0
5 0
6 0
7 0
8 0
9 0
10 0
11 0
12 0
13 0
14 0
15 0
16 0
17 0
18 0
19 0
20 0
21 0
22 0
23 0
24 0
25 0
26 0
27 0
28 0
29 0
30 0
31 0
32 0
33 0
34 0
35 0
36 0
37 0
38 0
39 0
40 0
41 0
42 0
43 0
44 0
45 0
46 0
47 0
48 0
49 0
50 0
51 0
52 0
53 0
54 0
55 0
56 0
57 0
58 0
59 0
60 0
61 0
62 0
63 0
64 0
65 0
66 0
67 0
68 0
69 0
70 0
71 0
72 0
73 0
74 0
75 0
76 0
77 0
78 0
79 0
80 0
81 0
82 0
83 0
84 0
85 0
86 0
87 0
88 0
89 0
90 0
91 0
92 0
93 0
94 0
95 0
96 0
97 0
98 0
99 0
100 0
101 0
102 0
103 0
104 0
105 0
106 0
107 0
108 0
109 0
110 0
111 0
112 0
113 0
114 0
115 0
116 0
117 0
118 0
119 0
120 0
121 0
122 0
123 0
124 3
125 0
126 0
127 1
128 1
129 2
130 1
131 2
132 2
133 4
134 3
135 2
136 1
137 3
138 1
139 5
140 4
141 9
142 7
143 9
144 16
145 13
146 16
147 12
148 8
149 14
150 15
151 17
152 18
153 17
154 12
155 22
156 45
157 16
158 22
159 21
160 26
161 17
162 14
163 22
164 25
165 30
166 21
167 29
168 26
169 42
170 38
171 50
172 57
173 54
174 53
175 74
176 72
177 93
178 91
179 157
180 139
181 204
182 176
183 226
184 207
185 214
186 240
187 302
188 240
189 268
190 295
191 327
192 341
193 383
194 377
195 386
196 469
197 532
198 568
199 592
200 694
201 673
202 826
203 827
204 877
205 956
206 928
207 1074
208 1042
209 1198
210 1278
211 1272
212 1575
213 1613
214 1720
215 1835
216 1839
217 1959
218 2027
219 2001
220 1947
221 1962
222 2174
223 2166
224 2106
225 2113
226 2093
227 2200
228 2370
229 2251
230 2486
231 2650
232 2705
233 2642
234 2629
235 2620
236 2659
237 2507
238 2642
239 2651
240 2732
241 2779
242 2623
243 2756
244 2892
245 3074
246 3101
247 3174
248 3020
249 3052
250 3062
251 3110
252 3140
253 3117
254 3024
255 3085
256 3113
257 3048
258 3014
259 2958
260 2887
261 2829
262 2652
263 2718
264 2599
265 2403
266 2319
267 2197
268 2146
269 2090
270 1938
271 1875
272 1783
273 1717
274 1805
275 1855
276 1617
277 1574
278 1615
279 1705
280 1469
281 1460
282 1444
283 1495
284 1499
285 1484
286 1409
287 1369
288 1197
289 1169
290 1133
291 1110
292 984
293 1013
294 913
295 866
296 877
297 659
298 739
299 714
300 679
301 669
302 629
303 625
304 617
305 510
306 555
307 557
308 504
309 477
310 495
311 500
312 466
313 436
314 438
315 359
316 378
317 341
318 299
319 305
320 271
321 263
322 282
323 229
324 241
325 228
326 207
327 209
328 240
329 211
330 211
331 195
332 182
333 155
334 192
335 132
336 132
337 96
338 107
339 86
340 98
341 69
342 76
343 62
344 61
345 44
346 41
347 42
348 26
349 40
350 19
351 18
352 38
353 11
354 26
355 17
356 15
357 8
358 6
359 12
360 4
361 13
362 6
363 5
364 6
365 4
366 1
367 1
368 4
369 5
370 2
371 2
372 0
373 0
374 0
375 1
376 0
377 0
378 1
