0 0
1 0
2 0
3 0
4 0
5 0
6 0
7 0
8 0
9 0
10 0
11 0
12 0
13 0
14 0
15 0
16 0
17 0
18 0
19 0
20 0
21 0
22 0
23 0
24 0
25 0
26 0
27 0
28 0
29 0
30 0
31 0
32 0
33 0
34 0
35 0
36 0
37 0
38 0
39 0
40 0
41 0
42 0
43 1
44 0
45 1
46 0
47 0
48 0
49 0
50 0
51 0
52 0
53 0
54 1
55 0
56 0
57 0
58 0
59 0
60 0
61 0
62 0
63 0
64 1
65 1
66 1
67 0
68 1
69 0
70 0
71 2
72 0
73 0
74 0
75 0
76 0
77 1
78 0
79 0
80 0
81 0
82 0
83 1
84 1
85 0
86 0
87 1
88 1
89 1
90 0
91 0
92 0
93 0
94 0
95 0
96 0
97 0
98 0
99 1
100 0
101 0
102 0
103 0
104 0
105 0
106 0
107 0
108 0
109 0
110 0
111 0
112 0
113 0
114 0
115 0
116 0
117 0
118 1
119 1
120 1
121 1
122 0
123 1
124 1
125 1
126 2
127 1
128 7
129 7
130 9
131 4
132 10
133 9
134 7
135 19
136 8
137 22
138 18
139 29
140 48
141 44
142 46
143 31
144 39
145 54
146 70
147 64
148 87
149 76
150 94
151 116
152 105
153 156
154 150
155 191
156 239
157 296
158 336
159 345
160 451
161 541
162 752
163 683
164 818
165 818
166 760
167 802
168 731
169 715
170 704
171 563
172 618
173 641
174 623
175 641
176 703
177 777
178 823
179 848
180 856
181 880
182 1003
183 946
184 1130
185 1060
186 1102
187 1210
188 1235
189 1340
190 1520
191 1590
192 1486
193 1603
194 1832
195 1824
196 1921
197 2029
198 2273
199 2412
200 2502
201 2751
202 2796
203 3006
204 3091
205 3159
206 3209
207 3193
208 2967
209 3024
210 2942
211 2916
212 2958
213 2926
214 2808
215 2809
216 2755
217 2822
218 2711
219 2799
220 2691
221 2682
222 2801
223 2534
224 2518
225 2588
226 2379
227 2376
228 2413
229 2400
230 2324
231 2221
232 2198
233 2132
234 2152
235 2272
236 2286
237 2200
238 2196
239 2316
240 2388
241 2276
242 2124
243 2213
244 2254
245 2138
246 2282
247 2092
248 2041
249 1960
250 1796
251 1817
252 1640
253 1663
254 1619
255 1512
256 1571
257 1441
258 1497
259 1423
260 1354
261 1291
262 1360
263 1307
264 1294
265 1257
266 1151
267 1291
268 1068
269 1090
270 1091
271 964
272 1054
273 1008
274 963
275 939
276 961
277 780
278 823
279 886
280 748
281 662
282 625
283 575
284 549
285 515
286 394
287 453
288 418
289 370
290 332
291 346
292 304
293 239
294 232
295 225
296 190
297 184
298 174
299 138
300 114
301 96
302 118
303 115
304 122
305 121
306 106
307 112
308 123
309 98
310 111
311 102
312 114
313 101
314 70
315 75
316 101
317 71
318 63
319 38
320 27
321 10
322 15
323 3
324 0
325 3
326 1
327 6
328 6
329 7
330 6
331 2
332 1
333 4
334 2
335 0
336 1
337 3
338 2
