0 0
1 0
2 0
3 0
4 0
5 0
6 0
7 0
8 0
9 0
10 0
11 0
12 0
13 0
14 0
15 0
16 0
17 0
18 0
19 0
20 0
21 0
22 0
23 0
24 0
25 0
26 0
27 0
28 0
29 0
30 0
31 0
32 0
33 0
34 0
35 0
36 0
37 0
38 0
39 0
40 0
41 0
42 0
43 0
44 0
45 0
46 0
47 0
48 0
49 0
50 0
51 0
52 0
53 0
54 0
55 0
56 0
57 0
58 0
59 0
60 0
61 0
62 0
63 0
64 0
65 0
66 0
67 0
68 0
69 0
70 0
71 0
72 0
73 0
74 0
75 0
76 0
77 0
78 0
79 0
80 0
81 0
82 0
83 0
84 0
85 0
86 0
87 0
88 0
89 0
90 0
91 0
92 0
93 0
94 0
95 0
96 0
97 0
98 0
99 0
100 0
101 0
102 2
103 1
104 1
105 1
106 0
107 1
108 1
109 1
110 0
111 1
112 0
113 0
114 0
115 0
116 1
117 1
118 1
119 3
120 5
121 8
122 3
123 2
124 13
125 12
126 11
127 10
128 6
129 11
130 5
131 5
132 12
133 11
134 10
135 11
136 4
137 9
138 12
139 10
140 13
141 10
142 15
143 4
144 12
145 20
146 15
147 9
148 27
149 17
150 20
151 20
152 25
153 27
154 36
155 53
156 67
157 68
158 68
159 55
160 54
161 93
162 92
163 93
164 112
165 120
166 131
167 130
168 116
169 139
170 130
171 142
172 137
173 123
174 146
175 173
176 167
177 189
178 153
179 187
180 216
181 209
182 243
183 285
184 246
185 269
186 358
187 349
188 390
189 441
190 394
191 443
192 378
193 403
194 429
195 439
196 463
197 480
198 488
199 477
200 564
201 564
202 607
203 563
204 643
205 618
206 707
207 802
208 703
209 872
210 938
211 968
212 981
213 1070
214 1206
215 1204
216 1341
217 1322
218 1394
219 1425
220 1631
221 1578
222 1597
223 1544
224 1646
225 1647
226 1686
227 1642
228 1792
229 1767
230 1980
231 1984
232 2140
233 2179
234 2170
235 2493
236 2471
237 2523
238 2581
239 2694
240 2633
241 2985
242 2929
243 3054
244 3171
245 3525
246 3463
247 3466
248 3312
249 3386
250 3337
251 3416
252 3442
253 3500
254 3413
255 3444
256 3349
257 3484
258 3201
259 3335
260 3275
261 3016
262 3030
263 2995
264 2807
265 2910
266 2749
267 2783
268 2711
269 2471
270 2432
271 2422
272 2421
273 2207
274 2295
275 2076
276 2059
277 1992
278 1939
279 1789
280 1819
281 1620
282 1546
283 1517
284 1439
285 1459
286 1330
287 1281
288 1385
289 1194
290 1237
291 1101
292 1228
293 1062
294 1063
295 992
296 971
297 986
298 893
299 939
300 908
301 848
302 702
303 678
304 679
305 545
306 516
307 540
308 521
309 427
310 423
311 400
312 313
313 312
314 255
315 285
316 235
317 202
318 181
319 130
320 179
321 150
322 105
323 108
324 110
325 129
326 98
327 74
328 43
329 64
330 33
331 43
332 26
333 34
334 42
335 33
336 21
337 42
338 35
339 22
340 29
341 15
342 22
343 30
344 27
345 21
346 13
347 24
348 29
349 17
350 18
351 8
352 16
353 20
354 14
355 11
356 9
357 16
358 11
359 9
360 3
361 10
362 6
363 0
364 2
365 1
366 1
367 2
