0 0
1 0
2 0
3 0
4 0
5 0
6 0
7 0
8 0
9 0
10 0
11 0
12 0
13 0
14 0
15 0
16 0
17 0
18 0
19 0
20 0
21 0
22 0
23 0
24 0
25 0
26 0
27 0
28 0
29 0
30 0
31 0
32 0
33 0
34 0
35 0
36 0
37 0
38 0
39 0
40 0
41 0
42 0
43 0
44 0
45 1
46 0
47 0
48 0
49 0
50 0
51 1
52 0
53 0
54 1
55 2
56 3
57 1
58 2
59 2
60 4
61 6
62 2
63 1
64 5
65 4
66 2
67 4
68 5
69 2
70 5
71 3
72 4
73 6
74 3
75 4
76 9
77 6
78 5
79 8
80 6
81 10
82 2
83 4
84 8
85 4
86 5
87 6
88 5
89 9
90 6
91 6
92 4
93 7
94 1
95 1
96 4
97 3
98 5
99 2
100 2
101 2
102 3
103 8
104 8
105 3
106 1
107 1
108 3
109 5
110 8
111 4
112 3
113 3
114 8
115 9
116 11
117 5
118 6
119 8
120 6
121 4
122 8
123 2
124 5
125 13
126 17
127 14
128 18
129 14
130 11
131 19
132 11
133 32
134 28
135 20
136 22
137 32
138 27
139 59
140 46
141 59
142 52
143 59
144 64
145 61
146 83
147 66
148 97
149 99
150 110
151 105
152 92
153 130
154 136
155 166
156 126
157 155
158 217
159 218
160 276
161 291
162 285
163 348
164 328
165 419
166 408
167 428
168 476
169 470
170 556
171 562
172 634
173 709
174 764
175 780
176 921
177 920
178 910
179 830
180 874
181 902
182 999
183 943
184 1082
185 1161
186 1223
187 1158
188 1417
189 1254
190 1330
191 1247
192 1447
193 1431
194 1507
195 1528
196 1599
197 1610
198 1645
199 1764
200 1728
201 1813
202 2047
203 1926
204 2089
205 2200
206 2132
207 2106
208 2069
209 2281
210 2238
211 2219
212 2250
213 2322
214 2354
215 2202
216 2150
217 2269
218 2164
219 2174
220 2174
221 2113
222 2141
223 2062
224 2031
225 2173
226 2160
227 2183
228 2288
229 2398
230 2483
231 2650
232 2758
233 2721
234 2739
235 2696
236 2657
237 2633
238 2763
239 2676
240 2668
241 2644
242 2535
243 2444
244 2332
245 2379
246 2212
247 2229
248 2093
249 1920
250 1959
251 1903
252 1865
253 1977
254 1854
255 1880
256 1722
257 1740
258 1693
259 1860
260 1837
261 1735
262 1750
263 1793
264 1686
265 1571
266 1611
267 1431
268 1394
269 1287
270 1178
271 1196
272 1093
273 1109
274 1095
275 1109
276 1048
277 984
278 1071
279 1032
280 1005
281 1032
282 986
283 932
284 948
285 1022
286 937
287 842
288 880
289 885
290 766
291 716
292 693
293 562
294 532
295 510
296 476
297 459
298 407
299 385
300 388
301 350
302 336
303 360
304 357
305 317
306 329
307 346
308 299
309 314
310 249
311 253
312 209
313 207
314 147
315 153
316 117
317 96
318 72
319 93
320 58
321 53
322 34
323 40
324 44
325 49
326 23
327 23
328 21
329 12
330 9
331 16
332 13
333 14
334 9
335 5
336 13
337 2
338 8
339 3
340 3
341 1
342 2
