0 0
1 0
2 0
3 0
4 0
5 0
6 0
7 0
8 0
9 0
10 0
11 0
12 0
13 0
14 0
15 0
16 0
17 0
18 0
19 0
20 0
21 0
22 0
23 0
24 0
25 0
26 0
27 0
28 0
29 0
30 0
31 0
32 0
33 0
34 0
35 0
36 0
37 0
38 0
39 0
40 0
41 0
42 0
43 0
44 0
45 0
46 0
47 0
48 0
49 0
50 0
51 0
52 0
53 0
54 0
55 0
56 0
57 0
58 0
59 0
60 0
61 0
62 0
63 0
64 0
65 0
66 0
67 0
68 0
69 0
70 0
71 0
72 0
73 0
74 0
75 0
76 0
77 0
78 0
79 0
80 0
81 0
82 0
83 0
84 0
85 0
86 0
87 0
88 0
89 0
90 0
91 0
92 0
93 0
94 0
95 0
96 0
97 0
98 0
99 1
100 0
101 0
102 1
103 0
104 2
105 0
106 0
107 2
108 1
109 0
110 0
111 1
112 1
113 4
114 2
115 0
116 1
117 2
118 1
119 3
120 1
121 5
122 8
123 4
124 4
125 1
126 2
127 8
128 8
129 5
130 3
131 10
132 4
133 2
134 7
135 5
136 3
137 6
138 8
139 11
140 11
141 13
142 15
143 18
144 13
145 21
146 19
147 19
148 18
149 26
150 29
151 38
152 43
153 61
154 51
155 72
156 60
157 41
158 41
159 44
160 46
161 55
162 52
163 67
164 56
165 69
166 53
167 51
168 53
169 51
170 61
171 62
172 58
173 56
174 70
175 68
176 84
177 106
178 78
179 158
180 153
181 186
182 194
183 262
184 244
185 240
186 284
187 375
188 340
189 368
190 403
191 371
192 473
193 443
194 548
195 535
196 657
197 669
198 755
199 841
200 886
201 984
202 994
203 1017
204 1099
205 1016
206 1088
207 1056
208 1037
209 1031
210 1123
211 1076
212 1115
213 1239
214 1188
215 1362
216 1375
217 1452
218 1408
219 1520
220 1515
221 1720
222 1864
223 1805
224 1908
225 1992
226 2000
227 2025
228 2063
229 2228
230 2260
231 2335
232 2351
233 2222
234 2297
235 2184
236 2121
237 2424
238 2338
239 2299
240 2307
241 2460
242 2393
243 2477
244 2553
245 2589
246 2788
247 2693
248 2776
249 2785
250 2884
251 2938
252 2786
253 2815
254 2788
255 2537
256 2634
257 2556
258 2463
259 2506
260 2406
261 2474
262 2422
263 2405
264 2409
265 2516
266 2515
267 2454
268 2436
269 2482
270 2371
271 2275
272 2246
273 2169
274 2157
275 2017
276 1988
277 1947
278 1846
279 1846
280 1790
281 1911
282 1822
283 1813
284 1690
285 1655
286 1728
287 1505
288 1480
289 1452
290 1351
291 1377
292 1232
293 1210
294 1137
295 1187
296 1067
297 1031
298 1074
299 1032
300 981
301 964
302 925
303 853
304 904
305 793
306 843
307 818
308 823
309 757
310 716
311 667
312 571
313 539
314 494
315 466
316 434
317 376
318 357
319 397
320 394
321 323
322 303
323 290
324 301
325 224
326 224
327 204
328 223
329 209
330 185
331 208
332 183
333 157
334 157
335 145
336 151
337 158
338 162
339 134
340 136
341 75
342 80
343 81
344 69
345 55
346 67
347 31
348 39
349 25
350 33
351 53
352 29
353 13
354 21
355 17
356 17
357 18
358 10
359 11
360 23
361 13
362 20
363 6
364 12
365 10
366 13
367 8
368 15
369 11
370 11
371 7
372 11
373 7
374 9
375 9
376 10
377 9
378 2
379 8
380 3
381 2
382 5
383 4
384 2
385 1
386 1
387 6
388 4
389 1
390 3
391 5
392 2
393 5
394 1
395 1
396 1
