0 0
1 0
2 0
3 0
4 0
5 0
6 0
7 0
8 0
9 0
10 0
11 0
12 0
13 0
14 0
15 0
16 0
17 0
18 0
19 0
20 0
21 0
22 0
23 0
24 0
25 0
26 0
27 0
28 0
29 0
30 0
31 0
32 0
33 1
34 0
35 0
36 0
37 0
38 0
39 0
40 0
41 0
42 0
43 0
44 0
45 0
46 0
47 0
48 0
49 0
50 0
51 0
52 0
53 0
54 0
55 0
56 0
57 0
58 0
59 0
60 0
61 0
62 0
63 0
64 0
65 0
66 0
67 0
68 0
69 0
70 0
71 0
72 0
73 1
74 0
75 0
76 0
77 0
78 0
79 0
80 0
81 0
82 0
83 1
84 0
85 0
86 0
87 0
88 0
89 1
90 0
91 0
92 0
93 0
94 0
95 0
96 0
97 0
98 0
99 0
100 0
101 0
102 0
103 0
104 0
105 1
106 0
107 1
108 0
109 0
110 0
111 1
112 0
113 0
114 0
115 0
116 0
117 0
118 0
119 0
120 0
121 0
122 0
123 0
124 0
125 0
126 0
127 0
128 0
129 1
130 0
131 0
132 0
133 0
134 0
135 2
136 0
137 0
138 0
139 1
140 1
141 0
142 1
143 5
144 0
145 0
146 0
147 2
148 3
149 4
150 6
151 10
152 4
153 12
154 12
155 14
156 18
157 15
158 19
159 24
160 27
161 19
162 37
163 48
164 75
165 73
166 94
167 109
168 124
169 118
170 139
171 196
172 125
173 160
174 238
175 245
176 266
177 237
178 244
179 312
180 396
181 362
182 360
183 453
184 477
185 561
186 498
187 556
188 583
189 626
190 709
191 723
192 765
193 763
194 953
195 899
196 1078
197 1180
198 1258
199 1216
200 1378
201 1470
202 1534
203 1668
204 1670
205 1678
206 1730
207 1737
208 1988
209 1879
210 1977
211 1933
212 1992
213 2035
214 1994
215 2072
216 2268
217 2338
218 2543
219 2640
220 2772
221 2756
222 2827
223 2976
224 3111
225 3170
226 3363
227 3514
228 3609
229 3727
230 3692
231 3593
232 3721
233 3495
234 3486
235 3109
236 3045
237 2994
238 2891
239 2811
240 2725
241 2538
242 2610
243 2723
244 2638
245 2514
246 2453
247 2653
248 2537
249 2481
250 2401
251 2588
252 2474
253 2347
254 2484
255 2266
256 2400
257 2369
258 2199
259 2291
260 2189
261 2281
262 2179
263 2285
264 2051
265 2143
266 1844
267 1889
268 1633
269 1643
270 1559
271 1401
272 1343
273 1301
274 1211
275 1141
276 1136
277 1032
278 1004
279 1025
280 983
281 999
282 921
283 904
284 906
285 899
286 914
287 811
288 851
289 779
290 667
291 674
292 673
293 699
294 553
295 574
296 513
297 471
298 434
299 382
300 455
301 327
302 283
303 277
304 215
305 188
306 175
307 141
308 148
309 111
310 102
311 102
312 114
313 94
314 77
315 83
316 75
317 74
318 74
319 68
320 61
321 56
322 56
323 44
324 48
325 55
326 42
327 63
328 45
329 46
330 41
331 37
332 37
333 21
334 19
335 27
336 23
337 31
338 17
339 21
340 18
341 20
342 7
343 10
344 5
345 3
346 1
347 4
348 0
349 0
350 1
351 0
352 1
353 0
354 0
355 1
