0 0
1 0
2 0
3 0
4 0
5 0
6 0
7 0
8 0
9 0
10 0
11 0
12 0
13 0
14 0
15 0
16 0
17 0
18 0
19 0
20 0
21 0
22 0
23 0
24 0
25 0
26 0
27 0
28 0
29 0
30 0
31 0
32 0
33 0
34 0
35 0
36 0
37 0
38 0
39 0
40 0
41 0
42 0
43 0
44 0
45 0
46 0
47 0
48 0
49 0
50 0
51 0
52 0
53 0
54 0
55 0
56 0
57 0
58 0
59 0
60 0
61 0
62 0
63 0
64 0
65 0
66 0
67 0
68 0
69 0
70 0
71 0
72 0
73 0
74 0
75 0
76 0
77 0
78 0
79 0
80 0
81 0
82 0
83 0
84 0
85 0
86 0
87 0
88 0
89 0
90 0
91 0
92 0
93 0
94 0
95 0
96 0
97 0
98 0
99 0
100 0
101 0
102 0
103 0
104 0
105 0
106 0
107 0
108 0
109 0
110 0
111 0
112 0
113 0
114 0
115 0
116 0
117 0
118 0
119 0
120 0
121 0
122 0
123 0
124 0
125 0
126 0
127 0
128 0
129 0
130 0
131 0
132 0
133 0
134 0
135 0
136 0
137 0
138 0
139 0
140 0
141 0
142 0
143 0
144 0
145 0
146 0
147 0
148 0
149 0
150 0
151 0
152 0
153 1
154 0
155 0
156 0
157 1
158 2
159 2
160 1
161 9
162 14
163 13
164 20
165 23
166 33
167 42
168 22
169 34
170 27
171 32
172 28
173 40
174 43
175 35
176 31
177 29
178 43
179 52
180 38
181 71
182 70
183 86
184 108
185 111
186 135
187 147
188 194
189 154
190 223
191 212
192 243
193 231
194 200
195 280
196 260
197 336
198 265
199 301
200 339
201 328
202 378
203 425
204 526
205 603
206 613
207 645
208 805
209 980
210 964
211 1002
212 1081
213 1138
214 1198
215 1220
216 1453
217 1403
218 1526
219 1678
220 1819
221 2002
222 1983
223 2169
224 2339
225 2414
226 2489
227 2602
228 2737
229 2717
230 2808
231 2795
232 2729
233 2761
234 2654
235 2620
236 2654
237 2481
238 2607
239 2681
240 2854
241 2781
242 2879
243 3006
244 3049
245 3054
246 3177
247 3343
248 3374
249 3255
250 3353
251 3420
252 3278
253 3544
254 3554
255 3632
256 3646
257 3524
258 3648
259 3661
260 3445
261 3355
262 3294
263 3227
264 3138
265 3073
266 2859
267 2968
268 2902
269 2817
270 2813
271 2748
272 2450
273 2604
274 2468
275 2453
276 2200
277 2161
278 1992
279 1770
280 1744
281 1580
282 1522
283 1410
284 1325
285 1302
286 1273
287 1114
288 1121
289 985
290 922
291 849
292 805
293 762
294 714
295 650
296 636
297 579
298 524
299 565
300 468
301 493
302 471
303 481
304 406
305 348
306 397
307 343
308 338
309 280
310 285
311 226
312 239
313 194
314 164
315 139
316 126
317 125
318 109
319 113
320 94
321 121
322 75
323 103
324 100
325 126
326 113
327 111
328 92
329 82
330 114
331 77
332 89
333 65
334 62
335 51
336 33
337 36
338 30
339 29
340 27
341 11
342 12
343 16
344 8
345 8
346 4
347 1
348 5
349 1
350 2
351 1
352 0
353 1
354 0
355 1
