0 0
1 0
2 0
3 0
4 0
5 0
6 0
7 0
8 0
9 0
10 0
11 0
12 0
13 0
14 0
15 0
16 0
17 0
18 0
19 0
20 0
21 0
22 0
23 0
24 0
25 0
26 0
27 0
28 0
29 0
30 0
31 0
32 0
33 0
34 0
35 0
36 0
37 0
38 0
39 0
40 0
41 0
42 0
43 0
44 0
45 0
46 0
47 0
48 0
49 0
50 0
51 0
52 0
53 0
54 0
55 0
56 0
57 0
58 0
59 0
60 0
61 0
62 0
63 0
64 0
65 0
66 0
67 0
68 0
69 0
70 0
71 0
72 0
73 0
74 0
75 0
76 0
77 0
78 0
79 0
80 0
81 0
82 0
83 0
84 0
85 0
86 0
87 0
88 0
89 0
90 1
91 0
92 0
93 0
94 1
95 1
96 0
97 2
98 6
99 3
100 5
101 4
102 2
103 1
104 2
105 1
106 7
107 2
108 2
109 1
110 8
111 1
112 3
113 5
114 5
115 10
116 4
117 3
118 6
119 3
120 7
121 7
122 4
123 7
124 5
125 6
126 8
127 6
128 8
129 7
130 11
131 11
132 12
133 9
134 12
135 10
136 14
137 14
138 13
139 8
140 11
141 14
142 6
143 14
144 11
145 13
146 18
147 22
148 27
149 16
150 18
151 19
152 26
153 33
154 21
155 28
156 19
157 31
158 24
159 30
160 27
161 28
162 27
163 49
164 37
165 40
166 28
167 40
168 24
169 43
170 34
171 30
172 41
173 33
174 56
175 44
176 62
177 67
178 96
179 104
180 106
181 131
182 177
183 186
184 191
185 196
186 191
187 236
188 241
189 310
190 377
191 390
192 418
193 422
194 462
195 442
196 540
197 516
198 525
199 605
200 621
201 643
202 758
203 807
204 929
205 968
206 890
207 1015
208 1137
209 1181
210 1166
211 1240
212 1207
213 1224
214 1392
215 1553
216 1563
217 1597
218 1765
219 1857
220 1830
221 1913
222 1954
223 2048
224 2018
225 2065
226 1928
227 2181
228 2136
229 2115
230 2311
231 2212
232 2246
233 2408
234 2553
235 2455
236 2620
237 2630
238 2792
239 2910
240 2820
241 2751
242 2694
243 2632
244 2627
245 2692
246 2786
247 2708
248 2854
249 2912
250 2936
251 3054
252 3162
253 3069
254 3144
255 3061
256 3149
257 3072
258 3086
259 3070
260 3186
261 2960
262 3072
263 3043
264 2981
265 3040
266 2860
267 2759
268 2794
269 2695
270 2733
271 2524
272 2423
273 2421
274 2374
275 2317
276 2181
277 2125
278 2109
279 2065
280 1822
281 1758
282 1707
283 1659
284 1503
285 1405
286 1416
287 1365
288 1248
289 1304
290 1207
291 1199
292 1042
293 1039
294 931
295 810
296 808
297 770
298 743
299 673
300 596
301 574
302 552
303 518
304 493
305 518
306 362
307 413
308 322
309 345
310 343
311 281
312 300
313 234
314 234
315 203
316 203
317 184
318 119
319 123
320 124
321 128
322 119
323 101
324 95
325 101
326 89
327 81
328 116
329 108
330 94
331 95
332 87
333 67
334 84
335 69
336 45
337 54
338 23
339 29
340 25
341 16
342 7
343 16
344 9
345 8
346 17
347 14
348 13
349 8
350 10
351 5
352 6
353 6
354 7
355 9
356 7
357 4
358 6
359 6
360 4
361 5
362 7
363 2
364 1
365 3
366 1
367 7
368 2
369 0
370 4
371 1
372 2
373 1
374 1
375 1
376 0
377 0
378 1
379 2
380 1
381 0
382 0
383 0
384 0
385 0
386 0
387 0
388 0
389 0
390 0
391 0
392 1
