0 0
1 0
2 0
3 0
4 0
5 0
6 0
7 0
8 0
9 0
10 0
11 0
12 0
13 0
14 0
15 0
16 0
17 0
18 0
19 0
20 1
21 0
22 0
23 0
24 0
25 0
26 0
27 0
28 0
29 0
30 0
31 0
32 0
33 0
34 3
35 1
36 0
37 0
38 1
39 0
40 0
41 1
42 0
43 0
44 0
45 0
46 0
47 0
48 0
49 0
50 0
51 0
52 0
53 0
54 0
55 0
56 0
57 0
58 1
59 0
60 1
61 0
62 0
63 0
64 0
65 1
66 0
67 2
68 1
69 0
70 2
71 0
72 0
73 1
74 0
75 0
76 0
77 0
78 1
79 0
80 0
81 1
82 2
83 1
84 2
85 1
86 0
87 0
88 1
89 0
90 0
91 0
92 0
93 0
94 0
95 0
96 0
97 2
98 0
99 1
100 0
101 4
102 3
103 1
104 0
105 3
106 2
107 1
108 0
109 2
110 2
111 4
112 3
113 2
114 8
115 10
116 8
117 13
118 4
119 10
120 3
121 3
122 6
123 12
124 9
125 5
126 11
127 19
128 12
129 22
130 19
131 16
132 15
133 23
134 22
135 47
136 32
137 57
138 79
139 52
140 116
141 105
142 115
143 149
144 178
145 150
146 132
147 157
148 170
149 187
150 188
151 187
152 190
153 188
154 227
155 258
156 242
157 285
158 265
159 289
160 313
161 340
162 312
163 390
164 490
165 437
166 460
167 475
168 506
169 504
170 523
171 541
172 585
173 634
174 633
175 669
176 810
177 726
178 783
179 848
180 924
181 873
182 765
183 911
184 882
185 948
186 961
187 868
188 1037
189 976
190 1010
191 1138
192 1257
193 1329
194 1372
195 1469
196 1424
197 1346
198 1521
199 1442
200 1469
201 1495
202 1535
203 1425
204 1599
205 1582
206 1685
207 1747
208 1787
209 1822
210 1936
211 2022
212 2081
213 2135
214 2359
215 2519
216 2383
217 2586
218 2696
219 2840
220 2847
221 2929
222 3054
223 3034
224 3018
225 3148
226 3193
227 3158
228 3043
229 3043
230 2973
231 2866
232 2955
233 3177
234 2786
235 2913
236 2770
237 2772
238 2845
239 2752
240 2512
241 2544
242 2577
243 2478
244 2419
245 2381
246 2259
247 2084
248 2037
249 2038
250 1989
251 1944
252 1892
253 1779
254 1921
255 1827
256 1810
257 1701
258 1748
259 1564
260 1500
261 1445
262 1362
263 1303
264 1295
265 1264
266 1208
267 1153
268 1176
269 1195
270 1092
271 1046
272 1071
273 982
274 1012
275 1052
276 1032
277 958
278 923
279 877
280 887
281 818
282 803
283 773
284 705
285 731
286 685
287 747
288 629
289 632
290 564
291 566
292 545
293 472
294 486
295 421
296 447
297 419
298 411
299 385
300 414
301 343
302 313
303 350
304 330
305 362
306 316
307 293
308 264
309 261
310 261
311 219
312 216
313 205
314 208
315 192
316 169
317 172
318 143
319 144
320 153
321 108
322 94
323 111
324 101
325 92
326 90
327 83
328 89
329 97
330 82
331 78
332 112
333 115
334 82
335 105
336 107
337 107
338 77
339 82
340 100
341 99
342 75
343 58
344 51
345 28
346 33
347 16
348 12
349 17
350 18
351 5
352 9
353 5
354 8
355 5
356 4
357 7
358 10
359 12
360 6
361 7
362 11
363 6
364 4
365 9
366 7
367 2
368 6
369 6
370 6
371 4
372 7
373 0
374 3
375 3
376 0
377 3
378 3
379 0
380 1
381 1
382 0
383 0
384 0
385 1
386 2
387 0
388 1
389 1
390 1
