0 0
1 0
2 0
3 0
4 0
5 0
6 0
7 0
8 0
9 0
10 0
11 0
12 0
13 0
14 0
15 0
16 0
17 0
18 0
19 0
20 0
21 0
22 0
23 0
24 0
25 0
26 0
27 0
28 0
29 0
30 0
31 0
32 0
33 0
34 0
35 0
36 0
37 0
38 0
39 0
40 0
41 0
42 0
43 0
44 0
45 0
46 0
47 0
48 0
49 0
50 0
51 0
52 0
53 0
54 0
55 0
56 0
57 0
58 0
59 0
60 0
61 0
62 0
63 0
64 0
65 0
66 0
67 0
68 0
69 0
70 0
71 0
72 0
73 0
74 0
75 0
76 0
77 0
78 0
79 1
80 0
81 0
82 0
83 0
84 0
85 0
86 0
87 0
88 0
89 1
90 0
91 0
92 0
93 2
94 1
95 6
96 2
97 1
98 2
99 7
100 2
101 8
102 6
103 3
104 7
105 5
106 5
107 3
108 2
109 5
110 6
111 4
112 5
113 9
114 2
115 6
116 7
117 9
118 8
119 8
120 13
121 8
122 13
123 8
124 12
125 7
126 11
127 15
128 7
129 17
130 9
131 10
132 4
133 11
134 13
135 8
136 6
137 11
138 12
139 11
140 8
141 13
142 8
143 11
144 16
145 24
146 12
147 24
148 23
149 20
150 28
151 23
152 22
153 11
154 30
155 34
156 30
157 21
158 33
159 22
160 42
161 36
162 36
163 42
164 35
165 44
166 55
167 41
168 58
169 61
170 46
171 52
172 58
173 65
174 94
175 87
176 91
177 103
178 116
179 138
180 160
181 150
182 200
183 151
184 178
185 175
186 227
187 205
188 200
189 228
190 278
191 268
192 279
193 289
194 328
195 300
196 348
197 367
198 355
199 368
200 353
201 372
202 372
203 389
204 384
205 354
206 359
207 454
208 434
209 463
210 457
211 477
212 477
213 475
214 550
215 452
216 550
217 559
218 622
219 593
220 624
221 572
222 706
223 782
224 783
225 866
226 905
227 1021
228 1101
229 1119
230 1115
231 1333
232 1268
233 1245
234 1399
235 1342
236 1304
237 1317
238 1430
239 1535
240 1574
241 1485
242 1645
243 1674
244 1701
245 1719
246 1725
247 1859
248 1815
249 1838
250 1865
251 1960
252 1808
253 1868
254 1941
255 1955
256 2022
257 2160
258 2004
259 2014
260 2016
261 2141
262 2046
263 2251
264 2233
265 2196
266 2405
267 2475
268 2430
269 2472
270 2632
271 2621
272 2675
273 2741
274 2755
275 2870
276 2871
277 2841
278 2994
279 2811
280 2943
281 2899
282 2821
283 2996
284 2982
285 2960
286 2944
287 2865
288 2730
289 2844
290 2801
291 2578
292 2545
293 2584
294 2367
295 2121
296 2329
297 2012
298 2100
299 2063
300 1966
301 1804
302 1946
303 1925
304 1884
305 1836
306 1773
307 1718
308 1787
309 1781
310 1752
311 1682
312 1493
313 1401
314 1216
315 1215
316 1149
317 1069
318 907
319 963
320 856
321 832
322 725
323 697
324 650
325 582
326 590
327 511
328 460
329 430
330 454
331 459
332 340
333 351
334 331
335 307
336 261
337 237
338 222
339 214
340 203
341 166
342 206
343 163
344 157
345 157
346 124
347 132
348 122
349 124
350 104
351 125
352 103
353 86
354 83
355 92
356 61
357 64
358 65
359 39
360 37
361 46
362 47
363 38
364 32
365 24
366 35
367 24
368 21
369 31
370 28
371 15
372 18
373 20
374 11
375 12
376 9
377 13
378 11
379 7
380 10
381 12
382 8
383 4
384 6
385 2
386 3
387 2
388 2
389 1
390 0
391 0
392 0
393 2
394 3
395 0
396 0
397 0
398 0
399 1
400 0
401 1
402 0
403 0
404 1
405 0
406 0
407 1
