0 0
1 0
2 0
3 0
4 0
5 0
6 0
7 0
8 0
9 0
10 0
11 0
12 0
13 0
14 0
15 0
16 0
17 0
18 0
19 0
20 0
21 0
22 0
23 0
24 0
25 0
26 0
27 0
28 0
29 0
30 0
31 0
32 0
33 0
34 0
35 0
36 0
37 0
38 0
39 0
40 0
41 0
42 0
43 0
44 0
45 0
46 0
47 0
48 0
49 0
50 0
51 0
52 0
53 0
54 0
55 0
56 0
57 0
58 0
59 0
60 0
61 0
62 0
63 0
64 0
65 0
66 0
67 0
68 0
69 0
70 0
71 0
72 0
73 0
74 0
75 0
76 0
77 0
78 0
79 0
80 0
81 0
82 0
83 0
84 0
85 0
86 0
87 1
88 2
89 0
90 0
91 0
92 1
93 1
94 0
95 2
96 1
97 0
98 2
99 2
100 0
101 0
102 0
103 1
104 3
105 2
106 0
107 2
108 4
109 1
110 2
111 5
112 5
113 2
114 1
115 3
116 6
117 3
118 9
119 3
120 3
121 6
122 3
123 6
124 0
125 1
126 12
127 8
128 9
129 6
130 8
131 10
132 9
133 11
134 12
135 8
136 14
137 16
138 11
139 19
140 16
141 15
142 22
143 20
144 28
145 28
146 19
147 21
148 36
149 23
150 45
151 37
152 33
153 33
154 46
155 48
156 50
157 47
158 53
159 53
160 65
161 75
162 71
163 62
164 73
165 81
166 88
167 85
168 92
169 104
170 101
171 110
172 107
173 100
174 128
175 118
176 106
177 132
178 139
179 207
180 190
181 196
182 212
183 266
184 286
185 304
186 336
187 329
188 331
189 432
190 396
191 456
192 427
193 422
194 523
195 580
196 601
197 658
198 703
199 627
200 633
201 764
202 736
203 814
204 799
205 868
206 849
207 884
208 835
209 787
210 826
211 720
212 688
213 695
214 812
215 813
216 814
217 746
218 926
219 870
220 985
221 1092
222 1083
223 1191
224 1253
225 1260
226 1323
227 1442
228 1482
229 1543
230 1534
231 1588
232 1782
233 1711
234 1752
235 1701
236 1858
237 1859
238 1894
239 1986
240 2003
241 2040
242 2079
243 2160
244 2176
245 2258
246 2168
247 2221
248 2297
249 2242
250 2393
251 2396
252 2413
253 2319
254 2348
255 2221
256 2373
257 2502
258 2312
259 2528
260 2418
261 2350
262 2330
263 2387
264 2431
265 2458
266 2524
267 2504
268 2581
269 2575
270 2458
271 2420
272 2467
273 2428
274 2462
275 2480
276 2395
277 2302
278 2478
279 2467
280 2382
281 2174
282 2233
283 2247
284 2109
285 2004
286 1941
287 1778
288 1709
289 1703
290 1666
291 1679
292 1555
293 1703
294 1656
295 1552
296 1534
297 1467
298 1440
299 1372
300 1325
301 1221
302 1109
303 1011
304 1002
305 973
306 909
307 843
308 919
309 771
310 768
311 709
312 647
313 657
314 639
315 633
316 582
317 610
318 545
319 609
320 587
321 585
322 595
323 540
324 611
325 559
326 623
327 585
328 576
329 591
330 527
331 505
332 529
333 473
334 476
335 469
336 423
337 419
338 391
339 449
340 419
341 369
342 397
343 353
344 309
345 382
346 337
347 334
348 300
349 280
350 213
351 238
352 209
353 194
354 179
355 189
356 162
357 165
358 104
359 132
360 93
361 102
362 72
363 87
364 82
365 70
366 74
367 68
368 61
369 55
370 46
371 47
372 53
373 42
374 35
375 43
376 35
377 24
378 23
379 22
380 19
381 20
382 26
383 19
384 11
385 11
386 10
387 11
388 6
389 11
390 10
391 9
392 9
393 7
394 7
395 2
396 1
397 6
398 5
399 3
400 4
401 2
402 0
403 1
404 1
405 0
406 1
407 0
408 0
409 0
410 1
