0 0
1 0
2 0
3 0
4 0
5 0
6 0
7 0
8 0
9 0
10 0
11 0
12 0
13 0
14 0
15 0
16 0
17 0
18 0
19 0
20 0
21 0
22 0
23 0
24 0
25 0
26 0
27 0
28 0
29 0
30 0
31 0
32 0
33 0
34 0
35 0
36 0
37 0
38 0
39 0
40 0
41 0
42 0
43 0
44 0
45 0
46 0
47 0
48 0
49 0
50 0
51 0
52 0
53 0
54 0
55 0
56 0
57 0
58 0
59 0
60 0
61 0
62 0
63 0
64 0
65 0
66 0
67 0
68 0
69 0
70 0
71 0
72 0
73 0
74 0
75 0
76 0
77 0
78 0
79 0
80 0
81 0
82 0
83 0
84 0
85 0
86 0
87 0
88 0
89 0
90 0
91 0
92 0
93 0
94 0
95 0
96 0
97 0
98 0
99 1
100 0
101 0
102 0
103 0
104 0
105 0
106 0
107 1
108 1
109 0
110 0
111 1
112 0
113 3
114 3
115 4
116 6
117 1
118 6
119 2
120 10
121 10
122 14
123 7
124 10
125 5
126 14
127 13
128 19
129 14
130 17
131 21
132 18
133 16
134 24
135 21
136 27
137 30
138 19
139 32
140 34
141 27
142 36
143 30
144 35
145 34
146 40
147 33
148 40
149 38
150 31
151 39
152 56
153 49
154 54
155 55
156 51
157 60
158 66
159 75
160 77
161 61
162 72
163 100
164 75
165 93
166 94
167 86
168 110
169 110
170 127
171 146
172 121
173 150
174 180
175 187
176 221
177 212
178 239
179 257
180 249
181 264
182 273
183 295
184 247
185 321
186 267
187 319
188 279
189 350
190 340
191 326
192 406
193 435
194 474
195 496
196 542
197 613
198 611
199 588
200 610
201 619
202 665
203 643
204 705
205 703
206 789
207 722
208 783
209 838
210 859
211 842
212 906
213 906
214 961
215 976
216 1016
217 1151
218 1223
219 1260
220 1371
221 1491
222 1482
223 1687
224 1894
225 1756
226 1948
227 1877
228 2005
229 1970
230 1874
231 1767
232 1876
233 1871
234 1809
235 1819
236 1778
237 1722
238 1910
239 2015
240 1863
241 1974
242 2248
243 2202
244 2068
245 2110
246 2219
247 2155
248 2121
249 2250
250 2117
251 2162
252 2283
253 2183
254 2394
255 2409
256 2543
257 2610
258 2663
259 2484
260 2441
261 2479
262 2519
263 2400
264 2460
265 2346
266 2302
267 2205
268 2232
269 2217
270 2090
271 2048
272 1940
273 1935
274 1835
275 1910
276 1779
277 1688
278 1634
279 1698
280 1717
281 1718
282 1748
283 1763
284 1659
285 1655
286 1668
287 1652
288 1692
289 1660
290 1554
291 1496
292 1526
293 1445
294 1521
295 1400
296 1585
297 1432
298 1416
299 1262
300 1349
301 1364
302 1291
303 1402
304 1333
305 1346
306 1298
307 1336
308 1227
309 1212
310 1170
311 1093
312 903
313 1000
314 873
315 861
316 767
317 767
318 716
319 840
320 752
321 778
322 710
323 749
324 716
325 747
326 689
327 676
328 602
329 578
330 528
331 553
332 467
333 491
334 428
335 379
336 387
337 331
338 301
339 277
340 249
341 242
342 253
343 232
344 214
345 182
346 209
347 181
348 131
349 153
350 125
351 95
352 113
353 106
354 92
355 92
356 92
357 100
358 78
359 75
360 101
361 82
362 82
363 105
364 64
365 92
366 109
367 108
368 99
369 104
370 119
371 95
372 84
373 52
374 43
375 43
376 18
377 12
378 8
379 2
380 0
381 8
382 3
383 1
384 0
385 2
386 1
387 2
388 1
389 2
390 1
391 4
392 1
393 2
