0 0
1 0
2 0
3 0
4 0
5 0
6 0
7 0
8 0
9 0
10 0
11 1
12 0
13 0
14 0
15 0
16 0
17 0
18 0
19 0
20 0
21 0
22 0
23 0
24 0
25 0
26 0
27 0
28 0
29 0
30 0
31 0
32 0
33 0
34 0
35 0
36 0
37 0
38 0
39 1
40 0
41 0
42 0
43 0
44 0
45 0
46 0
47 0
48 0
49 0
50 0
51 0
52 0
53 0
54 0
55 0
56 0
57 0
58 0
59 0
60 0
61 0
62 0
63 0
64 0
65 0
66 0
67 0
68 0
69 0
70 0
71 0
72 0
73 0
74 1
75 0
76 0
77 0
78 0
79 0
80 0
81 0
82 0
83 0
84 2
85 1
86 0
87 0
88 1
89 1
90 6
91 5
92 4
93 1
94 6
95 3
96 5
97 10
98 9
99 9
100 6
101 3
102 8
103 11
104 17
105 9
106 14
107 21
108 16
109 8
110 20
111 23
112 16
113 14
114 17
115 9
116 21
117 18
118 21
119 19
120 19
121 19
122 15
123 11
124 13
125 19
126 14
127 18
128 28
129 20
130 51
131 43
132 58
133 63
134 67
135 105
136 124
137 121
138 167
139 172
140 205
141 170
142 211
143 210
144 176
145 207
146 209
147 158
148 156
149 188
150 155
151 183
152 205
153 241
154 259
155 297
156 301
157 357
158 329
159 375
160 416
161 407
162 440
163 481
164 546
165 549
166 520
167 574
168 573
169 580
170 613
171 660
172 705
173 758
174 848
175 850
176 841
177 913
178 900
179 924
180 939
181 908
182 988
183 962
184 1026
185 889
186 955
187 974
188 1016
189 1115
190 1111
191 1189
192 1166
193 1364
194 1427
195 1514
196 1518
197 1636
198 1825
199 1730
200 1879
201 1986
202 1830
203 1903
204 1971
205 1956
206 2118
207 2164
208 2166
209 2279
210 2214
211 2240
212 2385
213 2312
214 2419
215 2450
216 2272
217 2462
218 2401
219 2372
220 2464
221 2336
222 2354
223 2413
224 2493
225 2394
226 2417
227 2405
228 2464
229 2419
230 2553
231 2498
232 2614
233 2520
234 2486
235 2666
236 2575
237 2508
238 2676
239 2513
240 2527
241 2462
242 2521
243 2570
244 2269
245 2335
246 2393
247 2363
248 2118
249 2092
250 2114
251 1876
252 1918
253 1797
254 1733
255 1621
256 1571
257 1659
258 1414
259 1522
260 1438
261 1404
262 1330
263 1353
264 1263
265 1238
266 1155
267 1226
268 1159
269 1123
270 1077
271 1142
272 1210
273 1106
274 1012
275 962
276 987
277 855
278 967
279 900
280 881
281 850
282 760
283 716
284 709
285 704
286 714
287 570
288 650
289 619
290 502
291 569
292 501
293 481
294 429
295 487
296 486
297 425
298 447
299 402
300 427
301 358
302 351
303 362
304 347
305 322
306 309
307 311
308 294
309 287
310 288
311 280
312 274
313 285
314 237
315 222
316 264
317 246
318 244
319 214
320 231
321 195
322 196
323 165
324 136
325 153
326 152
327 146
328 79
329 116
330 102
331 81
332 78
333 89
334 81
335 60
336 52
337 71
338 42
339 53
340 45
341 33
342 30
343 29
344 27
345 38
346 19
347 25
348 3
349 7
350 19
351 11
352 7
353 2
354 5
355 9
356 8
357 5
358 8
359 2
360 6
361 7
362 6
363 8
364 6
365 3
366 3
367 4
368 2
369 1
370 8
371 7
372 2
373 1
374 1
