0 0
1 0
2 0
3 0
4 0
5 0
6 0
7 0
8 0
9 0
10 0
11 0
12 0
13 0
14 0
15 0
16 0
17 0
18 0
19 0
20 0
21 0
22 0
23 0
24 0
25 0
26 0
27 0
28 0
29 0
30 0
31 0
32 0
33 0
34 0
35 0
36 0
37 0
38 0
39 0
40 0
41 0
42 0
43 0
44 0
45 0
46 0
47 0
48 0
49 0
50 0
51 0
52 0
53 0
54 0
55 0
56 0
57 0
58 0
59 0
60 0
61 0
62 0
63 0
64 0
65 0
66 0
67 0
68 0
69 0
70 0
71 0
72 0
73 0
74 0
75 0
76 0
77 0
78 0
79 0
80 0
81 0
82 0
83 0
84 0
85 0
86 0
87 0
88 0
89 0
90 0
91 0
92 0
93 0
94 0
95 0
96 0
97 0
98 0
99 0
100 0
101 0
102 0
103 0
104 0
105 0
106 0
107 0
108 0
109 0
110 0
111 0
112 0
113 0
114 0
115 0
116 0
117 0
118 0
119 0
120 0
121 0
122 0
123 0
124 0
125 0
126 0
127 0
128 0
129 0
130 1
131 0
132 2
133 1
134 1
135 1
136 0
137 1
138 1
139 1
140 2
141 5
142 3
143 4
144 4
145 6
146 5
147 0
148 5
149 6
150 9
151 13
152 12
153 8
154 17
155 21
156 22
157 24
158 27
159 19
160 40
161 27
162 49
163 52
164 35
165 57
166 85
167 91
168 94
169 116
170 128
171 153
172 174
173 222
174 231
175 246
176 275
177 275
178 296
179 362
180 387
181 394
182 416
183 506
184 476
185 518
186 539
187 554
188 594
189 810
190 813
191 845
192 859
193 949
194 918
195 935
196 949
197 897
198 889
199 967
200 963
201 1019
202 1084
203 1226
204 1376
205 1311
206 1330
207 1437
208 1555
209 1659
210 1623
211 1631
212 1863
213 1832
214 1865
215 1983
216 2055
217 2147
218 2324
219 2429
220 2772
221 2707
222 2739
223 2940
224 3044
225 3065
226 3138
227 3276
228 3054
229 3178
230 3200
231 3328
232 3541
233 3405
234 3439
235 3436
236 3201
237 3102
238 3090
239 3042
240 2952
241 2795
242 2935
243 2992
244 3053
245 2835
246 2971
247 3142
248 2920
249 3038
250 3014
251 3364
252 3110
253 3034
254 3061
255 2996
256 3041
257 2921
258 2940
259 2641
260 2633
261 2540
262 2464
263 2318
264 2228
265 2086
266 1938
267 1911
268 1901
269 1731
270 1686
271 1547
272 1341
273 1173
274 1135
275 1072
276 1072
277 953
278 996
279 927
280 842
281 854
282 707
283 725
284 758
285 656
286 649
287 643
288 623
289 591
290 511
291 535
292 532
293 497
294 447
295 410
296 428
297 349
298 357
299 277
300 247
301 231
302 188
303 186
304 167
305 142
306 182
307 123
308 128
309 113
310 119
311 104
312 67
313 107
314 79
315 83
316 80
317 70
318 79
319 80
320 63
321 63
322 54
323 62
324 38
325 22
326 46
327 35
328 34
329 33
330 22
331 31
332 36
333 31
334 29
335 15
336 14
337 20
338 26
339 17
340 14
341 9
342 10
343 8
344 4
345 2
346 2
347 3
348 1
