0 0
1 0
2 0
3 0
4 0
5 0
6 0
7 0
8 0
9 0
10 0
11 0
12 0
13 0
14 0
15 0
16 0
17 0
18 0
19 0
20 0
21 0
22 1
23 0
24 1
25 1
26 0
27 0
28 0
29 0
30 0
31 0
32 0
33 1
34 0
35 0
36 0
37 2
38 0
39 1
40 1
41 0
42 0
43 1
44 0
45 0
46 0
47 0
48 1
49 0
50 1
51 0
52 1
53 0
54 0
55 0
56 0
57 2
58 2
59 1
60 1
61 1
62 0
63 0
64 0
65 0
66 0
67 0
68 0
69 0
70 1
71 0
72 0
73 0
74 0
75 0
76 1
77 0
78 0
79 0
80 0
81 0
82 0
83 0
84 0
85 1
86 1
87 0
88 2
89 0
90 0
91 0
92 0
93 0
94 0
95 0
96 0
97 1
98 0
99 0
100 0
101 2
102 0
103 3
104 2
105 0
106 2
107 4
108 2
109 4
110 5
111 13
112 11
113 7
114 7
115 20
116 12
117 5
118 14
119 18
120 15
121 20
122 19
123 23
124 38
125 34
126 24
127 44
128 64
129 45
130 72
131 60
132 71
133 50
134 67
135 73
136 64
137 79
138 82
139 89
140 106
141 115
142 143
143 148
144 170
145 156
146 155
147 178
148 167
149 195
150 198
151 211
152 241
153 250
154 311
155 327
156 341
157 354
158 320
159 376
160 350
161 281
162 358
163 396
164 354
165 375
166 461
167 463
168 389
169 435
170 513
171 605
172 643
173 734
174 730
175 814
176 889
177 864
178 940
179 985
180 1090
181 1109
182 1175
183 1224
184 1198
185 1161
186 1310
187 1350
188 1357
189 1417
190 1612
191 1601
192 1554
193 1806
194 1812
195 1799
196 1885
197 1809
198 1989
199 1944
200 1960
201 1949
202 1890
203 1979
204 1852
205 1882
206 1857
207 2083
208 2098
209 2051
210 2261
211 2176
212 2265
213 2338
214 2458
215 2341
216 2557
217 2295
218 2369
219 2236
220 2366
221 2135
222 2107
223 1913
224 1819
225 1956
226 1803
227 1881
228 1926
229 1836
230 1868
231 1979
232 1944
233 1990
234 2054
235 2034
236 2044
237 2191
238 2230
239 2180
240 2183
241 2277
242 2270
243 2243
244 2210
245 2177
246 2079
247 2100
248 2119
249 1975
250 2077
251 2109
252 2075
253 2064
254 2051
255 2164
256 2184
257 2252
258 2162
259 2106
260 1917
261 1871
262 1898
263 1709
264 1694
265 1579
266 1419
267 1425
268 1231
269 1187
270 1052
271 1040
272 1040
273 1024
274 877
275 885
276 857
277 785
278 761
279 815
280 758
281 766
282 798
283 761
284 679
285 766
286 685
287 818
288 739
289 680
290 608
291 663
292 642
293 596
294 578
295 566
296 581
297 561
298 545
299 584
300 573
301 563
302 554
303 490
304 456
305 471
306 397
307 379
308 370
309 346
310 395
311 301
312 321
313 340
314 312
315 253
316 265
317 195
318 163
319 143
320 158
321 118
322 146
323 112
324 123
325 98
326 97
327 79
328 60
329 98
330 73
331 84
332 73
333 84
334 83
335 95
336 71
337 85
338 41
339 37
340 31
341 21
342 23
343 19
344 20
345 15
346 15
347 10
348 17
349 14
350 11
351 19
352 17
353 9
354 6
355 5
356 4
357 3
358 0
359 0
360 0
361 0
362 0
363 1
364 0
365 1
