0 0
1 0
2 0
3 0
4 0
5 0
6 0
7 0
8 0
9 0
10 0
11 0
12 0
13 0
14 0
15 0
16 0
17 0
18 0
19 0
20 0
21 0
22 0
23 0
24 0
25 0
26 0
27 0
28 0
29 0
30 0
31 0
32 0
33 0
34 0
35 0
36 0
37 0
38 0
39 0
40 0
41 0
42 0
43 0
44 0
45 0
46 0
47 0
48 0
49 0
50 0
51 0
52 0
53 0
54 0
55 0
56 0
57 0
58 0
59 0
60 0
61 0
62 0
63 0
64 0
65 0
66 0
67 0
68 0
69 0
70 0
71 0
72 0
73 0
74 0
75 0
76 0
77 0
78 0
79 0
80 0
81 0
82 0
83 0
84 0
85 0
86 0
87 0
88 0
89 0
90 0
91 0
92 0
93 0
94 0
95 0
96 0
97 2
98 1
99 3
100 2
101 4
102 4
103 2
104 5
105 5
106 5
107 3
108 7
109 7
110 4
111 9
112 9
113 9
114 6
115 19
116 15
117 20
118 12
119 17
120 26
121 14
122 22
123 34
124 31
125 16
126 18
127 26
128 20
129 27
130 28
131 18
132 38
133 27
134 32
135 28
136 43
137 40
138 40
139 47
140 56
141 59
142 78
143 107
144 111
145 104
146 140
147 148
148 173
149 201
150 200
151 207
152 258
153 266
154 244
155 295
156 312
157 325
158 333
159 359
160 362
161 442
162 472
163 522
164 566
165 566
166 630
167 636
168 682
169 752
170 808
171 847
172 865
173 874
174 1026
175 1087
176 1192
177 1122
178 1161
179 1184
180 1135
181 1146
182 1143
183 1153
184 1128
185 1114
186 1254
187 1258
188 1243
189 1261
190 1310
191 1381
192 1400
193 1459
194 1458
195 1557
196 1586
197 1569
198 1622
199 1657
200 1711
201 1825
202 1884
203 1999
204 2205
205 2366
206 2326
207 2511
208 2660
209 2781
210 2820
211 2960
212 3025
213 3183
214 2966
215 3166
216 3153
217 3100
218 3259
219 3107
220 3094
221 2953
222 2828
223 2883
224 2942
225 2812
226 2801
227 2871
228 2874
229 2822
230 2612
231 2633
232 2895
233 2789
234 2743
235 2797
236 2695
237 2558
238 2515
239 2455
240 2257
241 2090
242 1947
243 1812
244 1860
245 1852
246 1835
247 1706
248 1741
249 1885
250 1731
251 1710
252 1672
253 1737
254 1560
255 1491
256 1617
257 1573
258 1572
259 1471
260 1437
261 1303
262 1237
263 1138
264 1104
265 1050
266 956
267 938
268 895
269 836
270 782
271 821
272 802
273 749
274 737
275 717
276 774
277 684
278 770
279 633
280 587
281 572
282 550
283 504
284 494
285 483
286 496
287 508
288 512
289 429
290 443
291 414
292 378
293 339
294 334
295 302
296 287
297 310
298 256
299 246
300 219
301 195
302 176
303 161
304 173
305 171
306 133
307 134
308 148
309 150
310 162
311 132
312 137
313 142
314 110
315 94
316 111
317 87
318 94
319 87
320 85
321 69
322 56
323 42
324 49
325 39
326 28
327 33
328 18
329 21
330 18
331 21
332 13
333 22
334 10
335 7
336 12
337 10
338 7
339 13
340 4
341 5
342 5
343 6
344 6
345 6
346 4
347 4
348 2
349 1
350 3
351 3
352 1
353 2
354 3
355 0
356 0
357 1
