0 0
1 0
2 0
3 0
4 0
5 0
6 0
7 0
8 0
9 0
10 0
11 0
12 0
13 0
14 0
15 0
16 0
17 0
18 0
19 1
20 0
21 1
22 0
23 0
24 0
25 1
26 0
27 2
28 0
29 0
30 2
31 0
32 0
33 1
34 0
35 0
36 1
37 0
38 0
39 0
40 1
41 0
42 1
43 1
44 1
45 4
46 0
47 2
48 0
49 1
50 2
51 1
52 2
53 0
54 1
55 1
56 1
57 0
58 1
59 1
60 1
61 1
62 1
63 0
64 0
65 2
66 0
67 0
68 0
69 1
70 0
71 0
72 0
73 1
74 0
75 0
76 2
77 1
78 2
79 3
80 1
81 0
82 0
83 2
84 0
85 1
86 1
87 1
88 1
89 0
90 0
91 1
92 0
93 0
94 1
95 1
96 0
97 1
98 2
99 1
100 3
101 0
102 4
103 2
104 0
105 2
106 3
107 4
108 5
109 3
110 2
111 2
112 3
113 2
114 6
115 14
116 11
117 11
118 12
119 22
120 33
121 16
122 27
123 33
124 31
125 31
126 22
127 31
128 48
129 46
130 30
131 47
132 63
133 81
134 97
135 74
136 86
137 89
138 112
139 82
140 146
141 145
142 129
143 150
144 185
145 177
146 221
147 238
148 298
149 370
150 417
151 578
152 698
153 758
154 897
155 784
156 859
157 828
158 783
159 664
160 666
161 666
162 563
163 636
164 746
165 712
166 804
167 922
168 937
169 993
170 1144
171 1081
172 1215
173 1257
174 1337
175 1455
176 1452
177 1450
178 1429
179 1529
180 1452
181 1418
182 1523
183 1531
184 1565
185 1633
186 1710
187 1679
188 1771
189 1840
190 1791
191 1848
192 1998
193 1986
194 2020
195 2125
196 2094
197 2121
198 2161
199 2166
200 2182
201 2379
202 2363
203 2554
204 2490
205 2541
206 2485
207 2582
208 2611
209 2597
210 2570
211 2648
212 2553
213 2556
214 2547
215 2725
216 2792
217 2627
218 2770
219 2749
220 2672
221 2681
222 2612
223 2790
224 2739
225 2804
226 2901
227 2757
228 2754
229 2952
230 2814
231 2709
232 2655
233 2870
234 2563
235 2540
236 2503
237 2357
238 2358
239 2119
240 2260
241 2129
242 2132
243 1934
244 1888
245 1784
246 1722
247 1653
248 1648
249 1506
250 1374
251 1378
252 1356
253 1325
254 1264
255 1231
256 1142
257 1074
258 972
259 860
260 937
261 808
262 857
263 793
264 754
265 634
266 612
267 576
268 576
269 530
270 435
271 559
272 463
273 400
274 480
275 491
276 476
277 472
278 430
279 421
280 369
281 301
282 299
283 210
284 224
285 182
286 208
287 193
288 180
289 202
290 151
291 219
292 215
293 163
294 199
295 157
296 116
297 151
298 135
299 87
300 104
301 139
302 110
303 130
304 119
305 167
306 202
307 136
308 150
309 133
310 88
311 50
312 63
313 50
314 26
315 16
316 23
317 20
318 25
319 18
320 14
321 15
322 11
323 11
324 25
325 9
326 3
327 1
328 4
329 0
330 4
331 0
332 0
333 3
