0 0
1 0
2 0
3 0
4 0
5 0
6 0
7 0
8 0
9 0
10 0
11 0
12 0
13 0
14 0
15 0
16 0
17 0
18 0
19 0
20 0
21 0
22 0
23 0
24 0
25 0
26 0
27 0
28 0
29 0
30 0
31 0
32 0
33 0
34 0
35 0
36 0
37 0
38 0
39 0
40 0
41 0
42 0
43 0
44 0
45 0
46 0
47 0
48 0
49 0
50 0
51 0
52 0
53 0
54 0
55 0
56 0
57 0
58 0
59 0
60 0
61 0
62 0
63 0
64 0
65 0
66 0
67 0
68 0
69 0
70 0
71 0
72 0
73 0
74 0
75 0
76 0
77 0
78 0
79 0
80 0
81 0
82 0
83 0
84 0
85 0
86 0
87 0
88 0
89 0
90 0
91 0
92 0
93 0
94 0
95 0
96 0
97 0
98 0
99 0
100 0
101 0
102 0
103 0
104 0
105 0
106 0
107 0
108 0
109 0
110 0
111 0
112 0
113 0
114 0
115 0
116 0
117 0
118 0
119 1
120 2
121 3
122 3
123 5
124 6
125 16
126 33
127 62
128 65
129 83
130 55
131 50
132 59
133 57
134 45
135 57
136 61
137 48
138 42
139 51
140 59
141 48
142 49
143 57
144 59
145 62
146 66
147 74
148 84
149 105
150 118
151 136
152 162
153 178
154 217
155 185
156 242
157 253
158 287
159 341
160 363
161 433
162 499
163 527
164 648
165 663
166 684
167 807
168 848
169 911
170 943
171 971
172 999
173 1057
174 1075
175 1121
176 1018
177 1078
178 1261
179 1220
180 1281
181 1393
182 1340
183 1500
184 1390
185 1466
186 1526
187 1599
188 1624
189 1607
190 1697
191 1872
192 1773
193 1757
194 1847
195 1700
196 1822
197 1833
198 1824
199 1928
200 1998
201 2219
202 2260
203 2223
204 2402
205 2480
206 2692
207 2809
208 2750
209 2764
210 2673
211 2700
212 2568
213 2472
214 2411
215 2434
216 2309
217 2391
218 2206
219 2353
220 2148
221 2199
222 2251
223 2086
224 2051
225 1932
226 1996
227 2047
228 2130
229 2124
230 2217
231 2255
232 2128
233 2014
234 2087
235 2108
236 1962
237 2013
238 2028
239 1991
240 1999
241 2017
242 1915
243 1905
244 1710
245 1675
246 1665
247 1594
248 1564
249 1528
250 1543
251 1513
252 1455
253 1433
254 1432
255 1347
256 1331
257 1371
258 1314
259 1218
260 1234
261 1120
262 1226
263 1108
264 1011
265 1077
266 1029
267 1002
268 1002
269 981
270 914
271 918
272 832
273 863
274 846
275 770
276 791
277 722
278 829
279 860
280 836
281 788
282 815
283 712
284 755
285 714
286 804
287 636
288 706
289 615
290 648
291 661
292 638
293 639
294 596
295 559
296 581
297 566
298 580
299 574
300 510
301 521
302 540
303 557
304 443
305 470
306 437
307 432
308 434
309 332
310 376
311 370
312 358
313 402
314 393
315 350
316 322
317 385
318 362
319 358
320 369
321 343
322 307
323 271
324 289
325 258
326 239
327 199
328 165
329 142
330 146
331 125
332 118
333 106
334 86
335 88
336 85
337 69
338 82
339 68
340 80
341 67
342 59
343 62
344 59
345 70
346 43
347 46
348 32
349 49
350 26
351 32
352 30
353 25
354 34
355 24
356 27
357 20
358 17
359 18
360 12
361 12
362 6
363 4
364 3
365 6
366 2
367 5
368 3
369 5
370 4
371 5
372 3
373 1
374 3
375 0
376 0
377 1
378 0
379 0
380 1
381 0
382 1
383 0
384 1
385 0
386 1
