0 0
1 0
2 0
3 0
4 0
5 0
6 0
7 0
8 0
9 0
10 0
11 0
12 0
13 0
14 0
15 0
16 0
17 0
18 0
19 0
20 0
21 0
22 0
23 0
24 0
25 0
26 0
27 0
28 0
29 0
30 0
31 0
32 0
33 0
34 0
35 0
36 0
37 0
38 0
39 0
40 0
41 0
42 0
43 0
44 0
45 0
46 0
47 0
48 0
49 0
50 1
51 0
52 0
53 0
54 0
55 0
56 0
57 0
58 0
59 0
60 0
61 0
62 0
63 0
64 0
65 0
66 0
67 0
68 0
69 0
70 0
71 0
72 0
73 0
74 0
75 0
76 0
77 0
78 0
79 0
80 0
81 0
82 1
83 0
84 0
85 0
86 0
87 0
88 0
89 0
90 0
91 0
92 0
93 0
94 0
95 0
96 0
97 0
98 0
99 0
100 0
101 0
102 0
103 2
104 0
105 1
106 4
107 8
108 10
109 4
110 13
111 18
112 9
113 4
114 13
115 11
116 16
117 14
118 11
119 16
120 15
121 12
122 16
123 13
124 10
125 17
126 15
127 11
128 11
129 11
130 11
131 12
132 8
133 8
134 13
135 15
136 13
137 19
138 21
139 16
140 30
141 33
142 29
143 41
144 40
145 37
146 36
147 34
148 47
149 35
150 44
151 52
152 35
153 62
154 61
155 57
156 79
157 83
158 67
159 112
160 113
161 119
162 127
163 146
164 186
165 188
166 223
167 260
168 244
169 322
170 352
171 405
172 507
173 675
174 710
175 653
176 498
177 511
178 528
179 551
180 544
181 637
182 636
183 781
184 709
185 780
186 711
187 850
188 869
189 836
190 889
191 954
192 978
193 1017
194 1108
195 1105
196 1052
197 1140
198 1170
199 1245
200 1258
201 1277
202 1386
203 1439
204 1643
205 1624
206 1655
207 1813
208 1787
209 1788
210 1884
211 1976
212 2000
213 2152
214 1984
215 2106
216 2001
217 2078
218 2215
219 1959
220 2062
221 2179
222 2204
223 2166
224 1930
225 2075
226 2037
227 2033
228 2224
229 2194
230 2039
231 2038
232 2100
233 2145
234 2114
235 2120
236 2276
237 2213
238 2408
239 2442
240 2510
241 2493
242 2505
243 2508
244 2663
245 2624
246 2716
247 2588
248 2428
249 2482
250 2530
251 2713
252 2603
253 2573
254 2695
255 2493
256 2375
257 2499
258 2145
259 2183
260 2324
261 2103
262 2074
263 1926
264 1921
265 1821
266 1754
267 1534
268 1565
269 1443
270 1359
271 1469
272 1387
273 1373
274 1384
275 1394
276 1380
277 1372
278 1352
279 1372
280 1283
281 1281
282 1193
283 1080
284 1013
285 1009
286 1004
287 948
288 936
289 907
290 908
291 876
292 887
293 827
294 765
295 707
296 678
297 699
298 765
299 704
300 721
301 724
302 734
303 719
304 693
305 661
306 693
307 628
308 650
309 537
310 586
311 590
312 580
313 530
314 466
315 462
316 387
317 425
318 375
319 332
320 303
321 276
322 259
323 252
324 223
325 173
326 159
327 148
328 123
329 131
330 121
331 89
332 83
333 72
334 46
335 44
336 40
337 32
338 40
339 22
340 19
341 39
342 23
343 21
344 13
345 12
346 14
347 7
348 3
349 5
350 5
351 2
352 5
353 2
354 0
355 0
356 2
357 1
358 0
359 2
