0 0
1 0
2 0
3 0
4 0
5 0
6 0
7 0
8 0
9 0
10 0
11 0
12 0
13 0
14 0
15 0
16 0
17 0
18 0
19 0
20 0
21 0
22 0
23 0
24 0
25 0
26 0
27 0
28 0
29 0
30 0
31 0
32 0
33 0
34 0
35 0
36 0
37 0
38 0
39 0
40 0
41 0
42 0
43 0
44 0
45 0
46 0
47 0
48 0
49 0
50 0
51 0
52 0
53 0
54 0
55 0
56 0
57 0
58 0
59 0
60 0
61 0
62 0
63 0
64 0
65 0
66 0
67 0
68 0
69 0
70 0
71 0
72 0
73 0
74 0
75 0
76 0
77 0
78 0
79 0
80 0
81 0
82 0
83 0
84 0
85 0
86 0
87 0
88 0
89 0
90 0
91 0
92 0
93 0
94 0
95 0
96 0
97 0
98 2
99 2
100 0
101 2
102 3
103 3
104 5
105 4
106 5
107 10
108 3
109 7
110 6
111 9
112 11
113 7
114 2
115 3
116 5
117 7
118 2
119 5
120 2
121 2
122 2
123 4
124 6
125 4
126 3
127 12
128 9
129 17
130 13
131 8
132 10
133 16
134 17
135 33
136 25
137 17
138 20
139 23
140 16
141 26
142 21
143 21
144 30
145 14
146 27
147 25
148 21
149 21
150 37
151 26
152 30
153 30
154 38
155 27
156 40
157 45
158 51
159 63
160 56
161 110
162 98
163 74
164 91
165 71
166 108
167 71
168 74
169 89
170 90
171 105
172 79
173 106
174 132
175 149
176 153
177 133
178 145
179 156
180 142
181 158
182 196
183 200
184 212
185 204
186 246
187 275
188 225
189 271
190 265
191 285
192 322
193 336
194 323
195 419
196 444
197 412
198 477
199 482
200 535
201 479
202 557
203 514
204 565
205 514
206 554
207 686
208 658
209 671
210 697
211 770
212 825
213 811
214 898
215 933
216 901
217 1082
218 1068
219 1120
220 1332
221 1382
222 1416
223 1469
224 1598
225 1682
226 1729
227 1963
228 2119
229 2212
230 2275
231 2415
232 2372
233 2340
234 2308
235 2509
236 2585
237 2543
238 2762
239 2727
240 2917
241 2856
242 3208
243 3205
244 3076
245 3425
246 3551
247 3584
248 3753
249 3607
250 3729
251 3758
252 3569
253 3580
254 3438
255 3372
256 3237
257 3140
258 3081
259 3039
260 3017
261 2940
262 2986
263 2938
264 2954
265 2900
266 2616
267 2695
268 2531
269 2238
270 2306
271 2036
272 2028
273 1961
274 1896
275 1974
276 1804
277 1824
278 1840
279 1878
280 1811
281 1809
282 1708
283 1591
284 1487
285 1482
286 1488
287 1505
288 1364
289 1417
290 1405
291 1420
292 1409
293 1326
294 1251
295 1214
296 1055
297 1161
298 1033
299 931
300 881
301 765
302 721
303 671
304 588
305 598
306 521
307 475
308 481
309 489
310 445
311 452
312 443
313 429
314 387
315 361
316 349
317 314
318 286
319 285
320 265
321 262
322 221
323 287
324 239
325 192
326 226
327 166
328 133
329 138
330 113
331 78
332 92
333 77
334 87
335 80
336 64
337 72
338 62
339 56
340 48
341 36
342 44
343 37
344 25
345 33
346 27
347 29
348 28
349 12
350 14
351 10
352 19
353 11
354 11
355 13
356 20
357 19
358 17
359 14
360 19
361 14
362 12
363 10
364 13
365 2
366 8
367 3
368 8
369 8
370 4
371 4
372 2
373 4
374 1
375 1
376 1
