0 0
1 0
2 0
3 0
4 0
5 0
6 0
7 0
8 0
9 0
10 0
11 0
12 0
13 0
14 0
15 0
16 0
17 0
18 0
19 0
20 0
21 0
22 0
23 0
24 0
25 0
26 0
27 0
28 0
29 0
30 0
31 0
32 0
33 0
34 0
35 0
36 0
37 0
38 0
39 0
40 0
41 0
42 0
43 0
44 0
45 0
46 0
47 0
48 0
49 0
50 0
51 0
52 0
53 0
54 0
55 0
56 0
57 0
58 0
59 0
60 0
61 0
62 0
63 0
64 0
65 0
66 0
67 0
68 0
69 0
70 0
71 0
72 0
73 0
74 0
75 0
76 0
77 0
78 0
79 0
80 0
81 0
82 0
83 0
84 0
85 0
86 0
87 0
88 0
89 0
90 0
91 0
92 0
93 0
94 0
95 0
96 0
97 0
98 0
99 0
100 0
101 0
102 0
103 0
104 0
105 0
106 0
107 0
108 0
109 0
110 0
111 0
112 0
113 0
114 0
115 0
116 0
117 0
118 1
119 0
120 0
121 1
122 1
123 0
124 1
125 1
126 3
127 4
128 6
129 4
130 11
131 20
132 13
133 17
134 24
135 37
136 38
137 52
138 54
139 77
140 57
141 83
142 71
143 81
144 98
145 134
146 136
147 119
148 150
149 163
150 179
151 195
152 198
153 230
154 250
155 282
156 310
157 344
158 416
159 492
160 607
161 605
162 724
163 728
164 789
165 826
166 851
167 864
168 858
169 942
170 963
171 949
172 1142
173 1029
174 1179
175 1111
176 1229
177 1320
178 1250
179 1160
180 1275
181 1373
182 1435
183 1434
184 1639
185 1617
186 1727
187 1685
188 1750
189 1720
190 1638
191 1663
192 1591
193 1523
194 1541
195 1548
196 1445
197 1548
198 1673
199 1708
200 1871
201 1847
202 1907
203 2187
204 2090
205 2255
206 2311
207 2446
208 2535
209 2593
210 2400
211 2403
212 2266
213 2347
214 2225
215 2469
216 2264
217 2098
218 2178
219 2141
220 2164
221 2146
222 2195
223 2052
224 2118
225 2490
226 2479
227 2476
228 2626
229 2809
230 2687
231 2556
232 2457
233 2387
234 2394
235 2405
236 2353
237 2228
238 2309
239 2396
240 2362
241 2306
242 2400
243 2189
244 2247
245 2301
246 2264
247 2182
248 2094
249 2259
250 2124
251 2240
252 2133
253 2071
254 1989
255 1917
256 1837
257 1769
258 1641
259 1422
260 1404
261 1311
262 1206
263 1075
264 1059
265 1119
266 1055
267 1043
268 1041
269 1023
270 955
271 899
272 966
273 872
274 870
275 839
276 822
277 759
278 693
279 663
280 624
281 545
282 489
283 427
284 442
285 427
286 394
287 408
288 402
289 444
290 376
291 417
292 394
293 453
294 446
295 381
296 394
297 355
298 323
299 349
300 313
301 331
302 280
303 243
304 173
305 152
306 192
307 174
308 163
309 129
310 113
311 131
312 120
313 89
314 78
315 105
316 70
317 89
318 79
319 62
320 62
321 54
322 50
323 56
324 49
325 46
326 33
327 28
328 29
329 36
330 34
331 15
332 35
333 31
334 20
335 16
336 12
337 23
338 9
339 6
340 12
341 2
342 5
343 4
344 9
345 2
346 8
347 13
348 5
349 1
350 9
351 6
352 4
353 2
354 1
355 3
356 0
357 0
358 2
