0 0
1 0
2 0
3 0
4 0
5 0
6 0
7 0
8 0
9 0
10 0
11 0
12 0
13 0
14 0
15 0
16 0
17 0
18 0
19 1
20 0
21 0
22 0
23 0
24 0
25 0
26 0
27 0
28 0
29 0
30 0
31 1
32 0
33 0
34 0
35 0
36 0
37 0
38 0
39 0
40 0
41 0
42 0
43 0
44 0
45 0
46 0
47 0
48 0
49 0
50 0
51 0
52 0
53 0
54 0
55 0
56 0
57 0
58 0
59 0
60 0
61 0
62 0
63 0
64 0
65 0
66 1
67 0
68 0
69 0
70 0
71 0
72 0
73 0
74 0
75 0
76 0
77 0
78 0
79 2
80 2
81 0
82 2
83 0
84 0
85 0
86 0
87 5
88 9
89 0
90 2
91 2
92 2
93 3
94 0
95 0
96 0
97 0
98 2
99 0
100 0
101 0
102 0
103 1
104 2
105 3
106 1
107 3
108 7
109 1
110 9
111 5
112 5
113 4
114 5
115 13
116 4
117 11
118 16
119 10
120 8
121 4
122 13
123 29
124 16
125 21
126 22
127 18
128 22
129 17
130 27
131 15
132 31
133 29
134 47
135 67
136 80
137 82
138 74
139 95
140 112
141 132
142 153
143 144
144 127
145 139
146 157
147 173
148 194
149 221
150 256
151 321
152 375
153 402
154 495
155 532
156 569
157 572
158 555
159 550
160 601
161 556
162 593
163 582
164 564
165 583
166 679
167 634
168 691
169 745
170 768
171 757
172 785
173 879
174 856
175 916
176 897
177 887
178 903
179 881
180 848
181 822
182 983
183 980
184 921
185 960
186 981
187 951
188 1018
189 1105
190 1089
191 1099
192 1041
193 1082
194 1060
195 1012
196 1125
197 1166
198 1260
199 1310
200 1337
201 1450
202 1584
203 1786
204 1752
205 1753
206 1883
207 1951
208 1913
209 2077
210 2022
211 2230
212 1979
213 1963
214 2027
215 1969
216 2070
217 1972
218 1878
219 1877
220 1862
221 1858
222 1890
223 1962
224 2032
225 1982
226 2078
227 2045
228 2004
229 2068
230 1966
231 2004
232 1947
233 1991
234 1964
235 1989
236 2113
237 2129
238 2103
239 2216
240 2255
241 2343
242 2277
243 2248
244 2276
245 1997
246 2162
247 1961
248 1974
249 1826
250 1755
251 1832
252 1797
253 1713
254 1781
255 1787
256 2024
257 2073
258 1919
259 1813
260 1859
261 1937
262 1782
263 1867
264 1746
265 1651
266 1768
267 1649
268 1440
269 1484
270 1390
271 1339
272 1178
273 1202
274 1172
275 1112
276 1077
277 1071
278 969
279 946
280 999
281 928
282 1022
283 893
284 833
285 1004
286 910
287 972
288 991
289 1047
290 1057
291 1097
292 1003
293 1040
294 1041
295 941
296 988
297 935
298 861
299 822
300 825
301 901
302 814
303 674
304 571
305 578
306 538
307 551
308 518
309 441
310 388
311 355
312 338
313 296
314 245
315 278
316 235
317 232
318 220
319 181
320 192
321 198
322 185
323 219
324 164
325 163
326 187
327 168
328 206
329 139
330 147
331 185
332 135
333 124
334 162
335 117
336 166
337 116
338 131
339 129
340 93
341 74
342 68
343 64
344 72
345 37
346 29
347 17
348 7
349 6
350 15
351 1
352 5
353 4
354 1
355 3
356 5
357 7
358 4
359 3
360 0
361 4
362 1
363 3
