0 0
1 0
2 0
3 0
4 0
5 0
6 0
7 0
8 0
9 0
10 0
11 0
12 0
13 0
14 0
15 0
16 0
17 0
18 0
19 0
20 0
21 0
22 0
23 0
24 0
25 0
26 0
27 0
28 0
29 0
30 0
31 0
32 0
33 0
34 0
35 0
36 0
37 0
38 0
39 0
40 0
41 0
42 0
43 0
44 0
45 0
46 0
47 0
48 0
49 0
50 0
51 0
52 0
53 0
54 0
55 0
56 0
57 0
58 0
59 0
60 0
61 0
62 0
63 0
64 0
65 0
66 0
67 0
68 0
69 0
70 0
71 0
72 0
73 0
74 0
75 0
76 0
77 0
78 0
79 0
80 0
81 0
82 0
83 0
84 0
85 0
86 0
87 0
88 0
89 0
90 0
91 0
92 0
93 0
94 0
95 0
96 0
97 0
98 0
99 0
100 5
101 7
102 4
103 9
104 8
105 9
106 9
107 11
108 13
109 13
110 8
111 7
112 9
113 15
114 26
115 6
116 10
117 10
118 18
119 15
120 12
121 13
122 15
123 21
124 18
125 17
126 21
127 12
128 18
129 16
130 17
131 14
132 24
133 15
134 10
135 22
136 14
137 16
138 15
139 13
140 18
141 11
142 16
143 14
144 23
145 18
146 25
147 22
148 17
149 15
150 26
151 21
152 23
153 24
154 23
155 26
156 24
157 31
158 30
159 25
160 37
161 39
162 33
163 41
164 64
165 49
166 63
167 89
168 60
169 77
170 111
171 112
172 122
173 111
174 134
175 134
176 119
177 164
178 166
179 178
180 192
181 222
182 247
183 248
184 234
185 276
186 313
187 364
188 384
189 415
190 453
191 477
192 588
193 589
194 616
195 632
196 672
197 701
198 753
199 832
200 850
201 838
202 846
203 947
204 942
205 859
206 968
207 860
208 1023
209 1030
210 1084
211 1023
212 1140
213 1221
214 1315
215 1408
216 1543
217 1782
218 1777
219 1864
220 1963
221 2079
222 2173
223 2155
224 2211
225 2209
226 2352
227 2289
228 2483
229 2512
230 2507
231 2402
232 2548
233 2594
234 2385
235 2466
236 2395
237 2525
238 2431
239 2539
240 2519
241 2524
242 2686
243 2712
244 2727
245 2834
246 2707
247 2749
248 2799
249 2867
250 3009
251 2795
252 2911
253 2919
254 2899
255 2946
256 2937
257 2776
258 2718
259 2877
260 2965
261 2969
262 2719
263 2644
264 2847
265 2753
266 2589
267 2673
268 2526
269 2329
270 2337
271 2150
272 2190
273 1887
274 1897
275 1846
276 1662
277 1638
278 1435
279 1512
280 1356
281 1473
282 1480
283 1462
284 1532
285 1467
286 1534
287 1368
288 1349
289 1190
290 1208
291 1224
292 1080
293 1090
294 925
295 988
296 918
297 880
298 900
299 786
300 713
301 711
302 624
303 644
304 524
305 496
306 484
307 442
308 427
309 427
310 355
311 420
312 327
313 329
314 319
315 334
316 318
317 331
318 298
319 260
320 275
321 250
322 231
323 217
324 238
325 209
326 219
327 145
328 159
329 167
330 176
331 177
332 157
333 171
334 131
335 146
336 119
337 129
338 102
339 84
340 74
341 58
342 53
343 47
344 41
345 31
346 30
347 37
348 35
349 17
350 27
351 16
352 37
353 19
354 16
355 22
356 14
357 17
358 13
359 14
360 10
361 5
362 8
363 5
364 2
365 7
366 6
367 7
368 5
369 8
370 3
371 4
372 1
373 6
374 2
375 0
376 0
377 1
378 0
379 1
380 0
381 1
382 1
383 0
384 1
385 0
386 0
387 1
