0 0
1 0
2 0
3 0
4 1
5 0
6 0
7 0
8 0
9 0
10 0
11 0
12 0
13 0
14 0
15 0
16 0
17 0
18 0
19 0
20 0
21 0
22 0
23 0
24 0
25 0
26 0
27 0
28 0
29 0
30 0
31 0
32 0
33 0
34 0
35 0
36 0
37 0
38 0
39 0
40 0
41 0
42 0
43 0
44 0
45 0
46 0
47 0
48 0
49 0
50 0
51 0
52 0
53 0
54 1
55 0
56 0
57 0
58 0
59 0
60 0
61 0
62 0
63 0
64 0
65 0
66 0
67 0
68 0
69 0
70 0
71 0
72 0
73 0
74 0
75 0
76 0
77 0
78 0
79 0
80 0
81 0
82 0
83 0
84 0
85 1
86 0
87 0
88 0
89 0
90 1
91 0
92 0
93 0
94 2
95 1
96 0
97 1
98 1
99 0
100 0
101 1
102 1
103 2
104 0
105 2
106 3
107 1
108 5
109 2
110 2
111 5
112 6
113 4
114 0
115 4
116 3
117 2
118 7
119 3
120 2
121 5
122 4
123 3
124 5
125 1
126 6
127 0
128 1
129 3
130 4
131 5
132 11
133 7
134 1
135 2
136 6
137 3
138 13
139 8
140 7
141 6
142 8
143 13
144 19
145 18
146 19
147 22
148 36
149 35
150 45
151 35
152 44
153 26
154 35
155 33
156 30
157 34
158 26
159 37
160 31
161 33
162 39
163 40
164 39
165 52
166 51
167 49
168 54
169 56
170 55
171 54
172 87
173 66
174 57
175 65
176 81
177 115
178 102
179 138
180 159
181 155
182 209
183 207
184 237
185 252
186 256
187 254
188 263
189 242
190 286
191 306
192 324
193 366
194 398
195 440
196 511
197 539
198 517
199 598
200 571
201 601
202 622
203 729
204 708
205 775
206 769
207 826
208 957
209 1048
210 1091
211 1188
212 1255
213 1513
214 1611
215 1701
216 1674
217 1698
218 1885
219 1772
220 1702
221 1756
222 1717
223 1688
224 1593
225 1504
226 1544
227 1546
228 1583
229 1566
230 1652
231 1602
232 1569
233 1592
234 1742
235 1696
236 1765
237 1895
238 1881
239 1795
240 1927
241 2086
242 2172
243 2127
244 2361
245 2439
246 2351
247 2699
248 2562
249 2620
250 2716
251 2728
252 2769
253 2766
254 2697
255 2732
256 2662
257 2520
258 2671
259 2452
260 2558
261 2569
262 2522
263 2283
264 2397
265 2426
266 2314
267 2329
268 2431
269 2396
270 2507
271 2555
272 2732
273 2778
274 2868
275 2782
276 2689
277 2543
278 2603
279 2380
280 2368
281 2364
282 2111
283 2128
284 2003
285 1946
286 1724
287 1675
288 1473
289 1454
290 1334
291 1240
292 1264
293 1118
294 1141
295 1102
296 1038
297 950
298 939
299 989
300 930
301 880
302 986
303 900
304 962
305 950
306 905
307 911
308 750
309 827
310 805
311 758
312 766
313 787
314 807
315 733
316 673
317 707
318 655
319 657
320 566
321 516
322 517
323 442
324 466
325 444
326 411
327 392
328 409
329 324
330 304
331 336
332 243
333 220
334 214
335 234
336 191
337 246
338 232
339 220
340 205
341 210
342 141
343 168
344 123
345 122
346 91
347 117
348 91
349 92
350 81
351 66
352 71
353 65
354 54
355 48
356 36
357 48
358 34
359 30
360 14
361 18
362 12
363 8
364 8
365 5
366 4
367 3
368 6
369 4
370 2
371 4
372 5
373 3
374 7
375 3
376 4
377 3
378 3
379 7
380 2
381 7
382 4
383 0
384 1
385 1
386 1
387 1
388 5
389 6
390 3
391 5
392 4
393 4
394 3
395 2
396 4
397 1
398 2
399 2
400 6
401 6
402 3
403 1
404 0
405 3
406 1
407 0
408 2
