0 0
1 0
2 0
3 0
4 0
5 0
6 0
7 0
8 0
9 0
10 0
11 0
12 0
13 0
14 0
15 0
16 0
17 0
18 1
19 1
20 0
21 1
22 1
23 1
24 0
25 0
26 2
27 2
28 0
29 0
30 2
31 1
32 1
33 0
34 0
35 0
36 1
37 0
38 0
39 0
40 0
41 0
42 0
43 0
44 0
45 0
46 2
47 0
48 2
49 1
50 0
51 0
52 0
53 1
54 1
55 1
56 1
57 1
58 0
59 0
60 0
61 0
62 0
63 1
64 0
65 0
66 0
67 0
68 0
69 1
70 2
71 0
72 1
73 0
74 0
75 0
76 0
77 0
78 0
79 0
80 0
81 0
82 0
83 0
84 0
85 0
86 0
87 2
88 0
89 0
90 0
91 0
92 0
93 0
94 1
95 0
96 6
97 5
98 4
99 6
100 7
101 5
102 4
103 3
104 1
105 5
106 12
107 10
108 11
109 10
110 9
111 13
112 23
113 12
114 12
115 8
116 13
117 20
118 10
119 23
120 21
121 22
122 35
123 32
124 30
125 46
126 39
127 46
128 56
129 56
130 94
131 85
132 83
133 93
134 127
135 91
136 123
137 148
138 146
139 145
140 135
141 157
142 197
143 215
144 196
145 230
146 215
147 215
148 223
149 261
150 286
151 312
152 327
153 307
154 353
155 357
156 344
157 486
158 522
159 586
160 598
161 654
162 717
163 704
164 738
165 813
166 926
167 954
168 998
169 929
170 999
171 1058
172 1001
173 993
174 1068
175 1077
176 1093
177 999
178 1185
179 1167
180 1095
181 1165
182 1182
183 1137
184 1161
185 1323
186 1273
187 1364
188 1416
189 1481
190 1550
191 1494
192 1579
193 1591
194 1662
195 1595
196 1637
197 1695
198 1813
199 1824
200 1684
201 1857
202 1827
203 1868
204 1890
205 1873
206 1898
207 1967
208 2029
209 1951
210 2093
211 1986
212 2093
213 2010
214 2098
215 1992
216 1980
217 2077
218 1966
219 1913
220 1857
221 1784
222 1676
223 1769
224 1694
225 1747
226 1649
227 1743
228 1629
229 1619
230 1615
231 1682
232 1703
233 1752
234 1752
235 1802
236 1950
237 2006
238 2036
239 2069
240 2011
241 2095
242 2094
243 2115
244 2096
245 2068
246 2044
247 1960
248 1917
249 1985
250 1918
251 1941
252 2022
253 2026
254 2083
255 1948
256 2042
257 2042
258 2121
259 2091
260 2075
261 1952
262 1904
263 1768
264 1814
265 1538
266 1391
267 1297
268 1317
269 1309
270 1260
271 1134
272 1003
273 1021
274 997
275 939
276 893
277 957
278 964
279 910
280 847
281 774
282 832
283 743
284 650
285 739
286 640
287 591
288 519
289 525
290 512
291 461
292 504
293 465
294 498
295 482
296 461
297 423
298 403
299 424
300 423
301 385
302 403
303 362
304 382
305 416
306 438
307 460
308 507
309 434
310 450
311 538
312 339
313 397
314 418
315 556
316 613
317 520
318 597
319 657
320 512
321 533
322 431
323 303
324 273
325 247
326 120
327 68
328 50
329 40
330 43
331 28
332 19
333 24
334 18
335 20
336 19
337 6
338 20
339 9
340 15
341 17
342 13
343 15
344 7
345 11
346 4
347 7
348 6
349 7
350 10
351 5
352 4
353 5
354 4
355 3
356 0
357 3
358 2
359 0
360 1
361 2
