0 0
1 0
2 0
3 0
4 0
5 0
6 0
7 0
8 0
9 0
10 0
11 0
12 0
13 0
14 0
15 0
16 0
17 0
18 0
19 0
20 0
21 0
22 0
23 0
24 0
25 0
26 0
27 0
28 0
29 0
30 0
31 0
32 0
33 0
34 0
35 0
36 0
37 0
38 0
39 0
40 0
41 0
42 0
43 0
44 0
45 0
46 0
47 0
48 0
49 0
50 0
51 0
52 0
53 0
54 0
55 0
56 0
57 0
58 0
59 0
60 0
61 0
62 0
63 0
64 0
65 0
66 0
67 0
68 0
69 0
70 0
71 0
72 0
73 0
74 0
75 0
76 0
77 0
78 0
79 0
80 0
81 0
82 0
83 0
84 0
85 0
86 0
87 0
88 0
89 0
90 0
91 0
92 0
93 0
94 0
95 0
96 0
97 0
98 0
99 0
100 0
101 0
102 0
103 0
104 0
105 0
106 0
107 0
108 0
109 0
110 0
111 0
112 0
113 1
114 0
115 0
116 0
117 1
118 0
119 0
120 1
121 0
122 0
123 0
124 1
125 1
126 1
127 2
128 7
129 8
130 8
131 11
132 17
133 19
134 25
135 33
136 47
137 38
138 54
139 68
140 60
141 60
142 72
143 82
144 62
145 105
146 123
147 114
148 135
149 180
150 172
151 175
152 143
153 180
154 158
155 227
156 240
157 230
158 312
159 340
160 415
161 474
162 484
163 535
164 542
165 656
166 775
167 778
168 829
169 846
170 908
171 841
172 1028
173 891
174 1020
175 983
176 1033
177 1081
178 1041
179 1049
180 1022
181 1134
182 1271
183 1251
184 1243
185 1413
186 1392
187 1473
188 1665
189 1650
190 1649
191 1745
192 1867
193 2067
194 2069
195 2163
196 2286
197 2340
198 2293
199 2232
200 2403
201 2341
202 2448
203 2337
204 2396
205 2500
206 2632
207 2687
208 2711
209 2670
210 2748
211 2699
212 2792
213 2905
214 2892
215 2707
216 2623
217 2676
218 2711
219 2802
220 2704
221 2762
222 2970
223 2976
224 2760
225 2886
226 2691
227 2620
228 2713
229 2624
230 2610
231 2362
232 2457
233 2437
234 2347
235 2361
236 2090
237 2227
238 2135
239 2116
240 2070
241 2089
242 2130
243 2095
244 2010
245 1890
246 1746
247 1851
248 1812
249 1777
250 1820
251 1747
252 1700
253 1710
254 1802
255 1594
256 1718
257 1629
258 1707
259 1555
260 1649
261 1576
262 1465
263 1544
264 1354
265 1427
266 1216
267 1278
268 1269
269 1067
270 997
271 1016
272 851
273 823
274 737
275 632
276 556
277 512
278 507
279 453
280 492
281 510
282 484
283 437
284 440
285 349
286 351
287 329
288 297
289 237
290 220
291 188
292 158
293 170
294 138
295 132
296 108
297 125
298 87
299 105
300 106
301 96
302 97
303 106
304 79
305 63
306 76
307 78
308 44
309 44
310 32
311 38
312 10
313 25
314 15
315 17
316 17
317 9
318 6
319 6
320 8
321 5
322 12
323 15
324 6
325 5
326 5
327 11
328 5
329 12
330 2
331 6
332 1
333 3
334 1
335 2
336 3
