0 0
1 0
2 0
3 0
4 0
5 0
6 0
7 0
8 0
9 0
10 0
11 0
12 0
13 0
14 0
15 0
16 0
17 0
18 0
19 0
20 0
21 0
22 0
23 0
24 0
25 0
26 0
27 0
28 0
29 0
30 0
31 0
32 0
33 0
34 0
35 0
36 0
37 0
38 0
39 0
40 0
41 0
42 0
43 0
44 0
45 0
46 0
47 0
48 0
49 0
50 0
51 0
52 0
53 0
54 0
55 0
56 0
57 0
58 0
59 0
60 0
61 0
62 0
63 0
64 0
65 0
66 0
67 0
68 0
69 0
70 0
71 0
72 0
73 0
74 0
75 0
76 0
77 0
78 0
79 0
80 0
81 0
82 0
83 0
84 0
85 0
86 0
87 0
88 0
89 0
90 0
91 0
92 0
93 0
94 0
95 0
96 0
97 0
98 0
99 0
100 0
101 0
102 0
103 0
104 0
105 0
106 0
107 0
108 0
109 0
110 0
111 1
112 1
113 2
114 2
115 2
116 2
117 0
118 7
119 7
120 4
121 4
122 20
123 20
124 12
125 19
126 24
127 27
128 40
129 18
130 31
131 32
132 47
133 54
134 47
135 69
136 48
137 73
138 87
139 99
140 91
141 89
142 110
143 111
144 145
145 166
146 201
147 192
148 227
149 250
150 255
151 211
152 280
153 275
154 332
155 347
156 443
157 447
158 554
159 600
160 624
161 687
162 736
163 720
164 707
165 688
166 687
167 699
168 785
169 795
170 847
171 880
172 935
173 890
174 937
175 1067
176 1115
177 1168
178 1154
179 1210
180 1417
181 1359
182 1316
183 1462
184 1408
185 1477
186 1557
187 1596
188 1614
189 1756
190 1760
191 1789
192 1798
193 1873
194 2006
195 2012
196 2280
197 2270
198 2239
199 2170
200 2186
201 2353
202 2215
203 2578
204 2604
205 2631
206 2662
207 2745
208 2926
209 2981
210 2976
211 2979
212 2839
213 2811
214 2835
215 2773
216 2884
217 2837
218 2702
219 2823
220 2761
221 2913
222 3023
223 2724
224 2913
225 2872
226 2815
227 2973
228 2803
229 2743
230 2806
231 2703
232 2639
233 2707
234 2660
235 2500
236 2516
237 2447
238 2428
239 2380
240 2296
241 2194
242 2180
243 2209
244 2247
245 2035
246 2195
247 1968
248 1864
249 1913
250 1705
251 1716
252 1664
253 1597
254 1601
255 1651
256 1517
257 1399
258 1293
259 1230
260 1242
261 1153
262 1100
263 1087
264 1074
265 1002
266 978
267 959
268 866
269 796
270 768
271 783
272 651
273 640
274 555
275 504
276 363
277 339
278 333
279 273
280 252
281 239
282 220
283 231
284 201
285 151
286 121
287 108
288 90
289 68
290 70
291 51
292 62
293 36
294 47
295 26
296 25
297 23
298 13
299 15
300 5
301 9
302 3
303 3
304 2
305 1
306 0
307 0
308 0
309 0
310 2
