0 0
1 0
2 0
3 0
4 0
5 0
6 0
7 0
8 0
9 0
10 0
11 0
12 0
13 0
14 0
15 0
16 0
17 0
18 0
19 0
20 0
21 0
22 0
23 0
24 0
25 0
26 0
27 0
28 0
29 0
30 0
31 0
32 0
33 0
34 0
35 0
36 0
37 0
38 0
39 0
40 0
41 0
42 0
43 0
44 0
45 0
46 0
47 0
48 0
49 0
50 0
51 0
52 0
53 0
54 0
55 0
56 0
57 0
58 0
59 0
60 0
61 0
62 0
63 0
64 0
65 0
66 0
67 0
68 0
69 0
70 0
71 0
72 0
73 0
74 0
75 0
76 0
77 0
78 0
79 0
80 0
81 0
82 1
83 0
84 0
85 1
86 0
87 0
88 1
89 0
90 0
91 0
92 0
93 0
94 0
95 0
96 0
97 0
98 1
99 0
100 0
101 0
102 0
103 0
104 1
105 3
106 1
107 0
108 4
109 2
110 2
111 6
112 7
113 3
114 6
115 8
116 9
117 9
118 7
119 5
120 8
121 13
122 12
123 18
124 11
125 11
126 24
127 28
128 21
129 22
130 19
131 16
132 26
133 24
134 16
135 16
136 22
137 13
138 13
139 17
140 24
141 19
142 20
143 26
144 26
145 18
146 23
147 26
148 12
149 21
150 18
151 39
152 34
153 37
154 50
155 38
156 38
157 23
158 38
159 41
160 43
161 31
162 42
163 36
164 54
165 56
166 50
167 36
168 66
169 83
170 102
171 126
172 161
173 194
174 206
175 214
176 235
177 248
178 297
179 287
180 341
181 364
182 335
183 388
184 410
185 412
186 434
187 365
188 413
189 424
190 406
191 474
192 464
193 481
194 516
195 572
196 525
197 549
198 539
199 556
200 599
201 618
202 581
203 663
204 850
205 850
206 976
207 1074
208 1117
209 1162
210 1377
211 1475
212 1533
213 1564
214 1557
215 1549
216 1646
217 1544
218 1428
219 1527
220 1533
221 1491
222 1540
223 1497
224 1475
225 1455
226 1564
227 1605
228 1517
229 1529
230 1675
231 1677
232 1693
233 1825
234 1888
235 1904
236 1960
237 1933
238 2120
239 2092
240 2229
241 2227
242 2303
243 2175
244 2256
245 2431
246 2512
247 2518
248 2556
249 2509
250 2465
251 2623
252 2574
253 2477
254 2487
255 2565
256 2618
257 2626
258 2730
259 2800
260 2795
261 2745
262 2604
263 2609
264 2624
265 2674
266 2619
267 2684
268 2611
269 2621
270 2561
271 2502
272 2368
273 2482
274 2374
275 2463
276 2423
277 2303
278 2283
279 2073
280 2064
281 2209
282 2102
283 2197
284 2045
285 1998
286 1855
287 1878
288 1699
289 1619
290 1638
291 1436
292 1303
293 1234
294 1315
295 1101
296 1078
297 996
298 965
299 930
300 956
301 949
302 865
303 817
304 730
305 876
306 848
307 745
308 768
309 811
310 740
311 734
312 678
313 631
314 596
315 561
316 442
317 420
318 382
319 415
320 389
321 406
322 311
323 305
324 310
325 305
326 255
327 271
328 223
329 224
330 158
331 165
332 175
333 141
334 171
335 130
336 113
337 96
338 105
339 118
340 82
341 73
342 69
343 56
344 46
345 45
346 57
347 34
348 34
349 32
350 31
351 22
352 29
353 21
354 31
355 19
356 25
357 30
358 29
359 27
360 18
361 24
362 13
363 23
364 16
365 13
366 12
367 7
368 8
369 9
370 6
371 9
372 10
373 11
374 8
375 5
376 2
377 2
378 1
379 3
380 0
381 4
382 0
383 0
384 0
385 1
386 1
387 0
388 0
389 0
390 0
391 0
392 0
393 0
394 1
395 0
396 1
