0 0
1 0
2 0
3 0
4 0
5 0
6 1
7 0
8 2
9 0
10 0
11 0
12 0
13 0
14 0
15 0
16 1
17 1
18 0
19 1
20 0
21 1
22 1
23 2
24 4
25 3
26 2
27 4
28 4
29 5
30 5
31 5
32 7
33 10
34 5
35 8
36 8
37 5
38 7
39 8
40 5
41 2
42 10
43 3
44 3
45 1
46 3
47 7
48 3
49 6
50 11
51 11
52 11
53 7
54 3
55 6
56 9
57 1
58 4
59 3
60 3
61 5
62 8
63 7
64 8
65 7
66 6
67 4
68 5
69 5
70 5
71 9
72 6
73 6
74 8
75 7
76 5
77 9
78 6
79 12
80 7
81 12
82 12
83 12
84 9
85 7
86 6
87 8
88 1
89 6
90 2
91 4
92 5
93 4
94 9
95 9
96 7
97 7
98 18
99 12
100 9
101 12
102 5
103 1
104 1
105 2
106 6
107 3
108 4
109 4
110 9
111 9
112 2
113 3
114 8
115 9
116 7
117 4
118 9
119 8
120 12
121 7
122 22
123 11
124 22
125 30
126 34
127 25
128 45
129 59
130 61
131 53
132 60
133 59
134 73
135 86
136 96
137 85
138 106
139 131
140 177
141 139
142 224
143 245
144 230
145 267
146 235
147 271
148 332
149 337
150 354
151 415
152 413
153 426
154 534
155 494
156 563
157 577
158 657
159 646
160 628
161 762
162 725
163 802
164 891
165 820
166 927
167 947
168 1046
169 1164
170 1205
171 1271
172 1233
173 1289
174 1341
175 1282
176 1437
177 1422
178 1414
179 1266
180 1367
181 1441
182 1388
183 1507
184 1662
185 1631
186 1795
187 1972
188 1990
189 1989
190 2059
191 2185
192 2095
193 2236
194 2311
195 2328
196 2292
197 2245
198 2254
199 2202
200 2109
201 2096
202 1960
203 2000
204 1918
205 1980
206 1885
207 1934
208 2099
209 2066
210 2008
211 2104
212 2279
213 2239
214 2256
215 2214
216 2164
217 2155
218 2235
219 2279
220 2386
221 2596
222 2422
223 2658
224 2656
225 2541
226 2768
227 2703
228 2612
229 2595
230 2609
231 2648
232 2683
233 2545
234 2630
235 2553
236 2583
237 2675
238 2730
239 2568
240 2569
241 2571
242 2495
243 2255
244 2190
245 2053
246 2038
247 1895
248 1682
249 1648
250 1609
251 1533
252 1381
253 1392
254 1190
255 1161
256 1202
257 1159
258 1060
259 1004
260 1010
261 940
262 922
263 900
264 906
265 807
266 889
267 812
268 701
269 744
270 645
271 630
272 537
273 571
274 513
275 490
276 529
277 472
278 492
279 467
280 460
281 470
282 426
283 491
284 477
285 456
286 436
287 413
288 324
289 392
290 320
291 344
292 311
293 278
294 215
295 317
296 308
297 322
298 293
299 195
300 262
301 153
302 152
303 134
304 83
305 75
306 44
307 32
308 22
309 12
310 9
311 7
312 10
313 5
314 2
315 1
316 0
317 2
318 4
319 1
320 1
321 1
322 1
323 1
324 0
325 0
326 0
327 0
328 0
329 1
