0 0
1 0
2 0
3 0
4 0
5 0
6 0
7 0
8 0
9 0
10 0
11 0
12 0
13 0
14 0
15 0
16 0
17 0
18 0
19 0
20 0
21 0
22 0
23 0
24 0
25 0
26 0
27 0
28 0
29 0
30 0
31 0
32 0
33 0
34 0
35 0
36 0
37 0
38 0
39 0
40 0
41 0
42 0
43 0
44 0
45 0
46 0
47 0
48 0
49 0
50 0
51 0
52 0
53 0
54 0
55 0
56 0
57 0
58 0
59 0
60 0
61 0
62 0
63 0
64 0
65 0
66 0
67 0
68 0
69 0
70 0
71 0
72 0
73 0
74 0
75 0
76 0
77 0
78 0
79 0
80 0
81 0
82 0
83 0
84 0
85 0
86 0
87 0
88 0
89 0
90 0
91 0
92 0
93 0
94 0
95 0
96 0
97 0
98 0
99 0
100 0
101 0
102 0
103 0
104 0
105 0
106 1
107 1
108 1
109 0
110 1
111 5
112 3
113 2
114 3
115 6
116 8
117 5
118 4
119 5
120 3
121 11
122 4
123 9
124 10
125 9
126 11
127 10
128 11
129 6
130 9
131 14
132 17
133 20
134 18
135 14
136 27
137 18
138 32
139 28
140 31
141 34
142 45
143 38
144 40
145 57
146 62
147 75
148 83
149 109
150 116
151 147
152 178
153 181
154 233
155 284
156 317
157 378
158 418
159 481
160 646
161 677
162 679
163 776
164 729
165 783
166 803
167 853
168 859
169 832
170 840
171 970
172 922
173 1044
174 1148
175 1135
176 1352
177 1336
178 1377
179 1363
180 1527
181 1492
182 1585
183 1871
184 1791
185 1945
186 2037
187 2096
188 2096
189 2145
190 2317
191 2544
192 2327
193 2302
194 2275
195 2283
196 2341
197 2241
198 2418
199 2603
200 2496
201 2502
202 2418
203 2513
204 2399
205 2394
206 2508
207 2483
208 2485
209 2336
210 2217
211 2356
212 2257
213 2229
214 2262
215 2158
216 2234
217 2238
218 1976
219 2060
220 2092
221 2076
222 2143
223 2118
224 2299
225 2185
226 2282
227 2401
228 2542
229 2334
230 2171
231 2380
232 2205
233 2297
234 2189
235 2196
236 2175
237 2223
238 2275
239 2286
240 2326
241 2190
242 2122
243 2068
244 1939
245 1840
246 1918
247 1840
248 1945
249 1806
250 1810
251 1831
252 1877
253 1870
254 1920
255 1866
256 1807
257 1854
258 1753
259 1680
260 1656
261 1577
262 1416
263 1378
264 1314
265 1304
266 1127
267 1081
268 1044
269 900
270 890
271 880
272 726
273 660
274 621
275 606
276 579
277 507
278 474
279 426
280 421
281 348
282 358
283 317
284 234
285 287
286 276
287 241
288 263
289 214
290 236
291 225
292 230
293 224
294 213
295 208
296 161
297 180
298 196
299 146
300 165
301 137
302 153
303 145
304 176
305 133
306 129
307 125
308 129
309 96
310 102
311 89
312 80
313 89
314 55
315 55
316 52
317 53
318 58
319 52
320 42
321 31
322 35
323 28
324 25
325 21
326 24
327 16
328 19
329 18
330 14
331 15
332 10
333 14
334 8
335 7
336 15
337 9
338 10
339 8
340 7
341 10
342 7
343 9
344 5
345 3
346 3
347 4
348 7
349 3
350 3
351 2
352 2
353 1
354 0
355 1
356 0
357 0
358 1
359 0
360 1
361 1
