0 0
1 0
2 0
3 0
4 0
5 0
6 0
7 0
8 0
9 0
10 0
11 0
12 0
13 0
14 0
15 0
16 0
17 0
18 0
19 0
20 0
21 0
22 0
23 0
24 0
25 0
26 0
27 0
28 0
29 0
30 0
31 0
32 0
33 0
34 0
35 0
36 0
37 0
38 0
39 0
40 0
41 0
42 0
43 0
44 0
45 0
46 0
47 0
48 0
49 0
50 0
51 0
52 0
53 0
54 0
55 0
56 0
57 0
58 0
59 0
60 0
61 0
62 0
63 0
64 0
65 0
66 0
67 0
68 0
69 0
70 0
71 0
72 0
73 0
74 0
75 0
76 0
77 0
78 0
79 0
80 0
81 0
82 0
83 0
84 0
85 0
86 0
87 0
88 0
89 0
90 0
91 0
92 0
93 0
94 0
95 0
96 0
97 0
98 0
99 0
100 0
101 0
102 0
103 0
104 0
105 0
106 0
107 0
108 2
109 1
110 5
111 2
112 10
113 2
114 2
115 0
116 6
117 4
118 4
119 10
120 3
121 11
122 0
123 10
124 12
125 15
126 5
127 13
128 20
129 13
130 25
131 21
132 33
133 25
134 22
135 26
136 35
137 23
138 32
139 31
140 39
141 39
142 37
143 50
144 35
145 46
146 55
147 57
148 85
149 84
150 103
151 95
152 115
153 109
154 124
155 165
156 204
157 212
158 268
159 273
160 319
161 340
162 394
163 465
164 507
165 563
166 615
167 705
168 719
169 721
170 765
171 793
172 804
173 801
174 737
175 726
176 683
177 683
178 673
179 699
180 731
181 713
182 740
183 855
184 840
185 968
186 983
187 1036
188 1100
189 1280
190 1410
191 1452
192 1515
193 1738
194 1881
195 1979
196 2071
197 2302
198 2230
199 2489
200 2360
201 2300
202 2529
203 2255
204 2447
205 2519
206 2425
207 2679
208 2378
209 2561
210 2692
211 2615
212 2347
213 2468
214 2491
215 2548
216 2595
217 2619
218 2675
219 2761
220 2860
221 2746
222 2903
223 2960
224 3017
225 2856
226 3137
227 3012
228 2998
229 2887
230 2758
231 3028
232 2819
233 2822
234 2894
235 2839
236 2873
237 2846
238 2694
239 2640
240 2630
241 2471
242 2412
243 2340
244 2300
245 2248
246 2302
247 2285
248 2143
249 2202
250 2129
251 2027
252 2055
253 2003
254 1916
255 1751
256 1848
257 1706
258 1656
259 1578
260 1501
261 1419
262 1362
263 1271
264 1160
265 1045
266 1026
267 982
268 868
269 862
270 819
271 702
272 628
273 604
274 608
275 585
276 547
277 532
278 480
279 479
280 497
281 483
282 491
283 474
284 445
285 428
286 414
287 393
288 384
289 418
290 363
291 322
292 282
293 348
294 316
295 288
296 266
297 251
298 237
299 185
300 203
301 173
302 152
303 159
304 144
305 139
306 137
307 118
308 131
309 123
310 123
311 111
312 132
313 112
314 112
315 99
316 101
317 79
318 90
319 67
320 64
321 49
322 52
323 37
324 28
325 26
326 18
327 24
328 19
329 10
330 3
331 10
332 10
333 12
334 4
335 12
336 10
337 12
338 6
339 10
340 7
341 2
342 3
343 8
344 6
345 3
346 5
347 9
348 7
349 3
350 3
351 6
352 4
353 7
354 1
355 5
356 7
357 6
358 1
359 3
360 0
361 2
362 1
363 2
364 1
