0 0
1 0
2 0
3 0
4 0
5 0
6 0
7 0
8 0
9 0
10 0
11 0
12 0
13 0
14 0
15 0
16 0
17 0
18 0
19 0
20 0
21 0
22 0
23 0
24 0
25 0
26 0
27 0
28 0
29 0
30 0
31 0
32 0
33 0
34 0
35 0
36 0
37 0
38 0
39 0
40 0
41 0
42 0
43 0
44 0
45 0
46 0
47 0
48 0
49 0
50 0
51 0
52 0
53 0
54 0
55 0
56 0
57 0
58 0
59 0
60 0
61 0
62 0
63 0
64 0
65 0
66 0
67 0
68 0
69 0
70 0
71 0
72 0
73 0
74 1
75 0
76 1
77 1
78 1
79 2
80 1
81 1
82 1
83 1
84 5
85 2
86 2
87 1
88 4
89 2
90 4
91 3
92 1
93 4
94 6
95 3
96 6
97 1
98 6
99 2
100 5
101 4
102 7
103 7
104 7
105 4
106 11
107 5
108 4
109 7
110 10
111 5
112 4
113 4
114 5
115 12
116 3
117 6
118 3
119 9
120 11
121 11
122 8
123 5
124 4
125 8
126 11
127 9
128 7
129 9
130 11
131 17
132 12
133 17
134 19
135 10
136 14
137 8
138 20
139 22
140 17
141 17
142 19
143 13
144 18
145 21
146 28
147 24
148 26
149 38
150 49
151 34
152 37
153 58
154 48
155 63
156 59
157 78
158 77
159 97
160 76
161 112
162 102
163 138
164 135
165 166
166 177
167 226
168 273
169 302
170 387
171 384
172 414
173 507
174 471
175 468
176 487
177 546
178 539
179 573
180 620
181 689
182 690
183 820
184 832
185 856
186 916
187 966
188 1052
189 1033
190 1126
191 1037
192 1192
193 1116
194 1239
195 1312
196 1317
197 1303
198 1473
199 1434
200 1375
201 1299
202 1276
203 1246
204 1229
205 1340
206 1359
207 1390
208 1407
209 1480
210 1587
211 1638
212 1718
213 1816
214 1723
215 1838
216 1868
217 1806
218 1854
219 1860
220 1761
221 1896
222 1850
223 1855
224 1901
225 1925
226 1985
227 2170
228 2336
229 2366
230 2386
231 2473
232 2528
233 2632
234 2616
235 2625
236 2525
237 2604
238 2560
239 2571
240 2460
241 2477
242 2494
243 2445
244 2465
245 2500
246 2450
247 2488
248 2363
249 2462
250 2413
251 2323
252 2335
253 2388
254 2292
255 2469
256 2309
257 2396
258 2337
259 2354
260 2477
261 2290
262 2330
263 2039
264 2257
265 2142
266 2100
267 2182
268 2157
269 2091
270 2091
271 2025
272 2161
273 2161
274 1985
275 2036
276 2069
277 1926
278 1762
279 1825
280 1692
281 1514
282 1469
283 1390
284 1259
285 1184
286 1122
287 998
288 1010
289 903
290 934
291 887
292 824
293 816
294 699
295 644
296 694
297 644
298 522
299 497
300 457
301 443
302 330
303 343
304 320
305 301
306 278
307 249
308 225
309 209
310 258
311 171
312 206
313 201
314 157
315 124
316 154
317 145
318 119
319 129
320 148
321 111
322 109
323 106
324 100
325 92
326 78
327 50
328 48
329 46
330 37
331 15
332 10
333 16
334 8
335 7
336 15
337 7
338 10
339 7
340 8
341 2
342 4
343 0
344 0
345 0
346 1
347 0
348 0
349 0
350 1
