0 0
1 0
2 0
3 0
4 0
5 0
6 0
7 0
8 0
9 0
10 0
11 0
12 0
13 0
14 0
15 0
16 0
17 0
18 0
19 0
20 0
21 0
22 0
23 0
24 0
25 0
26 0
27 0
28 0
29 0
30 0
31 0
32 0
33 0
34 0
35 0
36 0
37 0
38 0
39 0
40 0
41 0
42 0
43 0
44 0
45 0
46 0
47 0
48 0
49 0
50 0
51 0
52 0
53 0
54 0
55 0
56 0
57 0
58 0
59 0
60 0
61 0
62 0
63 0
64 0
65 0
66 0
67 0
68 0
69 0
70 0
71 0
72 0
73 0
74 0
75 0
76 0
77 0
78 0
79 0
80 0
81 0
82 0
83 0
84 0
85 0
86 0
87 0
88 0
89 0
90 0
91 0
92 0
93 0
94 0
95 0
96 0
97 1
98 0
99 1
100 0
101 2
102 0
103 1
104 1
105 1
106 1
107 0
108 2
109 2
110 4
111 1
112 3
113 3
114 2
115 3
116 2
117 3
118 5
119 5
120 2
121 3
122 3
123 11
124 12
125 14
126 22
127 7
128 17
129 18
130 25
131 20
132 32
133 30
134 40
135 38
136 52
137 58
138 60
139 69
140 60
141 59
142 79
143 82
144 78
145 86
146 73
147 99
148 87
149 111
150 116
151 148
152 148
153 164
154 189
155 197
156 218
157 250
158 271
159 282
160 289
161 300
162 290
163 298
164 328
165 356
166 349
167 377
168 403
169 442
170 510
171 615
172 639
173 713
174 909
175 901
176 1033
177 1060
178 1006
179 1202
180 1239
181 1175
182 1250
183 1157
184 1171
185 1174
186 1350
187 1296
188 1348
189 1474
190 1557
191 1693
192 1700
193 1719
194 1737
195 1696
196 1809
197 1654
198 1811
199 1839
200 1926
201 1917
202 2053
203 1935
204 2072
205 2223
206 2283
207 2176
208 2513
209 2545
210 2505
211 2591
212 2684
213 2632
214 2595
215 2837
216 2872
217 2804
218 2688
219 2821
220 2725
221 2658
222 2612
223 2837
224 2864
225 2633
226 2737
227 3159
228 3052
229 3219
230 3197
231 3193
232 3202
233 3052
234 3010
235 2759
236 2747
237 2729
238 2454
239 2368
240 2272
241 2255
242 2078
243 2114
244 2093
245 2072
246 2029
247 1941
248 1926
249 1859
250 1783
251 1916
252 1907
253 1864
254 1895
255 1721
256 1836
257 1801
258 1698
259 1675
260 1778
261 1567
262 1725
263 1671
264 1455
265 1478
266 1374
267 1263
268 1200
269 1282
270 1133
271 1073
272 987
273 1066
274 967
275 918
276 771
277 735
278 649
279 589
280 569
281 507
282 448
283 468
284 437
285 355
286 387
287 341
288 357
289 323
290 297
291 283
292 248
293 230
294 217
295 200
296 177
297 163
298 185
299 168
300 133
301 129
302 88
303 100
304 90
305 87
306 95
307 79
308 91
309 70
310 77
311 71
312 49
313 47
314 45
315 34
316 35
317 19
318 3
319 9
320 8
321 5
322 7
323 7
324 0
325 4
326 1
327 1
328 1
329 0
330 0
331 0
332 1
333 1
334 1
335 1
336 0
337 0
338 1
339 0
340 0
341 0
342 1
343 0
344 1
