0 0
1 0
2 0
3 0
4 0
5 0
6 0
7 0
8 0
9 0
10 0
11 0
12 0
13 0
14 0
15 0
16 0
17 0
18 0
19 0
20 0
21 0
22 0
23 0
24 0
25 0
26 0
27 0
28 0
29 0
30 0
31 0
32 0
33 0
34 0
35 0
36 0
37 0
38 0
39 0
40 0
41 0
42 0
43 0
44 0
45 0
46 0
47 0
48 0
49 0
50 0
51 0
52 0
53 0
54 0
55 0
56 0
57 0
58 0
59 0
60 0
61 0
62 0
63 0
64 0
65 0
66 0
67 0
68 0
69 0
70 0
71 0
72 0
73 0
74 0
75 0
76 0
77 0
78 0
79 0
80 0
81 0
82 0
83 0
84 0
85 0
86 0
87 0
88 0
89 0
90 0
91 0
92 0
93 0
94 0
95 0
96 0
97 0
98 0
99 0
100 0
101 0
102 0
103 0
104 0
105 0
106 1
107 0
108 0
109 2
110 0
111 5
112 6
113 1
114 3
115 5
116 7
117 4
118 13
119 9
120 4
121 7
122 11
123 15
124 20
125 16
126 28
127 23
128 21
129 35
130 30
131 44
132 51
133 55
134 83
135 81
136 108
137 122
138 113
139 111
140 165
141 190
142 183
143 233
144 252
145 287
146 379
147 331
148 348
149 420
150 430
151 435
152 469
153 436
154 467
155 494
156 464
157 519
158 442
159 455
160 433
161 471
162 536
163 525
164 574
165 663
166 677
167 736
168 807
169 872
170 931
171 858
172 989
173 1063
174 1253
175 1216
176 1198
177 1225
178 1277
179 1176
180 1182
181 1204
182 1375
183 1490
184 1503
185 1579
186 1630
187 1726
188 1835
189 1913
190 1878
191 1883
192 1971
193 2054
194 2015
195 1982
196 2019
197 1889
198 1992
199 1836
200 1779
201 1825
202 1844
203 1640
204 1700
205 1773
206 1699
207 1762
208 1799
209 1798
210 1824
211 1958
212 2073
213 2149
214 2241
215 2281
216 2412
217 2419
218 2371
219 2576
220 2612
221 2634
222 2656
223 2619
224 2743
225 2960
226 2893
227 3017
228 3112
229 3194
230 3265
231 3196
232 3072
233 2944
234 3003
235 3116
236 3183
237 2976
238 2992
239 3051
240 2961
241 2941
242 2899
243 2756
244 2391
245 2258
246 2040
247 1949
248 1980
249 1816
250 1715
251 1634
252 1668
253 1504
254 1581
255 1482
256 1440
257 1463
258 1312
259 1276
260 1224
261 1082
262 1069
263 1084
264 942
265 967
266 870
267 858
268 791
269 731
270 715
271 792
272 707
273 716
274 698
275 685
276 602
277 572
278 532
279 517
280 487
281 500
282 502
283 453
284 421
285 354
286 336
287 303
288 285
289 252
290 251
291 250
292 200
293 184
294 157
295 143
296 101
297 93
298 67
299 55
300 35
301 35
302 29
303 32
304 26
305 26
306 18
307 10
308 10
309 13
310 23
311 15
312 17
313 12
314 12
315 5
316 9
317 5
318 2
319 7
320 3
321 4
322 3
323 2
324 1
325 0
326 0
327 1
328 0
329 0
330 0
331 0
332 1
