0 0
1 0
2 0
3 0
4 0
5 0
6 0
7 0
8 0
9 0
10 0
11 0
12 0
13 0
14 0
15 0
16 0
17 0
18 0
19 0
20 0
21 0
22 0
23 0
24 0
25 0
26 0
27 0
28 0
29 0
30 0
31 0
32 0
33 0
34 0
35 0
36 0
37 0
38 0
39 0
40 0
41 0
42 0
43 0
44 0
45 0
46 0
47 0
48 0
49 0
50 0
51 0
52 0
53 0
54 0
55 0
56 0
57 0
58 0
59 0
60 0
61 0
62 0
63 0
64 0
65 0
66 0
67 0
68 0
69 0
70 0
71 0
72 0
73 0
74 0
75 0
76 0
77 0
78 0
79 0
80 0
81 0
82 0
83 0
84 0
85 0
86 0
87 0
88 0
89 0
90 0
91 0
92 0
93 0
94 0
95 0
96 0
97 0
98 1
99 0
100 0
101 1
102 0
103 1
104 0
105 0
106 2
107 5
108 10
109 6
110 5
111 7
112 4
113 5
114 9
115 8
116 11
117 13
118 15
119 14
120 13
121 11
122 12
123 14
124 20
125 36
126 26
127 39
128 32
129 58
130 49
131 78
132 81
133 62
134 93
135 96
136 116
137 123
138 170
139 206
140 195
141 208
142 200
143 161
144 183
145 198
146 203
147 177
148 200
149 211
150 211
151 236
152 253
153 282
154 335
155 325
156 378
157 337
158 368
159 416
160 407
161 465
162 429
163 505
164 584
165 567
166 526
167 642
168 694
169 753
170 795
171 861
172 928
173 910
174 939
175 1034
176 1032
177 1072
178 1061
179 1114
180 1104
181 1133
182 1233
183 1225
184 1259
185 1322
186 1403
187 1372
188 1426
189 1547
190 1696
191 1866
192 1840
193 2085
194 1964
195 1948
196 2106
197 1880
198 1856
199 1877
200 2025
201 1946
202 2112
203 1966
204 2103
205 2261
206 2229
207 2237
208 2354
209 2518
210 2448
211 2499
212 2690
213 2592
214 2531
215 2489
216 2423
217 2499
218 2462
219 2467
220 2553
221 2536
222 2517
223 2456
224 2389
225 2443
226 2397
227 2363
228 2342
229 2369
230 2380
231 2495
232 2594
233 2511
234 2527
235 2458
236 2423
237 2528
238 2373
239 2272
240 2216
241 2133
242 2192
243 2043
244 1971
245 1883
246 1924
247 1982
248 1818
249 1987
250 1841
251 1877
252 1895
253 1801
254 2016
255 1948
256 2079
257 1943
258 1828
259 1899
260 1834
261 1823
262 1698
263 1630
264 1679
265 1546
266 1477
267 1374
268 1272
269 1172
270 1097
271 1057
272 980
273 923
274 914
275 865
276 763
277 738
278 712
279 632
280 572
281 542
282 542
283 512
284 482
285 384
286 419
287 339
288 347
289 312
290 278
291 269
292 232
293 262
294 201
295 198
296 151
297 163
298 141
299 122
300 124
301 87
302 96
303 108
304 86
305 96
306 69
307 69
308 64
309 68
310 47
311 40
312 44
313 35
314 35
315 40
316 28
317 28
318 31
319 29
320 27
321 26
322 21
323 16
324 17
325 18
326 21
327 24
328 22
329 17
330 26
331 26
332 20
333 20
334 14
335 15
336 5
337 9
338 7
339 10
340 6
341 5
342 0
343 2
344 0
345 1
346 0
347 1
348 0
349 0
350 0
351 0
352 0
353 0
354 0
355 1
