0 0
1 0
2 0
3 0
4 0
5 0
6 0
7 0
8 0
9 0
10 0
11 0
12 0
13 0
14 0
15 0
16 0
17 0
18 0
19 0
20 0
21 0
22 0
23 0
24 0
25 0
26 0
27 0
28 0
29 0
30 0
31 0
32 0
33 0
34 0
35 0
36 0
37 0
38 0
39 0
40 0
41 0
42 0
43 0
44 0
45 0
46 0
47 0
48 0
49 0
50 0
51 0
52 0
53 0
54 0
55 0
56 0
57 0
58 0
59 0
60 0
61 0
62 0
63 0
64 0
65 0
66 0
67 0
68 0
69 0
70 0
71 0
72 0
73 0
74 0
75 0
76 0
77 0
78 0
79 0
80 0
81 0
82 0
83 0
84 0
85 0
86 0
87 0
88 0
89 0
90 0
91 0
92 0
93 0
94 0
95 0
96 0
97 0
98 0
99 0
100 0
101 0
102 0
103 0
104 1
105 0
106 1
107 2
108 2
109 0
110 1
111 1
112 0
113 1
114 2
115 3
116 0
117 0
118 1
119 0
120 0
121 0
122 4
123 4
124 4
125 6
126 12
127 12
128 9
129 8
130 22
131 16
132 15
133 19
134 17
135 23
136 20
137 23
138 30
139 22
140 21
141 25
142 37
143 41
144 41
145 39
146 28
147 28
148 32
149 37
150 43
151 71
152 48
153 76
154 60
155 70
156 55
157 74
158 80
159 82
160 60
161 86
162 68
163 81
164 62
165 95
166 79
167 73
168 76
169 100
170 129
171 126
172 147
173 154
174 164
175 193
176 177
177 207
178 183
179 162
180 208
181 196
182 216
183 263
184 252
185 258
186 245
187 280
188 305
189 347
190 351
191 356
192 411
193 359
194 372
195 401
196 442
197 422
198 472
199 515
200 479
201 522
202 623
203 581
204 561
205 655
206 675
207 824
208 684
209 714
210 854
211 885
212 876
213 1011
214 1128
215 1071
216 1260
217 1302
218 1292
219 1569
220 1470
221 1553
222 1562
223 1647
224 1734
225 1880
226 1845
227 1892
228 1939
229 2029
230 1968
231 2100
232 2083
233 2049
234 2018
235 2122
236 2255
237 2094
238 2143
239 2194
240 2112
241 2204
242 2314
243 2209
244 2251
245 2249
246 2359
247 2366
248 2456
249 2417
250 2361
251 2443
252 2342
253 2554
254 2315
255 2511
256 2384
257 2453
258 2576
259 2513
260 2620
261 2612
262 2617
263 2723
264 2493
265 2545
266 2522
267 2452
268 2360
269 2286
270 2287
271 2042
272 2073
273 2036
274 1976
275 1979
276 2140
277 2021
278 2075
279 2001
280 2075
281 2112
282 2123
283 2140
284 2066
285 2187
286 2322
287 2037
288 2052
289 2066
290 2153
291 2093
292 1936
293 1951
294 1618
295 1540
296 1416
297 1258
298 1263
299 1118
300 1106
301 978
302 978
303 933
304 1001
305 906
306 883
307 827
308 772
309 785
310 789
311 746
312 705
313 695
314 674
315 596
316 664
317 623
318 693
319 621
320 705
321 730
322 637
323 670
324 538
325 495
326 403
327 354
328 323
329 253
330 272
331 229
332 207
333 211
334 237
335 184
336 171
337 154
338 145
339 103
340 101
341 73
342 68
343 66
344 53
345 47
346 35
347 33
348 31
349 20
350 15
351 12
352 17
353 20
354 25
355 20
356 22
357 18
358 17
359 16
360 16
361 12
362 11
363 16
364 35
365 31
366 11
367 31
368 23
369 22
370 14
371 8
372 17
373 9
374 13
375 5
376 12
377 7
378 5
379 5
380 3
381 0
382 4
383 1
384 1
385 0
386 3
387 0
388 1
