0 0
1 0
2 0
3 0
4 0
5 0
6 0
7 0
8 0
9 0
10 0
11 0
12 0
13 0
14 0
15 0
16 0
17 0
18 0
19 0
20 0
21 0
22 0
23 0
24 0
25 0
26 0
27 0
28 0
29 0
30 0
31 1
32 0
33 0
34 0
35 0
36 0
37 1
38 0
39 0
40 0
41 0
42 0
43 0
44 0
45 0
46 0
47 0
48 0
49 0
50 0
51 0
52 0
53 0
54 0
55 0
56 0
57 0
58 0
59 0
60 0
61 0
62 0
63 0
64 0
65 0
66 0
67 0
68 0
69 0
70 0
71 1
72 0
73 0
74 0
75 0
76 0
77 0
78 0
79 0
80 0
81 0
82 0
83 0
84 0
85 0
86 0
87 0
88 0
89 0
90 0
91 0
92 0
93 0
94 0
95 0
96 0
97 0
98 0
99 1
100 0
101 0
102 0
103 0
104 0
105 0
106 0
107 1
108 0
109 0
110 0
111 0
112 0
113 0
114 0
115 1
116 0
117 1
118 0
119 0
120 2
121 0
122 0
123 3
124 3
125 2
126 4
127 4
128 11
129 19
130 19
131 15
132 15
133 21
134 19
135 30
136 21
137 27
138 35
139 37
140 61
141 43
142 26
143 50
144 22
145 51
146 49
147 52
148 45
149 93
150 59
151 69
152 108
153 128
154 130
155 129
156 141
157 137
158 143
159 186
160 191
161 169
162 220
163 200
164 238
165 241
166 326
167 341
168 305
169 323
170 333
171 370
172 381
173 387
174 405
175 431
176 475
177 525
178 557
179 549
180 602
181 616
182 534
183 640
184 647
185 770
186 761
187 840
188 729
189 776
190 749
191 755
192 838
193 817
194 891
195 914
196 964
197 889
198 1065
199 985
200 1097
201 1099
202 1173
203 1259
204 1281
205 1295
206 1363
207 1426
208 1454
209 1453
210 1586
211 1579
212 1364
213 1664
214 1489
215 1511
216 1647
217 1670
218 1831
219 1699
220 1778
221 1839
222 1849
223 1934
224 2104
225 2243
226 2275
227 2389
228 2452
229 2538
230 2602
231 2660
232 2842
233 2846
234 2795
235 2739
236 2914
237 2802
238 2795
239 2697
240 2912
241 2704
242 2688
243 2689
244 2639
245 2547
246 2610
247 2613
248 2571
249 2573
250 2642
251 2558
252 2680
253 2585
254 2644
255 2530
256 2668
257 2696
258 2552
259 2388
260 2200
261 2139
262 2157
263 2180
264 2042
265 2058
266 1877
267 1962
268 1817
269 1838
270 1834
271 1801
272 1825
273 1615
274 1616
275 1604
276 1520
277 1471
278 1525
279 1385
280 1447
281 1515
282 1326
283 1310
284 1247
285 1044
286 1078
287 1155
288 914
289 1006
290 950
291 957
292 887
293 903
294 813
295 769
296 698
297 658
298 613
299 521
300 533
301 496
302 433
303 467
304 372
305 387
306 314
307 301
308 313
309 302
310 277
311 254
312 231
313 240
314 214
315 188
316 127
317 167
318 141
319 113
320 119
321 122
322 142
323 111
324 132
325 119
326 119
327 81
328 123
329 89
330 88
331 96
332 86
333 100
334 70
335 91
336 72
337 81
338 66
339 94
340 77
341 81
342 73
343 60
344 46
345 59
346 55
347 48
348 50
349 57
350 48
351 56
352 35
353 49
354 56
355 62
356 53
357 40
358 61
359 52
360 71
361 43
362 69
363 67
364 46
365 40
366 40
367 35
368 26
369 32
370 23
371 17
372 10
373 6
374 5
375 5
376 6
377 6
378 0
379 0
380 1
