0 0
1 0
2 0
3 0
4 0
5 0
6 0
7 0
8 0
9 0
10 2
11 1
12 3
13 2
14 4
15 5
16 7
17 5
18 6
19 5
20 5
21 3
22 5
23 6
24 1
25 2
26 5
27 3
28 6
29 8
30 7
31 7
32 11
33 8
34 5
35 7
36 5
37 5
38 8
39 9
40 1
41 3
42 4
43 6
44 3
45 6
46 4
47 2
48 2
49 1
50 0
51 5
52 1
53 4
54 2
55 1
56 0
57 2
58 5
59 3
60 8
61 8
62 13
63 6
64 10
65 8
66 15
67 4
68 6
69 8
70 6
71 5
72 2
73 4
74 4
75 1
76 5
77 2
78 4
79 7
80 1
81 1
82 4
83 3
84 6
85 6
86 6
87 10
88 10
89 10
90 15
91 11
92 7
93 11
94 8
95 7
96 4
97 0
98 3
99 8
100 1
101 9
102 9
103 6
104 2
105 7
106 12
107 9
108 12
109 46
110 41
111 59
112 70
113 104
114 133
115 175
116 165
117 193
118 190
119 193
120 201
121 206
122 198
123 154
124 166
125 165
126 145
127 161
128 186
129 189
130 203
131 166
132 178
133 213
134 190
135 245
136 266
137 265
138 306
139 269
140 312
141 266
142 310
143 298
144 299
145 328
146 327
147 301
148 377
149 398
150 438
151 457
152 486
153 570
154 589
155 615
156 672
157 756
158 828
159 814
160 936
161 842
162 963
163 1051
164 1107
165 1199
166 1236
167 1344
168 1410
169 1410
170 1526
171 1543
172 1582
173 1494
174 1572
175 1691
176 1746
177 1686
178 1775
179 1884
180 1802
181 1764
182 1899
183 1986
184 2092
185 2145
186 2157
187 2206
188 2098
189 2184
190 2111
191 2100
192 2038
193 2089
194 1957
195 2024
196 2035
197 2037
198 2157
199 2098
200 2165
201 2208
202 2293
203 2301
204 2424
205 2335
206 2502
207 2614
208 2536
209 2334
210 2369
211 2412
212 2256
213 2104
214 1983
215 2052
216 1941
217 1969
218 2061
219 1910
220 1890
221 1925
222 1856
223 1928
224 1966
225 1915
226 1940
227 1857
228 1918
229 1960
230 1919
231 1963
232 1950
233 1850
234 2001
235 1938
236 1826
237 1924
238 1836
239 1936
240 1941
241 2021
242 1954
243 1927
244 1782
245 1722
246 1681
247 1645
248 1702
249 1585
250 1532
251 1562
252 1462
253 1442
254 1505
255 1396
256 1179
257 1250
258 1136
259 1097
260 967
261 960
262 937
263 917
264 891
265 846
266 833
267 831
268 798
269 852
270 765
271 740
272 572
273 550
274 537
275 513
276 494
277 440
278 479
279 411
280 355
281 426
282 415
283 365
284 325
285 353
286 275
287 301
288 277
289 274
290 288
291 241
292 224
293 200
294 185
295 172
296 192
297 209
298 164
299 167
300 151
301 157
302 126
303 130
304 117
305 106
306 76
307 81
308 78
309 86
310 81
311 56
312 65
313 68
314 56
315 35
316 49
317 37
318 21
319 26
320 25
321 25
322 9
323 16
324 18
325 13
326 21
327 12
328 3
329 5
330 5
331 12
332 12
333 14
334 28
335 11
336 22
337 3
338 5
339 0
340 12
341 5
342 11
343 5
344 1
345 2
346 1
347 1
348 7
349 1
350 2
351 0
352 0
353 0
354 0
355 0
356 1
