0 0
1 0
2 0
3 0
4 0
5 0
6 0
7 0
8 0
9 0
10 0
11 0
12 0
13 0
14 0
15 0
16 0
17 0
18 0
19 0
20 0
21 0
22 0
23 0
24 0
25 0
26 0
27 0
28 0
29 0
30 0
31 0
32 0
33 0
34 0
35 0
36 0
37 0
38 0
39 0
40 0
41 0
42 0
43 0
44 0
45 0
46 0
47 1
48 0
49 0
50 0
51 0
52 0
53 0
54 0
55 1
56 0
57 0
58 0
59 0
60 0
61 0
62 0
63 1
64 0
65 0
66 0
67 0
68 0
69 0
70 0
71 0
72 0
73 0
74 0
75 0
76 0
77 1
78 1
79 0
80 0
81 0
82 0
83 0
84 0
85 0
86 0
87 0
88 3
89 0
90 0
91 0
92 0
93 2
94 0
95 0
96 0
97 0
98 0
99 0
100 2
101 0
102 4
103 1
104 7
105 3
106 1
107 1
108 0
109 0
110 0
111 0
112 6
113 0
114 2
115 2
116 1
117 7
118 6
119 5
120 10
121 1
122 5
123 5
124 8
125 11
126 14
127 2
128 14
129 15
130 7
131 30
132 15
133 21
134 31
135 38
136 39
137 48
138 51
139 49
140 55
141 52
142 57
143 89
144 75
145 81
146 82
147 94
148 118
149 76
150 104
151 92
152 122
153 117
154 130
155 109
156 122
157 132
158 120
159 135
160 137
161 138
162 158
163 173
164 162
165 188
166 175
167 203
168 224
169 221
170 282
171 271
172 306
173 390
174 360
175 398
176 413
177 366
178 416
179 449
180 464
181 473
182 442
183 486
184 477
185 434
186 430
187 511
188 496
189 503
190 478
191 489
192 477
193 495
194 463
195 524
196 586
197 573
198 598
199 663
200 647
201 727
202 770
203 816
204 894
205 921
206 1079
207 1043
208 1207
209 1220
210 1202
211 1217
212 1258
213 1253
214 1195
215 1261
216 1232
217 1238
218 1291
219 1180
220 1235
221 1140
222 1226
223 1246
224 1207
225 1218
226 1197
227 1201
228 1332
229 1400
230 1320
231 1609
232 1602
233 1593
234 1681
235 1769
236 1914
237 1897
238 1864
239 1987
240 1899
241 1862
242 1973
243 1943
244 1979
245 2140
246 2112
247 2095
248 2295
249 2347
250 2430
251 2412
252 2622
253 2550
254 2591
255 2749
256 2857
257 2976
258 2948
259 2916
260 2893
261 2864
262 2668
263 2473
264 2403
265 2457
266 2418
267 2442
268 2522
269 2481
270 2502
271 2443
272 2434
273 2461
274 2285
275 2280
276 2180
277 2110
278 2109
279 2046
280 1927
281 2011
282 1772
283 1807
284 1785
285 1716
286 1734
287 1574
288 1595
289 1475
290 1444
291 1351
292 1277
293 1236
294 1271
295 1232
296 1253
297 1236
298 1289
299 1263
300 1228
301 1197
302 1130
303 1172
304 1029
305 1104
306 1087
307 1047
308 1174
309 1100
310 1149
311 1016
312 994
313 891
314 687
315 705
316 607
317 450
318 460
319 401
320 401
321 358
322 374
323 344
324 364
325 383
326 407
327 363
328 331
329 332
330 319
331 328
332 287
333 229
334 265
335 236
336 217
337 221
338 158
339 193
340 113
341 75
342 65
343 34
344 34
345 21
346 25
347 23
348 7
349 13
350 7
351 7
352 7
353 8
354 6
355 3
356 5
357 4
358 0
359 1
360 0
361 0
362 0
363 0
364 0
365 1
366 0
367 0
368 0
369 0
370 0
371 0
372 0
373 1
374 0
375 0
376 1
377 0
378 0
379 0
380 1
381 1
382 1
