0 0
1 0
2 0
3 0
4 0
5 0
6 0
7 0
8 0
9 0
10 0
11 0
12 0
13 0
14 0
15 0
16 0
17 0
18 0
19 0
20 0
21 0
22 0
23 0
24 0
25 0
26 0
27 0
28 0
29 0
30 0
31 0
32 0
33 0
34 0
35 0
36 0
37 0
38 0
39 0
40 0
41 0
42 0
43 0
44 0
45 0
46 0
47 0
48 0
49 0
50 0
51 0
52 0
53 0
54 0
55 0
56 0
57 0
58 0
59 0
60 0
61 0
62 0
63 0
64 0
65 0
66 0
67 0
68 0
69 0
70 0
71 0
72 0
73 0
74 0
75 0
76 0
77 0
78 0
79 0
80 0
81 0
82 0
83 0
84 0
85 0
86 0
87 0
88 0
89 0
90 0
91 0
92 0
93 0
94 0
95 0
96 0
97 0
98 0
99 0
100 0
101 0
102 0
103 0
104 0
105 0
106 0
107 0
108 0
109 0
110 0
111 0
112 1
113 0
114 0
115 0
116 3
117 3
118 2
119 0
120 6
121 3
122 7
123 2
124 2
125 5
126 3
127 4
128 2
129 2
130 2
131 3
132 4
133 2
134 0
135 1
136 7
137 0
138 8
139 3
140 1
141 3
142 5
143 4
144 5
145 6
146 7
147 9
148 10
149 8
150 20
151 13
152 25
153 33
154 32
155 28
156 33
157 72
158 56
159 94
160 105
161 100
162 127
163 127
164 125
165 130
166 147
167 141
168 171
169 154
170 150
171 168
172 162
173 154
174 194
175 166
176 148
177 171
178 178
179 184
180 236
181 189
182 244
183 243
184 232
185 223
186 230
187 313
188 315
189 379
190 398
191 450
192 524
193 532
194 582
195 622
196 695
197 723
198 715
199 745
200 804
201 759
202 800
203 860
204 808
205 953
206 896
207 908
208 876
209 912
210 903
211 1077
212 1070
213 1091
214 1079
215 1180
216 1205
217 1221
218 1244
219 1268
220 1241
221 1280
222 1411
223 1392
224 1308
225 1423
226 1456
227 1578
228 1649
229 1537
230 1512
231 1745
232 1698
233 1855
234 1970
235 2124
236 2241
237 2344
238 2492
239 2490
240 2626
241 2744
242 2850
243 2917
244 2904
245 2806
246 2871
247 3030
248 3170
249 3241
250 3305
251 3266
252 3404
253 3571
254 3288
255 3287
256 3226
257 2891
258 2621
259 2627
260 2448
261 2499
262 2541
263 2466
264 2444
265 2422
266 2342
267 2205
268 2327
269 2301
270 2350
271 2241
272 2311
273 2160
274 2294
275 2343
276 2330
277 2255
278 2396
279 2261
280 2254
281 2295
282 2272
283 2232
284 2180
285 2270
286 2222
287 2044
288 2105
289 1893
290 1852
291 1762
292 1665
293 1591
294 1411
295 1298
296 1232
297 1002
298 944
299 827
300 904
301 835
302 669
303 719
304 625
305 641
306 638
307 543
308 576
309 550
310 408
311 411
312 351
313 297
314 285
315 252
316 202
317 209
318 220
319 172
320 167
321 140
322 117
323 117
324 92
325 101
326 102
327 73
328 83
329 53
330 42
331 45
332 34
333 32
334 38
335 18
336 33
337 28
338 19
339 17
340 23
341 20
342 11
343 14
344 16
345 6
346 6
347 4
348 5
349 3
350 2
351 9
352 1
353 6
354 4
355 5
356 11
357 0
358 3
359 1
360 3
361 5
362 3
363 4
364 3
365 3
366 1
367 2
368 5
369 5
370 1
371 1
372 2
373 2
374 2
375 0
376 1
377 1
378 2
379 1
