0 0
1 0
2 0
3 0
4 0
5 0
6 0
7 0
8 0
9 0
10 0
11 0
12 0
13 0
14 0
15 0
16 0
17 0
18 0
19 0
20 0
21 0
22 0
23 0
24 0
25 0
26 0
27 0
28 0
29 0
30 0
31 0
32 0
33 0
34 0
35 0
36 0
37 0
38 0
39 0
40 0
41 0
42 0
43 0
44 0
45 0
46 0
47 0
48 0
49 0
50 0
51 0
52 0
53 0
54 0
55 0
56 0
57 0
58 0
59 0
60 0
61 0
62 0
63 0
64 0
65 0
66 0
67 0
68 0
69 0
70 0
71 0
72 0
73 0
74 0
75 0
76 0
77 0
78 0
79 0
80 0
81 0
82 0
83 0
84 0
85 0
86 0
87 0
88 0
89 0
90 0
91 0
92 0
93 0
94 0
95 0
96 0
97 0
98 0
99 0
100 0
101 1
102 3
103 1
104 1
105 0
106 1
107 0
108 1
109 0
110 1
111 0
112 2
113 1
114 2
115 4
116 3
117 2
118 5
119 3
120 5
121 2
122 8
123 11
124 5
125 2
126 7
127 2
128 6
129 5
130 5
131 7
132 11
133 6
134 17
135 13
136 13
137 14
138 15
139 12
140 18
141 29
142 23
143 19
144 30
145 48
146 31
147 39
148 31
149 32
150 25
151 33
152 33
153 38
154 37
155 25
156 27
157 45
158 37
159 62
160 60
161 55
162 100
163 94
164 95
165 134
166 128
167 174
168 187
169 172
170 199
171 195
172 193
173 199
174 204
175 184
176 212
177 180
178 224
179 204
180 190
181 261
182 327
183 256
184 293
185 278
186 279
187 310
188 389
189 378
190 381
191 356
192 371
193 442
194 420
195 429
196 450
197 464
198 499
199 566
200 589
201 672
202 734
203 778
204 893
205 877
206 930
207 984
208 1010
209 1064
210 1114
211 1064
212 1159
213 1273
214 1282
215 1515
216 1514
217 1587
218 1656
219 1710
220 1707
221 1753
222 1763
223 1793
224 1869
225 1781
226 2023
227 2067
228 2129
229 2167
230 2070
231 2315
232 2269
233 2366
234 2336
235 2253
236 2261
237 2147
238 2257
239 2221
240 2327
241 2212
242 2340
243 2374
244 2309
245 2244
246 2311
247 2185
248 2162
249 2301
250 2386
251 2396
252 2683
253 2765
254 2693
255 2708
256 2775
257 2823
258 2932
259 2865
260 2699
261 2544
262 2644
263 2438
264 2390
265 2431
266 2451
267 2451
268 2319
269 2288
270 2176
271 2197
272 2076
273 1940
274 1959
275 2008
276 1803
277 1862
278 1848
279 1753
280 1765
281 1706
282 1580
283 1705
284 1531
285 1518
286 1483
287 1534
288 1483
289 1403
290 1444
291 1408
292 1463
293 1390
294 1349
295 1343
296 1429
297 1407
298 1321
299 1440
300 1330
301 1403
302 1370
303 1217
304 1148
305 1225
306 1053
307 919
308 787
309 775
310 738
311 587
312 606
313 606
314 487
315 489
316 410
317 476
318 396
319 440
320 396
321 419
322 403
323 351
324 317
325 286
326 274
327 256
328 236
329 216
330 208
331 197
332 163
333 176
334 142
335 147
336 146
337 113
338 101
339 96
340 85
341 76
342 87
343 61
344 83
345 65
346 55
347 50
348 41
349 44
350 54
351 53
352 33
353 43
354 22
355 46
356 35
357 17
358 13
359 23
360 9
361 12
362 10
363 2
364 5
365 3
366 4
367 6
368 1
369 2
370 2
371 2
372 0
373 1
374 1
375 1
376 1
377 2
378 1
379 1
380 4
381 3
382 0
383 1
384 1
385 1
386 2
387 0
388 0
389 0
390 1
