0 0
1 0
2 0
3 0
4 0
5 0
6 0
7 0
8 0
9 0
10 0
11 0
12 0
13 0
14 0
15 0
16 0
17 0
18 0
19 0
20 0
21 0
22 0
23 0
24 0
25 0
26 0
27 0
28 0
29 0
30 0
31 0
32 0
33 0
34 0
35 0
36 0
37 0
38 0
39 0
40 0
41 0
42 0
43 0
44 0
45 0
46 0
47 0
48 0
49 0
50 0
51 0
52 0
53 0
54 0
55 0
56 0
57 0
58 0
59 0
60 0
61 0
62 0
63 0
64 0
65 0
66 0
67 0
68 0
69 0
70 0
71 0
72 0
73 0
74 0
75 0
76 0
77 0
78 0
79 0
80 0
81 0
82 0
83 0
84 0
85 0
86 0
87 0
88 0
89 0
90 0
91 0
92 0
93 0
94 0
95 0
96 0
97 0
98 0
99 0
100 0
101 0
102 0
103 0
104 0
105 0
106 0
107 0
108 0
109 0
110 0
111 1
112 0
113 0
114 1
115 1
116 2
117 0
118 1
119 0
120 0
121 0
122 2
123 5
124 2
125 1
126 4
127 5
128 6
129 5
130 3
131 7
132 3
133 2
134 2
135 4
136 4
137 1
138 4
139 4
140 2
141 11
142 4
143 4
144 3
145 6
146 4
147 8
148 10
149 10
150 2
151 7
152 4
153 13
154 9
155 12
156 6
157 18
158 17
159 14
160 28
161 38
162 42
163 29
164 35
165 59
166 52
167 75
168 86
169 84
170 86
171 103
172 129
173 125
174 150
175 175
176 182
177 175
178 264
179 205
180 273
181 278
182 300
183 372
184 360
185 370
186 381
187 371
188 395
189 401
190 412
191 445
192 474
193 489
194 508
195 492
196 477
197 560
198 522
199 566
200 613
201 571
202 621
203 748
204 758
205 713
206 772
207 729
208 745
209 800
210 718
211 741
212 841
213 837
214 862
215 969
216 966
217 1064
218 1150
219 1133
220 1192
221 1276
222 1245
223 1276
224 1473
225 1361
226 1421
227 1309
228 1494
229 1450
230 1508
231 1446
232 1444
233 1603
234 1643
235 1744
236 1882
237 1907
238 1929
239 2056
240 1862
241 2108
242 2100
243 2168
244 2299
245 2249
246 2370
247 2503
248 2520
249 2443
250 2566
251 2701
252 2556
253 2681
254 2773
255 2679
256 2967
257 2751
258 3017
259 2999
260 2895
261 2839
262 2857
263 2731
264 2712
265 2779
266 2581
267 2580
268 2547
269 2667
270 2644
271 2631
272 2643
273 2655
274 2490
275 2579
276 2591
277 2608
278 2633
279 2566
280 2541
281 2638
282 2462
283 2462
284 2181
285 2107
286 2010
287 1939
288 1708
289 1618
290 1495
291 1519
292 1451
293 1460
294 1275
295 1293
296 1247
297 1133
298 1257
299 1025
300 1202
301 1084
302 1079
303 1030
304 1037
305 968
306 952
307 888
308 867
309 924
310 851
311 792
312 819
313 793
314 839
315 688
316 607
317 576
318 564
319 549
320 567
321 458
322 467
323 508
324 425
325 412
326 358
327 357
328 284
329 207
330 194
331 203
332 147
333 171
334 177
335 156
336 171
337 167
338 166
339 156
340 186
341 169
342 148
343 200
344 173
345 179
346 156
347 134
348 137
349 111
350 116
351 76
352 85
353 61
354 46
355 49
356 54
357 35
358 26
359 28
360 12
361 7
362 8
363 5
364 2
365 3
366 3
367 5
368 3
369 2
370 0
371 0
372 0
373 1
374 0
375 0
376 1
377 1
