0 0
1 0
2 0
3 0
4 0
5 0
6 0
7 0
8 0
9 0
10 0
11 0
12 0
13 0
14 0
15 0
16 0
17 0
18 0
19 0
20 0
21 0
22 0
23 0
24 0
25 0
26 0
27 0
28 0
29 0
30 0
31 0
32 0
33 0
34 0
35 0
36 0
37 0
38 0
39 0
40 0
41 0
42 0
43 0
44 0
45 0
46 0
47 0
48 0
49 0
50 0
51 0
52 0
53 0
54 0
55 0
56 0
57 0
58 0
59 0
60 0
61 0
62 0
63 0
64 0
65 0
66 0
67 0
68 0
69 0
70 0
71 0
72 0
73 0
74 0
75 0
76 0
77 0
78 0
79 0
80 0
81 0
82 0
83 0
84 0
85 0
86 0
87 0
88 0
89 0
90 0
91 0
92 0
93 0
94 0
95 0
96 0
97 0
98 0
99 0
100 0
101 0
102 0
103 4
104 2
105 2
106 2
107 4
108 3
109 3
110 9
111 4
112 6
113 11
114 16
115 14
116 19
117 25
118 28
119 22
120 23
121 25
122 17
123 20
124 34
125 11
126 24
127 29
128 15
129 31
130 32
131 25
132 26
133 51
134 42
135 46
136 58
137 53
138 69
139 50
140 46
141 43
142 74
143 63
144 56
145 69
146 66
147 93
148 52
149 80
150 94
151 93
152 91
153 99
154 118
155 106
156 112
157 132
158 129
159 137
160 150
161 161
162 201
163 217
164 230
165 259
166 325
167 314
168 348
169 276
170 315
171 257
172 255
173 288
174 263
175 306
176 293
177 322
178 398
179 402
180 429
181 507
182 565
183 667
184 654
185 681
186 765
187 752
188 879
189 888
190 878
191 809
192 905
193 926
194 975
195 957
196 929
197 928
198 900
199 881
200 957
201 984
202 957
203 1027
204 1147
205 1169
206 1223
207 1320
208 1367
209 1608
210 1563
211 1630
212 1782
213 1780
214 1964
215 2096
216 2017
217 2047
218 2202
219 2115
220 2178
221 2164
222 2191
223 2219
224 2168
225 2086
226 2231
227 2194
228 2169
229 2211
230 2186
231 2075
232 2256
233 2243
234 2297
235 2124
236 2223
237 2283
238 2185
239 2349
240 2369
241 2406
242 2550
243 2605
244 2625
245 2594
246 2527
247 2312
248 2427
249 2207
250 2116
251 2316
252 2240
253 2082
254 2093
255 2033
256 2033
257 2063
258 2037
259 2161
260 2107
261 2159
262 2001
263 1962
264 2021
265 1985
266 1761
267 1757
268 1681
269 1777
270 1838
271 1810
272 1895
273 1958
274 1782
275 1883
276 1880
277 2080
278 2007
279 1906
280 1765
281 1939
282 1749
283 1620
284 1567
285 1450
286 1438
287 1351
288 1389
289 1324
290 1201
291 1175
292 1243
293 1131
294 1131
295 1066
296 1176
297 1062
298 1084
299 1083
300 947
301 1004
302 953
303 791
304 757
305 720
306 588
307 601
308 589
309 607
310 485
311 420
312 349
313 248
314 221
315 220
316 153
317 141
318 102
319 110
320 105
321 84
322 86
323 70
324 94
325 54
326 59
327 69
328 55
329 54
330 46
331 48
332 42
333 39
334 35
335 43
336 36
337 40
338 36
339 33
340 23
341 19
342 26
343 10
344 2
345 2
346 3
347 0
348 2
