0 0
1 0
2 0
3 0
4 0
5 0
6 0
7 0
8 0
9 0
10 0
11 0
12 0
13 0
14 0
15 0
16 0
17 0
18 0
19 0
20 0
21 0
22 0
23 0
24 0
25 0
26 0
27 0
28 0
29 0
30 0
31 0
32 0
33 0
34 0
35 0
36 0
37 0
38 0
39 0
40 0
41 0
42 0
43 0
44 0
45 0
46 0
47 0
48 0
49 0
50 0
51 0
52 0
53 0
54 0
55 0
56 0
57 0
58 0
59 0
60 0
61 0
62 0
63 0
64 0
65 0
66 0
67 0
68 0
69 0
70 0
71 0
72 0
73 0
74 0
75 0
76 0
77 0
78 0
79 0
80 0
81 0
82 0
83 0
84 0
85 0
86 0
87 0
88 0
89 0
90 0
91 1
92 0
93 0
94 0
95 0
96 0
97 0
98 0
99 0
100 1
101 1
102 0
103 0
104 0
105 0
106 5
107 3
108 1
109 3
110 5
111 2
112 8
113 4
114 2
115 3
116 1
117 2
118 9
119 11
120 6
121 4
122 8
123 18
124 28
125 29
126 30
127 50
128 48
129 37
130 57
131 73
132 87
133 74
134 85
135 74
136 87
137 96
138 68
139 97
140 100
141 80
142 85
143 90
144 80
145 88
146 84
147 108
148 62
149 107
150 107
151 80
152 86
153 79
154 106
155 104
156 117
157 144
158 139
159 134
160 139
161 149
162 160
163 164
164 245
165 234
166 288
167 365
168 392
169 449
170 503
171 465
172 565
173 558
174 575
175 587
176 643
177 637
178 719
179 720
180 914
181 948
182 1018
183 1091
184 1066
185 1220
186 1255
187 1264
188 1203
189 1254
190 1353
191 1276
192 1287
193 1251
194 1382
195 1352
196 1312
197 1280
198 1276
199 1343
200 1397
201 1371
202 1477
203 1567
204 1605
205 1620
206 1621
207 1648
208 1818
209 1833
210 1905
211 1983
212 2099
213 2156
214 2352
215 2413
216 2376
217 2500
218 2429
219 2556
220 2438
221 2401
222 2478
223 2522
224 2554
225 2629
226 2517
227 2623
228 2644
229 2676
230 2833
231 2717
232 2623
233 2758
234 2477
235 2530
236 2588
237 2541
238 2545
239 2550
240 2487
241 2523
242 2523
243 2459
244 2384
245 2461
246 2492
247 2398
248 2419
249 2451
250 2369
251 2113
252 1980
253 2032
254 1905
255 1897
256 1792
257 1614
258 1702
259 1643
260 1629
261 1555
262 1522
263 1481
264 1430
265 1340
266 1393
267 1359
268 1237
269 1282
270 1213
271 1153
272 1070
273 1098
274 1042
275 1116
276 1034
277 992
278 901
279 868
280 897
281 828
282 877
283 795
284 789
285 733
286 668
287 631
288 677
289 651
290 671
291 686
292 547
293 617
294 608
295 603
296 575
297 597
298 565
299 663
300 652
301 713
302 745
303 694
304 630
305 645
306 557
307 515
308 527
309 461
310 497
311 517
312 550
313 516
314 506
315 476
316 385
317 282
318 284
319 259
320 201
321 208
322 193
323 172
324 176
325 157
326 155
327 129
328 111
329 120
330 97
331 91
332 88
333 66
334 58
335 64
336 38
337 37
338 28
339 31
340 28
341 25
342 14
343 23
344 5
345 13
346 10
347 9
348 11
349 17
350 5
351 6
352 7
353 5
354 7
355 6
356 5
357 5
358 2
359 4
360 1
361 3
362 0
363 0
364 0
365 1
