0 0
1 0
2 0
3 0
4 0
5 0
6 0
7 0
8 0
9 0
10 0
11 0
12 0
13 0
14 1
15 0
16 0
17 0
18 0
19 0
20 0
21 0
22 0
23 0
24 0
25 0
26 0
27 0
28 1
29 0
30 0
31 0
32 0
33 0
34 0
35 0
36 0
37 0
38 0
39 0
40 0
41 0
42 1
43 0
44 0
45 0
46 0
47 0
48 0
49 0
50 0
51 0
52 0
53 0
54 0
55 0
56 0
57 0
58 0
59 0
60 0
61 0
62 0
63 0
64 0
65 0
66 0
67 0
68 0
69 0
70 0
71 0
72 0
73 0
74 0
75 0
76 0
77 0
78 0
79 0
80 0
81 0
82 0
83 0
84 0
85 0
86 0
87 0
88 0
89 0
90 0
91 0
92 0
93 0
94 0
95 0
96 0
97 0
98 0
99 0
100 0
101 0
102 0
103 0
104 0
105 0
106 0
107 0
108 0
109 0
110 0
111 0
112 0
113 0
114 0
115 0
116 0
117 0
118 0
119 0
120 0
121 0
122 0
123 0
124 0
125 0
126 0
127 0
128 0
129 2
130 0
131 0
132 2
133 1
134 1
135 1
136 1
137 0
138 3
139 6
140 9
141 6
142 13
143 20
144 26
145 30
146 37
147 62
148 55
149 77
150 67
151 119
152 125
153 123
154 155
155 143
156 191
157 185
158 171
159 216
160 192
161 249
162 190
163 228
164 211
165 220
166 216
167 232
168 266
169 243
170 265
171 333
172 370
173 385
174 389
175 454
176 456
177 478
178 458
179 527
180 509
181 593
182 640
183 711
184 668
185 810
186 912
187 936
188 1038
189 1047
190 1135
191 911
192 1029
193 972
194 934
195 956
196 982
197 1091
198 1134
199 1243
200 1239
201 1244
202 1430
203 1546
204 1696
205 1779
206 1780
207 1777
208 1768
209 1978
210 1972
211 2019
212 2050
213 2058
214 2135
215 2160
216 2203
217 2203
218 2361
219 2199
220 2377
221 2287
222 2381
223 2446
224 2411
225 2487
226 2545
227 2603
228 2443
229 2428
230 2416
231 2425
232 2437
233 2487
234 2606
235 2544
236 2488
237 2659
238 2746
239 2809
240 2901
241 2839
242 2766
243 2790
244 2670
245 2728
246 2711
247 2766
248 2825
249 2753
250 2687
251 2591
252 2491
253 2565
254 2567
255 2381
256 2432
257 2338
258 2346
259 2318
260 2221
261 2205
262 2172
263 1981
264 1970
265 1836
266 1785
267 1568
268 1503
269 1568
270 1465
271 1449
272 1358
273 1329
274 1262
275 1352
276 1298
277 1269
278 1257
279 1311
280 1138
281 1192
282 1263
283 1172
284 1209
285 1173
286 1112
287 1110
288 1045
289 1009
290 947
291 844
292 784
293 649
294 654
295 597
296 577
297 463
298 485
299 415
300 413
301 339
302 319
303 281
304 268
305 235
306 243
307 243
308 230
309 190
310 171
311 176
312 132
313 137
314 123
315 102
316 69
317 78
318 73
319 86
320 67
321 69
322 74
323 64
324 64
325 49
326 34
327 42
328 44
329 26
330 13
331 35
332 13
333 12
334 19
335 22
336 32
337 9
338 13
339 14
340 12
341 8
342 21
343 8
344 6
345 6
346 9
347 1
348 5
349 4
350 1
351 1
352 1
353 3
