0 0
1 0
2 0
3 0
4 0
5 0
6 0
7 0
8 0
9 0
10 0
11 0
12 0
13 0
14 0
15 0
16 0
17 0
18 0
19 0
20 0
21 0
22 0
23 0
24 0
25 0
26 0
27 0
28 0
29 0
30 0
31 0
32 0
33 0
34 0
35 0
36 0
37 0
38 0
39 0
40 0
41 0
42 0
43 0
44 0
45 0
46 0
47 0
48 0
49 0
50 0
51 0
52 0
53 0
54 0
55 0
56 0
57 0
58 0
59 0
60 0
61 0
62 0
63 0
64 0
65 0
66 0
67 0
68 0
69 0
70 0
71 0
72 0
73 0
74 0
75 0
76 0
77 0
78 0
79 0
80 0
81 0
82 0
83 0
84 0
85 0
86 0
87 0
88 0
89 0
90 0
91 0
92 0
93 0
94 0
95 0
96 0
97 0
98 0
99 0
100 0
101 0
102 0
103 0
104 0
105 0
106 0
107 0
108 0
109 0
110 0
111 0
112 0
113 0
114 0
115 0
116 0
117 1
118 0
119 0
120 0
121 0
122 4
123 1
124 1
125 2
126 7
127 3
128 2
129 9
130 5
131 11
132 8
133 15
134 17
135 22
136 15
137 29
138 22
139 20
140 41
141 36
142 28
143 49
144 55
145 60
146 66
147 104
148 102
149 129
150 117
151 143
152 131
153 138
154 113
155 125
156 80
157 94
158 97
159 75
160 114
161 96
162 104
163 91
164 111
165 124
166 104
167 149
168 160
169 132
170 128
171 154
172 190
173 172
174 170
175 178
176 241
177 253
178 216
179 298
180 314
181 418
182 417
183 471
184 570
185 667
186 694
187 905
188 888
189 875
190 1005
191 1032
192 1063
193 1094
194 1031
195 1093
196 1128
197 1105
198 1023
199 1128
200 1169
201 1280
202 1236
203 1319
204 1435
205 1432
206 1420
207 1509
208 1611
209 1621
210 1601
211 1672
212 1732
213 1821
214 1897
215 1902
216 1858
217 1897
218 1899
219 1926
220 1942
221 1862
222 1902
223 1921
224 2063
225 2011
226 2102
227 2094
228 2135
229 2213
230 2229
231 2411
232 2366
233 2519
234 2624
235 2903
236 3136
237 3281
238 3674
239 3736
240 3946
241 3784
242 3970
243 3841
244 3795
245 3486
246 3330
247 3020
248 2931
249 2819
250 2664
251 2512
252 2353
253 2322
254 2258
255 2238
256 2015
257 2020
258 1944
259 1978
260 1849
261 1867
262 1773
263 1758
264 1793
265 1679
266 1625
267 1632
268 1528
269 1473
270 1397
271 1506
272 1408
273 1446
274 1468
275 1348
276 1354
277 1373
278 1304
279 1121
280 1213
281 1163
282 1191
283 1046
284 1024
285 1096
286 1183
287 1058
288 1089
289 1115
290 1155
291 1118
292 1164
293 1136
294 1173
295 1042
296 1044
297 994
298 860
299 836
300 776
301 669
302 645
303 610
304 576
305 531
306 447
307 428
308 395
309 361
310 324
311 294
312 280
313 241
314 213
315 190
316 176
317 162
318 147
319 117
320 116
321 86
322 72
323 64
324 41
325 39
326 19
327 32
328 25
329 16
330 12
331 17
332 6
333 5
334 1
335 6
336 4
337 1
338 3
339 2
340 0
341 2
342 3
343 0
344 1
345 1
346 3
347 0
348 1
349 4
350 1
351 1
352 1
353 1
