0 0
1 0
2 0
3 0
4 0
5 0
6 0
7 0
8 0
9 0
10 0
11 0
12 0
13 0
14 0
15 0
16 0
17 0
18 0
19 0
20 0
21 0
22 0
23 0
24 0
25 0
26 0
27 0
28 0
29 0
30 0
31 0
32 0
33 0
34 0
35 0
36 0
37 0
38 0
39 0
40 0
41 0
42 0
43 0
44 0
45 0
46 0
47 0
48 0
49 0
50 0
51 0
52 0
53 0
54 0
55 0
56 0
57 0
58 0
59 0
60 0
61 0
62 0
63 0
64 0
65 0
66 0
67 0
68 0
69 0
70 0
71 0
72 0
73 0
74 0
75 0
76 0
77 0
78 0
79 0
80 0
81 0
82 0
83 0
84 0
85 0
86 1
87 0
88 0
89 0
90 0
91 0
92 0
93 0
94 0
95 0
96 0
97 0
98 0
99 0
100 0
101 0
102 0
103 0
104 0
105 0
106 0
107 0
108 0
109 0
110 0
111 0
112 0
113 0
114 0
115 0
116 0
117 0
118 0
119 0
120 0
121 1
122 0
123 2
124 2
125 5
126 4
127 4
128 7
129 6
130 6
131 5
132 4
133 3
134 5
135 9
136 10
137 3
138 5
139 8
140 3
141 6
142 13
143 8
144 6
145 4
146 4
147 3
148 27
149 32
150 43
151 70
152 111
153 133
154 139
155 146
156 206
157 207
158 229
159 313
160 391
161 439
162 456
163 573
164 597
165 693
166 685
167 868
168 948
169 1058
170 1022
171 1204
172 1157
173 1171
174 1222
175 1254
176 1187
177 1246
178 1159
179 1352
180 1405
181 1542
182 1599
183 1583
184 1761
185 1901
186 1989
187 2187
188 2126
189 2268
190 2396
191 2205
192 2297
193 2363
194 2235
195 2213
196 2076
197 2170
198 2346
199 2221
200 2328
201 2228
202 2140
203 2223
204 2307
205 2218
206 2214
207 2146
208 2058
209 2219
210 2204
211 2183
212 2215
213 2184
214 2214
215 2314
216 2335
217 2198
218 2414
219 2294
220 2247
221 2161
222 2127
223 2346
224 2389
225 2503
226 2234
227 2445
228 2360
229 2352
230 2307
231 2228
232 2128
233 1993
234 2198
235 2037
236 2022
237 1994
238 1995
239 2103
240 2209
241 2136
242 2272
243 2170
244 2107
245 2042
246 2243
247 2151
248 2119
249 2027
250 1904
251 1893
252 1845
253 1844
254 1787
255 1659
256 1589
257 1557
258 1557
259 1399
260 1397
261 1357
262 1240
263 1134
264 1028
265 970
266 1020
267 940
268 909
269 886
270 864
271 820
272 872
273 811
274 861
275 737
276 774
277 771
278 785
279 774
280 673
281 760
282 720
283 746
284 607
285 694
286 595
287 681
288 583
289 556
290 528
291 529
292 507
293 445
294 426
295 356
296 354
297 357
298 287
299 289
300 283
301 222
302 248
303 237
304 181
305 170
306 178
307 132
308 125
309 129
310 120
311 93
312 85
313 79
314 79
315 72
316 81
317 53
318 41
319 56
320 28
321 38
322 27
323 19
324 19
325 20
326 14
327 14
328 20
329 5
330 16
331 4
332 12
333 6
334 2
335 2
336 1
337 5
338 3
339 4
340 2
341 3
342 0
343 3
344 0
345 1
346 1
347 0
348 0
349 0
350 1
351 1
