0 0
1 1
2 0
3 0
4 0
5 0
6 0
7 0
8 0
9 0
10 0
11 0
12 0
13 0
14 0
15 0
16 0
17 0
18 0
19 0
20 0
21 0
22 1
23 0
24 2
25 0
26 2
27 0
28 2
29 0
30 1
31 1
32 0
33 0
34 0
35 1
36 3
37 4
38 0
39 3
40 3
41 1
42 3
43 0
44 2
45 0
46 2
47 0
48 3
49 0
50 2
51 2
52 1
53 0
54 0
55 2
56 3
57 0
58 1
59 2
60 2
61 0
62 0
63 0
64 2
65 2
66 3
67 0
68 0
69 2
70 3
71 0
72 0
73 1
74 0
75 0
76 0
77 0
78 0
79 0
80 0
81 1
82 2
83 0
84 0
85 0
86 0
87 0
88 0
89 0
90 0
91 0
92 0
93 0
94 0
95 0
96 1
97 0
98 0
99 0
100 0
101 0
102 0
103 2
104 0
105 0
106 0
107 0
108 0
109 0
110 1
111 1
112 0
113 0
114 0
115 0
116 0
117 3
118 2
119 0
120 2
121 1
122 1
123 4
124 0
125 1
126 9
127 4
128 11
129 16
130 16
131 19
132 39
133 29
134 64
135 54
136 80
137 111
138 114
139 116
140 148
141 186
142 145
143 170
144 183
145 132
146 134
147 99
148 154
149 110
150 153
151 133
152 161
153 184
154 200
155 280
156 260
157 287
158 368
159 373
160 437
161 479
162 444
163 467
164 574
165 544
166 616
167 652
168 775
169 732
170 738
171 772
172 830
173 937
174 975
175 967
176 1062
177 1136
178 1196
179 1182
180 1237
181 1395
182 1604
183 1627
184 1768
185 1900
186 1917
187 2064
188 1981
189 2115
190 2047
191 2347
192 2155
193 2339
194 2218
195 2099
196 2210
197 2162
198 2202
199 2172
200 2238
201 2221
202 2103
203 2052
204 2038
205 2141
206 2072
207 2021
208 2092
209 2270
210 2254
211 2265
212 2240
213 2468
214 2512
215 2806
216 2790
217 2865
218 3075
219 2891
220 3005
221 2890
222 2920
223 2786
224 2681
225 2689
226 2658
227 2567
228 2408
229 2405
230 2375
231 2329
232 2260
233 2227
234 2274
235 2071
236 2041
237 1846
238 1819
239 1719
240 1730
241 1765
242 1610
243 1696
244 1625
245 1720
246 1643
247 1722
248 1612
249 1637
250 1627
251 1645
252 1728
253 1567
254 1512
255 1494
256 1514
257 1486
258 1466
259 1486
260 1366
261 1392
262 1358
263 1235
264 1247
265 1139
266 1152
267 1204
268 1027
269 1114
270 1014
271 998
272 1073
273 1037
274 1058
275 1020
276 1056
277 938
278 925
279 825
280 823
281 740
282 684
283 639
284 570
285 572
286 512
287 438
288 437
289 402
290 362
291 348
292 306
293 300
294 283
295 258
296 229
297 235
298 230
299 212
300 196
301 177
302 171
303 171
304 160
305 172
306 159
307 142
308 136
309 143
310 130
311 101
312 89
313 67
314 71
315 73
316 53
317 52
318 44
319 32
320 40
321 38
322 28
323 29
324 29
325 30
326 36
327 37
328 36
329 26
330 24
331 22
332 22
333 22
334 14
335 7
336 24
337 22
338 14
339 9
340 3
341 5
342 5
343 4
