0 0
1 0
2 0
3 0
4 0
5 0
6 0
7 0
8 0
9 0
10 0
11 0
12 0
13 0
14 0
15 0
16 0
17 0
18 0
19 0
20 0
21 0
22 0
23 0
24 0
25 0
26 0
27 0
28 0
29 0
30 0
31 0
32 0
33 0
34 0
35 0
36 0
37 0
38 0
39 0
40 0
41 0
42 0
43 0
44 0
45 0
46 0
47 0
48 0
49 0
50 0
51 0
52 0
53 0
54 0
55 0
56 0
57 0
58 0
59 0
60 0
61 0
62 0
63 0
64 0
65 0
66 0
67 0
68 0
69 0
70 0
71 0
72 0
73 0
74 0
75 0
76 0
77 0
78 0
79 0
80 0
81 0
82 0
83 0
84 0
85 0
86 0
87 0
88 0
89 0
90 0
91 0
92 0
93 0
94 0
95 0
96 0
97 0
98 0
99 0
100 0
101 0
102 0
103 0
104 0
105 0
106 0
107 1
108 0
109 0
110 0
111 1
112 0
113 0
114 0
115 0
116 0
117 0
118 0
119 0
120 0
121 0
122 0
123 0
124 0
125 0
126 0
127 0
128 1
129 1
130 1
131 2
132 9
133 5
134 12
135 4
136 14
137 9
138 12
139 10
140 9
141 15
142 14
143 18
144 14
145 13
146 12
147 15
148 19
149 14
150 26
151 26
152 17
153 23
154 19
155 20
156 22
157 25
158 37
159 40
160 35
161 44
162 47
163 43
164 42
165 50
166 45
167 73
168 50
169 65
170 53
171 59
172 72
173 73
174 77
175 59
176 79
177 115
178 83
179 92
180 123
181 109
182 142
183 118
184 138
185 122
186 130
187 155
188 176
189 177
190 173
191 162
192 191
193 192
194 231
195 219
196 185
197 251
198 278
199 311
200 290
201 323
202 350
203 357
204 412
205 447
206 463
207 497
208 603
209 683
210 648
211 719
212 762
213 793
214 862
215 939
216 1087
217 1145
218 1165
219 1303
220 1419
221 1518
222 1580
223 1637
224 1817
225 1738
226 1832
227 1811
228 1875
229 1780
230 1867
231 1813
232 1879
233 2005
234 1910
235 1911
236 2127
237 2152
238 2264
239 2377
240 2484
241 2482
242 2339
243 2509
244 2585
245 2556
246 2650
247 2776
248 2885
249 2902
250 2870
251 3076
252 3106
253 3195
254 3317
255 3583
256 3510
257 3659
258 3672
259 3509
260 3550
261 3532
262 3481
263 3559
264 3259
265 3149
266 2938
267 2787
268 2689
269 2799
270 2592
271 2575
272 2681
273 2616
274 2566
275 2552
276 2398
277 2232
278 1947
279 1902
280 1734
281 1615
282 1551
283 1480
284 1461
285 1397
286 1356
287 1264
288 1354
289 1345
290 1314
291 1268
292 1247
293 1211
294 1250
295 1227
296 1302
297 1348
298 1306
299 1216
300 1227
301 1074
302 999
303 914
304 938
305 926
306 867
307 787
308 835
309 776
310 788
311 647
312 591
313 636
314 545
315 562
316 556
317 591
318 484
319 526
320 467
321 444
322 432
323 474
324 399
325 367
326 381
327 334
328 331
329 336
330 306
331 288
332 282
333 267
334 281
335 235
336 192
337 134
338 137
339 78
340 59
341 47
342 32
343 44
344 13
345 19
346 26
347 21
348 9
349 7
350 3
351 12
352 6
353 17
354 9
355 4
356 13
357 5
358 4
359 5
360 4
361 3
362 2
363 7
364 4
365 1
366 5
367 3
368 4
369 4
370 1
