0 0
1 0
2 0
3 0
4 0
5 0
6 0
7 0
8 0
9 0
10 0
11 0
12 0
13 0
14 0
15 0
16 0
17 0
18 0
19 0
20 0
21 0
22 0
23 0
24 0
25 0
26 0
27 0
28 0
29 0
30 0
31 0
32 0
33 0
34 0
35 0
36 0
37 0
38 0
39 0
40 0
41 0
42 0
43 0
44 0
45 0
46 0
47 0
48 0
49 0
50 0
51 0
52 0
53 0
54 0
55 0
56 0
57 0
58 0
59 0
60 0
61 0
62 0
63 0
64 0
65 0
66 0
67 0
68 0
69 0
70 0
71 0
72 0
73 0
74 0
75 0
76 0
77 0
78 0
79 0
80 0
81 0
82 0
83 0
84 0
85 0
86 0
87 0
88 0
89 0
90 0
91 0
92 0
93 0
94 0
95 0
96 0
97 0
98 0
99 0
100 0
101 0
102 0
103 0
104 0
105 0
106 0
107 0
108 0
109 0
110 0
111 0
112 0
113 0
114 0
115 0
116 0
117 0
118 0
119 0
120 0
121 0
122 2
123 0
124 0
125 1
126 2
127 0
128 0
129 0
130 6
131 0
132 2
133 24
134 20
135 32
136 28
137 38
138 27
139 24
140 41
141 38
142 33
143 35
144 35
145 35
146 45
147 33
148 51
149 37
150 39
151 44
152 53
153 61
154 36
155 40
156 49
157 74
158 88
159 76
160 72
161 67
162 111
163 81
164 90
165 114
166 119
167 120
168 120
169 120
170 196
171 173
172 198
173 211
174 256
175 273
176 283
177 283
178 310
179 353
180 349
181 399
182 411
183 461
184 437
185 437
186 547
187 538
188 577
189 698
190 742
191 782
192 882
193 993
194 1147
195 1177
196 1357
197 1523
198 1490
199 1678
200 1909
201 1923
202 2034
203 2050
204 2022
205 2103
206 2145
207 2216
208 2325
209 2427
210 2476
211 2541
212 2562
213 2669
214 2668
215 2668
216 2594
217 2520
218 2474
219 2581
220 2492
221 2547
222 2415
223 2319
224 2324
225 2160
226 2169
227 2238
228 2136
229 2095
230 1966
231 2156
232 2146
233 2057
234 2090
235 2107
236 2174
237 2209
238 2143
239 2266
240 2125
241 2279
242 2160
243 2198
244 2210
245 2309
246 2227
247 2117
248 1957
249 1923
250 1970
251 1750
252 1889
253 1723
254 1803
255 1787
256 1704
257 1797
258 1746
259 1790
260 1785
261 1745
262 1774
263 1687
264 1725
265 1613
266 1589
267 1586
268 1632
269 1620
270 1612
271 1663
272 1651
273 1653
274 1666
275 1610
276 1756
277 1541
278 1668
279 1602
280 1601
281 1446
282 1345
283 1403
284 1191
285 1056
286 1075
287 934
288 855
289 857
290 769
291 766
292 746
293 687
294 687
295 654
296 691
297 617
298 632
299 596
300 618
301 642
302 647
303 674
304 665
305 661
306 615
307 613
308 715
309 689
310 606
311 533
312 525
313 516
314 444
315 456
316 419
317 372
318 357
319 331
320 382
321 342
322 287
323 292
324 268
325 241
326 231
327 272
328 243
329 237
330 229
331 221
332 219
333 193
334 237
335 205
336 162
337 160
338 194
339 187
340 183
341 148
342 126
343 139
344 88
345 106
346 87
347 60
348 99
349 63
350 62
351 72
352 42
353 49
354 72
355 55
356 50
357 37
358 45
359 20
360 11
361 17
362 9
363 12
364 14
365 2
366 1
367 0
368 0
369 1
370 1
371 0
372 1
373 1
374 0
375 1
