0 1
1 0
2 0
3 0
4 0
5 0
6 0
7 0
8 0
9 0
10 1
11 0
12 0
13 0
14 0
15 0
16 0
17 0
18 0
19 0
20 1
21 0
22 1
23 2
24 0
25 0
26 0
27 0
28 1
29 0
30 0
31 1
32 0
33 1
34 0
35 1
36 0
37 0
38 0
39 0
40 0
41 0
42 0
43 0
44 0
45 0
46 0
47 0
48 0
49 1
50 0
51 0
52 0
53 0
54 0
55 1
56 0
57 0
58 0
59 0
60 1
61 0
62 0
63 1
64 2
65 0
66 1
67 1
68 2
69 0
70 0
71 1
72 1
73 0
74 1
75 1
76 0
77 1
78 0
79 2
80 2
81 0
82 1
83 0
84 0
85 0
86 0
87 1
88 0
89 0
90 0
91 1
92 1
93 1
94 0
95 1
96 0
97 1
98 0
99 1
100 0
101 0
102 0
103 0
104 0
105 1
106 0
107 0
108 1
109 0
110 0
111 0
112 0
113 0
114 0
115 1
116 0
117 0
118 0
119 0
120 1
121 2
122 0
123 1
124 4
125 5
126 3
127 2
128 5
129 7
130 6
131 14
132 14
133 11
134 15
135 26
136 32
137 22
138 34
139 34
140 36
141 59
142 33
143 47
144 48
145 45
146 43
147 56
148 49
149 61
150 59
151 69
152 67
153 71
154 82
155 77
156 91
157 96
158 135
159 118
160 127
161 149
162 153
163 190
164 192
165 253
166 258
167 297
168 315
169 359
170 366
171 436
172 454
173 548
174 548
175 669
176 651
177 685
178 786
179 697
180 664
181 761
182 797
183 873
184 763
185 881
186 899
187 920
188 974
189 939
190 897
191 1055
192 1090
193 1151
194 1172
195 1186
196 1244
197 1448
198 1509
199 1698
200 1677
201 1849
202 1971
203 2066
204 2021
205 1948
206 1967
207 2069
208 1983
209 1967
210 1989
211 1960
212 2095
213 2104
214 2326
215 2444
216 2406
217 2501
218 2394
219 2367
220 2385
221 2399
222 2414
223 2268
224 2340
225 2324
226 2250
227 2165
228 2290
229 2220
230 2205
231 2232
232 2209
233 2213
234 2198
235 2068
236 2182
237 2115
238 2186
239 2225
240 2184
241 2196
242 2244
243 2112
244 2183
245 2158
246 2086
247 2030
248 1969
249 1861
250 1915
251 1798
252 1764
253 1792
254 1700
255 1776
256 1720
257 1745
258 1651
259 1704
260 1639
261 1734
262 1764
263 1661
264 1644
265 1632
266 1652
267 1615
268 1566
269 1601
270 1487
271 1486
272 1432
273 1433
274 1407
275 1355
276 1319
277 1401
278 1409
279 1324
280 1313
281 1194
282 1264
283 1185
284 1128
285 1135
286 1071
287 1162
288 1123
289 1077
290 1067
291 1110
292 1000
293 923
294 857
295 767
296 839
297 698
298 768
299 762
300 714
301 705
302 660
303 670
304 678
305 609
306 531
307 548
308 569
309 451
310 483
311 430
312 452
313 403
314 413
315 392
316 367
317 367
318 341
319 298
320 341
321 347
322 350
323 303
324 281
325 348
326 293
327 259
328 287
329 181
330 162
331 136
332 97
333 101
334 60
335 50
336 33
337 26
338 27
339 18
340 23
341 9
342 10
343 12
344 19
345 10
346 17
347 10
348 17
349 12
350 11
351 14
352 5
353 4
354 4
355 3
356 4
357 4
358 4
359 2
360 1
361 0
362 1
363 4
364 0
365 0
366 0
367 0
368 2
369 0
370 0
371 1
372 0
373 1
374 1
