0 0
1 0
2 0
3 0
4 0
5 0
6 0
7 0
8 0
9 0
10 0
11 0
12 0
13 0
14 0
15 0
16 0
17 0
18 0
19 0
20 0
21 0
22 0
23 0
24 0
25 0
26 0
27 0
28 0
29 0
30 0
31 0
32 0
33 0
34 3
35 2
36 6
37 5
38 9
39 5
40 14
41 10
42 11
43 13
44 9
45 9
46 10
47 9
48 15
49 19
50 23
51 14
52 4
53 11
54 14
55 13
56 18
57 23
58 18
59 15
60 12
61 10
62 17
63 14
64 14
65 8
66 5
67 13
68 6
69 17
70 18
71 12
72 12
73 16
74 10
75 10
76 4
77 17
78 13
79 10
80 22
81 11
82 5
83 17
84 8
85 11
86 12
87 12
88 7
89 12
90 11
91 8
92 14
93 9
94 11
95 8
96 13
97 20
98 24
99 10
100 22
101 22
102 15
103 17
104 20
105 27
106 20
107 25
108 13
109 16
110 20
111 11
112 18
113 17
114 22
115 15
116 25
117 21
118 14
119 38
120 32
121 32
122 38
123 33
124 41
125 52
126 74
127 50
128 71
129 74
130 56
131 104
132 109
133 106
134 114
135 132
136 108
137 139
138 132
139 117
140 131
141 171
142 198
143 180
144 246
145 311
146 297
147 335
148 393
149 444
150 490
151 610
152 703
153 777
154 825
155 901
156 874
157 963
158 1020
159 1012
160 1099
161 1194
162 1334
163 1450
164 1577
165 1693
166 1997
167 2009
168 2231
169 2041
170 2168
171 2174
172 2236
173 2167
174 2365
175 2130
176 2044
177 2133
178 1857
179 2157
180 2044
181 2177
182 2173
183 2105
184 2164
185 2224
186 2142
187 2259
188 2140
189 2133
190 2117
191 2201
192 2089
193 2195
194 2235
195 2193
196 2506
197 2570
198 2542
199 2839
200 2508
201 2637
202 2634
203 2333
204 2445
205 2229
206 2147
207 2069
208 2050
209 1879
210 1871
211 1879
212 1779
213 1864
214 1762
215 1661
216 1773
217 1551
218 1684
219 1610
220 1650
221 1580
222 1613
223 1501
224 1574
225 1494
226 1364
227 1469
228 1310
229 1325
230 1392
231 1291
232 1238
233 1324
234 1316
235 1265
236 1258
237 1431
238 1298
239 1358
240 1378
241 1402
242 1468
243 1489
244 1467
245 1527
246 1540
247 1408
248 1458
249 1468
250 1348
251 1144
252 1175
253 1072
254 1052
255 1027
256 1119
257 1137
258 1090
259 1152
260 1225
261 1191
262 1285
263 1381
264 1372
265 1283
266 1310
267 1304
268 1205
269 1152
270 1015
271 927
272 903
273 895
274 783
275 810
276 826
277 815
278 751
279 702
280 634
281 568
282 567
283 464
284 493
285 473
286 390
287 387
288 325
289 276
290 257
291 288
292 204
293 221
294 203
295 169
296 174
297 182
298 136
299 125
300 126
301 99
302 94
303 73
304 121
305 88
306 72
307 71
308 66
309 48
310 42
311 56
312 58
313 44
314 54
315 47
316 37
317 22
318 50
319 32
320 24
321 39
322 27
323 40
324 29
325 31
326 26
327 25
328 17
329 10
330 20
331 17
332 10
333 2
334 13
335 10
336 3
337 2
338 8
339 2
340 1
341 4
342 2
343 0
344 3
345 0
346 0
347 0
348 1
349 1
350 0
351 1
352 0
353 0
354 0
355 0
356 0
357 0
358 0
359 0
360 0
361 2
362 0
363 0
364 1
365 1
366 0
367 0
368 0
369 1
