0 0
1 0
2 0
3 0
4 0
5 0
6 0
7 0
8 0
9 0
10 0
11 0
12 0
13 0
14 0
15 0
16 0
17 0
18 0
19 0
20 0
21 0
22 0
23 0
24 0
25 0
26 0
27 0
28 0
29 0
30 0
31 0
32 0
33 0
34 0
35 0
36 0
37 0
38 0
39 0
40 0
41 0
42 0
43 0
44 0
45 0
46 0
47 0
48 0
49 0
50 0
51 0
52 0
53 0
54 0
55 0
56 0
57 0
58 0
59 0
60 0
61 0
62 0
63 0
64 0
65 0
66 0
67 0
68 0
69 0
70 0
71 0
72 0
73 0
74 0
75 0
76 0
77 0
78 0
79 0
80 0
81 0
82 0
83 0
84 0
85 0
86 0
87 0
88 0
89 0
90 0
91 0
92 0
93 0
94 0
95 0
96 0
97 0
98 0
99 0
100 0
101 0
102 0
103 0
104 0
105 0
106 0
107 0
108 0
109 0
110 5
111 2
112 3
113 0
114 2
115 3
116 2
117 2
118 6
119 7
120 31
121 25
122 7
123 19
124 33
125 32
126 47
127 60
128 72
129 119
130 137
131 167
132 211
133 178
134 189
135 176
136 171
137 149
138 150
139 123
140 85
141 87
142 85
143 96
144 99
145 114
146 97
147 133
148 137
149 144
150 130
151 174
152 170
153 185
154 184
155 180
156 176
157 183
158 194
159 175
160 176
161 209
162 222
163 193
164 208
165 233
166 200
167 198
168 172
169 231
170 212
171 220
172 245
173 208
174 189
175 254
176 241
177 280
178 314
179 299
180 320
181 393
182 444
183 503
184 483
185 589
186 662
187 775
188 837
189 919
190 993
191 1055
192 1122
193 1167
194 1284
195 1315
196 1372
197 1483
198 1544
199 1563
200 1694
201 1501
202 1605
203 1768
204 1773
205 1712
206 1739
207 1768
208 1673
209 1655
210 1708
211 1846
212 1879
213 1866
214 1821
215 2131
216 2302
217 2246
218 2443
219 2402
220 2486
221 2392
222 2314
223 2339
224 2329
225 2316
226 2292
227 2277
228 2361
229 2212
230 2356
231 2402
232 2370
233 2507
234 2485
235 2445
236 2467
237 2466
238 2444
239 2388
240 2300
241 2440
242 2271
243 2377
244 2367
245 2278
246 2299
247 2293
248 2254
249 2264
250 2215
251 2252
252 2148
253 2128
254 2090
255 1949
256 2095
257 1942
258 2016
259 2019
260 2034
261 1945
262 2009
263 1886
264 1936
265 1992
266 1962
267 1976
268 1865
269 1880
270 1762
271 1823
272 1814
273 1693
274 1669
275 1569
276 1461
277 1424
278 1469
279 1384
280 1272
281 1313
282 1223
283 1140
284 1099
285 986
286 918
287 920
288 806
289 762
290 727
291 583
292 695
293 591
294 589
295 521
296 547
297 541
298 497
299 529
300 545
301 594
302 590
303 661
304 664
305 651
306 640
307 756
308 622
309 513
310 504
311 498
312 453
313 409
314 471
315 456
316 328
317 297
318 264
319 300
320 245
321 219
322 195
323 173
324 205
325 106
326 92
327 79
328 81
329 52
330 59
331 39
332 43
333 26
334 29
335 13
336 15
337 21
338 17
339 9
340 15
341 10
342 8
343 4
344 8
345 6
346 1
347 0
348 2
349 1
350 1
351 0
352 4
353 3
354 1
355 0
356 0
357 0
358 0
359 0
360 0
361 0
362 0
363 2
364 0
365 0
366 2
367 0
368 0
369 1
