0 0
1 0
2 0
3 0
4 0
5 0
6 0
7 0
8 0
9 0
10 0
11 0
12 0
13 0
14 0
15 0
16 0
17 0
18 0
19 0
20 0
21 0
22 0
23 0
24 0
25 0
26 0
27 0
28 0
29 0
30 0
31 0
32 0
33 0
34 0
35 0
36 0
37 0
38 0
39 0
40 0
41 0
42 0
43 0
44 0
45 0
46 0
47 0
48 0
49 0
50 0
51 0
52 0
53 0
54 0
55 0
56 0
57 0
58 0
59 0
60 0
61 0
62 0
63 0
64 0
65 0
66 0
67 0
68 0
69 0
70 0
71 0
72 0
73 0
74 0
75 0
76 0
77 0
78 0
79 0
80 0
81 0
82 0
83 0
84 0
85 0
86 0
87 0
88 0
89 0
90 0
91 0
92 0
93 0
94 0
95 0
96 0
97 0
98 0
99 0
100 0
101 0
102 0
103 0
104 0
105 0
106 0
107 0
108 0
109 0
110 0
111 0
112 0
113 0
114 0
115 0
116 0
117 0
118 0
119 0
120 0
121 0
122 1
123 0
124 0
125 0
126 1
127 0
128 0
129 0
130 0
131 0
132 0
133 1
134 0
135 0
136 0
137 0
138 3
139 2
140 4
141 9
142 7
143 11
144 14
145 23
146 20
147 12
148 29
149 30
150 43
151 38
152 73
153 77
154 66
155 71
156 84
157 92
158 101
159 89
160 126
161 122
162 170
163 176
164 234
165 271
166 304
167 309
168 358
169 401
170 434
171 447
172 423
173 495
174 532
175 506
176 521
177 681
178 639
179 721
180 785
181 753
182 857
183 937
184 947
185 1167
186 1298
187 1446
188 1402
189 1292
190 1266
191 1437
192 1348
193 1305
194 1299
195 1313
196 1336
197 1475
198 1554
199 1641
200 1722
201 1834
202 1842
203 1968
204 2109
205 2227
206 2370
207 2462
208 2687
209 2866
210 2801
211 3071
212 3066
213 2912
214 3084
215 2960
216 2852
217 2620
218 2493
219 2638
220 2527
221 2535
222 2591
223 2436
224 2489
225 2484
226 2499
227 2594
228 2625
229 2542
230 2559
231 2538
232 2365
233 2585
234 2445
235 2340
236 2357
237 2220
238 2201
239 2144
240 2100
241 1970
242 2033
243 1910
244 1895
245 1775
246 1906
247 1656
248 1777
249 1818
250 1752
251 1807
252 1796
253 1775
254 1864
255 1825
256 1676
257 1666
258 1582
259 1627
260 1572
261 1582
262 1456
263 1506
264 1419
265 1339
266 1371
267 1229
268 1299
269 1331
270 1237
271 1241
272 1197
273 1180
274 1144
275 1119
276 1068
277 1094
278 1041
279 1073
280 1049
281 1008
282 1030
283 1023
284 1083
285 989
286 1008
287 990
288 850
289 782
290 764
291 661
292 598
293 564
294 533
295 492
296 509
297 524
298 425
299 469
300 449
301 457
302 351
303 370
304 387
305 396
306 346
307 306
308 329
309 348
310 349
311 356
312 308
313 350
314 339
315 367
316 312
317 298
318 270
319 275
320 285
321 253
322 253
323 202
324 207
325 190
326 231
327 166
328 147
329 157
330 167
331 131
332 128
333 115
334 108
335 117
336 82
337 75
338 80
339 60
340 70
341 37
342 46
343 47
344 57
345 46
346 24
347 32
348 31
349 25
350 34
351 22
352 29
353 27
354 21
355 25
356 14
357 24
358 21
359 10
360 11
361 18
362 15
363 11
364 14
365 10
366 14
367 13
368 6
369 11
370 16
371 9
372 6
373 5
374 5
375 3
376 2
377 2
378 1
379 0
380 0
381 3
