0 0
1 0
2 0
3 0
4 0
5 0
6 0
7 0
8 0
9 0
10 0
11 0
12 0
13 0
14 0
15 0
16 0
17 0
18 0
19 0
20 0
21 0
22 0
23 0
24 0
25 0
26 0
27 0
28 0
29 0
30 0
31 0
32 0
33 0
34 0
35 0
36 0
37 0
38 0
39 0
40 0
41 0
42 0
43 0
44 0
45 0
46 0
47 0
48 0
49 0
50 0
51 0
52 0
53 0
54 0
55 0
56 0
57 0
58 0
59 0
60 0
61 0
62 0
63 0
64 0
65 0
66 0
67 0
68 0
69 0
70 0
71 0
72 0
73 1
74 0
75 0
76 0
77 0
78 1
79 2
80 1
81 0
82 0
83 0
84 0
85 0
86 0
87 0
88 1
89 1
90 1
91 1
92 0
93 0
94 0
95 0
96 2
97 0
98 0
99 0
100 0
101 0
102 0
103 0
104 0
105 0
106 2
107 0
108 0
109 0
110 1
111 0
112 0
113 2
114 0
115 0
116 0
117 3
118 0
119 0
120 0
121 0
122 1
123 0
124 1
125 4
126 3
127 1
128 0
129 6
130 4
131 5
132 4
133 7
134 11
135 10
136 10
137 12
138 15
139 13
140 16
141 15
142 13
143 15
144 12
145 12
146 14
147 29
148 14
149 25
150 14
151 26
152 19
153 15
154 14
155 24
156 31
157 25
158 32
159 22
160 30
161 28
162 26
163 45
164 44
165 36
166 60
167 61
168 64
169 68
170 88
171 86
172 94
173 114
174 150
175 168
176 203
177 224
178 234
179 214
180 214
181 213
182 241
183 238
184 234
185 221
186 203
187 224
188 207
189 208
190 222
191 276
192 302
193 314
194 399
195 401
196 418
197 400
198 443
199 476
200 420
201 473
202 448
203 384
204 415
205 456
206 447
207 432
208 477
209 563
210 471
211 589
212 576
213 613
214 709
215 622
216 697
217 689
218 689
219 769
220 819
221 824
222 825
223 898
224 1000
225 998
226 1055
227 1201
228 1167
229 1167
230 1290
231 1251
232 1333
233 1373
234 1471
235 1457
236 1400
237 1416
238 1369
239 1436
240 1410
241 1460
242 1558
243 1488
244 1442
245 1409
246 1414
247 1432
248 1307
249 1363
250 1374
251 1403
252 1386
253 1304
254 1410
255 1472
256 1593
257 1443
258 1491
259 1478
260 1461
261 1499
262 1579
263 1635
264 1565
265 1604
266 1622
267 1756
268 1656
269 1643
270 1680
271 1595
272 1726
273 1803
274 1885
275 1847
276 1962
277 1887
278 1975
279 2085
280 2074
281 2285
282 2081
283 2289
284 2254
285 2285
286 2279
287 2301
288 2134
289 2172
290 2235
291 2213
292 2258
293 2226
294 2297
295 2349
296 2284
297 2372
298 2294
299 2157
300 2168
301 2064
302 2177
303 2132
304 2082
305 1999
306 2135
307 2175
308 2073
309 1956
310 2007
311 1858
312 1699
313 1699
314 1636
315 1553
316 1497
317 1475
318 1297
319 1424
320 1384
321 1411
322 1223
323 1257
324 1198
325 1147
326 1092
327 1094
328 933
329 914
330 848
331 835
332 839
333 760
334 760
335 780
336 696
337 695
338 650
339 706
340 625
341 621
342 588
343 534
344 499
345 504
346 545
347 498
348 491
349 458
350 467
351 436
352 381
353 393
354 355
355 341
356 299
357 328
358 295
359 274
360 249
361 223
362 220
363 216
364 248
365 202
366 232
367 206
368 239
369 176
370 230
371 165
372 140
373 108
374 127
375 123
376 148
377 115
378 116
379 106
380 92
381 84
382 136
383 64
384 64
385 75
386 81
387 61
388 56
389 48
390 51
391 48
392 46
393 16
394 30
395 33
396 25
397 22
398 36
399 24
400 38
401 24
402 21
403 22
404 12
405 7
406 10
407 2
408 12
409 6
410 6
411 5
412 6
413 11
414 3
415 7
416 3
417 5
418 5
419 4
420 5
421 2
422 12
423 3
424 7
425 4
426 3
427 5
428 3
429 3
430 4
431 4
432 0
433 1
434 2
435 1
436 3
437 7
438 2
439 3
440 4
441 2
442 5
443 1
444 5
445 2
446 4
447 5
448 3
449 1
450 0
451 0
452 3
