0 0
1 0
2 0
3 0
4 0
5 0
6 0
7 0
8 0
9 0
10 0
11 0
12 0
13 0
14 0
15 0
16 0
17 0
18 0
19 0
20 0
21 0
22 0
23 0
24 0
25 0
26 0
27 0
28 0
29 0
30 0
31 0
32 0
33 0
34 0
35 0
36 0
37 0
38 0
39 0
40 0
41 0
42 0
43 0
44 0
45 0
46 0
47 0
48 0
49 0
50 0
51 0
52 0
53 0
54 0
55 0
56 0
57 0
58 0
59 0
60 0
61 0
62 0
63 0
64 0
65 0
66 0
67 0
68 0
69 0
70 0
71 0
72 0
73 0
74 0
75 0
76 0
77 0
78 0
79 0
80 0
81 0
82 0
83 0
84 0
85 0
86 0
87 0
88 0
89 0
90 0
91 0
92 0
93 0
94 0
95 0
96 0
97 0
98 0
99 0
100 0
101 0
102 0
103 0
104 0
105 1
106 0
107 0
108 1
109 0
110 0
111 0
112 0
113 0
114 0
115 1
116 1
117 1
118 2
119 1
120 0
121 2
122 0
123 1
124 2
125 1
126 4
127 0
128 3
129 1
130 2
131 3
132 4
133 6
134 9
135 1
136 0
137 5
138 6
139 7
140 7
141 5
142 9
143 13
144 23
145 17
146 17
147 26
148 37
149 30
150 34
151 56
152 70
153 67
154 59
155 114
156 112
157 126
158 94
159 126
160 117
161 140
162 126
163 167
164 153
165 175
166 174
167 209
168 259
169 249
170 262
171 296
172 306
173 291
174 286
175 286
176 337
177 393
178 405
179 392
180 435
181 499
182 525
183 597
184 573
185 706
186 720
187 841
188 823
189 902
190 1052
191 1131
192 1241
193 1319
194 1571
195 1618
196 1729
197 1736
198 1758
199 1791
200 1807
201 1890
202 2068
203 1983
204 2167
205 2295
206 2458
207 2527
208 2707
209 2879
210 3135
211 3130
212 3179
213 3256
214 3285
215 3254
216 3219
217 3132
218 3129
219 2964
220 3041
221 3050
222 2943
223 3034
224 3045
225 3056
226 2914
227 2998
228 2893
229 2935
230 2859
231 2749
232 2884
233 2786
234 2711
235 2676
236 2718
237 2644
238 2701
239 2556
240 2545
241 2687
242 2632
243 2445
244 2364
245 2209
246 2163
247 2037
248 1999
249 2077
250 1895
251 2029
252 1998
253 2149
254 1965
255 2014
256 1867
257 1814
258 1738
259 1611
260 1576
261 1471
262 1387
263 1304
264 1269
265 1241
266 1104
267 1120
268 1131
269 996
270 1026
271 988
272 923
273 930
274 829
275 929
276 802
277 793
278 792
279 734
280 768
281 740
282 767
283 710
284 731
285 641
286 664
287 590
288 706
289 655
290 660
291 621
292 571
293 640
294 537
295 533
296 522
297 463
298 460
299 497
300 417
301 424
302 397
303 364
304 415
305 314
306 403
307 299
308 324
309 290
310 265
311 217
312 197
313 186
314 121
315 142
316 108
317 87
318 99
319 82
320 62
321 71
322 52
323 45
324 30
325 33
326 36
327 28
328 34
329 25
330 22
331 23
332 22
333 17
334 14
335 7
336 5
337 13
338 9
339 6
340 12
341 4
342 4
343 3
344 7
345 5
346 1
347 0
348 2
349 4
350 1
