0 1
1 0
2 0
3 0
4 0
5 0
6 0
7 0
8 0
9 0
10 0
11 0
12 1
13 0
14 0
15 0
16 0
17 0
18 0
19 0
20 0
21 0
22 0
23 0
24 0
25 0
26 0
27 0
28 0
29 0
30 0
31 1
32 0
33 0
34 2
35 1
36 0
37 0
38 0
39 1
40 0
41 0
42 1
43 0
44 0
45 0
46 0
47 0
48 0
49 0
50 0
51 0
52 0
53 0
54 0
55 0
56 0
57 0
58 2
59 2
60 0
61 0
62 0
63 0
64 0
65 0
66 0
67 1
68 1
69 0
70 0
71 0
72 2
73 0
74 0
75 1
76 0
77 2
78 2
79 0
80 0
81 0
82 0
83 0
84 0
85 0
86 0
87 0
88 0
89 0
90 0
91 0
92 0
93 1
94 0
95 0
96 2
97 1
98 0
99 2
100 2
101 1
102 1
103 0
104 2
105 4
106 1
107 1
108 1
109 1
110 2
111 2
112 6
113 3
114 2
115 5
116 3
117 1
118 4
119 7
120 3
121 5
122 13
123 28
124 26
125 45
126 32
127 32
128 49
129 41
130 48
131 48
132 68
133 46
134 72
135 81
136 72
137 80
138 96
139 101
140 120
141 135
142 183
143 152
144 212
145 246
146 236
147 255
148 294
149 315
150 389
151 426
152 474
153 545
154 662
155 744
156 691
157 788
158 660
159 621
160 598
161 710
162 658
163 806
164 805
165 829
166 875
167 1017
168 1003
169 1069
170 1243
171 1260
172 1392
173 1393
174 1435
175 1508
176 1615
177 1550
178 1584
179 1536
180 1534
181 1702
182 1629
183 1656
184 1560
185 1681
186 1707
187 1591
188 1681
189 1735
190 1606
191 1553
192 1570
193 1708
194 1674
195 1618
196 1550
197 1697
198 1646
199 1709
200 1684
201 1769
202 1900
203 1804
204 1851
205 1938
206 1911
207 1754
208 1909
209 1984
210 2021
211 1949
212 2001
213 2099
214 2061
215 2116
216 2125
217 2206
218 2093
219 2012
220 2051
221 2077
222 1898
223 1980
224 2020
225 1953
226 1934
227 2063
228 1883
229 1901
230 1960
231 1865
232 1983
233 1916
234 1948
235 1961
236 2053
237 1910
238 1973
239 1898
240 1897
241 2055
242 2076
243 2200
244 2116
245 2192
246 2398
247 2264
248 2158
249 2318
250 2181
251 2114
252 2029
253 1882
254 1888
255 1743
256 1762
257 1655
258 1737
259 1704
260 1533
261 1484
262 1442
263 1522
264 1453
265 1405
266 1441
267 1370
268 1421
269 1310
270 1260
271 1369
272 1293
273 1164
274 1195
275 1079
276 1076
277 1127
278 995
279 998
280 962
281 876
282 852
283 779
284 774
285 629
286 536
287 556
288 539
289 457
290 393
291 408
292 351
293 317
294 285
295 219
296 217
297 174
298 173
299 175
300 174
301 157
302 135
303 120
304 134
305 118
306 98
307 99
308 85
309 79
310 74
311 84
312 73
313 51
314 48
315 45
316 46
317 24
318 34
319 19
320 20
321 20
322 24
323 9
324 12
325 13
326 19
327 19
328 14
329 10
330 16
331 11
332 12
333 3
334 9
335 5
336 1
337 1
338 6
339 7
340 5
341 7
342 4
343 4
344 3
345 3
346 1
347 2
348 3
349 0
350 0
351 1
352 0
353 1
354 1
355 0
356 0
357 1
358 1
359 0
360 0
361 0
362 0
363 1
