0 0
1 0
2 0
3 0
4 0
5 0
6 0
7 0
8 0
9 0
10 0
11 0
12 1
13 0
14 0
15 0
16 0
17 0
18 0
19 0
20 0
21 0
22 0
23 0
24 0
25 1
26 0
27 0
28 0
29 0
30 0
31 2
32 1
33 0
34 1
35 0
36 1
37 0
38 0
39 0
40 0
41 0
42 1
43 0
44 0
45 0
46 0
47 0
48 0
49 1
50 1
51 0
52 0
53 0
54 0
55 0
56 0
57 0
58 0
59 0
60 1
61 0
62 0
63 0
64 0
65 0
66 0
67 0
68 0
69 0
70 0
71 0
72 0
73 1
74 0
75 0
76 0
77 0
78 0
79 0
80 1
81 0
82 0
83 0
84 0
85 0
86 0
87 0
88 0
89 0
90 0
91 0
92 0
93 0
94 1
95 0
96 1
97 0
98 0
99 0
100 0
101 0
102 0
103 2
104 1
105 0
106 2
107 0
108 2
109 3
110 0
111 0
112 0
113 2
114 0
115 7
116 0
117 1
118 3
119 7
120 6
121 10
122 11
123 22
124 25
125 39
126 38
127 40
128 61
129 50
130 67
131 58
132 39
133 44
134 41
135 35
136 40
137 33
138 52
139 46
140 60
141 54
142 75
143 60
144 87
145 73
146 106
147 109
148 87
149 104
150 81
151 88
152 77
153 59
154 90
155 70
156 72
157 57
158 62
159 99
160 99
161 98
162 93
163 92
164 88
165 107
166 102
167 103
168 121
169 148
170 169
171 190
172 277
173 308
174 315
175 372
176 406
177 461
178 438
179 518
180 545
181 697
182 736
183 723
184 693
185 667
186 726
187 690
188 683
189 645
190 596
191 637
192 618
193 600
194 585
195 582
196 587
197 576
198 597
199 581
200 609
201 712
202 677
203 781
204 733
205 709
206 747
207 743
208 688
209 738
210 827
211 828
212 820
213 819
214 836
215 881
216 922
217 974
218 1148
219 1084
220 1175
221 1197
222 1157
223 1256
224 1343
225 1440
226 1545
227 1633
228 1805
229 1973
230 2017
231 2094
232 2327
233 2397
234 2443
235 2399
236 2371
237 2253
238 2370
239 2304
240 2268
241 2349
242 2340
243 2346
244 2429
245 2462
246 2425
247 2296
248 2502
249 2486
250 2369
251 2344
252 2280
253 2415
254 2263
255 2252
256 2275
257 2448
258 2400
259 2392
260 2642
261 2554
262 2657
263 2662
264 2603
265 2533
266 2602
267 2546
268 2582
269 2681
270 2529
271 2716
272 2427
273 2595
274 2700
275 2482
276 2464
277 2424
278 2536
279 2402
280 2432
281 2371
282 2394
283 2279
284 2251
285 2260
286 2079
287 1886
288 1794
289 1725
290 1490
291 1269
292 1236
293 1131
294 1001
295 912
296 855
297 828
298 803
299 837
300 792
301 869
302 841
303 717
304 707
305 750
306 671
307 685
308 622
309 654
310 614
311 644
312 564
313 558
314 597
315 504
316 532
317 440
318 535
319 407
320 431
321 335
322 296
323 298
324 209
325 201
326 170
327 222
328 167
329 161
330 166
331 156
332 120
333 114
334 120
335 157
336 110
337 106
338 86
339 87
340 81
341 87
342 135
343 66
344 64
345 64
346 51
347 24
348 27
349 23
350 38
351 31
352 25
353 31
354 21
355 18
356 5
357 21
358 15
359 13
360 13
361 11
362 12
363 4
364 5
365 6
366 4
367 7
368 1
369 1
