0 0
1 0
2 0
3 0
4 0
5 0
6 0
7 0
8 0
9 0
10 0
11 0
12 0
13 0
14 0
15 0
16 0
17 0
18 0
19 0
20 0
21 0
22 0
23 0
24 0
25 0
26 0
27 0
28 0
29 0
30 0
31 0
32 0
33 0
34 0
35 0
36 0
37 0
38 0
39 0
40 0
41 0
42 0
43 0
44 0
45 0
46 0
47 0
48 0
49 0
50 0
51 0
52 0
53 0
54 0
55 0
56 0
57 0
58 0
59 0
60 0
61 0
62 0
63 0
64 0
65 0
66 0
67 0
68 0
69 0
70 0
71 0
72 0
73 0
74 0
75 0
76 0
77 0
78 0
79 0
80 0
81 0
82 0
83 0
84 0
85 0
86 0
87 0
88 0
89 0
90 0
91 0
92 0
93 0
94 0
95 0
96 0
97 0
98 0
99 1
100 2
101 1
102 2
103 4
104 12
105 15
106 8
107 20
108 9
109 14
110 31
111 20
112 16
113 18
114 19
115 19
116 21
117 20
118 15
119 24
120 21
121 17
122 21
123 20
124 30
125 22
126 25
127 39
128 47
129 48
130 52
131 93
132 97
133 128
134 155
135 147
136 137
137 145
138 181
139 215
140 226
141 249
142 228
143 310
144 358
145 370
146 369
147 373
148 393
149 410
150 449
151 456
152 472
153 553
154 597
155 651
156 730
157 817
158 781
159 757
160 910
161 737
162 839
163 775
164 748
165 806
166 849
167 811
168 885
169 889
170 976
171 1028
172 1192
173 1231
174 1321
175 1416
176 1502
177 1642
178 1779
179 1743
180 1796
181 1740
182 1833
183 1913
184 1727
185 1591
186 1701
187 1634
188 1584
189 1714
190 1722
191 1704
192 1857
193 1897
194 1853
195 1817
196 1902
197 1946
198 2026
199 2099
200 2155
201 2257
202 2355
203 2378
204 2341
205 2447
206 2405
207 2383
208 2318
209 2426
210 2383
211 2424
212 2446
213 2290
214 2320
215 2250
216 2213
217 2139
218 2169
219 2220
220 2087
221 2187
222 2154
223 2018
224 2019
225 2041
226 1975
227 2091
228 1919
229 2004
230 2091
231 2115
232 2074
233 2131
234 2313
235 2263
236 2241
237 2278
238 2226
239 2144
240 2024
241 1997
242 1951
243 1706
244 1540
245 1460
246 1470
247 1347
248 1326
249 1218
250 1210
251 1206
252 1206
253 1138
254 1231
255 1142
256 1118
257 1143
258 1051
259 1099
260 1093
261 1043
262 1064
263 1050
264 1042
265 1056
266 1077
267 1086
268 1276
269 1190
270 1247
271 1286
272 1221
273 1396
274 1345
275 1396
276 1338
277 1236
278 1125
279 967
280 916
281 785
282 606
283 505
284 482
285 508
286 435
287 393
288 374
289 379
290 388
291 397
292 379
293 352
294 386
295 340
296 320
297 375
298 253
299 237
300 200
301 226
302 137
303 159
304 145
305 141
306 126
307 92
308 92
309 113
310 97
311 62
312 66
313 57
314 81
315 67
316 63
317 50
318 57
319 55
320 51
321 42
322 31
323 43
324 27
325 23
326 36
327 40
328 23
329 32
330 24
331 31
332 9
333 22
334 25
335 25
336 9
337 19
338 20
339 18
340 13
341 11
342 6
343 11
344 6
345 10
346 6
347 7
348 7
349 3
350 4
351 2
352 3
353 3
354 0
355 0
356 0
357 0
358 1
359 0
360 0
361 0
362 2
363 0
364 0
365 0
366 1
367 1
