0 0
1 0
2 0
3 0
4 0
5 0
6 0
7 1
8 0
9 0
10 0
11 0
12 0
13 0
14 0
15 0
16 0
17 0
18 0
19 0
20 0
21 1
22 0
23 0
24 1
25 0
26 0
27 0
28 0
29 0
30 0
31 0
32 0
33 0
34 0
35 0
36 1
37 0
38 0
39 0
40 1
41 2
42 0
43 0
44 0
45 0
46 0
47 0
48 0
49 2
50 0
51 1
52 1
53 0
54 0
55 0
56 0
57 0
58 0
59 0
60 0
61 0
62 0
63 0
64 0
65 0
66 0
67 0
68 0
69 0
70 0
71 0
72 0
73 0
74 0
75 0
76 0
77 0
78 0
79 0
80 0
81 0
82 0
83 0
84 0
85 0
86 0
87 0
88 0
89 0
90 0
91 0
92 0
93 1
94 0
95 0
96 1
97 0
98 0
99 2
100 0
101 0
102 2
103 0
104 5
105 1
106 3
107 6
108 1
109 5
110 4
111 0
112 1
113 3
114 5
115 5
116 4
117 12
118 6
119 2
120 12
121 11
122 6
123 13
124 14
125 18
126 13
127 14
128 12
129 11
130 14
131 12
132 11
133 16
134 21
135 21
136 17
137 12
138 22
139 20
140 26
141 18
142 28
143 19
144 27
145 26
146 22
147 35
148 47
149 60
150 66
151 81
152 79
153 88
154 88
155 94
156 114
157 82
158 77
159 106
160 122
161 93
162 103
163 118
164 112
165 104
166 134
167 131
168 128
169 142
170 143
171 178
172 171
173 201
174 215
175 248
176 283
177 320
178 338
179 348
180 432
181 421
182 413
183 472
184 522
185 555
186 640
187 699
188 736
189 835
190 826
191 908
192 967
193 1008
194 1075
195 1066
196 1112
197 1053
198 1001
199 936
200 832
201 843
202 939
203 982
204 945
205 973
206 1104
207 1134
208 1114
209 1106
210 1103
211 1104
212 1214
213 1262
214 1307
215 1299
216 1373
217 1416
218 1432
219 1627
220 1679
221 1629
222 1881
223 1785
224 2039
225 2133
226 2262
227 2550
228 2451
229 2443
230 2322
231 2291
232 2262
233 2194
234 2195
235 2288
236 2341
237 2196
238 2105
239 2258
240 2226
241 2221
242 2192
243 2164
244 2116
245 2175
246 2155
247 2117
248 2163
249 2257
250 2361
251 2111
252 2197
253 2154
254 2075
255 2377
256 2397
257 2445
258 2485
259 2307
260 2220
261 2307
262 2254
263 2296
264 2173
265 2179
266 2299
267 2166
268 2393
269 2404
270 2249
271 2152
272 2205
273 2121
274 2130
275 2294
276 2088
277 2118
278 2040
279 1883
280 1858
281 1856
282 1670
283 1572
284 1600
285 1591
286 1778
287 1749
288 1670
289 1698
290 1736
291 1587
292 1459
293 1236
294 1266
295 1076
296 1001
297 1050
298 927
299 837
300 829
301 731
302 674
303 673
304 697
305 586
306 638
307 620
308 594
309 637
310 586
311 638
312 549
313 552
314 570
315 519
316 447
317 451
318 392
319 337
320 352
321 317
322 263
323 250
324 231
325 210
326 157
327 131
328 104
329 122
330 116
331 122
332 96
333 133
334 103
335 114
336 133
337 129
338 171
339 148
340 154
341 116
342 126
343 126
344 85
345 115
346 42
347 61
348 44
349 22
350 30
351 26
352 6
353 3
354 9
355 3
356 3
357 2
358 1
359 1
360 1
361 2
362 1
