0 0
1 0
2 0
3 0
4 0
5 0
6 0
7 0
8 0
9 0
10 0
11 0
12 0
13 0
14 0
15 0
16 0
17 0
18 0
19 0
20 0
21 0
22 0
23 0
24 0
25 0
26 0
27 0
28 0
29 0
30 0
31 0
32 0
33 0
34 0
35 0
36 0
37 0
38 0
39 0
40 0
41 0
42 0
43 0
44 0
45 0
46 0
47 0
48 0
49 0
50 0
51 0
52 0
53 0
54 0
55 0
56 0
57 0
58 0
59 0
60 0
61 0
62 0
63 0
64 0
65 0
66 0
67 0
68 0
69 0
70 0
71 0
72 0
73 0
74 0
75 0
76 0
77 0
78 0
79 0
80 0
81 0
82 0
83 0
84 0
85 0
86 0
87 0
88 0
89 0
90 0
91 0
92 0
93 0
94 0
95 0
96 0
97 0
98 0
99 0
100 0
101 0
102 0
103 0
104 0
105 0
106 0
107 1
108 1
109 0
110 1
111 4
112 2
113 7
114 4
115 9
116 2
117 4
118 4
119 6
120 7
121 9
122 5
123 3
124 4
125 5
126 2
127 4
128 1
129 3
130 5
131 0
132 5
133 6
134 9
135 9
136 7
137 11
138 22
139 29
140 37
141 44
142 31
143 40
144 36
145 32
146 27
147 41
148 39
149 32
150 32
151 48
152 49
153 61
154 65
155 76
156 101
157 94
158 102
159 110
160 160
161 165
162 147
163 198
164 193
165 248
166 256
167 242
168 298
169 369
170 315
171 346
172 351
173 409
174 428
175 438
176 384
177 432
178 491
179 527
180 540
181 549
182 596
183 672
184 625
185 660
186 726
187 856
188 827
189 907
190 1009
191 1013
192 1037
193 1088
194 1095
195 1245
196 1298
197 1326
198 1369
199 1428
200 1383
201 1579
202 1446
203 1606
204 1545
205 1640
206 1590
207 1758
208 1753
209 1751
210 1782
211 2051
212 2051
213 2239
214 2304
215 2341
216 2357
217 2484
218 2664
219 2484
220 2613
221 2739
222 2816
223 2754
224 2839
225 2911
226 2962
227 3178
228 3234
229 3132
230 3077
231 3074
232 3155
233 3061
234 3197
235 2969
236 3139
237 3072
238 2933
239 2824
240 2829
241 2596
242 2531
243 2341
244 2347
245 2229
246 2163
247 2203
248 2178
249 2057
250 2050
251 2113
252 2036
253 1908
254 2015
255 1945
256 1922
257 1874
258 1993
259 1811
260 1799
261 1753
262 1818
263 1742
264 1789
265 1825
266 1821
267 1789
268 1816
269 1718
270 1750
271 1800
272 1815
273 1730
274 1652
275 1626
276 1443
277 1452
278 1355
279 1286
280 1137
281 1088
282 1026
283 971
284 876
285 878
286 817
287 781
288 785
289 689
290 664
291 663
292 603
293 507
294 533
295 540
296 496
297 459
298 436
299 423
300 489
301 461
302 417
303 307
304 280
305 282
306 257
307 252
308 230
309 179
310 224
311 174
312 160
313 154
314 154
315 130
316 103
317 92
318 59
319 71
320 68
321 63
322 69
323 44
324 38
325 45
326 35
327 29
328 24
329 10
330 14
331 10
332 9
333 5
334 4
335 1
336 5
337 3
338 2
339 1
340 4
341 0
342 1
343 1
344 0
345 0
346 3
347 0
348 0
349 0
350 0
351 2
352 4
353 0
354 0
355 2
