0 0
1 0
2 0
3 0
4 0
5 0
6 0
7 0
8 0
9 0
10 0
11 0
12 0
13 0
14 0
15 0
16 0
17 0
18 0
19 0
20 0
21 0
22 0
23 0
24 0
25 0
26 0
27 1
28 0
29 0
30 0
31 0
32 0
33 1
34 1
35 0
36 0
37 1
38 0
39 0
40 0
41 0
42 0
43 0
44 0
45 0
46 0
47 0
48 0
49 0
50 0
51 0
52 0
53 0
54 0
55 0
56 0
57 0
58 0
59 0
60 0
61 0
62 0
63 0
64 0
65 0
66 0
67 0
68 0
69 0
70 0
71 0
72 0
73 0
74 0
75 0
76 0
77 0
78 0
79 0
80 0
81 0
82 0
83 0
84 0
85 0
86 0
87 0
88 0
89 0
90 0
91 0
92 0
93 0
94 0
95 0
96 0
97 0
98 0
99 0
100 0
101 0
102 0
103 0
104 0
105 0
106 0
107 0
108 0
109 0
110 0
111 0
112 0
113 0
114 0
115 0
116 0
117 0
118 0
119 0
120 0
121 0
122 0
123 0
124 0
125 0
126 0
127 0
128 0
129 0
130 0
131 0
132 0
133 0
134 0
135 1
136 0
137 3
138 0
139 2
140 13
141 7
142 20
143 11
144 13
145 15
146 25
147 18
148 23
149 25
150 19
151 36
152 28
153 47
154 46
155 48
156 86
157 65
158 115
159 84
160 98
161 99
162 170
163 126
164 168
165 209
166 208
167 212
168 229
169 198
170 236
171 315
172 342
173 336
174 353
175 409
176 427
177 563
178 585
179 534
180 531
181 536
182 480
183 534
184 511
185 467
186 538
187 554
188 588
189 617
190 576
191 649
192 604
193 658
194 693
195 668
196 680
197 724
198 749
199 731
200 807
201 887
202 966
203 1030
204 1180
205 1261
206 1392
207 1320
208 1423
209 1669
210 1683
211 1731
212 1710
213 1730
214 1786
215 1892
216 1923
217 1891
218 1930
219 2092
220 2148
221 2268
222 2389
223 2413
224 2332
225 2362
226 2357
227 2488
228 2446
229 2407
230 2644
231 2645
232 2765
233 2610
234 2628
235 2652
236 2601
237 2665
238 2460
239 2451
240 2283
241 2406
242 2379
243 2393
244 2247
245 2300
246 2454
247 2539
248 2289
249 2394
250 2398
251 2343
252 2437
253 2467
254 2274
255 2314
256 2362
257 2259
258 2238
259 2209
260 2224
261 2289
262 2248
263 2150
264 2029
265 2069
266 1833
267 1855
268 1796
269 1841
270 1816
271 1731
272 1888
273 1681
274 1732
275 1857
276 1698
277 1700
278 1811
279 1788
280 1708
281 1593
282 1591
283 1420
284 1538
285 1377
286 1384
287 1251
288 1166
289 1227
290 1243
291 1161
292 1031
293 979
294 1038
295 882
296 941
297 801
298 774
299 812
300 722
301 721
302 703
303 686
304 696
305 671
306 623
307 662
308 619
309 529
310 449
311 448
312 411
313 362
314 335
315 329
316 276
317 254
318 255
319 205
320 221
321 198
322 199
323 164
324 187
325 152
326 121
327 146
328 149
329 136
330 86
331 119
332 100
333 106
334 107
335 106
336 85
337 80
338 81
339 68
340 53
341 72
342 61
343 56
344 44
345 40
346 50
347 30
348 62
349 43
350 47
351 39
352 47
353 43
354 36
355 37
356 48
357 34
358 26
359 39
360 31
361 30
362 22
363 22
364 11
365 11
366 5
367 7
368 5
369 1
370 4
371 2
372 2
373 1
