0 0
1 0
2 0
3 0
4 0
5 0
6 0
7 0
8 0
9 0
10 0
11 0
12 0
13 0
14 0
15 0
16 0
17 0
18 0
19 0
20 0
21 0
22 0
23 0
24 0
25 0
26 0
27 0
28 0
29 0
30 0
31 0
32 0
33 0
34 0
35 0
36 0
37 0
38 0
39 0
40 0
41 0
42 0
43 0
44 0
45 0
46 0
47 0
48 0
49 0
50 0
51 0
52 0
53 0
54 0
55 0
56 0
57 0
58 0
59 0
60 0
61 0
62 0
63 0
64 0
65 0
66 0
67 0
68 0
69 0
70 0
71 0
72 0
73 0
74 0
75 0
76 0
77 0
78 0
79 0
80 0
81 0
82 0
83 0
84 0
85 0
86 1
87 0
88 0
89 0
90 0
91 0
92 3
93 0
94 0
95 0
96 0
97 2
98 2
99 0
100 3
101 3
102 1
103 6
104 2
105 7
106 2
107 10
108 2
109 10
110 9
111 13
112 13
113 6
114 4
115 13
116 7
117 8
118 6
119 9
120 6
121 5
122 8
123 10
124 11
125 7
126 8
127 11
128 11
129 9
130 6
131 12
132 12
133 13
134 18
135 11
136 17
137 15
138 10
139 8
140 13
141 10
142 15
143 17
144 19
145 21
146 29
147 29
148 42
149 40
150 58
151 60
152 46
153 50
154 64
155 64
156 72
157 75
158 64
159 90
160 59
161 83
162 102
163 103
164 108
165 121
166 128
167 111
168 118
169 113
170 133
171 114
172 140
173 134
174 153
175 185
176 206
177 187
178 238
179 241
180 211
181 192
182 240
183 208
184 195
185 215
186 232
187 237
188 191
189 240
190 213
191 230
192 234
193 243
194 264
195 281
196 271
197 297
198 274
199 314
200 337
201 324
202 436
203 403
204 356
205 407
206 374
207 414
208 412
209 502
210 526
211 538
212 595
213 616
214 622
215 674
216 664
217 774
218 777
219 766
220 744
221 773
222 865
223 893
224 897
225 944
226 969
227 964
228 974
229 1037
230 1068
231 958
232 1028
233 1009
234 1126
235 1106
236 1119
237 1278
238 1346
239 1520
240 1363
241 1556
242 1658
243 1737
244 2046
245 1987
246 1974
247 2042
248 1993
249 1935
250 1982
251 1981
252 2150
253 2015
254 2296
255 2264
256 2264
257 2491
258 2360
259 2471
260 2495
261 2518
262 2506
263 2680
264 2780
265 2671
266 2799
267 2615
268 2625
269 2503
270 2728
271 2560
272 2655
273 2651
274 2699
275 2722
276 2891
277 2619
278 2685
279 2594
280 2454
281 2536
282 2242
283 2379
284 2445
285 2343
286 2442
287 2436
288 2344
289 2286
290 2310
291 2202
292 2060
293 2157
294 2032
295 2215
296 2167
297 2021
298 2087
299 1988
300 1912
301 1877
302 1738
303 1708
304 1554
305 1528
306 1594
307 1575
308 1486
309 1546
310 1458
311 1445
312 1510
313 1488
314 1528
315 1462
316 1404
317 1262
318 1106
319 1049
320 901
321 879
322 784
323 667
324 582
325 553
326 482
327 431
328 375
329 332
330 323
331 331
332 308
333 284
334 259
335 239
336 225
337 195
338 207
339 159
340 149
341 184
342 156
343 178
344 181
345 170
346 186
347 182
348 154
349 164
350 122
351 175
352 110
353 119
354 93
355 92
356 81
357 77
358 79
359 85
360 84
361 52
362 59
363 70
364 54
365 63
366 56
367 65
368 56
369 65
370 50
371 68
372 70
373 33
374 48
375 31
376 37
377 39
378 42
379 18
380 23
381 15
382 3
383 8
384 8
385 3
386 8
387 5
388 4
389 2
390 2
391 4
392 1
393 1
394 0
395 2
396 2
397 2
398 7
399 2
400 3
401 5
402 1
403 0
404 2
405 1
406 0
407 3
408 3
409 3
410 0
411 1
412 2
413 1
414 0
415 0
416 0
417 0
418 0
419 1
420 0
421 0
422 0
423 0
424 0
425 0
426 0
427 0
428 1
