0 0
1 0
2 0
3 0
4 0
5 0
6 1
7 0
8 0
9 0
10 0
11 0
12 0
13 0
14 0
15 1
16 0
17 0
18 0
19 0
20 0
21 0
22 0
23 0
24 0
25 0
26 0
27 0
28 0
29 0
30 0
31 0
32 0
33 0
34 0
35 0
36 0
37 0
38 0
39 0
40 0
41 0
42 0
43 1
44 0
45 0
46 0
47 0
48 0
49 1
50 3
51 2
52 2
53 2
54 3
55 3
56 3
57 5
58 3
59 4
60 6
61 12
62 9
63 10
64 7
65 8
66 10
67 7
68 16
69 18
70 12
71 10
72 8
73 5
74 10
75 7
76 9
77 10
78 3
79 5
80 3
81 10
82 10
83 7
84 8
85 10
86 5
87 6
88 9
89 12
90 8
91 7
92 5
93 11
94 4
95 2
96 2
97 5
98 2
99 2
100 3
101 3
102 2
103 0
104 0
105 0
106 1
107 0
108 0
109 0
110 1
111 2
112 1
113 1
114 2
115 0
116 1
117 1
118 2
119 0
120 1
121 2
122 2
123 1
124 0
125 0
126 0
127 0
128 0
129 1
130 0
131 3
132 1
133 0
134 5
135 2
136 8
137 8
138 7
139 9
140 16
141 14
142 14
143 23
144 26
145 21
146 38
147 55
148 50
149 57
150 75
151 75
152 98
153 134
154 170
155 189
156 246
157 212
158 272
159 306
160 322
161 367
162 428
163 537
164 564
165 622
166 677
167 828
168 919
169 1040
170 969
171 1130
172 1383
173 1454
174 1642
175 1816
176 1810
177 1875
178 1862
179 1858
180 1799
181 1780
182 1712
183 1840
184 1888
185 1819
186 1717
187 1738
188 1882
189 1790
190 2061
191 2015
192 1780
193 1873
194 1867
195 2027
196 2159
197 2230
198 2226
199 2479
200 2364
201 2569
202 2695
203 2746
204 2733
205 2742
206 2957
207 2937
208 2802
209 2793
210 2843
211 2703
212 2735
213 2692
214 2667
215 2648
216 2598
217 2632
218 2645
219 2458
220 2383
221 2271
222 2191
223 2380
224 2311
225 2228
226 2219
227 2183
228 2119
229 2118
230 2093
231 2054
232 2115
233 2169
234 2039
235 2061
236 2098
237 2056
238 2034
239 1927
240 2032
241 1940
242 1950
243 1946
244 1712
245 1584
246 1598
247 1350
248 1365
249 1309
250 1288
251 1142
252 1224
253 1189
254 1092
255 1220
256 1280
257 1151
258 1121
259 1185
260 1106
261 993
262 983
263 968
264 963
265 890
266 911
267 846
268 818
269 813
270 671
271 793
272 767
273 688
274 796
275 690
276 713
277 744
278 714
279 673
280 729
281 682
282 764
283 639
284 654
285 655
286 614
287 627
288 562
289 560
290 590
291 560
292 466
293 483
294 472
295 454
296 431
297 360
298 348
299 324
300 344
301 267
302 253
303 258
304 218
305 274
306 261
307 217
308 197
309 161
310 170
311 169
312 178
313 127
314 145
315 151
316 127
317 99
318 116
319 95
320 75
321 51
322 71
323 56
324 38
325 67
326 36
327 35
328 23
329 23
330 22
331 22
332 15
333 26
334 10
335 7
336 5
337 5
338 1
339 6
340 4
341 8
342 3
343 4
344 0
345 1
346 1
347 0
348 0
349 0
350 0
351 1
352 0
353 0
354 0
355 0
356 1
