0 0
1 0
2 0
3 0
4 0
5 0
6 0
7 0
8 0
9 0
10 0
11 0
12 0
13 0
14 0
15 0
16 0
17 0
18 0
19 0
20 0
21 0
22 0
23 0
24 0
25 0
26 0
27 0
28 0
29 0
30 0
31 0
32 0
33 0
34 0
35 0
36 0
37 0
38 0
39 0
40 0
41 0
42 0
43 0
44 0
45 0
46 0
47 0
48 0
49 0
50 0
51 0
52 0
53 0
54 0
55 0
56 0
57 0
58 0
59 0
60 0
61 0
62 0
63 0
64 0
65 0
66 0
67 0
68 0
69 0
70 0
71 0
72 0
73 0
74 0
75 0
76 0
77 0
78 0
79 0
80 0
81 0
82 0
83 0
84 0
85 1
86 1
87 3
88 2
89 2
90 1
91 2
92 4
93 4
94 2
95 4
96 1
97 4
98 6
99 1
100 3
101 5
102 3
103 7
104 7
105 8
106 1
107 8
108 5
109 10
110 12
111 8
112 18
113 15
114 19
115 20
116 22
117 24
118 18
119 30
120 39
121 33
122 26
123 46
124 47
125 55
126 40
127 72
128 60
129 59
130 62
131 77
132 89
133 87
134 88
135 96
136 114
137 108
138 104
139 144
140 140
141 154
142 171
143 148
144 177
145 187
146 193
147 218
148 229
149 215
150 215
151 270
152 294
153 291
154 274
155 262
156 311
157 324
158 354
159 407
160 433
161 496
162 494
163 623
164 723
165 780
166 823
167 859
168 863
169 839
170 894
171 794
172 829
173 830
174 827
175 916
176 884
177 975
178 1113
179 1131
180 1245
181 1319
182 1331
183 1465
184 1556
185 1595
186 1683
187 1808
188 1945
189 1810
190 1988
191 1782
192 1921
193 1840
194 1938
195 1880
196 1842
197 1907
198 1797
199 1759
200 1879
201 1772
202 1954
203 2072
204 1990
205 2209
206 2206
207 2222
208 2236
209 2093
210 2198
211 2123
212 2051
213 2019
214 2109
215 2248
216 2222
217 2231
218 2455
219 2395
220 2386
221 2593
222 2642
223 2646
224 2806
225 2828
226 2712
227 2763
228 2727
229 2840
230 2738
231 2773
232 2736
233 2516
234 2408
235 2335
236 2362
237 2216
238 2128
239 2073
240 1867
241 1977
242 1776
243 1876
244 1819
245 1851
246 1792
247 1766
248 1933
249 1980
250 2014
251 2259
252 2329
253 2187
254 2413
255 2406
256 2035
257 1992
258 1884
259 1716
260 1536
261 1441
262 1442
263 1163
264 1152
265 1097
266 1084
267 1089
268 965
269 1015
270 945
271 847
272 880
273 853
274 822
275 762
276 711
277 732
278 636
279 669
280 609
281 607
282 577
283 527
284 483
285 381
286 373
287 356
288 302
289 315
290 310
291 214
292 243
293 222
294 210
295 210
296 200
297 176
298 158
299 165
300 157
301 121
302 135
303 122
304 112
305 113
306 123
307 117
308 108
309 120
310 105
311 100
312 128
313 139
314 148
315 158
316 170
317 151
318 120
319 138
320 114
321 94
322 92
323 81
324 60
325 66
326 58
327 49
328 58
329 54
330 49
331 19
332 29
333 27
334 24
335 26
336 18
337 12
338 12
339 18
340 6
341 10
342 12
343 6
344 2
345 7
346 1
347 5
348 3
349 5
350 1
351 2
352 1
353 1
354 0
355 2
356 0
357 1
358 1
359 0
360 1
361 0
362 0
363 1
364 0
365 2
366 0
367 0
368 0
369 0
370 0
371 0
372 0
373 0
374 0
375 0
376 0
377 1
