0 0
1 0
2 0
3 0
4 0
5 0
6 0
7 0
8 0
9 0
10 0
11 0
12 0
13 0
14 0
15 0
16 0
17 0
18 0
19 0
20 0
21 0
22 0
23 0
24 0
25 0
26 0
27 0
28 0
29 0
30 0
31 0
32 0
33 0
34 0
35 0
36 0
37 0
38 0
39 0
40 0
41 0
42 0
43 0
44 0
45 0
46 0
47 0
48 0
49 0
50 0
51 0
52 0
53 0
54 0
55 0
56 0
57 0
58 0
59 0
60 0
61 1
62 0
63 0
64 0
65 0
66 0
67 0
68 0
69 0
70 0
71 0
72 0
73 0
74 0
75 0
76 0
77 0
78 0
79 1
80 0
81 0
82 0
83 1
84 2
85 0
86 0
87 0
88 0
89 0
90 0
91 2
92 0
93 0
94 0
95 0
96 0
97 0
98 0
99 0
100 1
101 5
102 2
103 2
104 5
105 3
106 5
107 10
108 9
109 9
110 4
111 10
112 6
113 5
114 10
115 8
116 15
117 8
118 17
119 15
120 15
121 17
122 22
123 23
124 35
125 38
126 72
127 93
128 82
129 109
130 109
131 147
132 148
133 194
134 159
135 190
136 201
137 156
138 187
139 232
140 205
141 221
142 230
143 234
144 284
145 188
146 213
147 210
148 214
149 181
150 191
151 193
152 230
153 241
154 234
155 256
156 283
157 325
158 333
159 370
160 400
161 429
162 557
163 543
164 603
165 611
166 573
167 633
168 701
169 754
170 833
171 834
172 880
173 912
174 896
175 932
176 823
177 888
178 870
179 820
180 834
181 871
182 908
183 906
184 948
185 1071
186 1025
187 1140
188 1229
189 1309
190 1291
191 1315
192 1443
193 1478
194 1638
195 1686
196 1779
197 1521
198 1773
199 1716
200 1753
201 1712
202 1723
203 1737
204 1855
205 1918
206 2001
207 1967
208 2001
209 1924
210 1952
211 2012
212 2010
213 2200
214 2165
215 2229
216 2221
217 2359
218 2525
219 2770
220 2697
221 2878
222 3077
223 2992
224 3175
225 3416
226 3317
227 3181
228 3211
229 3107
230 2995
231 2727
232 2573
233 2375
234 2411
235 2390
236 2156
237 2198
238 2228
239 2115
240 2140
241 2053
242 2031
243 2121
244 1948
245 1991
246 1970
247 1932
248 1774
249 1772
250 1797
251 1740
252 1655
253 1659
254 1718
255 1650
256 1624
257 1682
258 1634
259 1553
260 1520
261 1601
262 1563
263 1578
264 1417
265 1488
266 1381
267 1423
268 1372
269 1269
270 1237
271 1080
272 996
273 1026
274 893
275 797
276 754
277 804
278 780
279 695
280 656
281 662
282 725
283 700
284 645
285 615
286 577
287 598
288 651
289 585
290 608
291 583
292 533
293 564
294 482
295 429
296 386
297 391
298 359
299 338
300 333
301 290
302 295
303 276
304 271
305 268
306 192
307 216
308 194
309 177
310 183
311 201
312 132
313 164
314 161
315 116
316 91
317 119
318 158
319 131
320 123
321 115
322 109
323 128
324 97
325 132
326 130
327 104
328 102
329 90
330 83
331 78
332 72
333 96
334 81
335 63
336 66
337 67
338 57
339 62
340 67
341 51
342 34
343 33
344 27
345 18
346 26
347 22
348 13
349 10
350 9
351 12
352 10
353 7
354 6
355 4
356 10
357 7
358 8
359 2
360 1
361 3
362 7
363 1
364 4
365 4
366 1
367 2
368 1
369 1
370 2
371 1
372 3
373 2
374 0
375 0
376 2
377 0
378 1
379 0
380 0
381 0
382 0
383 1
384 1
