0 0
1 0
2 0
3 0
4 0
5 0
6 0
7 0
8 0
9 0
10 0
11 0
12 0
13 0
14 0
15 0
16 0
17 0
18 0
19 0
20 0
21 0
22 0
23 0
24 0
25 0
26 0
27 0
28 0
29 0
30 0
31 0
32 0
33 0
34 0
35 0
36 0
37 0
38 0
39 0
40 0
41 0
42 0
43 0
44 0
45 0
46 0
47 0
48 0
49 0
50 0
51 0
52 0
53 0
54 0
55 0
56 0
57 0
58 0
59 0
60 0
61 0
62 0
63 0
64 0
65 0
66 0
67 0
68 0
69 0
70 0
71 0
72 0
73 0
74 0
75 0
76 0
77 0
78 0
79 0
80 0
81 0
82 0
83 0
84 0
85 0
86 0
87 0
88 0
89 0
90 0
91 0
92 0
93 0
94 0
95 0
96 0
97 0
98 0
99 0
100 0
101 0
102 0
103 0
104 0
105 0
106 0
107 0
108 0
109 0
110 1
111 0
112 0
113 0
114 0
115 0
116 2
117 1
118 0
119 8
120 6
121 0
122 9
123 24
124 36
125 64
126 59
127 65
128 102
129 74
130 114
131 138
132 152
133 180
134 186
135 213
136 214
137 258
138 232
139 167
140 167
141 114
142 113
143 106
144 91
145 93
146 62
147 50
148 51
149 58
150 58
151 43
152 53
153 65
154 44
155 58
156 50
157 71
158 28
159 41
160 68
161 45
162 62
163 65
164 84
165 76
166 86
167 114
168 93
169 120
170 132
171 110
172 135
173 147
174 147
175 142
176 161
177 193
178 215
179 250
180 295
181 275
182 359
183 363
184 403
185 410
186 456
187 530
188 540
189 596
190 661
191 680
192 722
193 780
194 852
195 894
196 899
197 954
198 984
199 1036
200 1104
201 1019
202 1109
203 1099
204 1080
205 1087
206 1116
207 1204
208 1024
209 1177
210 1232
211 1158
212 1254
213 1377
214 1296
215 1471
216 1504
217 1507
218 1551
219 1709
220 1654
221 1831
222 1772
223 1943
224 1981
225 2045
226 2069
227 2134
228 2315
229 2307
230 2430
231 2430
232 2456
233 2348
234 2427
235 2174
236 2149
237 2165
238 2053
239 2207
240 2169
241 2149
242 2215
243 2138
244 2095
245 2085
246 2087
247 2078
248 2140
249 1965
250 2076
251 2018
252 1977
253 1873
254 2069
255 2017
256 2126
257 1992
258 2028
259 2169
260 2166
261 2170
262 2010
263 1973
264 1925
265 1917
266 1995
267 1974
268 1911
269 2060
270 2054
271 2030
272 2042
273 2083
274 2038
275 1946
276 1958
277 1965
278 1881
279 1795
280 1886
281 1948
282 1973
283 1777
284 1869
285 1728
286 1846
287 1668
288 1597
289 1559
290 1461
291 1565
292 1424
293 1588
294 1607
295 1517
296 1571
297 1536
298 1469
299 1400
300 1317
301 1320
302 1145
303 1186
304 915
305 925
306 899
307 854
308 676
309 625
310 634
311 540
312 500
313 425
314 431
315 372
316 370
317 313
318 286
319 278
320 252
321 264
322 252
323 215
324 223
325 256
326 235
327 221
328 242
329 248
330 234
331 239
332 228
333 246
334 215
335 191
336 218
337 189
338 158
339 154
340 156
341 149
342 141
343 170
344 192
345 166
346 144
347 129
348 84
349 57
350 47
351 16
352 19
353 9
354 13
355 1
356 4
357 0
358 4
359 1
360 0
361 0
362 1
363 0
364 0
365 0
366 0
367 0
368 0
369 0
370 0
371 2
