0 0
1 0
2 0
3 0
4 0
5 0
6 0
7 0
8 0
9 0
10 0
11 0
12 0
13 0
14 0
15 0
16 0
17 0
18 0
19 0
20 0
21 0
22 0
23 0
24 0
25 0
26 0
27 0
28 0
29 1
30 0
31 0
32 0
33 0
34 0
35 1
36 2
37 0
38 3
39 3
40 5
41 4
42 2
43 7
44 6
45 10
46 8
47 7
48 9
49 3
50 8
51 5
52 7
53 1
54 5
55 5
56 6
57 0
58 4
59 3
60 3
61 4
62 1
63 2
64 0
65 1
66 1
67 3
68 0
69 1
70 3
71 1
72 2
73 1
74 0
75 2
76 0
77 0
78 2
79 0
80 0
81 1
82 0
83 0
84 0
85 1
86 1
87 0
88 2
89 0
90 0
91 0
92 0
93 0
94 0
95 1
96 0
97 0
98 0
99 0
100 0
101 0
102 0
103 1
104 0
105 0
106 0
107 0
108 0
109 0
110 0
111 0
112 1
113 0
114 0
115 0
116 0
117 0
118 1
119 1
120 0
121 4
122 2
123 1
124 3
125 7
126 10
127 12
128 9
129 20
130 25
131 26
132 24
133 26
134 32
135 28
136 38
137 39
138 39
139 34
140 33
141 30
142 33
143 48
144 34
145 43
146 35
147 39
148 45
149 54
150 64
151 85
152 88
153 110
154 102
155 115
156 142
157 184
158 192
159 198
160 246
161 311
162 360
163 386
164 448
165 509
166 527
167 613
168 680
169 692
170 691
171 781
172 824
173 788
174 837
175 794
176 727
177 758
178 760
179 816
180 843
181 830
182 837
183 918
184 1001
185 992
186 1010
187 1208
188 1205
189 1247
190 1315
191 1295
192 1376
193 1388
194 1549
195 1571
196 1633
197 1714
198 1768
199 1941
200 1962
201 1977
202 1962
203 1809
204 2096
205 2135
206 2315
207 2425
208 2532
209 2566
210 2881
211 2779
212 2841
213 2883
214 2972
215 3019
216 2904
217 2964
218 2834
219 2893
220 2703
221 2638
222 2549
223 2575
224 2587
225 2576
226 2527
227 2643
228 2646
229 2616
230 2642
231 2631
232 2585
233 2567
234 2596
235 2442
236 2518
237 2490
238 2441
239 2357
240 2340
241 2315
242 2319
243 2241
244 2335
245 2214
246 2281
247 2241
248 2129
249 2132
250 2073
251 2049
252 1878
253 1851
254 1821
255 1815
256 1757
257 1655
258 1588
259 1503
260 1528
261 1528
262 1363
263 1369
264 1194
265 1193
266 1168
267 1126
268 1036
269 1027
270 1065
271 1172
272 1154
273 1087
274 1056
275 947
276 1015
277 1012
278 897
279 941
280 843
281 793
282 821
283 678
284 748
285 670
286 621
287 621
288 651
289 651
290 659
291 716
292 711
293 706
294 575
295 509
296 445
297 404
298 367
299 379
300 318
301 195
302 206
303 174
304 138
305 124
306 101
307 123
308 95
309 91
310 98
311 81
312 92
313 65
314 59
315 55
316 50
317 30
318 37
319 30
320 16
321 25
322 26
323 21
324 24
325 19
326 17
327 12
328 5
329 9
330 14
331 4
332 6
333 5
334 6
335 4
336 5
337 1
338 3
339 2
340 0
341 0
342 0
343 1
