0 0
1 0
2 0
3 0
4 0
5 0
6 0
7 0
8 0
9 0
10 0
11 0
12 0
13 0
14 0
15 0
16 0
17 0
18 0
19 0
20 0
21 0
22 0
23 0
24 0
25 0
26 0
27 0
28 0
29 0
30 0
31 0
32 0
33 0
34 0
35 0
36 0
37 0
38 0
39 0
40 0
41 0
42 0
43 0
44 0
45 0
46 0
47 0
48 0
49 0
50 0
51 0
52 0
53 0
54 0
55 0
56 0
57 0
58 0
59 0
60 0
61 0
62 0
63 0
64 0
65 0
66 0
67 0
68 0
69 0
70 0
71 0
72 0
73 0
74 0
75 0
76 0
77 0
78 0
79 0
80 0
81 0
82 0
83 0
84 0
85 0
86 0
87 0
88 0
89 0
90 0
91 0
92 0
93 0
94 0
95 0
96 0
97 0
98 0
99 0
100 0
101 0
102 0
103 0
104 0
105 0
106 0
107 0
108 0
109 0
110 0
111 0
112 0
113 0
114 0
115 0
116 0
117 0
118 0
119 0
120 0
121 0
122 0
123 0
124 0
125 0
126 0
127 0
128 0
129 0
130 2
131 0
132 0
133 4
134 3
135 5
136 3
137 10
138 10
139 16
140 22
141 23
142 18
143 31
144 43
145 55
146 51
147 70
148 76
149 83
150 84
151 117
152 137
153 137
154 175
155 188
156 199
157 260
158 266
159 287
160 286
161 291
162 335
163 345
164 430
165 472
166 593
167 642
168 712
169 822
170 769
171 711
172 609
173 678
174 646
175 706
176 705
177 781
178 797
179 786
180 857
181 862
182 869
183 860
184 930
185 971
186 1044
187 962
188 1123
189 1164
190 1180
191 1194
192 1302
193 1527
194 1672
195 1619
196 1672
197 1678
198 1792
199 1914
200 1979
201 1978
202 2053
203 2077
204 2164
205 2191
206 2380
207 2441
208 2437
209 2417
210 2667
211 2747
212 2682
213 2784
214 2611
215 2744
216 2497
217 2635
218 2664
219 2516
220 2522
221 2621
222 2708
223 2758
224 2836
225 2719
226 2776
227 2761
228 2668
229 2609
230 2597
231 2372
232 2373
233 2329
234 2224
235 2203
236 2108
237 2097
238 2011
239 2019
240 2073
241 1947
242 1946
243 1970
244 1926
245 1894
246 1896
247 2057
248 1890
249 1831
250 1858
251 1801
252 1688
253 1680
254 1621
255 1544
256 1498
257 1504
258 1466
259 1513
260 1473
261 1467
262 1449
263 1465
264 1371
265 1378
266 1424
267 1428
268 1447
269 1286
270 1324
271 1315
272 1237
273 1260
274 1161
275 1145
276 1140
277 1038
278 1049
279 1088
280 970
281 1007
282 1062
283 1032
284 999
285 930
286 965
287 867
288 790
289 781
290 705
291 756
292 674
293 694
294 632
295 611
296 602
297 558
298 551
299 552
300 573
301 555
302 454
303 447
304 415
305 400
306 331
307 309
308 301
309 266
310 248
311 217
312 208
313 176
314 159
315 121
316 131
317 117
318 104
319 89
320 80
321 82
322 65
323 59
324 48
325 55
326 32
327 41
328 37
329 38
330 33
331 17
332 20
333 14
334 15
335 9
336 21
337 5
338 12
339 8
340 9
341 9
342 4
343 6
344 4
345 1
346 3
347 0
348 2
349 1
350 3
351 1
352 0
353 0
354 0
355 0
356 0
357 0
358 0
359 0
360 1
361 0
362 0
363 1
