0 0
1 0
2 0
3 0
4 0
5 0
6 0
7 0
8 0
9 0
10 0
11 0
12 0
13 0
14 0
15 0
16 0
17 0
18 0
19 0
20 0
21 0
22 0
23 0
24 0
25 0
26 0
27 0
28 0
29 0
30 0
31 0
32 0
33 0
34 0
35 0
36 0
37 0
38 0
39 0
40 0
41 0
42 0
43 0
44 0
45 0
46 0
47 1
48 0
49 0
50 0
51 0
52 0
53 0
54 0
55 0
56 0
57 0
58 0
59 0
60 0
61 0
62 0
63 1
64 0
65 0
66 0
67 1
68 0
69 0
70 1
71 0
72 0
73 1
74 0
75 0
76 0
77 0
78 0
79 0
80 0
81 0
82 0
83 0
84 0
85 0
86 0
87 0
88 1
89 0
90 0
91 0
92 0
93 0
94 0
95 0
96 0
97 0
98 0
99 0
100 0
101 0
102 0
103 0
104 0
105 0
106 0
107 0
108 1
109 0
110 0
111 0
112 0
113 0
114 0
115 0
116 0
117 0
118 0
119 0
120 0
121 0
122 1
123 2
124 5
125 7
126 1
127 2
128 11
129 16
130 11
131 26
132 33
133 29
134 45
135 38
136 31
137 30
138 47
139 39
140 29
141 36
142 34
143 41
144 37
145 45
146 45
147 34
148 38
149 53
150 44
151 56
152 66
153 90
154 87
155 113
156 114
157 157
158 146
159 179
160 196
161 237
162 243
163 220
164 267
165 228
166 226
167 206
168 215
169 202
170 203
171 186
172 210
173 165
174 164
175 227
176 223
177 208
178 267
179 262
180 300
181 250
182 308
183 298
184 332
185 353
186 429
187 486
188 533
189 566
190 628
191 695
192 782
193 887
194 1053
195 1097
196 1141
197 1134
198 1246
199 1267
200 1274
201 1432
202 1451
203 1619
204 1722
205 1812
206 2047
207 1911
208 1965
209 2055
210 2004
211 2086
212 2027
213 2047
214 2010
215 1910
216 1862
217 1712
218 1773
219 1668
220 1772
221 1741
222 1756
223 1880
224 1818
225 1806
226 1864
227 1916
228 1926
229 2025
230 2180
231 2107
232 2258
233 2353
234 2402
235 2326
236 2280
237 2350
238 2412
239 2413
240 2394
241 2570
242 2636
243 2713
244 2734
245 2785
246 2806
247 2761
248 3024
249 2876
250 2831
251 2779
252 2758
253 2653
254 2399
255 2447
256 2389
257 2351
258 2183
259 2151
260 2145
261 2113
262 2181
263 2039
264 1993
265 1874
266 1786
267 1819
268 1727
269 1722
270 1624
271 1594
272 1576
273 1452
274 1484
275 1573
276 1495
277 1359
278 1477
279 1546
280 1435
281 1442
282 1473
283 1449
284 1318
285 1279
286 1329
287 1280
288 1113
289 1096
290 976
291 1071
292 842
293 1004
294 948
295 956
296 885
297 867
298 927
299 943
300 870
301 758
302 785
303 732
304 712
305 660
306 669
307 607
308 660
309 731
310 727
311 720
312 638
313 557
314 505
315 431
316 306
317 199
318 232
319 212
320 197
321 137
322 149
323 152
324 127
325 123
326 100
327 71
328 86
329 73
330 84
331 60
332 51
333 57
334 42
335 41
336 26
337 18
338 30
339 25
340 12
341 17
342 24
343 13
344 13
345 21
346 17
347 19
348 13
349 7
350 17
351 16
352 9
353 25
354 15
355 27
356 15
357 14
358 21
359 30
360 18
361 32
362 18
363 17
364 14
365 12
366 9
367 13
368 8
369 6
370 3
371 3
372 2
373 3
374 1
375 1
376 0
377 1
378 0
379 1
380 2
381 0
382 0
383 0
384 1
