0 0
1 0
2 0
3 0
4 0
5 0
6 0
7 0
8 0
9 0
10 0
11 0
12 0
13 0
14 0
15 0
16 0
17 0
18 0
19 0
20 0
21 0
22 0
23 0
24 0
25 0
26 0
27 0
28 0
29 0
30 0
31 0
32 0
33 0
34 0
35 0
36 0
37 0
38 0
39 0
40 0
41 0
42 0
43 0
44 0
45 0
46 0
47 0
48 0
49 0
50 0
51 0
52 0
53 0
54 0
55 0
56 0
57 0
58 0
59 0
60 0
61 0
62 0
63 0
64 0
65 0
66 0
67 0
68 0
69 0
70 0
71 0
72 0
73 0
74 0
75 0
76 0
77 0
78 0
79 0
80 0
81 0
82 1
83 0
84 0
85 0
86 0
87 0
88 0
89 0
90 1
91 0
92 0
93 0
94 0
95 0
96 0
97 0
98 0
99 0
100 0
101 0
102 0
103 0
104 0
105 2
106 1
107 0
108 2
109 0
110 1
111 1
112 2
113 0
114 3
115 0
116 0
117 1
118 0
119 1
120 1
121 2
122 0
123 3
124 2
125 1
126 3
127 0
128 1
129 2
130 5
131 4
132 6
133 3
134 1
135 6
136 8
137 11
138 14
139 12
140 12
141 18
142 16
143 20
144 12
145 19
146 28
147 23
148 25
149 43
150 33
151 40
152 39
153 26
154 39
155 47
156 39
157 46
158 39
159 63
160 75
161 84
162 73
163 71
164 88
165 86
166 105
167 109
168 121
169 109
170 147
171 137
172 171
173 151
174 159
175 185
176 190
177 232
178 194
179 225
180 246
181 240
182 219
183 261
184 231
185 248
186 273
187 285
188 373
189 427
190 428
191 533
192 621
193 578
194 770
195 848
196 822
197 895
198 909
199 869
200 870
201 857
202 865
203 913
204 883
205 931
206 942
207 950
208 1065
209 1049
210 1048
211 1307
212 1306
213 1391
214 1501
215 1596
216 1669
217 1720
218 1667
219 1733
220 1766
221 1751
222 1881
223 1845
224 1818
225 1916
226 1863
227 1943
228 1843
229 1985
230 1808
231 1806
232 1873
233 2044
234 1953
235 2209
236 2349
237 2290
238 2431
239 2497
240 2522
241 2393
242 2463
243 2252
244 2454
245 2512
246 2567
247 2644
248 2569
249 2704
250 2791
251 2810
252 2842
253 2928
254 3056
255 3095
256 2865
257 3029
258 2792
259 2806
260 2794
261 2702
262 2627
263 2699
264 2662
265 2677
266 2654
267 2626
268 2601
269 2485
270 2681
271 2666
272 2599
273 2560
274 2498
275 2385
276 2366
277 2212
278 2200
279 2053
280 2145
281 1947
282 1971
283 1890
284 1813
285 1701
286 1629
287 1539
288 1481
289 1283
290 1323
291 1235
292 1256
293 1182
294 1096
295 982
296 882
297 768
298 720
299 619
300 689
301 578
302 471
303 557
304 480
305 487
306 498
307 421
308 431
309 432
310 378
311 352
312 401
313 356
314 340
315 360
316 336
317 286
318 302
319 221
320 192
321 198
322 142
323 129
324 111
325 109
326 77
327 75
328 130
329 129
330 102
331 100
332 115
333 88
334 109
335 118
336 109
337 99
338 82
339 88
340 77
341 68
342 66
343 60
344 61
345 37
346 30
347 41
348 26
349 21
350 19
351 15
352 11
353 12
354 7
355 1
356 13
357 3
358 2
359 2
360 3
361 5
362 4
363 2
364 2
365 0
366 0
367 0
368 1
369 0
370 0
371 0
372 0
373 0
374 2
