0 0
1 0
2 0
3 0
4 0
5 0
6 0
7 0
8 1
9 0
10 0
11 0
12 0
13 0
14 1
15 0
16 0
17 0
18 1
19 0
20 0
21 0
22 1
23 0
24 0
25 0
26 0
27 0
28 0
29 0
30 0
31 0
32 1
33 0
34 1
35 0
36 0
37 1
38 3
39 5
40 6
41 3
42 3
43 10
44 9
45 5
46 6
47 8
48 5
49 10
50 14
51 4
52 13
53 9
54 2
55 6
56 6
57 5
58 4
59 5
60 2
61 4
62 4
63 7
64 5
65 3
66 1
67 1
68 0
69 0
70 1
71 3
72 1
73 2
74 3
75 1
76 4
77 3
78 1
79 5
80 1
81 5
82 8
83 3
84 8
85 8
86 14
87 17
88 9
89 17
90 11
91 13
92 12
93 15
94 9
95 8
96 7
97 4
98 6
99 5
100 6
101 4
102 4
103 9
104 5
105 3
106 6
107 10
108 9
109 2
110 3
111 5
112 7
113 4
114 5
115 6
116 6
117 2
118 3
119 5
120 5
121 9
122 8
123 9
124 12
125 8
126 10
127 9
128 22
129 14
130 17
131 27
132 14
133 16
134 30
135 30
136 52
137 35
138 43
139 57
140 40
141 79
142 82
143 86
144 84
145 145
146 130
147 162
148 199
149 223
150 269
151 291
152 295
153 275
154 326
155 333
156 342
157 398
158 447
159 460
160 512
161 452
162 497
163 480
164 518
165 543
166 588
167 657
168 687
169 717
170 725
171 772
172 772
173 858
174 897
175 1023
176 1152
177 1178
178 1186
179 1242
180 1391
181 1511
182 1745
183 1935
184 2034
185 2105
186 2198
187 2356
188 2652
189 2554
190 2809
191 2625
192 2680
193 2758
194 2692
195 2718
196 2723
197 2685
198 2521
199 2651
200 2441
201 2602
202 2417
203 2392
204 2358
205 2372
206 2284
207 2261
208 2344
209 2279
210 2352
211 2339
212 2289
213 2443
214 2516
215 2408
216 2444
217 2610
218 2425
219 2573
220 2767
221 2902
222 2899
223 2823
224 2738
225 2578
226 2760
227 2595
228 2748
229 2687
230 2584
231 2504
232 2458
233 2340
234 2235
235 2222
236 2193
237 2089
238 2077
239 2006
240 2140
241 1945
242 1848
243 1908
244 1689
245 1740
246 1714
247 1694
248 1603
249 1382
250 1385
251 1244
252 1283
253 1114
254 1024
255 1045
256 945
257 985
258 987
259 1030
260 908
261 863
262 884
263 849
264 827
265 873
266 834
267 772
268 885
269 882
270 870
271 759
272 838
273 850
274 808
275 803
276 809
277 801
278 858
279 717
280 649
281 701
282 626
283 593
284 629
285 587
286 432
287 471
288 344
289 320
290 279
291 309
292 266
293 271
294 231
295 200
296 190
297 191
298 133
299 153
300 127
301 104
302 104
303 97
304 108
305 95
306 77
307 56
308 56
309 38
310 48
311 37
312 42
313 26
314 39
315 19
316 22
317 20
318 20
319 24
320 18
321 28
322 11
323 15
324 11
325 11
326 12
327 19
328 6
329 14
330 6
331 16
332 13
333 6
334 7
335 10
336 4
337 13
338 8
339 5
340 5
341 5
342 1
343 7
344 7
345 3
346 4
347 6
348 2
349 5
350 1
