0 0
1 0
2 0
3 0
4 0
5 0
6 0
7 0
8 0
9 0
10 0
11 0
12 0
13 0
14 0
15 0
16 0
17 0
18 0
19 0
20 0
21 0
22 0
23 0
24 0
25 0
26 0
27 0
28 0
29 0
30 0
31 0
32 0
33 0
34 0
35 0
36 0
37 0
38 0
39 0
40 0
41 0
42 0
43 0
44 0
45 0
46 0
47 0
48 0
49 0
50 0
51 0
52 0
53 0
54 0
55 0
56 0
57 0
58 0
59 0
60 0
61 0
62 0
63 0
64 0
65 0
66 0
67 0
68 0
69 0
70 0
71 0
72 0
73 0
74 0
75 0
76 0
77 0
78 0
79 0
80 0
81 0
82 0
83 0
84 0
85 0
86 0
87 0
88 0
89 0
90 0
91 0
92 0
93 0
94 0
95 0
96 0
97 0
98 0
99 0
100 0
101 0
102 0
103 0
104 0
105 0
106 0
107 0
108 1
109 2
110 0
111 2
112 2
113 2
114 1
115 2
116 3
117 4
118 12
119 8
120 15
121 27
122 40
123 55
124 52
125 69
126 62
127 59
128 60
129 50
130 87
131 63
132 53
133 59
134 74
135 56
136 61
137 73
138 112
139 83
140 103
141 108
142 133
143 187
144 151
145 173
146 188
147 186
148 237
149 262
150 298
151 241
152 259
153 290
154 345
155 357
156 394
157 410
158 498
159 524
160 540
161 565
162 591
163 684
164 640
165 674
166 794
167 865
168 905
169 906
170 929
171 1047
172 1131
173 1197
174 1155
175 1209
176 1344
177 1373
178 1373
179 1425
180 1509
181 1698
182 1751
183 1774
184 1805
185 1849
186 1933
187 1841
188 1902
189 1940
190 2073
191 2004
192 2015
193 2229
194 2058
195 2298
196 2256
197 2420
198 2482
199 2661
200 2698
201 2719
202 2904
203 2765
204 2968
205 2936
206 3101
207 3221
208 3255
209 3225
210 3321
211 3430
212 3366
213 3432
214 3421
215 3320
216 3157
217 3035
218 2946
219 2713
220 2696
221 2647
222 2596
223 2413
224 2314
225 2114
226 2078
227 1954
228 1719
229 1833
230 1725
231 1574
232 1502
233 1440
234 1401
235 1405
236 1312
237 1397
238 1389
239 1412
240 1341
241 1492
242 1477
243 1509
244 1532
245 1623
246 1743
247 1648
248 1569
249 1564
250 1472
251 1482
252 1323
253 1271
254 1196
255 1185
256 1066
257 987
258 1067
259 1047
260 1027
261 1169
262 1162
263 1245
264 1362
265 1395
266 1340
267 1361
268 1442
269 1282
270 1050
271 1053
272 931
273 892
274 849
275 781
276 674
277 538
278 525
279 455
280 426
281 403
282 420
283 317
284 362
285 333
286 301
287 318
288 274
289 333
290 285
291 274
292 310
293 253
294 214
295 218
296 238
297 206
298 166
299 175
300 168
301 123
302 103
303 67
304 83
305 77
306 51
307 70
308 72
309 69
310 70
311 54
312 65
313 53
314 58
315 45
316 40
317 28
318 45
319 34
320 31
321 32
322 41
323 34
324 38
325 28
326 42
327 24
328 30
329 42
330 30
331 22
332 21
333 11
334 25
335 24
336 18
337 9
338 14
339 12
340 20
341 9
342 9
343 9
344 8
345 8
346 9
347 11
348 7
349 6
350 4
351 10
352 6
353 1
354 7
355 3
356 2
357 3
358 3
359 2
360 3
361 4
362 1
363 1
364 2
365 3
366 1
367 1
