0 0
1 0
2 0
3 0
4 0
5 0
6 0
7 0
8 0
9 0
10 0
11 0
12 0
13 0
14 0
15 0
16 0
17 0
18 0
19 0
20 0
21 0
22 0
23 0
24 0
25 0
26 0
27 0
28 0
29 0
30 0
31 0
32 0
33 0
34 0
35 0
36 0
37 0
38 0
39 0
40 0
41 0
42 0
43 0
44 0
45 0
46 0
47 0
48 0
49 0
50 0
51 0
52 0
53 0
54 0
55 0
56 0
57 0
58 0
59 0
60 0
61 0
62 0
63 0
64 0
65 0
66 0
67 0
68 0
69 0
70 0
71 0
72 0
73 0
74 0
75 0
76 0
77 0
78 0
79 0
80 0
81 0
82 0
83 0
84 0
85 0
86 0
87 0
88 0
89 0
90 0
91 0
92 6
93 0
94 3
95 5
96 2
97 4
98 2
99 1
100 2
101 5
102 5
103 6
104 7
105 8
106 2
107 5
108 3
109 5
110 10
111 4
112 4
113 5
114 6
115 6
116 17
117 10
118 15
119 10
120 18
121 20
122 19
123 20
124 30
125 24
126 34
127 40
128 36
129 39
130 39
131 51
132 55
133 77
134 72
135 72
136 104
137 112
138 126
139 179
140 205
141 210
142 317
143 390
144 369
145 475
146 500
147 533
148 528
149 499
150 482
151 505
152 477
153 485
154 474
155 460
156 541
157 473
158 465
159 473
160 445
161 467
162 505
163 578
164 636
165 639
166 678
167 724
168 739
169 761
170 750
171 795
172 849
173 839
174 808
175 884
176 996
177 1004
178 1061
179 1080
180 1168
181 1311
182 1317
183 1444
184 1516
185 1659
186 1719
187 1790
188 2033
189 2028
190 2086
191 2144
192 2177
193 2201
194 2299
195 2437
196 2447
197 2254
198 2520
199 2613
200 2394
201 2349
202 2194
203 2008
204 2036
205 2073
206 1964
207 1960
208 1997
209 1897
210 1973
211 1937
212 1954
213 1909
214 2024
215 2115
216 2110
217 2038
218 2045
219 2085
220 2220
221 2071
222 2161
223 2245
224 2301
225 2072
226 2107
227 1996
228 2134
229 2132
230 1973
231 2018
232 1974
233 1917
234 1911
235 2009
236 2032
237 2045
238 2013
239 2004
240 1901
241 2099
242 2024
243 2031
244 2155
245 2085
246 1973
247 1995
248 2018
249 2006
250 1861
251 1872
252 1732
253 1716
254 1637
255 1513
256 1333
257 1390
258 1429
259 1436
260 1412
261 1405
262 1508
263 1505
264 1563
265 1567
266 1690
267 1600
268 1584
269 1501
270 1398
271 1361
272 1203
273 1079
274 1066
275 865
276 822
277 804
278 677
279 715
280 674
281 729
282 642
283 642
284 653
285 623
286 550
287 558
288 543
289 458
290 413
291 390
292 439
293 352
294 269
295 216
296 257
297 204
298 175
299 229
300 215
301 195
302 189
303 211
304 199
305 166
306 181
307 164
308 130
309 179
310 130
311 138
312 155
313 130
314 115
315 90
316 109
317 95
318 65
319 65
320 58
321 70
322 51
323 57
324 54
325 40
326 36
327 42
328 33
329 27
330 35
331 33
332 26
333 24
334 21
335 26
336 23
337 21
338 15
339 19
340 5
341 18
342 16
343 21
344 10
345 16
346 2
347 0
348 0
349 5
350 3
351 4
352 2
353 2
354 0
355 2
356 1
357 1
358 0
359 0
360 0
361 0
362 0
363 0
364 0
365 0
366 1
