0 0
1 0
2 0
3 0
4 0
5 0
6 0
7 0
8 0
9 0
10 0
11 0
12 0
13 0
14 0
15 0
16 0
17 0
18 0
19 0
20 0
21 0
22 0
23 0
24 0
25 0
26 0
27 0
28 0
29 0
30 0
31 0
32 0
33 0
34 0
35 0
36 0
37 0
38 0
39 0
40 0
41 0
42 0
43 0
44 0
45 0
46 0
47 0
48 0
49 0
50 0
51 0
52 0
53 0
54 0
55 0
56 4
57 0
58 0
59 2
60 2
61 0
62 2
63 6
64 0
65 0
66 2
67 1
68 0
69 0
70 6
71 0
72 0
73 4
74 2
75 6
76 2
77 4
78 4
79 0
80 4
81 4
82 4
83 2
84 2
85 0
86 4
87 2
88 4
89 0
90 2
91 4
92 2
93 4
94 2
95 4
96 0
97 0
98 5
99 2
100 2
101 4
102 2
103 2
104 2
105 6
106 0
107 6
108 2
109 7
110 1
111 8
112 5
113 1
114 4
115 4
116 5
117 5
118 2
119 2
120 6
121 1
122 3
123 8
124 6
125 7
126 9
127 5
128 6
129 11
130 15
131 11
132 12
133 23
134 36
135 32
136 61
137 47
138 76
139 63
140 65
141 76
142 89
143 111
144 143
145 156
146 197
147 161
148 298
149 288
150 323
151 351
152 400
153 455
154 432
155 492
156 499
157 431
158 508
159 543
160 548
161 524
162 544
163 576
164 621
165 680
166 636
167 694
168 749
169 800
170 878
171 971
172 996
173 982
174 1008
175 1088
176 1155
177 1198
178 1198
179 1213
180 1205
181 1388
182 1406
183 1609
184 1621
185 1645
186 1826
187 1859
188 1893
189 1913
190 1882
191 2026
192 2127
193 2135
194 2335
195 2120
196 2013
197 1978
198 2071
199 2149
200 2229
201 2287
202 2321
203 2409
204 2526
205 2522
206 2519
207 2479
208 2678
209 2565
210 2500
211 2632
212 2759
213 2671
214 2858
215 2898
216 2934
217 2807
218 2869
219 2608
220 2651
221 2581
222 2399
223 2432
224 2223
225 2212
226 2017
227 2023
228 2004
229 1983
230 1958
231 1931
232 1897
233 2011
234 2005
235 1925
236 1871
237 1791
238 1763
239 1799
240 1559
241 1526
242 1439
243 1535
244 1493
245 1495
246 1468
247 1552
248 1601
249 1557
250 1600
251 1572
252 1614
253 1611
254 1618
255 1593
256 1597
257 1488
258 1392
259 1368
260 1378
261 1268
262 1191
263 1112
264 1102
265 1085
266 987
267 1045
268 1052
269 995
270 1022
271 1042
272 923
273 924
274 907
275 840
276 802
277 714
278 669
279 597
280 586
281 508
282 477
283 482
284 445
285 476
286 434
287 407
288 372
289 443
290 438
291 405
292 384
293 410
294 378
295 399
296 390
297 372
298 377
299 331
300 309
301 327
302 405
303 412
304 354
305 376
306 433
307 447
308 518
309 466
310 475
311 450
312 437
313 527
314 472
315 378
316 285
317 264
318 212
319 142
320 71
321 52
322 47
323 28
324 21
325 17
326 7
327 7
328 7
329 9
330 3
331 4
332 4
333 5
334 0
335 3
336 0
337 1
338 0
339 0
340 0
341 2
342 0
343 0
344 0
345 0
346 1
