0 0
1 0
2 0
3 0
4 0
5 0
6 0
7 0
8 0
9 0
10 0
11 0
12 0
13 0
14 0
15 0
16 0
17 0
18 0
19 0
20 0
21 0
22 0
23 0
24 0
25 0
26 0
27 0
28 0
29 0
30 0
31 0
32 0
33 0
34 0
35 0
36 0
37 0
38 0
39 0
40 0
41 0
42 0
43 0
44 0
45 0
46 0
47 0
48 0
49 0
50 0
51 0
52 0
53 0
54 0
55 0
56 0
57 0
58 0
59 0
60 0
61 0
62 0
63 0
64 0
65 0
66 0
67 0
68 0
69 0
70 0
71 0
72 0
73 0
74 0
75 0
76 0
77 0
78 0
79 0
80 0
81 0
82 0
83 0
84 0
85 0
86 0
87 0
88 0
89 0
90 0
91 0
92 0
93 0
94 2
95 0
96 4
97 1
98 1
99 4
100 4
101 1
102 1
103 10
104 2
105 1
106 6
107 8
108 5
109 4
110 4
111 7
112 5
113 10
114 1
115 3
116 4
117 11
118 10
119 9
120 13
121 11
122 16
123 16
124 11
125 18
126 15
127 21
128 21
129 17
130 19
131 18
132 17
133 16
134 21
135 27
136 29
137 40
138 39
139 37
140 47
141 52
142 45
143 56
144 71
145 58
146 69
147 69
148 84
149 83
150 88
151 130
152 144
153 123
154 198
155 201
156 270
157 279
158 277
159 262
160 357
161 339
162 365
163 446
164 425
165 394
166 455
167 485
168 491
169 569
170 525
171 593
172 557
173 597
174 626
175 722
176 729
177 888
178 943
179 1055
180 1149
181 1288
182 1320
183 1357
184 1411
185 1371
186 1449
187 1497
188 1298
189 1298
190 1333
191 1195
192 1228
193 1266
194 1282
195 1236
196 1287
197 1371
198 1364
199 1417
200 1442
201 1554
202 1580
203 1636
204 1585
205 1708
206 1812
207 1659
208 1884
209 1917
210 1879
211 2035
212 2071
213 2142
214 2316
215 2286
216 2424
217 2764
218 2713
219 2790
220 2834
221 2894
222 3059
223 3064
224 3003
225 3039
226 3014
227 2811
228 2803
229 2658
230 2749
231 2823
232 2616
233 2625
234 2847
235 2844
236 2601
237 2595
238 2582
239 2626
240 2539
241 2582
242 2597
243 2670
244 2641
245 2811
246 2698
247 2496
248 2501
249 2355
250 2185
251 2138
252 2210
253 2005
254 1970
255 1828
256 1786
257 1758
258 1563
259 1588
260 1455
261 1391
262 1267
263 1242
264 1120
265 1101
266 1085
267 984
268 1088
269 1081
270 1097
271 1095
272 1120
273 1097
274 1126
275 1054
276 1145
277 1040
278 1130
279 1054
280 1116
281 952
282 877
283 840
284 760
285 737
286 759
287 647
288 649
289 573
290 513
291 512
292 426
293 338
294 314
295 331
296 287
297 262
298 278
299 216
300 239
301 197
302 228
303 182
304 177
305 185
306 158
307 164
308 165
309 164
310 110
311 119
312 108
313 146
314 135
315 132
316 143
317 127
318 130
319 114
320 129
321 128
322 129
323 87
324 106
325 92
326 106
327 92
328 79
329 62
330 58
331 57
332 48
333 33
334 37
335 33
336 31
337 39
338 26
339 36
340 20
341 26
342 20
343 15
344 17
345 5
346 5
347 4
348 1
349 2
350 5
351 5
352 2
353 2
354 0
355 5
356 3
357 4
358 1
359 1
360 2
361 2
362 0
363 1
364 0
365 0
366 0
367 0
368 1
