0 0
1 0
2 0
3 0
4 0
5 0
6 0
7 0
8 0
9 0
10 0
11 0
12 0
13 0
14 0
15 0
16 0
17 0
18 0
19 0
20 0
21 0
22 0
23 0
24 0
25 0
26 0
27 0
28 0
29 0
30 0
31 0
32 0
33 0
34 0
35 0
36 0
37 0
38 0
39 0
40 0
41 0
42 0
43 0
44 0
45 0
46 0
47 0
48 0
49 0
50 0
51 0
52 0
53 0
54 0
55 0
56 0
57 0
58 0
59 0
60 0
61 0
62 0
63 0
64 0
65 0
66 0
67 0
68 0
69 0
70 0
71 0
72 0
73 0
74 0
75 0
76 0
77 0
78 1
79 0
80 0
81 0
82 0
83 0
84 1
85 1
86 3
87 2
88 0
89 1
90 1
91 2
92 8
93 2
94 5
95 8
96 7
97 11
98 10
99 11
100 8
101 5
102 12
103 12
104 5
105 8
106 5
107 5
108 10
109 7
110 7
111 7
112 6
113 12
114 11
115 8
116 6
117 12
118 13
119 11
120 17
121 25
122 19
123 28
124 12
125 25
126 29
127 33
128 32
129 36
130 38
131 44
132 54
133 50
134 49
135 58
136 58
137 68
138 84
139 64
140 85
141 92
142 96
143 99
144 99
145 91
146 109
147 110
148 154
149 144
150 157
151 195
152 182
153 236
154 254
155 307
156 340
157 341
158 388
159 474
160 482
161 492
162 586
163 621
164 637
165 666
166 694
167 739
168 753
169 740
170 790
171 804
172 845
173 845
174 894
175 889
176 921
177 934
178 986
179 1033
180 1099
181 1030
182 1161
183 1273
184 1150
185 1283
186 1359
187 1356
188 1512
189 1653
190 1599
191 1521
192 1729
193 1731
194 1865
195 2001
196 1933
197 1980
198 1929
199 2208
200 2030
201 2056
202 2020
203 1897
204 1954
205 1963
206 1996
207 1899
208 1942
209 2090
210 2036
211 2030
212 2020
213 2023
214 2128
215 2126
216 2342
217 2257
218 2250
219 2283
220 2503
221 2385
222 2530
223 2404
224 2336
225 2532
226 2397
227 2616
228 2564
229 2562
230 2554
231 2471
232 2509
233 2453
234 2457
235 2338
236 2223
237 2222
238 2163
239 2060
240 1918
241 2030
242 1956
243 1901
244 1931
245 1907
246 1896
247 1771
248 1972
249 1833
250 2003
251 2150
252 2006
253 2126
254 2036
255 1867
256 2065
257 1972
258 1879
259 1778
260 1767
261 1794
262 1649
263 1733
264 1667
265 1732
266 1519
267 1507
268 1569
269 1500
270 1419
271 1454
272 1310
273 1145
274 1119
275 1016
276 963
277 839
278 752
279 703
280 618
281 558
282 494
283 442
284 425
285 444
286 434
287 392
288 357
289 358
290 371
291 327
292 363
293 313
294 347
295 364
296 327
297 382
298 347
299 356
300 324
301 323
302 312
303 265
304 263
305 262
306 290
307 254
308 232
309 220
310 157
311 178
312 182
313 172
314 167
315 164
316 150
317 106
318 105
319 89
320 85
321 82
322 67
323 45
324 44
325 49
326 48
327 26
328 44
329 50
330 43
331 69
332 65
333 62
334 94
335 41
336 54
337 55
338 78
339 74
340 45
341 44
342 41
343 34
344 31
345 29
346 13
347 10
348 12
349 7
350 9
351 7
352 7
353 4
354 6
355 6
356 4
357 7
358 6
359 7
360 5
361 0
362 4
363 2
364 3
365 2
366 0
367 0
368 3
369 6
