0 0
1 0
2 0
3 0
4 0
5 0
6 0
7 0
8 0
9 0
10 0
11 0
12 0
13 0
14 0
15 0
16 0
17 0
18 0
19 0
20 0
21 0
22 0
23 0
24 0
25 0
26 0
27 0
28 0
29 0
30 0
31 0
32 0
33 0
34 0
35 0
36 0
37 0
38 0
39 0
40 0
41 0
42 0
43 0
44 0
45 0
46 0
47 0
48 0
49 0
50 0
51 0
52 0
53 0
54 0
55 0
56 0
57 0
58 0
59 0
60 0
61 0
62 0
63 0
64 0
65 0
66 0
67 0
68 0
69 0
70 0
71 0
72 0
73 0
74 0
75 0
76 0
77 0
78 0
79 0
80 0
81 0
82 0
83 0
84 0
85 0
86 0
87 0
88 0
89 0
90 0
91 0
92 0
93 0
94 0
95 0
96 0
97 0
98 0
99 0
100 0
101 0
102 0
103 0
104 0
105 0
106 0
107 0
108 0
109 0
110 0
111 0
112 0
113 0
114 0
115 0
116 2
117 0
118 0
119 10
120 1
121 4
122 4
123 0
124 5
125 3
126 5
127 2
128 3
129 1
130 12
131 3
132 9
133 3
134 2
135 3
136 3
137 3
138 15
139 1
140 4
141 14
142 5
143 4
144 9
145 6
146 7
147 8
148 7
149 6
150 5
151 27
152 12
153 17
154 23
155 14
156 19
157 30
158 18
159 23
160 34
161 20
162 43
163 28
164 29
165 29
166 34
167 45
168 55
169 39
170 40
171 37
172 54
173 55
174 65
175 60
176 63
177 78
178 83
179 88
180 99
181 115
182 138
183 154
184 155
185 166
186 234
187 223
188 222
189 224
190 226
191 261
192 314
193 294
194 338
195 302
196 350
197 373
198 429
199 399
200 386
201 428
202 402
203 424
204 379
205 409
206 448
207 416
208 448
209 507
210 590
211 598
212 663
213 657
214 731
215 718
216 721
217 777
218 722
219 805
220 846
221 937
222 944
223 1094
224 1054
225 1153
226 1202
227 1317
228 1280
229 1329
230 1400
231 1338
232 1399
233 1357
234 1341
235 1322
236 1352
237 1423
238 1444
239 1480
240 1626
241 1660
242 1572
243 1911
244 1854
245 1932
246 2003
247 2095
248 2244
249 2227
250 2266
251 2369
252 2253
253 2266
254 2232
255 2246
256 2223
257 2244
258 2317
259 2294
260 2556
261 2595
262 2604
263 2575
264 2743
265 2658
266 2525
267 2678
268 2546
269 2734
270 2665
271 2684
272 2774
273 2822
274 2877
275 2850
276 2552
277 2609
278 2428
279 2329
280 2239
281 2242
282 2251
283 2073
284 2172
285 2190
286 2043
287 2002
288 2112
289 2092
290 2061
291 2039
292 1953
293 1894
294 1880
295 1850
296 1785
297 1905
298 1783
299 1685
300 1830
301 1669
302 1717
303 1648
304 1520
305 1492
306 1499
307 1498
308 1551
309 1408
310 1391
311 1300
312 1386
313 1319
314 1338
315 1187
316 1163
317 1144
318 1081
319 1048
320 1006
321 975
322 859
323 827
324 808
325 778
326 714
327 667
328 610
329 555
330 525
331 489
332 419
333 432
334 376
335 357
336 329
337 357
338 373
339 301
340 304
341 306
342 297
343 215
344 241
345 200
346 230
347 251
348 200
349 207
350 185
351 191
352 146
353 138
354 123
355 120
356 108
357 84
358 67
359 67
360 41
361 43
362 34
363 17
364 10
365 20
366 14
367 1
368 3
369 6
370 3
371 3
372 1
373 1
