0 0
1 0
2 0
3 0
4 0
5 0
6 0
7 0
8 0
9 0
10 0
11 0
12 0
13 0
14 0
15 0
16 0
17 0
18 0
19 0
20 0
21 0
22 0
23 0
24 0
25 0
26 0
27 0
28 0
29 0
30 0
31 0
32 0
33 0
34 0
35 0
36 0
37 0
38 0
39 0
40 0
41 0
42 0
43 0
44 0
45 0
46 0
47 0
48 0
49 0
50 0
51 0
52 0
53 0
54 0
55 0
56 0
57 0
58 0
59 0
60 0
61 0
62 0
63 0
64 0
65 0
66 0
67 0
68 0
69 0
70 0
71 0
72 0
73 0
74 0
75 0
76 0
77 0
78 0
79 0
80 0
81 0
82 1
83 0
84 2
85 0
86 0
87 0
88 0
89 1
90 1
91 0
92 3
93 2
94 0
95 2
96 3
97 3
98 3
99 2
100 4
101 2
102 8
103 2
104 8
105 4
106 9
107 7
108 11
109 11
110 10
111 8
112 4
113 9
114 12
115 16
116 19
117 12
118 32
119 20
120 24
121 25
122 25
123 54
124 36
125 42
126 75
127 52
128 66
129 65
130 92
131 105
132 109
133 122
134 93
135 131
136 168
137 197
138 183
139 195
140 197
141 190
142 181
143 180
144 228
145 195
146 244
147 232
148 241
149 243
150 272
151 279
152 283
153 357
154 319
155 348
156 347
157 408
158 374
159 468
160 457
161 575
162 527
163 675
164 698
165 629
166 595
167 584
168 628
169 598
170 636
171 625
172 656
173 655
174 653
175 743
176 814
177 821
178 978
179 865
180 985
181 1075
182 1141
183 1170
184 1210
185 1244
186 1355
187 1344
188 1405
189 1387
190 1322
191 1358
192 1371
193 1501
194 1664
195 1587
196 1757
197 1852
198 1878
199 2010
200 1965
201 2181
202 2098
203 2171
204 2276
205 2249
206 2337
207 2408
208 2527
209 2591
210 2491
211 2441
212 2433
213 2478
214 2528
215 2398
216 2363
217 2292
218 2280
219 2128
220 2212
221 2276
222 2242
223 2319
224 2443
225 2344
226 2515
227 2457
228 2497
229 2349
230 2460
231 2534
232 2440
233 2430
234 2397
235 2416
236 2249
237 2239
238 2264
239 2021
240 2141
241 2131
242 2048
243 2125
244 2011
245 1817
246 1830
247 1767
248 1672
249 1630
250 1573
251 1639
252 1559
253 1673
254 1536
255 1487
256 1488
257 1496
258 1397
259 1496
260 1395
261 1353
262 1430
263 1437
264 1267
265 1233
266 1205
267 1237
268 1244
269 1163
270 1222
271 1182
272 1076
273 1015
274 856
275 953
276 1003
277 954
278 918
279 956
280 788
281 841
282 758
283 671
284 659
285 660
286 602
287 600
288 611
289 569
290 538
291 526
292 586
293 510
294 476
295 485
296 446
297 414
298 342
299 400
300 372
301 348
302 282
303 307
304 306
305 269
306 287
307 259
308 238
309 269
310 284
311 277
312 241
313 253
314 206
315 234
316 223
317 202
318 190
319 221
320 189
321 180
322 209
323 192
324 185
325 207
326 209
327 154
328 149
329 137
330 106
331 93
332 88
333 84
334 91
335 96
336 103
337 66
338 46
339 43
340 55
341 53
342 38
343 30
344 33
345 21
346 21
347 17
348 23
349 20
350 17
351 14
352 11
353 18
354 7
355 17
356 15
357 12
358 11
359 10
360 15
361 8
362 13
363 10
364 12
365 10
366 17
367 12
368 9
369 5
370 10
371 4
372 13
373 11
374 9
375 11
376 8
377 18
378 7
379 10
380 9
381 8
382 8
383 8
384 15
385 12
386 9
387 10
388 7
389 9
390 11
391 11
392 8
393 4
394 5
395 4
396 3
397 7
398 3
399 7
400 7
401 5
402 1
403 1
404 1
405 4
406 3
407 1
408 3
409 1
410 3
411 4
412 4
413 2
414 1
415 2
416 0
417 2
418 1
419 0
420 1
421 0
422 4
423 0
424 1
425 0
426 1
