0 0
1 0
2 0
3 0
4 0
5 0
6 0
7 0
8 0
9 0
10 2
11 0
12 0
13 1
14 0
15 1
16 1
17 3
18 2
19 2
20 1
21 6
22 5
23 4
24 4
25 6
26 4
27 6
28 4
29 6
30 10
31 5
32 3
33 7
34 11
35 4
36 7
37 5
38 5
39 1
40 5
41 3
42 9
43 3
44 5
45 4
46 4
47 3
48 3
49 5
50 4
51 5
52 4
53 4
54 7
55 2
56 7
57 2
58 2
59 1
60 2
61 1
62 4
63 5
64 5
65 4
66 4
67 2
68 3
69 4
70 5
71 7
72 4
73 3
74 6
75 5
76 1
77 1
78 0
79 4
80 3
81 2
82 5
83 2
84 6
85 1
86 5
87 3
88 2
89 1
90 6
91 5
92 1
93 2
94 3
95 1
96 3
97 0
98 0
99 1
100 4
101 2
102 10
103 3
104 3
105 2
106 3
107 5
108 3
109 4
110 6
111 1
112 6
113 2
114 3
115 1
116 3
117 5
118 1
119 4
120 5
121 0
122 8
123 3
124 1
125 2
126 5
127 8
128 4
129 7
130 4
131 10
132 9
133 13
134 14
135 15
136 20
137 23
138 24
139 35
140 43
141 37
142 69
143 83
144 81
145 92
146 147
147 194
148 198
149 286
150 354
151 477
152 540
153 751
154 714
155 660
156 696
157 761
158 635
159 665
160 668
161 754
162 726
163 814
164 841
165 918
166 942
167 1046
168 1039
169 954
170 963
171 995
172 1046
173 1113
174 1090
175 1155
176 1235
177 1230
178 1085
179 1187
180 1279
181 1164
182 1217
183 1313
184 1292
185 1278
186 1298
187 1412
188 1523
189 1530
190 1489
191 1738
192 1766
193 1694
194 1845
195 1794
196 1780
197 1871
198 1927
199 1963
200 1978
201 2048
202 2120
203 2141
204 2159
205 2248
206 2250
207 2305
208 2258
209 2231
210 2168
211 2087
212 2226
213 2085
214 2113
215 2130
216 2113
217 2098
218 2216
219 2370
220 2368
221 2484
222 2476
223 2647
224 2760
225 2786
226 2842
227 2894
228 2953
229 2783
230 2977
231 2778
232 2649
233 2524
234 2483
235 2412
236 2304
237 2130
238 2034
239 2015
240 1872
241 1925
242 1873
243 2090
244 1934
245 1799
246 1921
247 1679
248 1727
249 1633
250 1567
251 1578
252 1445
253 1377
254 1375
255 1342
256 1250
257 1190
258 1353
259 1185
260 1147
261 1179
262 1195
263 1144
264 1091
265 1086
266 1049
267 1121
268 1235
269 1297
270 1319
271 1388
272 1253
273 1175
274 1039
275 973
276 888
277 943
278 770
279 786
280 747
281 766
282 733
283 671
284 640
285 606
286 634
287 542
288 550
289 509
290 528
291 474
292 416
293 375
294 379
295 371
296 325
297 287
298 293
299 209
300 227
301 232
302 226
303 218
304 162
305 168
306 151
307 137
308 107
309 106
310 99
311 106
312 76
313 74
314 69
315 56
316 72
317 48
318 39
319 37
320 42
321 43
322 36
323 28
324 18
325 21
326 16
327 27
328 17
329 14
330 18
331 14
332 24
333 14
334 13
335 17
336 10
337 6
338 2
339 4
340 2
341 0
342 0
343 0
344 0
345 0
346 0
347 0
348 2
