0 0
1 0
2 0
3 0
4 0
5 0
6 0
7 0
8 0
9 0
10 0
11 0
12 0
13 0
14 0
15 0
16 0
17 0
18 0
19 0
20 0
21 0
22 0
23 0
24 0
25 0
26 0
27 0
28 0
29 0
30 0
31 0
32 0
33 0
34 0
35 0
36 0
37 0
38 0
39 0
40 0
41 0
42 0
43 0
44 0
45 0
46 0
47 0
48 0
49 0
50 0
51 0
52 0
53 0
54 0
55 0
56 0
57 0
58 0
59 0
60 0
61 0
62 0
63 0
64 0
65 0
66 0
67 0
68 0
69 0
70 0
71 0
72 0
73 0
74 0
75 0
76 0
77 0
78 0
79 0
80 0
81 1
82 0
83 1
84 0
85 2
86 3
87 0
88 0
89 0
90 3
91 2
92 2
93 4
94 2
95 7
96 2
97 2
98 5
99 2
100 4
101 1
102 3
103 1
104 1
105 2
106 0
107 4
108 6
109 6
110 8
111 10
112 15
113 12
114 6
115 16
116 21
117 17
118 15
119 19
120 20
121 20
122 30
123 28
124 31
125 35
126 38
127 49
128 65
129 59
130 77
131 48
132 50
133 62
134 80
135 76
136 86
137 91
138 82
139 82
140 130
141 133
142 123
143 101
144 118
145 112
146 177
147 180
148 182
149 180
150 243
151 287
152 324
153 297
154 313
155 425
156 419
157 465
158 459
159 510
160 505
161 489
162 460
163 565
164 558
165 554
166 681
167 628
168 678
169 664
170 742
171 652
172 724
173 721
174 682
175 741
176 749
177 773
178 776
179 749
180 748
181 866
182 975
183 938
184 1106
185 1242
186 1196
187 1308
188 1412
189 1489
190 1656
191 1636
192 1820
193 1796
194 1854
195 1898
196 1876
197 1820
198 2067
199 1914
200 1966
201 2006
202 2069
203 2256
204 2305
205 2489
206 2431
207 2599
208 2536
209 2575
210 2528
211 2573
212 2561
213 2659
214 2505
215 2607
216 2530
217 2617
218 2742
219 2650
220 2708
221 2760
222 2690
223 2739
224 2656
225 2546
226 2505
227 2459
228 2473
229 2473
230 2171
231 2368
232 2271
233 2123
234 2206
235 2096
236 2001
237 1969
238 2018
239 1905
240 1902
241 2008
242 2063
243 2040
244 2035
245 2093
246 2001
247 2073
248 2193
249 2093
250 2099
251 2134
252 2147
253 1895
254 2024
255 1964
256 1624
257 1509
258 1336
259 1242
260 1113
261 1038
262 1046
263 1059
264 1035
265 972
266 960
267 1052
268 936
269 999
270 913
271 975
272 984
273 950
274 866
275 829
276 878
277 820
278 844
279 804
280 820
281 776
282 735
283 655
284 643
285 631
286 536
287 533
288 551
289 470
290 416
291 441
292 425
293 397
294 381
295 371
296 361
297 357
298 352
299 348
300 340
301 307
302 292
303 288
304 267
305 267
306 263
307 248
308 258
309 271
310 277
311 231
312 244
313 213
314 234
315 256
316 230
317 221
318 235
319 285
320 236
321 234
322 237
323 256
324 243
325 190
326 173
327 183
328 128
329 98
330 77
331 91
332 81
333 66
334 48
335 33
336 40
337 45
338 22
339 18
340 16
341 18
342 13
343 16
344 11
345 14
346 9
347 11
348 10
349 8
350 10
351 15
352 14
353 3
354 5
355 4
356 6
357 3
358 3
359 1
360 4
361 1
362 1
363 5
364 4
365 2
366 4
367 5
368 1
369 5
370 2
371 4
372 1
373 2
374 4
375 5
376 1
377 0
378 5
379 2
380 1
381 3
382 4
383 2
384 4
385 2
386 1
387 1
388 0
389 1
390 0
391 1
392 4
393 4
394 0
395 0
396 1
397 1
398 1
399 1
400 0
401 0
402 0
403 0
404 0
405 2
406 0
407 0
408 1
