0 0
1 0
2 0
3 0
4 0
5 0
6 0
7 0
8 0
9 0
10 0
11 0
12 0
13 0
14 0
15 0
16 0
17 0
18 0
19 0
20 0
21 0
22 0
23 0
24 0
25 0
26 0
27 0
28 0
29 0
30 0
31 0
32 0
33 0
34 0
35 0
36 0
37 0
38 0
39 0
40 0
41 0
42 0
43 0
44 0
45 0
46 0
47 0
48 0
49 0
50 0
51 0
52 0
53 0
54 0
55 0
56 0
57 0
58 0
59 0
60 0
61 0
62 0
63 0
64 0
65 0
66 0
67 0
68 0
69 0
70 0
71 0
72 0
73 0
74 0
75 0
76 0
77 0
78 0
79 0
80 1
81 1
82 0
83 2
84 4
85 7
86 9
87 8
88 2
89 1
90 4
91 3
92 3
93 3
94 3
95 2
96 5
97 3
98 8
99 5
100 9
101 12
102 10
103 8
104 23
105 7
106 9
107 17
108 18
109 12
110 11
111 10
112 10
113 10
114 10
115 23
116 22
117 33
118 28
119 28
120 27
121 27
122 23
123 40
124 28
125 28
126 56
127 68
128 85
129 135
130 122
131 124
132 148
133 152
134 163
135 126
136 164
137 143
138 158
139 180
140 190
141 196
142 214
143 225
144 258
145 278
146 297
147 366
148 374
149 413
150 523
151 619
152 645
153 809
154 776
155 989
156 947
157 1122
158 985
159 1046
160 1091
161 1124
162 1135
163 1132
164 1119
165 1169
166 1259
167 1272
168 1447
169 1310
170 1341
171 1390
172 1383
173 1584
174 1514
175 1578
176 1632
177 1682
178 1708
179 1785
180 1912
181 1927
182 2012
183 1942
184 2066
185 2261
186 2342
187 2450
188 2485
189 2517
190 2502
191 2424
192 2341
193 2187
194 2184
195 2011
196 2100
197 1969
198 2009
199 1961
200 1937
201 2057
202 2029
203 2179
204 2276
205 2050
206 2244
207 2122
208 2213
209 2262
210 2172
211 2084
212 2041
213 2059
214 2133
215 2044
216 2081
217 2056
218 2019
219 2026
220 1874
221 1789
222 1805
223 1791
224 1770
225 1805
226 1786
227 1943
228 1874
229 1757
230 1770
231 1873
232 1837
233 1778
234 1790
235 1936
236 1863
237 1830
238 1807
239 1835
240 1941
241 1876
242 1896
243 1869
244 1852
245 1843
246 1791
247 1711
248 1613
249 1485
250 1377
251 1321
252 1355
253 1242
254 1162
255 1195
256 1169
257 1149
258 1276
259 1313
260 1139
261 1189
262 1142
263 1193
264 1134
265 1126
266 1075
267 1093
268 1084
269 1018
270 821
271 994
272 824
273 669
274 697
275 766
276 730
277 615
278 610
279 527
280 482
281 509
282 432
283 438
284 370
285 398
286 365
287 315
288 334
289 299
290 287
291 290
292 244
293 223
294 229
295 239
296 183
297 195
298 228
299 183
300 196
301 121
302 135
303 107
304 119
305 105
306 96
307 91
308 92
309 69
310 100
311 88
312 51
313 77
314 67
315 66
316 69
317 71
318 80
319 61
320 76
321 73
322 80
323 49
324 44
325 43
326 39
327 30
328 36
329 24
330 18
331 22
332 15
333 17
334 19
335 7
336 19
337 9
338 10
339 9
340 9
341 9
342 13
343 13
344 10
345 5
346 9
347 7
348 11
349 6
350 3
351 6
352 4
353 7
354 6
355 5
356 2
357 1
358 2
359 2
360 5
361 4
362 1
363 2
364 3
365 5
366 6
367 3
368 3
369 1
370 0
371 0
372 1
373 1
