0 0
1 0
2 0
3 0
4 0
5 0
6 0
7 0
8 0
9 0
10 0
11 0
12 0
13 0
14 0
15 0
16 0
17 0
18 0
19 0
20 0
21 0
22 0
23 0
24 0
25 0
26 0
27 0
28 0
29 0
30 0
31 0
32 0
33 0
34 0
35 0
36 0
37 0
38 0
39 0
40 0
41 0
42 0
43 0
44 0
45 0
46 0
47 0
48 0
49 0
50 0
51 0
52 0
53 0
54 0
55 0
56 0
57 0
58 0
59 0
60 0
61 0
62 0
63 0
64 0
65 0
66 0
67 0
68 0
69 0
70 0
71 0
72 0
73 0
74 0
75 0
76 0
77 0
78 0
79 0
80 0
81 0
82 0
83 0
84 0
85 0
86 0
87 0
88 0
89 0
90 1
91 1
92 0
93 0
94 0
95 0
96 0
97 0
98 0
99 0
100 1
101 0
102 0
103 2
104 2
105 1
106 1
107 0
108 0
109 3
110 0
111 0
112 0
113 2
114 0
115 1
116 1
117 0
118 1
119 1
120 0
121 1
122 5
123 5
124 0
125 4
126 14
127 14
128 17
129 17
130 17
131 23
132 24
133 26
134 21
135 30
136 32
137 43
138 29
139 64
140 37
141 58
142 44
143 76
144 86
145 57
146 87
147 78
148 93
149 85
150 85
151 121
152 83
153 125
154 125
155 107
156 126
157 117
158 153
159 159
160 171
161 178
162 179
163 211
164 210
165 193
166 237
167 227
168 309
169 376
170 425
171 506
172 577
173 583
174 612
175 722
176 586
177 699
178 708
179 723
180 760
181 794
182 923
183 896
184 893
185 996
186 1062
187 1123
188 1260
189 1321
190 1406
191 1518
192 1769
193 1945
194 2059
195 2307
196 2342
197 2433
198 2574
199 2674
200 2585
201 2639
202 2727
203 2822
204 2832
205 2940
206 2906
207 2992
208 3010
209 2901
210 2914
211 2945
212 2837
213 2971
214 2965
215 2968
216 2819
217 2799
218 2668
219 2599
220 2608
221 2414
222 2438
223 2275
224 2206
225 2253
226 2159
227 2133
228 2096
229 2092
230 2135
231 2202
232 2148
233 2147
234 1984
235 2047
236 2099
237 1995
238 2066
239 2093
240 2124
241 2050
242 2087
243 2118
244 2119
245 2082
246 2131
247 2026
248 2034
249 1992
250 2095
251 1984
252 1962
253 1943
254 1888
255 1833
256 1889
257 1787
258 1745
259 1680
260 1775
261 1547
262 1572
263 1523
264 1455
265 1400
266 1315
267 1165
268 1179
269 1022
270 941
271 977
272 903
273 899
274 867
275 823
276 939
277 850
278 910
279 902
280 806
281 800
282 799
283 853
284 825
285 742
286 664
287 678
288 622
289 689
290 681
291 644
292 592
293 575
294 642
295 626
296 539
297 513
298 437
299 424
300 347
301 298
302 290
303 266
304 210
305 194
306 194
307 130
308 145
309 100
310 96
311 78
312 90
313 68
314 92
315 50
316 52
317 42
318 35
319 31
320 33
321 31
322 26
323 29
324 24
325 22
326 16
327 19
328 16
329 19
330 12
331 15
332 15
333 15
334 8
335 18
336 14
337 11
338 14
339 12
340 14
341 16
342 13
343 11
344 16
345 7
346 16
347 8
348 13
349 7
350 4
351 12
352 6
353 5
354 8
355 6
356 4
357 2
358 0
359 1
360 3
361 1
362 3
363 2
364 1
365 0
366 0
367 1
368 0
369 0
370 0
371 0
372 1
