0 0
1 0
2 0
3 0
4 0
5 0
6 0
7 0
8 0
9 0
10 0
11 0
12 0
13 0
14 0
15 0
16 0
17 0
18 0
19 0
20 0
21 0
22 0
23 0
24 0
25 0
26 0
27 0
28 0
29 0
30 0
31 0
32 0
33 0
34 0
35 0
36 0
37 0
38 0
39 0
40 0
41 0
42 0
43 0
44 0
45 0
46 0
47 0
48 0
49 1
50 0
51 0
52 0
53 0
54 0
55 0
56 0
57 0
58 0
59 0
60 0
61 0
62 0
63 0
64 0
65 0
66 1
67 0
68 0
69 0
70 0
71 0
72 0
73 0
74 0
75 0
76 0
77 0
78 0
79 0
80 0
81 0
82 0
83 0
84 0
85 0
86 0
87 0
88 0
89 0
90 0
91 0
92 0
93 0
94 0
95 0
96 0
97 0
98 0
99 0
100 0
101 0
102 0
103 0
104 0
105 1
106 1
107 0
108 1
109 0
110 1
111 0
112 0
113 0
114 0
115 0
116 0
117 0
118 0
119 0
120 0
121 0
122 1
123 0
124 0
125 0
126 1
127 0
128 0
129 1
130 1
131 0
132 2
133 1
134 0
135 2
136 2
137 2
138 1
139 3
140 1
141 13
142 15
143 12
144 19
145 27
146 57
147 43
148 48
149 76
150 92
151 98
152 118
153 132
154 157
155 137
156 129
157 159
158 134
159 171
160 178
161 168
162 274
163 267
164 255
165 313
166 326
167 312
168 300
169 363
170 365
171 374
172 309
173 382
174 402
175 444
176 469
177 528
178 575
179 655
180 628
181 659
182 745
183 714
184 837
185 814
186 863
187 884
188 952
189 963
190 1045
191 1072
192 1201
193 1199
194 1269
195 1365
196 1336
197 1340
198 1446
199 1493
200 1509
201 1320
202 1490
203 1392
204 1358
205 1588
206 1514
207 1483
208 1504
209 1548
210 1714
211 1578
212 1757
213 1864
214 1945
215 2022
216 2121
217 2060
218 2013
219 2169
220 2130
221 2222
222 2246
223 2203
224 2238
225 2273
226 2326
227 2253
228 2319
229 2545
230 2711
231 2772
232 2963
233 3116
234 2935
235 2894
236 2942
237 2622
238 2720
239 2698
240 2891
241 2937
242 2811
243 2725
244 2596
245 2561
246 2558
247 2477
248 2558
249 2544
250 2403
251 2435
252 2341
253 2190
254 1995
255 1993
256 2015
257 1923
258 1982
259 2016
260 1951
261 2015
262 2023
263 1834
264 2021
265 1873
266 1741
267 1809
268 1745
269 1728
270 1646
271 1679
272 1615
273 1407
274 1410
275 1433
276 1324
277 1351
278 1212
279 1248
280 1085
281 1117
282 1007
283 1073
284 1017
285 1076
286 856
287 913
288 822
289 776
290 773
291 734
292 706
293 791
294 642
295 761
296 614
297 642
298 556
299 566
300 633
301 544
302 541
303 490
304 510
305 419
306 436
307 413
308 327
309 321
310 357
311 318
312 272
313 256
314 217
315 191
316 185
317 195
318 153
319 183
320 178
321 157
322 154
323 136
324 146
325 167
326 115
327 112
328 107
329 114
330 60
331 75
332 61
333 44
334 42
335 36
336 26
337 37
338 26
339 17
340 24
341 12
342 18
343 14
344 17
345 9
346 6
347 9
348 3
349 9
350 1
351 4
352 8
353 6
354 8
355 0
356 0
357 0
358 3
359 5
360 0
361 0
362 0
363 1
