0 0
1 0
2 0
3 0
4 0
5 0
6 0
7 0
8 0
9 0
10 0
11 0
12 0
13 0
14 0
15 0
16 0
17 0
18 0
19 0
20 0
21 0
22 0
23 0
24 0
25 0
26 0
27 0
28 0
29 0
30 0
31 0
32 0
33 0
34 0
35 0
36 0
37 0
38 0
39 0
40 0
41 0
42 0
43 0
44 0
45 0
46 0
47 0
48 0
49 0
50 0
51 0
52 0
53 0
54 0
55 0
56 0
57 0
58 0
59 0
60 0
61 0
62 0
63 0
64 0
65 0
66 0
67 0
68 0
69 0
70 0
71 0
72 0
73 0
74 0
75 0
76 0
77 0
78 0
79 0
80 0
81 0
82 0
83 0
84 0
85 0
86 0
87 0
88 0
89 0
90 0
91 0
92 0
93 0
94 1
95 0
96 0
97 0
98 0
99 0
100 0
101 0
102 0
103 0
104 0
105 0
106 0
107 0
108 0
109 0
110 0
111 0
112 0
113 0
114 0
115 0
116 2
117 0
118 0
119 1
120 2
121 0
122 1
123 1
124 0
125 0
126 2
127 3
128 1
129 3
130 2
131 4
132 10
133 10
134 7
135 11
136 3
137 4
138 10
139 5
140 7
141 10
142 8
143 14
144 10
145 21
146 22
147 25
148 34
149 41
150 41
151 37
152 41
153 28
154 28
155 24
156 30
157 34
158 42
159 31
160 38
161 21
162 41
163 32
164 45
165 46
166 52
167 43
168 51
169 53
170 43
171 61
172 68
173 80
174 89
175 105
176 145
177 123
178 176
179 127
180 211
181 250
182 277
183 357
184 334
185 409
186 418
187 464
188 520
189 568
190 622
191 610
192 628
193 672
194 741
195 850
196 905
197 868
198 929
199 1019
200 1119
201 1227
202 1281
203 1205
204 1345
205 1369
206 1346
207 1330
208 1562
209 1577
210 1621
211 1636
212 1743
213 1842
214 1997
215 2050
216 2100
217 2203
218 2111
219 2214
220 2190
221 2579
222 2501
223 2728
224 3066
225 3196
226 3381
227 3510
228 3411
229 3531
230 3423
231 3407
232 3537
233 3433
234 3503
235 3397
236 3393
237 3406
238 3052
239 3044
240 3027
241 3052
242 2888
243 2654
244 2654
245 2637
246 2579
247 2523
248 2528
249 2426
250 2375
251 2468
252 2265
253 2295
254 2211
255 2312
256 2284
257 2260
258 2226
259 2191
260 2124
261 2007
262 1950
263 2005
264 1859
265 1704
266 1806
267 1865
268 1810
269 1746
270 1690
271 1628
272 1667
273 1594
274 1524
275 1438
276 1259
277 1268
278 1253
279 1237
280 1375
281 1255
282 1332
283 1370
284 1477
285 1361
286 1556
287 1436
288 1231
289 1235
290 1068
291 985
292 892
293 787
294 721
295 631
296 711
297 624
298 545
299 588
300 529
301 477
302 459
303 464
304 396
305 356
306 280
307 272
308 254
309 269
310 242
311 213
312 189
313 188
314 178
315 162
316 120
317 142
318 117
319 114
320 107
321 96
322 67
323 90
324 80
325 79
326 103
327 72
328 66
329 65
330 66
331 43
332 43
333 34
334 14
335 28
336 18
337 11
338 10
339 9
340 7
341 9
342 2
343 2
344 5
345 0
346 0
347 2
348 1
349 0
350 0
351 0
352 0
353 0
354 0
355 0
356 0
357 0
358 0
359 0
360 0
361 0
362 0
363 1
