0 0
1 0
2 0
3 0
4 0
5 0
6 0
7 0
8 0
9 0
10 0
11 0
12 0
13 0
14 0
15 0
16 0
17 0
18 0
19 0
20 0
21 0
22 0
23 0
24 0
25 0
26 0
27 0
28 0
29 0
30 0
31 0
32 0
33 0
34 0
35 0
36 0
37 0
38 0
39 0
40 0
41 0
42 0
43 0
44 0
45 0
46 0
47 0
48 0
49 0
50 0
51 0
52 0
53 0
54 0
55 0
56 0
57 0
58 0
59 0
60 0
61 0
62 0
63 0
64 0
65 0
66 0
67 0
68 0
69 0
70 0
71 0
72 0
73 0
74 0
75 0
76 0
77 0
78 0
79 0
80 0
81 0
82 0
83 0
84 0
85 0
86 0
87 0
88 0
89 0
90 0
91 0
92 4
93 2
94 2
95 2
96 2
97 0
98 2
99 2
100 4
101 2
102 2
103 9
104 10
105 9
106 6
107 10
108 16
109 8
110 13
111 14
112 17
113 8
114 17
115 10
116 15
117 17
118 8
119 18
120 20
121 20
122 23
123 19
124 35
125 29
126 30
127 19
128 27
129 40
130 35
131 46
132 35
133 36
134 41
135 44
136 49
137 47
138 39
139 51
140 65
141 80
142 99
143 87
144 133
145 143
146 169
147 155
148 166
149 199
150 258
151 278
152 312
153 384
154 387
155 484
156 500
157 523
158 597
159 705
160 648
161 809
162 886
163 905
164 923
165 949
166 960
167 982
168 932
169 903
170 897
171 894
172 834
173 786
174 805
175 877
176 937
177 1006
178 1121
179 1200
180 1314
181 1301
182 1444
183 1528
184 1517
185 1646
186 1705
187 1595
188 1720
189 1736
190 1653
191 1793
192 1954
193 2061
194 2122
195 2335
196 2468
197 2673
198 2331
199 2386
200 2451
201 2201
202 2211
203 2096
204 2083
205 1923
206 2000
207 2006
208 2091
209 2133
210 2106
211 2242
212 2316
213 2415
214 2367
215 2364
216 2505
217 2534
218 2521
219 2455
220 2438
221 2411
222 2322
223 2402
224 2369
225 2345
226 2298
227 2500
228 2617
229 2390
230 2308
231 2321
232 2411
233 2400
234 2387
235 2414
236 2489
237 2445
238 2321
239 2213
240 2300
241 2182
242 2078
243 2060
244 2066
245 1953
246 2062
247 2000
248 2038
249 1980
250 2026
251 1907
252 1903
253 1927
254 1699
255 1709
256 1602
257 1511
258 1247
259 1355
260 1255
261 1229
262 1156
263 987
264 1012
265 981
266 937
267 851
268 780
269 820
270 696
271 823
272 668
273 735
274 715
275 750
276 696
277 698
278 645
279 661
280 600
281 622
282 563
283 572
284 545
285 469
286 438
287 370
288 358
289 316
290 278
291 295
292 305
293 264
294 313
295 259
296 290
297 223
298 241
299 203
300 236
301 201
302 186
303 201
304 180
305 196
306 158
307 134
308 146
309 155
310 146
311 137
312 132
313 101
314 128
315 90
316 102
317 89
318 108
319 89
320 97
321 60
322 53
323 58
324 81
325 50
326 37
327 50
328 38
329 49
330 46
331 19
332 22
333 26
334 16
335 14
336 11
337 19
338 16
339 15
340 15
341 20
342 12
343 14
344 7
345 9
346 10
347 8
348 5
349 4
350 7
351 4
352 5
353 6
354 4
355 6
356 12
357 3
358 5
359 3
360 9
361 8
362 7
363 8
364 12
365 6
366 6
367 12
368 5
369 3
370 5
371 4
372 4
373 10
374 5
375 6
376 2
377 6
378 2
379 6
380 4
381 5
382 3
383 2
384 10
385 3
386 6
387 7
388 2
389 8
390 2
391 2
392 6
393 5
394 4
395 3
396 5
397 4
398 5
399 1
400 5
401 2
402 3
403 2
404 1
405 0
406 0
407 1
408 0
409 1
