0 0
1 0
2 0
3 0
4 0
5 0
6 0
7 0
8 0
9 0
10 0
11 0
12 0
13 0
14 0
15 0
16 0
17 0
18 0
19 0
20 0
21 0
22 0
23 0
24 0
25 0
26 0
27 0
28 0
29 0
30 0
31 0
32 0
33 0
34 0
35 0
36 0
37 0
38 0
39 0
40 0
41 0
42 0
43 0
44 0
45 0
46 0
47 0
48 0
49 0
50 0
51 0
52 0
53 0
54 0
55 0
56 0
57 0
58 0
59 0
60 0
61 0
62 0
63 0
64 0
65 0
66 0
67 0
68 0
69 0
70 0
71 0
72 0
73 0
74 0
75 0
76 0
77 0
78 0
79 0
80 0
81 0
82 0
83 0
84 0
85 0
86 0
87 0
88 0
89 0
90 0
91 0
92 0
93 0
94 0
95 0
96 0
97 0
98 0
99 0
100 2
101 0
102 1
103 2
104 4
105 8
106 2
107 1
108 4
109 3
110 7
111 10
112 7
113 12
114 4
115 11
116 13
117 11
118 14
119 14
120 19
121 28
122 14
123 18
124 34
125 44
126 57
127 55
128 62
129 90
130 75
131 96
132 141
133 124
134 131
135 162
136 141
137 154
138 179
139 208
140 252
141 341
142 443
143 559
144 698
145 663
146 798
147 664
148 603
149 548
150 492
151 550
152 600
153 558
154 533
155 592
156 570
157 623
158 628
159 676
160 694
161 759
162 820
163 874
164 1059
165 1088
166 1214
167 1333
168 1365
169 1553
170 1655
171 1564
172 1694
173 1685
174 1784
175 1645
176 1818
177 1894
178 1877
179 2000
180 2036
181 2123
182 2249
183 2500
184 2429
185 2556
186 2716
187 2591
188 2489
189 2473
190 2564
191 2551
192 2416
193 2310
194 2479
195 2448
196 2432
197 2409
198 2367
199 2347
200 2310
201 2357
202 2338
203 2252
204 2369
205 2439
206 2317
207 2253
208 2240
209 2197
210 2154
211 2219
212 2047
213 2120
214 1964
215 2037
216 1932
217 1846
218 1709
219 1697
220 1690
221 1650
222 1562
223 1477
224 1474
225 1531
226 1585
227 1439
228 1412
229 1454
230 1409
231 1470
232 1364
233 1293
234 1356
235 1296
236 1243
237 1351
238 1354
239 1281
240 1429
241 1436
242 1418
243 1518
244 1573
245 1625
246 1719
247 1738
248 1723
249 1625
250 1627
251 1506
252 1440
253 1501
254 1370
255 1338
256 1335
257 1320
258 1349
259 1274
260 1076
261 1097
262 1051
263 1021
264 1039
265 935
266 878
267 976
268 969
269 901
270 831
271 793
272 814
273 788
274 786
275 776
276 676
277 665
278 628
279 607
280 589
281 606
282 595
283 574
284 538
285 510
286 473
287 394
288 437
289 336
290 353
291 287
292 326
293 267
294 237
295 203
296 227
297 163
298 185
299 186
300 171
301 190
302 229
303 204
304 256
305 177
306 217
307 191
308 221
309 208
310 188
311 217
312 190
313 184
314 178
315 148
316 150
317 138
318 152
319 122
320 126
321 116
322 90
323 85
324 73
325 80
326 36
327 39
328 37
329 38
330 22
331 47
332 29
333 27
334 13
335 25
336 17
337 12
338 14
339 11
340 14
341 22
342 11
343 16
344 12
345 12
346 11
347 12
348 10
349 16
350 11
351 18
352 10
353 19
354 13
355 13
356 11
357 9
358 7
359 1
360 8
361 7
362 1
363 4
364 1
365 1
366 0
367 2
368 0
369 0
370 0
371 0
372 0
373 0
374 0
375 0
376 0
377 1
378 0
379 0
380 0
381 0
382 0
383 1
