0 0
1 0
2 0
3 0
4 0
5 0
6 0
7 0
8 0
9 0
10 0
11 0
12 0
13 0
14 0
15 0
16 0
17 0
18 0
19 0
20 0
21 0
22 0
23 0
24 0
25 0
26 0
27 0
28 0
29 0
30 0
31 0
32 0
33 0
34 0
35 0
36 0
37 0
38 0
39 0
40 0
41 0
42 0
43 0
44 0
45 0
46 0
47 0
48 0
49 0
50 0
51 0
52 0
53 0
54 0
55 0
56 0
57 0
58 0
59 0
60 0
61 0
62 0
63 0
64 0
65 0
66 0
67 0
68 2
69 0
70 0
71 0
72 0
73 1
74 0
75 1
76 6
77 3
78 4
79 2
80 7
81 7
82 3
83 10
84 5
85 6
86 13
87 5
88 3
89 4
90 4
91 14
92 11
93 7
94 9
95 10
96 5
97 8
98 5
99 10
100 3
101 7
102 8
103 2
104 3
105 5
106 5
107 6
108 6
109 9
110 3
111 1
112 1
113 4
114 4
115 6
116 10
117 3
118 1
119 3
120 1
121 3
122 3
123 6
124 2
125 2
126 2
127 5
128 0
129 6
130 7
131 5
132 7
133 7
134 11
135 6
136 12
137 6
138 26
139 20
140 20
141 15
142 20
143 17
144 23
145 32
146 23
147 42
148 41
149 44
150 53
151 76
152 89
153 82
154 104
155 142
156 166
157 162
158 163
159 209
160 179
161 221
162 214
163 196
164 269
165 305
166 279
167 297
168 339
169 362
170 345
171 371
172 469
173 508
174 560
175 586
176 712
177 651
178 798
179 805
180 763
181 810
182 910
183 892
184 916
185 973
186 1126
187 1239
188 1288
189 1367
190 1521
191 1439
192 1563
193 1718
194 1875
195 1971
196 2270
197 2295
198 2422
199 2420
200 2631
201 2702
202 2828
203 3047
204 3125
205 3196
206 3295
207 3319
208 3359
209 3136
210 3218
211 3176
212 2923
213 2877
214 2832
215 2899
216 2806
217 2766
218 2897
219 2940
220 2889
221 3094
222 3099
223 3123
224 2983
225 3193
226 3296
227 3082
228 3119
229 3140
230 3161
231 3159
232 2992
233 2935
234 2990
235 2866
236 2700
237 2642
238 2521
239 2493
240 2130
241 2226
242 2157
243 2101
244 2059
245 1999
246 2012
247 1982
248 1877
249 1685
250 1617
251 1609
252 1548
253 1468
254 1449
255 1403
256 1376
257 1484
258 1356
259 1362
260 1278
261 1550
262 1615
263 1546
264 1531
265 1567
266 1492
267 1467
268 1373
269 982
270 868
271 789
272 825
273 626
274 571
275 546
276 511
277 462
278 441
279 425
280 411
281 321
282 309
283 319
284 306
285 244
286 275
287 287
288 238
289 256
290 227
291 215
292 181
293 168
294 168
295 168
296 173
297 145
298 135
299 135
300 118
301 81
302 97
303 97
304 75
305 66
306 52
307 54
308 47
309 46
310 39
311 42
312 27
313 21
314 19
315 27
316 26
317 13
318 17
319 10
320 17
321 15
322 8
323 11
324 9
325 4
326 3
327 2
328 4
329 1
330 1
331 2
332 1
333 0
334 1
