0 0
1 0
2 0
3 0
4 0
5 0
6 0
7 0
8 0
9 0
10 0
11 0
12 0
13 0
14 0
15 0
16 0
17 0
18 0
19 0
20 0
21 0
22 0
23 0
24 0
25 0
26 0
27 0
28 0
29 0
30 0
31 0
32 0
33 0
34 0
35 0
36 0
37 0
38 0
39 0
40 0
41 0
42 0
43 0
44 0
45 0
46 0
47 0
48 0
49 0
50 0
51 0
52 0
53 0
54 0
55 0
56 0
57 0
58 0
59 0
60 0
61 0
62 0
63 0
64 0
65 0
66 0
67 0
68 0
69 0
70 0
71 0
72 0
73 0
74 0
75 0
76 0
77 0
78 0
79 0
80 0
81 0
82 0
83 0
84 1
85 0
86 0
87 2
88 2
89 3
90 2
91 6
92 1
93 2
94 4
95 2
96 0
97 3
98 2
99 1
100 1
101 1
102 0
103 0
104 0
105 0
106 1
107 7
108 5
109 2
110 7
111 3
112 9
113 12
114 10
115 6
116 26
117 23
118 16
119 22
120 22
121 34
122 36
123 41
124 60
125 95
126 74
127 95
128 78
129 99
130 151
131 128
132 171
133 183
134 173
135 184
136 196
137 223
138 219
139 266
140 237
141 240
142 309
143 354
144 358
145 400
146 430
147 424
148 517
149 548
150 568
151 601
152 643
153 733
154 784
155 781
156 793
157 789
158 898
159 939
160 1036
161 1055
162 1070
163 1083
164 1173
165 1118
166 1160
167 1284
168 1163
169 1332
170 1401
171 1267
172 1534
173 1545
174 1453
175 1439
176 1404
177 1430
178 1535
179 1496
180 1474
181 1616
182 1712
183 1577
184 1870
185 1974
186 2062
187 2177
188 2178
189 2238
190 2336
191 2313
192 2358
193 2225
194 2021
195 1958
196 1932
197 1925
198 1989
199 1850
200 1815
201 1918
202 1770
203 1984
204 2021
205 1955
206 1923
207 2011
208 1863
209 1880
210 1928
211 1891
212 1969
213 1924
214 1919
215 2021
216 1941
217 2013
218 1943
219 1868
220 1879
221 2032
222 1981
223 1942
224 1985
225 1944
226 2205
227 2081
228 2037
229 1983
230 2001
231 1890
232 1802
233 1869
234 1794
235 1796
236 1787
237 1643
238 1613
239 1555
240 1626
241 1564
242 1541
243 1500
244 1593
245 1586
246 1569
247 1585
248 1430
249 1472
250 1414
251 1427
252 1272
253 1285
254 1355
255 1204
256 1222
257 1191
258 1207
259 1076
260 1136
261 1108
262 1070
263 1109
264 1049
265 1049
266 993
267 1026
268 1073
269 946
270 988
271 930
272 968
273 959
274 952
275 883
276 954
277 880
278 924
279 888
280 811
281 883
282 751
283 844
284 751
285 731
286 655
287 595
288 507
289 542
290 560
291 510
292 465
293 516
294 477
295 409
296 440
297 481
298 389
299 407
300 382
301 328
302 331
303 338
304 295
305 271
306 231
307 282
308 223
309 245
310 210
311 227
312 229
313 165
314 142
315 180
316 144
317 119
318 134
319 113
320 97
321 76
322 63
323 66
324 65
325 55
326 55
327 28
328 43
329 31
330 28
331 17
332 16
333 13
334 8
335 10
336 7
337 4
338 1
339 5
340 3
341 5
342 7
343 4
344 2
345 2
346 3
347 3
348 0
349 7
350 2
351 6
352 3
353 4
354 4
355 4
356 3
357 3
358 5
359 4
360 3
361 4
362 1
363 0
364 0
365 0
366 3
