0 0
1 0
2 0
3 0
4 0
5 0
6 0
7 0
8 0
9 0
10 0
11 0
12 0
13 0
14 0
15 0
16 0
17 0
18 0
19 0
20 0
21 0
22 0
23 0
24 0
25 0
26 0
27 0
28 0
29 0
30 0
31 0
32 0
33 0
34 0
35 0
36 0
37 0
38 0
39 0
40 0
41 0
42 0
43 0
44 0
45 0
46 0
47 0
48 0
49 0
50 0
51 0
52 0
53 0
54 0
55 0
56 0
57 0
58 0
59 0
60 0
61 0
62 0
63 0
64 0
65 0
66 0
67 0
68 0
69 0
70 0
71 0
72 0
73 0
74 0
75 0
76 0
77 0
78 0
79 0
80 0
81 0
82 0
83 0
84 0
85 0
86 0
87 0
88 0
89 0
90 0
91 0
92 0
93 0
94 0
95 0
96 0
97 0
98 0
99 1
100 0
101 0
102 1
103 1
104 0
105 0
106 0
107 0
108 2
109 1
110 0
111 2
112 1
113 0
114 0
115 1
116 1
117 0
118 1
119 0
120 0
121 3
122 0
123 0
124 3
125 3
126 4
127 0
128 0
129 3
130 7
131 1
132 0
133 0
134 3
135 2
136 0
137 2
138 4
139 4
140 2
141 6
142 7
143 5
144 7
145 4
146 18
147 5
148 10
149 9
150 13
151 6
152 20
153 11
154 23
155 11
156 19
157 26
158 26
159 29
160 68
161 56
162 90
163 68
164 95
165 120
166 119
167 124
168 131
169 151
170 194
171 197
172 225
173 211
174 274
175 259
176 363
177 411
178 384
179 477
180 459
181 521
182 579
183 685
184 730
185 710
186 820
187 909
188 991
189 975
190 1103
191 936
192 1169
193 1238
194 1175
195 1246
196 1271
197 1211
198 1261
199 1273
200 1386
201 1291
202 1454
203 1627
204 1764
205 1859
206 1918
207 1941
208 2005
209 1980
210 1956
211 1904
212 2031
213 1940
214 2028
215 1942
216 1929
217 1982
218 2034
219 2012
220 2127
221 2085
222 2322
223 2375
224 2539
225 2441
226 2438
227 2653
228 2483
229 2596
230 2626
231 2692
232 2600
233 2692
234 2646
235 2819
236 2660
237 2775
238 2715
239 2790
240 2800
241 2746
242 2830
243 2663
244 2582
245 2684
246 2488
247 2452
248 2371
249 2314
250 2276
251 2176
252 2206
253 2287
254 2223
255 2234
256 2213
257 2017
258 2112
259 2193
260 2160
261 2235
262 2092
263 2035
264 2015
265 2071
266 1863
267 1822
268 1865
269 1960
270 1827
271 1800
272 1774
273 1588
274 1624
275 1613
276 1745
277 1657
278 1421
279 1509
280 1317
281 1281
282 1216
283 1007
284 1051
285 989
286 973
287 893
288 780
289 911
290 842
291 835
292 712
293 709
294 686
295 694
296 710
297 663
298 709
299 641
300 703
301 648
302 637
303 649
304 633
305 556
306 473
307 427
308 358
309 271
310 203
311 216
312 180
313 134
314 135
315 130
316 120
317 128
318 82
319 80
320 75
321 77
322 89
323 60
324 63
325 52
326 60
327 49
328 41
329 29
330 26
331 22
332 13
333 19
334 7
335 10
336 8
337 7
338 5
339 4
340 3
341 4
342 0
343 1
344 0
345 3
346 0
347 1
