0 0
1 0
2 0
3 0
4 0
5 0
6 0
7 0
8 0
9 0
10 0
11 0
12 0
13 0
14 0
15 0
16 0
17 0
18 0
19 0
20 0
21 0
22 0
23 0
24 0
25 0
26 0
27 0
28 0
29 0
30 0
31 0
32 0
33 0
34 0
35 0
36 0
37 0
38 0
39 0
40 0
41 0
42 0
43 0
44 0
45 0
46 0
47 0
48 0
49 0
50 0
51 0
52 0
53 0
54 0
55 0
56 0
57 0
58 0
59 0
60 0
61 0
62 0
63 0
64 0
65 0
66 0
67 0
68 0
69 0
70 0
71 0
72 0
73 0
74 0
75 0
76 0
77 0
78 0
79 0
80 0
81 0
82 0
83 0
84 0
85 0
86 0
87 0
88 0
89 0
90 0
91 0
92 0
93 0
94 0
95 0
96 0
97 0
98 0
99 0
100 0
101 0
102 0
103 0
104 0
105 0
106 0
107 0
108 0
109 0
110 0
111 0
112 0
113 0
114 0
115 1
116 0
117 1
118 2
119 1
120 3
121 1
122 1
123 1
124 1
125 2
126 0
127 1
128 3
129 5
130 2
131 3
132 3
133 6
134 2
135 4
136 3
137 8
138 9
139 9
140 20
141 7
142 14
143 15
144 17
145 10
146 16
147 24
148 22
149 14
150 42
151 23
152 33
153 44
154 44
155 44
156 36
157 50
158 51
159 69
160 82
161 76
162 90
163 125
164 122
165 137
166 167
167 143
168 207
169 268
170 335
171 357
172 395
173 505
174 563
175 586
176 645
177 620
178 710
179 707
180 736
181 718
182 742
183 642
184 701
185 626
186 645
187 599
188 629
189 637
190 680
191 685
192 751
193 742
194 818
195 884
196 850
197 891
198 874
199 942
200 936
201 1036
202 1063
203 1020
204 1099
205 1105
206 1259
207 1316
208 1305
209 1326
210 1446
211 1460
212 1551
213 1742
214 1737
215 1849
216 1880
217 2069
218 1958
219 2060
220 2269
221 2173
222 2223
223 2222
224 2318
225 2241
226 2254
227 2431
228 2446
229 2532
230 2551
231 2584
232 2812
233 2713
234 2870
235 2653
236 2864
237 2723
238 2603
239 2450
240 2588
241 2528
242 2437
243 2331
244 2267
245 2157
246 2128
247 2269
248 2293
249 2291
250 2259
251 2402
252 2376
253 2289
254 2339
255 2431
256 2338
257 2303
258 2271
259 2296
260 2207
261 2121
262 2091
263 1977
264 1924
265 1972
266 1778
267 1761
268 1880
269 1976
270 1904
271 1946
272 2128
273 1888
274 1878
275 1854
276 1796
277 1913
278 1746
279 1722
280 1616
281 1530
282 1435
283 1472
284 1438
285 1380
286 1281
287 1396
288 1397
289 1451
290 1301
291 1323
292 1194
293 1276
294 1201
295 1083
296 1028
297 919
298 828
299 748
300 713
301 617
302 568
303 542
304 396
305 404
306 379
307 340
308 327
309 298
310 267
311 259
312 215
313 206
314 191
315 182
316 165
317 166
318 154
319 145
320 136
321 108
322 89
323 96
324 126
325 93
326 96
327 108
328 108
329 112
330 90
331 118
332 95
333 87
334 99
335 116
336 74
337 78
338 76
339 96
340 82
341 67
342 74
343 70
344 58
345 51
346 50
347 61
348 59
349 50
350 50
351 38
352 34
353 40
354 22
355 22
356 17
357 19
358 22
359 7
360 11
361 4
362 5
363 1
364 4
365 2
366 2
367 1
368 0
369 3
370 1
371 0
372 0
373 0
374 2
375 0
376 1
