0 0
1 0
2 0
3 0
4 0
5 0
6 0
7 0
8 0
9 0
10 0
11 0
12 0
13 0
14 0
15 0
16 0
17 1
18 0
19 1
20 1
21 1
22 0
23 0
24 0
25 0
26 0
27 0
28 0
29 0
30 0
31 0
32 0
33 0
34 0
35 0
36 0
37 0
38 0
39 0
40 0
41 1
42 0
43 0
44 0
45 0
46 0
47 0
48 0
49 0
50 0
51 0
52 0
53 0
54 0
55 0
56 0
57 0
58 0
59 0
60 0
61 0
62 0
63 0
64 0
65 0
66 0
67 0
68 1
69 0
70 0
71 0
72 0
73 0
74 0
75 0
76 1
77 0
78 0
79 0
80 0
81 0
82 1
83 0
84 0
85 0
86 0
87 0
88 0
89 0
90 0
91 2
92 0
93 0
94 0
95 0
96 0
97 0
98 0
99 0
100 0
101 0
102 1
103 0
104 2
105 2
106 0
107 2
108 3
109 1
110 5
111 7
112 3
113 1
114 1
115 4
116 5
117 3
118 7
119 2
120 5
121 2
122 2
123 4
124 7
125 3
126 10
127 8
128 5
129 6
130 9
131 4
132 6
133 9
134 20
135 10
136 9
137 22
138 33
139 20
140 29
141 15
142 15
143 24
144 31
145 43
146 59
147 43
148 63
149 59
150 72
151 77
152 90
153 79
154 91
155 117
156 104
157 135
158 132
159 159
160 149
161 175
162 166
163 181
164 209
165 161
166 231
167 254
168 261
169 263
170 370
171 380
172 438
173 402
174 454
175 464
176 480
177 548
178 666
179 655
180 632
181 666
182 629
183 653
184 619
185 708
186 705
187 744
188 791
189 781
190 847
191 830
192 938
193 954
194 1052
195 995
196 1108
197 1241
198 1265
199 1236
200 1252
201 1322
202 1253
203 1371
204 1466
205 1447
206 1649
207 1652
208 1710
209 1887
210 1944
211 2015
212 2248
213 2355
214 2286
215 2440
216 2456
217 2379
218 2465
219 2297
220 2296
221 2211
222 2228
223 2204
224 2244
225 2327
226 2288
227 2503
228 2523
229 2480
230 2629
231 2768
232 2701
233 2822
234 2849
235 2740
236 2667
237 2797
238 2701
239 2722
240 2588
241 2687
242 2457
243 2472
244 2447
245 2275
246 2242
247 2236
248 2229
249 2244
250 2117
251 2075
252 2027
253 1974
254 1934
255 1954
256 1976
257 2030
258 2096
259 1927
260 2061
261 2086
262 2094
263 1977
264 1979
265 1794
266 1696
267 1698
268 1674
269 1662
270 1720
271 1625
272 1493
273 1341
274 1283
275 1219
276 1193
277 1154
278 1036
279 967
280 965
281 925
282 917
283 964
284 890
285 920
286 864
287 850
288 898
289 794
290 815
291 753
292 781
293 758
294 754
295 812
296 721
297 786
298 810
299 800
300 777
301 694
302 630
303 551
304 534
305 448
306 450
307 379
308 330
309 364
310 354
311 290
312 290
313 292
314 329
315 266
316 314
317 287
318 338
319 334
320 284
321 339
322 221
323 244
324 246
325 245
326 234
327 388
328 329
329 319
330 251
331 217
332 190
333 194
334 177
335 146
336 119
337 142
338 156
339 127
340 130
341 133
342 105
343 149
344 172
345 161
346 178
347 92
348 78
349 51
350 27
351 19
352 8
353 9
354 11
355 9
356 12
357 6
358 3
359 6
360 2
361 2
362 0
363 1
