0 0
1 0
2 0
3 0
4 0
5 0
6 0
7 0
8 0
9 0
10 0
11 0
12 0
13 0
14 0
15 0
16 0
17 0
18 0
19 0
20 0
21 0
22 0
23 0
24 0
25 0
26 0
27 0
28 0
29 0
30 0
31 0
32 0
33 0
34 0
35 0
36 0
37 0
38 0
39 0
40 0
41 0
42 0
43 0
44 0
45 0
46 0
47 0
48 0
49 0
50 0
51 0
52 0
53 0
54 0
55 0
56 0
57 0
58 0
59 0
60 0
61 0
62 0
63 0
64 0
65 0
66 0
67 0
68 0
69 0
70 0
71 0
72 0
73 0
74 0
75 0
76 0
77 0
78 0
79 0
80 0
81 0
82 0
83 0
84 0
85 0
86 0
87 0
88 0
89 0
90 0
91 0
92 0
93 0
94 0
95 0
96 0
97 2
98 2
99 5
100 8
101 10
102 30
103 60
104 61
105 87
106 121
107 189
108 191
109 204
110 220
111 221
112 217
113 265
114 247
115 234
116 153
117 174
118 158
119 156
120 149
121 120
122 73
123 76
124 62
125 61
126 61
127 57
128 51
129 46
130 38
131 55
132 78
133 41
134 44
135 75
136 62
137 50
138 57
139 55
140 42
141 86
142 90
143 145
144 149
145 252
146 327
147 327
148 337
149 305
150 255
151 270
152 309
153 289
154 339
155 383
156 391
157 381
158 396
159 309
160 336
161 363
162 338
163 358
164 348
165 413
166 420
167 411
168 519
169 543
170 579
171 625
172 733
173 730
174 833
175 882
176 944
177 989
178 1043
179 1102
180 1072
181 1166
182 1142
183 1291
184 1210
185 1253
186 1212
187 1277
188 1296
189 1208
190 1249
191 1348
192 1372
193 1498
194 1528
195 1674
196 1821
197 2008
198 2208
199 2365
200 2548
201 2505
202 2657
203 2887
204 2871
205 2906
206 3027
207 3062
208 2951
209 2873
210 2865
211 2908
212 2857
213 2774
214 2803
215 2723
216 2911
217 2697
218 2803
219 2953
220 2874
221 2805
222 2762
223 2702
224 2798
225 2792
226 2622
227 2668
228 2789
229 2605
230 2600
231 2401
232 2360
233 2546
234 2497
235 2413
236 2281
237 2216
238 2252
239 2321
240 2163
241 2041
242 2030
243 1969
244 1851
245 1904
246 1798
247 1769
248 1795
249 1782
250 1635
251 1692
252 1589
253 1466
254 1583
255 1515
256 1495
257 1537
258 1489
259 1456
260 1423
261 1355
262 1318
263 1265
264 1237
265 1231
266 1135
267 1078
268 964
269 981
270 876
271 827
272 762
273 698
274 662
275 657
276 650
277 641
278 720
279 720
280 768
281 773
282 716
283 642
284 598
285 520
286 385
287 380
288 335
289 217
290 210
291 208
292 190
293 151
294 144
295 112
296 127
297 104
298 81
299 92
300 87
301 87
302 74
303 80
304 103
305 79
306 98
307 88
308 74
309 82
310 72
311 74
312 62
313 41
314 42
315 41
316 52
317 33
318 26
319 21
320 25
321 19
322 15
323 22
324 14
325 11
326 10
327 5
328 10
329 4
330 5
331 3
332 4
333 0
334 4
335 5
336 3
337 1
338 0
339 1
340 1
341 0
342 1
343 0
344 2
