0 0
1 0
2 0
3 0
4 0
5 0
6 0
7 0
8 0
9 0
10 0
11 0
12 0
13 0
14 0
15 0
16 0
17 0
18 0
19 0
20 0
21 0
22 0
23 0
24 0
25 0
26 0
27 0
28 0
29 0
30 0
31 0
32 0
33 0
34 0
35 0
36 0
37 0
38 0
39 0
40 0
41 0
42 0
43 0
44 0
45 0
46 0
47 0
48 0
49 0
50 0
51 0
52 0
53 0
54 0
55 0
56 0
57 0
58 0
59 0
60 0
61 0
62 0
63 0
64 0
65 2
66 0
67 0
68 0
69 0
70 2
71 0
72 2
73 0
74 0
75 0
76 0
77 0
78 0
79 2
80 2
81 4
82 0
83 3
84 1
85 0
86 1
87 1
88 0
89 4
90 6
91 7
92 1
93 5
94 8
95 4
96 4
97 2
98 4
99 7
100 6
101 10
102 5
103 4
104 13
105 6
106 11
107 11
108 15
109 14
110 16
111 20
112 19
113 22
114 12
115 28
116 24
117 23
118 26
119 42
120 50
121 55
122 57
123 69
124 87
125 100
126 96
127 85
128 115
129 126
130 142
131 148
132 217
133 253
134 328
135 475
136 408
137 535
138 479
139 469
140 366
141 274
142 296
143 255
144 252
145 296
146 285
147 313
148 355
149 382
150 306
151 366
152 446
153 453
154 544
155 548
156 598
157 653
158 713
159 767
160 877
161 904
162 935
163 934
164 969
165 1086
166 1052
167 1224
168 1284
169 1421
170 1653
171 1570
172 1711
173 1758
174 1719
175 1761
176 1727
177 1831
178 1674
179 1567
180 1571
181 1560
182 1625
183 1471
184 1512
185 1590
186 1513
187 1663
188 1651
189 1687
190 1696
191 1889
192 1949
193 2030
194 2063
195 2108
196 2052
197 2161
198 2175
199 2092
200 2047
201 2128
202 2218
203 2172
204 2187
205 2034
206 2111
207 2122
208 1999
209 2022
210 2077
211 1933
212 2100
213 2048
214 1958
215 2026
216 2027
217 1951
218 1907
219 2023
220 2020
221 1977
222 2095
223 1957
224 1902
225 1969
226 1972
227 2020
228 2079
229 2157
230 2077
231 2096
232 2195
233 2038
234 1998
235 1974
236 1931
237 1873
238 1885
239 1869
240 1778
241 1713
242 1561
243 1633
244 1496
245 1425
246 1398
247 1404
248 1423
249 1402
250 1397
251 1379
252 1382
253 1336
254 1323
255 1334
256 1404
257 1384
258 1362
259 1272
260 1218
261 1186
262 1126
263 1152
264 1189
265 1130
266 1269
267 1201
268 1240
269 1215
270 1108
271 1042
272 963
273 926
274 976
275 945
276 938
277 838
278 801
279 771
280 615
281 660
282 582
283 566
284 534
285 579
286 534
287 505
288 440
289 412
290 408
291 358
292 311
293 348
294 345
295 278
296 258
297 302
298 291
299 225
300 238
301 246
302 222
303 208
304 148
305 194
306 194
307 146
308 170
309 138
310 112
311 130
312 111
313 101
314 112
315 93
316 87
317 82
318 73
319 73
320 73
321 78
322 84
323 85
324 73
325 72
326 73
327 71
328 61
329 59
330 54
331 44
332 48
333 61
334 55
335 40
336 49
337 68
338 61
339 49
340 45
341 30
342 31
343 38
344 23
345 25
346 19
347 10
348 10
349 15
350 15
351 7
352 18
353 14
354 11
355 17
356 13
357 11
358 13
359 15
360 18
361 11
362 13
363 7
364 12
365 9
366 10
367 2
368 4
369 4
370 3
371 3
372 3
373 4
374 8
375 1
376 4
377 1
378 2
379 0
380 0
381 0
382 0
383 1
384 0
385 1
386 1
387 0
388 0
389 0
390 0
391 0
392 0
393 0
394 0
395 1
396 0
397 0
398 1
