0 0
1 0
2 0
3 0
4 0
5 0
6 0
7 0
8 0
9 0
10 0
11 0
12 0
13 0
14 0
15 0
16 0
17 0
18 0
19 0
20 0
21 0
22 0
23 0
24 0
25 0
26 0
27 0
28 0
29 0
30 0
31 0
32 0
33 0
34 0
35 0
36 0
37 0
38 0
39 0
40 0
41 0
42 0
43 0
44 0
45 0
46 0
47 0
48 0
49 0
50 0
51 0
52 0
53 0
54 0
55 0
56 0
57 0
58 0
59 0
60 0
61 0
62 0
63 0
64 0
65 0
66 0
67 0
68 0
69 0
70 0
71 0
72 0
73 0
74 0
75 0
76 0
77 0
78 0
79 0
80 0
81 0
82 0
83 0
84 0
85 0
86 0
87 0
88 0
89 0
90 0
91 0
92 0
93 0
94 0
95 0
96 0
97 0
98 0
99 0
100 0
101 0
102 0
103 0
104 0
105 0
106 0
107 0
108 0
109 0
110 0
111 0
112 0
113 0
114 0
115 0
116 0
117 0
118 0
119 0
120 0
121 1
122 1
123 0
124 1
125 4
126 2
127 1
128 4
129 4
130 7
131 8
132 9
133 9
134 5
135 10
136 23
137 27
138 32
139 26
140 28
141 39
142 57
143 59
144 76
145 97
146 138
147 169
148 203
149 266
150 313
151 249
152 273
153 282
154 262
155 261
156 324
157 375
158 394
159 442
160 444
161 457
162 488
163 452
164 410
165 426
166 554
167 552
168 553
169 622
170 581
171 569
172 726
173 663
174 706
175 726
176 897
177 840
178 949
179 905
180 942
181 991
182 1034
183 1195
184 1248
185 1280
186 1410
187 1452
188 1485
189 1572
190 1506
191 1647
192 1698
193 1858
194 1965
195 1900
196 2124
197 2190
198 2313
199 2407
200 2555
201 2544
202 2407
203 2577
204 2534
205 2502
206 2651
207 2513
208 2569
209 2495
210 2424
211 2458
212 2369
213 2338
214 2344
215 2520
216 2402
217 2417
218 2551
219 2602
220 2650
221 2741
222 2673
223 2630
224 2734
225 2727
226 2851
227 2771
228 2717
229 2873
230 2876
231 2759
232 2617
233 2627
234 2667
235 2535
236 2489
237 2567
238 2468
239 2380
240 2373
241 2207
242 2152
243 2155
244 2115
245 2143
246 2049
247 2021
248 2148
249 2054
250 2038
251 1986
252 1948
253 2034
254 1968
255 1874
256 1793
257 1691
258 1691
259 1595
260 1675
261 1563
262 1628
263 1560
264 1423
265 1547
266 1373
267 1233
268 1230
269 1189
270 1135
271 1036
272 928
273 1021
274 881
275 856
276 754
277 731
278 619
279 586
280 522
281 475
282 429
283 405
284 349
285 331
286 291
287 290
288 185
289 199
290 203
291 186
292 169
293 177
294 129
295 114
296 108
297 103
298 108
299 64
300 83
301 76
302 51
303 81
304 74
305 47
306 66
307 51
308 38
309 51
310 46
311 48
312 50
313 37
314 28
315 22
316 20
317 23
318 17
319 21
320 15
321 7
322 9
323 4
324 14
325 5
326 9
327 5
328 4
329 4
330 5
331 5
332 1
333 1
334 4
335 2
336 5
337 2
338 0
339 1
340 1
