0 0
1 0
2 0
3 0
4 0
5 0
6 0
7 0
8 0
9 0
10 0
11 0
12 0
13 0
14 0
15 0
16 0
17 0
18 0
19 0
20 0
21 0
22 0
23 0
24 0
25 0
26 0
27 0
28 0
29 0
30 0
31 0
32 0
33 0
34 0
35 0
36 0
37 0
38 0
39 0
40 0
41 0
42 0
43 0
44 0
45 0
46 0
47 0
48 0
49 0
50 0
51 0
52 0
53 0
54 0
55 0
56 0
57 0
58 0
59 0
60 0
61 0
62 0
63 0
64 0
65 0
66 0
67 0
68 0
69 0
70 0
71 0
72 0
73 0
74 0
75 0
76 0
77 0
78 0
79 0
80 0
81 0
82 0
83 0
84 0
85 0
86 0
87 0
88 0
89 0
90 0
91 0
92 0
93 0
94 0
95 0
96 0
97 0
98 0
99 0
100 0
101 0
102 0
103 0
104 0
105 0
106 0
107 0
108 0
109 0
110 0
111 0
112 0
113 0
114 0
115 3
116 7
117 0
118 3
119 3
120 7
121 14
122 0
123 9
124 3
125 14
126 11
127 19
128 38
129 33
130 36
131 46
132 61
133 80
134 108
135 107
136 162
137 197
138 187
139 212
140 268
141 267
142 320
143 346
144 378
145 412
146 427
147 408
148 452
149 532
150 537
151 568
152 559
153 591
154 614
155 623
156 681
157 707
158 690
159 776
160 803
161 768
162 794
163 827
164 812
165 891
166 844
167 882
168 927
169 1006
170 984
171 1067
172 1173
173 1250
174 1235
175 1333
176 1326
177 1363
178 1458
179 1507
180 1541
181 1773
182 1747
183 1776
184 1907
185 1905
186 2099
187 2098
188 2166
189 2172
190 2198
191 2086
192 2080
193 2071
194 2088
195 2070
196 2242
197 2245
198 2137
199 2295
200 2124
201 2326
202 2454
203 2383
204 2415
205 2592
206 2729
207 2699
208 2658
209 2465
210 2598
211 2515
212 2508
213 2429
214 2467
215 2430
216 2333
217 2323
218 2324
219 2249
220 2396
221 2231
222 2227
223 2267
224 2009
225 2027
226 1929
227 1910
228 1953
229 1854
230 1901
231 1889
232 1841
233 1793
234 1699
235 1625
236 1578
237 1516
238 1614
239 1467
240 1509
241 1501
242 1456
243 1423
244 1335
245 1388
246 1385
247 1306
248 1265
249 1284
250 1225
251 1190
252 1130
253 1186
254 1142
255 1175
256 1084
257 1160
258 1152
259 1189
260 1202
261 1076
262 1061
263 1147
264 1032
265 1132
266 989
267 978
268 926
269 849
270 897
271 756
272 798
273 740
274 771
275 747
276 669
277 719
278 723
279 762
280 722
281 688
282 737
283 702
284 619
285 627
286 601
287 554
288 548
289 530
290 519
291 482
292 508
293 389
294 369
295 377
296 389
297 399
298 383
299 376
300 365
301 327
302 329
303 303
304 334
305 326
306 316
307 311
308 331
309 276
310 271
311 261
312 268
313 206
314 208
315 174
316 175
317 159
318 109
319 90
320 115
321 100
322 131
323 90
324 87
325 93
326 72
327 80
328 61
329 70
330 63
331 75
332 51
333 72
334 49
335 71
336 65
337 66
338 69
339 67
340 47
341 41
342 24
343 34
344 20
345 11
346 22
347 12
348 17
349 15
350 8
351 11
352 16
353 3
354 15
355 11
356 13
357 5
358 15
359 8
360 12
361 5
362 9
363 3
364 5
365 2
366 8
367 3
368 5
369 1
370 4
371 2
372 0
373 3
374 2
375 0
376 1
377 2
378 0
379 0
380 0
381 1
