0 0
1 0
2 0
3 0
4 0
5 0
6 0
7 0
8 0
9 0
10 0
11 0
12 0
13 0
14 0
15 0
16 0
17 0
18 0
19 0
20 0
21 0
22 0
23 0
24 0
25 0
26 0
27 0
28 0
29 0
30 0
31 0
32 0
33 0
34 0
35 0
36 0
37 0
38 0
39 0
40 0
41 0
42 0
43 0
44 0
45 0
46 0
47 0
48 0
49 0
50 0
51 0
52 0
53 0
54 0
55 0
56 0
57 0
58 0
59 0
60 0
61 0
62 0
63 0
64 0
65 0
66 0
67 0
68 0
69 0
70 0
71 0
72 0
73 0
74 0
75 0
76 0
77 0
78 0
79 0
80 0
81 0
82 0
83 0
84 0
85 0
86 0
87 0
88 0
89 0
90 0
91 0
92 0
93 0
94 0
95 0
96 0
97 0
98 0
99 0
100 0
101 1
102 0
103 0
104 1
105 0
106 0
107 1
108 0
109 0
110 0
111 0
112 0
113 1
114 0
115 0
116 0
117 2
118 0
119 0
120 3
121 2
122 0
123 1
124 2
125 1
126 2
127 0
128 1
129 0
130 1
131 0
132 2
133 0
134 0
135 2
136 3
137 7
138 2
139 2
140 1
141 3
142 8
143 8
144 7
145 6
146 9
147 2
148 7
149 15
150 13
151 15
152 13
153 27
154 35
155 11
156 34
157 34
158 35
159 47
160 41
161 62
162 61
163 77
164 83
165 90
166 107
167 87
168 84
169 98
170 104
171 134
172 92
173 115
174 105
175 95
176 122
177 120
178 125
179 137
180 159
181 163
182 147
183 194
184 174
185 173
186 180
187 263
188 200
189 237
190 279
191 320
192 351
193 393
194 394
195 467
196 493
197 503
198 566
199 561
200 535
201 600
202 700
203 732
204 740
205 757
206 785
207 810
208 890
209 940
210 1044
211 1056
212 1096
213 1201
214 1155
215 1161
216 1266
217 1296
218 1389
219 1349
220 1440
221 1544
222 1482
223 1592
224 1756
225 1732
226 1906
227 1920
228 2173
229 2333
230 2379
231 2741
232 2673
233 3130
234 3239
235 3366
236 3493
237 3635
238 3583
239 3650
240 3591
241 3429
242 3366
243 3461
244 3458
245 3411
246 3497
247 3706
248 3532
249 3807
250 3859
251 3959
252 3898
253 3947
254 3929
255 3691
256 3445
257 3388
258 3099
259 3093
260 3012
261 2863
262 2734
263 2692
264 2693
265 2542
266 2674
267 2501
268 2392
269 2303
270 2338
271 2137
272 2102
273 1919
274 1865
275 1771
276 1540
277 1552
278 1493
279 1269
280 1261
281 1252
282 1132
283 1061
284 1017
285 845
286 840
287 764
288 804
289 652
290 740
291 671
292 703
293 712
294 691
295 716
296 666
297 638
298 600
299 576
300 558
301 515
302 602
303 508
304 435
305 436
306 372
307 374
308 324
309 316
310 341
311 313
312 281
313 285
314 275
315 288
316 250
317 196
318 217
319 222
320 215
321 217
322 207
323 198
324 178
325 183
326 174
327 168
328 162
329 167
330 198
331 178
332 156
333 156
334 175
335 134
336 168
337 156
338 166
339 136
340 158
341 115
342 103
343 65
344 60
345 36
346 20
347 10
348 17
349 5
350 8
351 5
352 3
353 1
