0 0
1 0
2 0
3 0
4 0
5 0
6 0
7 0
8 0
9 0
10 0
11 0
12 0
13 0
14 0
15 0
16 0
17 0
18 0
19 0
20 0
21 0
22 0
23 0
24 0
25 0
26 0
27 0
28 0
29 0
30 0
31 0
32 0
33 0
34 0
35 0
36 0
37 0
38 0
39 0
40 0
41 0
42 0
43 0
44 0
45 0
46 0
47 0
48 0
49 0
50 0
51 0
52 0
53 0
54 0
55 0
56 0
57 0
58 0
59 0
60 0
61 0
62 0
63 0
64 0
65 0
66 0
67 0
68 0
69 0
70 0
71 0
72 0
73 0
74 0
75 0
76 0
77 0
78 0
79 0
80 0
81 0
82 0
83 0
84 0
85 0
86 0
87 0
88 0
89 0
90 0
91 0
92 0
93 0
94 0
95 0
96 0
97 0
98 0
99 0
100 0
101 0
102 0
103 0
104 0
105 0
106 1
107 0
108 2
109 2
110 3
111 4
112 2
113 5
114 6
115 7
116 5
117 15
118 7
119 17
120 8
121 7
122 14
123 11
124 8
125 13
126 12
127 7
128 15
129 9
130 12
131 15
132 12
133 16
134 18
135 16
136 15
137 15
138 27
139 29
140 25
141 42
142 27
143 35
144 28
145 38
146 35
147 50
148 39
149 51
150 61
151 59
152 69
153 66
154 66
155 65
156 67
157 102
158 108
159 128
160 171
161 145
162 143
163 209
164 183
165 176
166 226
167 235
168 248
169 214
170 243
171 204
172 304
173 226
174 292
175 341
176 400
177 468
178 407
179 450
180 435
181 542
182 596
183 517
184 614
185 658
186 714
187 763
188 894
189 822
190 828
191 942
192 988
193 1010
194 988
195 1056
196 1081
197 1037
198 1201
199 1286
200 1214
201 1434
202 1419
203 1449
204 1565
205 1571
206 1672
207 1836
208 1645
209 1627
210 1801
211 1745
212 1872
213 1849
214 1960
215 1997
216 2048
217 2145
218 2251
219 2212
220 2329
221 2462
222 2517
223 2697
224 2663
225 2834
226 2918
227 2835
228 2759
229 2862
230 2706
231 2776
232 2607
233 2764
234 2626
235 2730
236 2531
237 2568
238 2526
239 2387
240 2458
241 2309
242 2278
243 2340
244 2315
245 2307
246 2258
247 2169
248 2210
249 2016
250 2182
251 2092
252 2113
253 2218
254 2162
255 2238
256 2308
257 2306
258 2297
259 2332
260 2531
261 2327
262 2423
263 2298
264 2348
265 2270
266 2279
267 2230
268 2143
269 2063
270 1895
271 1904
272 1697
273 1669
274 1782
275 1653
276 1560
277 1456
278 1434
279 1343
280 1315
281 1114
282 1062
283 984
284 999
285 1014
286 979
287 1039
288 1046
289 966
290 816
291 847
292 849
293 736
294 716
295 692
296 606
297 520
298 504
299 495
300 448
301 445
302 432
303 427
304 394
305 412
306 342
307 358
308 324
309 310
310 262
311 255
312 238
313 224
314 212
315 207
316 220
317 155
318 159
319 124
320 120
321 142
322 144
323 114
324 91
325 111
326 117
327 91
328 100
329 79
330 74
331 59
332 47
333 42
334 35
335 38
336 16
337 17
338 27
339 20
340 18
341 17
342 4
343 10
344 10
345 5
346 9
347 9
348 10
349 14
350 5
351 6
352 11
353 7
354 5
355 3
356 2
357 1
358 4
359 0
360 0
361 3
362 1
363 1
364 2
365 0
366 0
367 0
368 0
369 1
370 0
371 0
372 0
373 0
374 0
375 0
376 0
377 1
