0 0
1 0
2 0
3 0
4 0
5 0
6 0
7 0
8 0
9 0
10 0
11 0
12 0
13 0
14 0
15 0
16 0
17 0
18 0
19 0
20 0
21 0
22 0
23 0
24 0
25 0
26 0
27 0
28 0
29 0
30 0
31 0
32 0
33 0
34 0
35 0
36 0
37 0
38 0
39 0
40 0
41 0
42 0
43 0
44 0
45 0
46 0
47 0
48 0
49 0
50 0
51 0
52 0
53 0
54 0
55 0
56 0
57 0
58 0
59 0
60 0
61 0
62 0
63 0
64 0
65 0
66 0
67 0
68 0
69 0
70 0
71 0
72 0
73 0
74 0
75 0
76 0
77 0
78 0
79 0
80 0
81 0
82 0
83 0
84 0
85 0
86 0
87 0
88 0
89 0
90 1
91 0
92 0
93 0
94 1
95 0
96 0
97 1
98 1
99 0
100 0
101 2
102 2
103 2
104 0
105 3
106 4
107 0
108 2
109 2
110 1
111 3
112 2
113 0
114 3
115 3
116 5
117 4
118 7
119 2
120 5
121 3
122 11
123 15
124 16
125 12
126 14
127 24
128 23
129 27
130 18
131 18
132 26
133 22
134 35
135 29
136 35
137 30
138 28
139 40
140 39
141 30
142 43
143 36
144 44
145 29
146 46
147 51
148 46
149 41
150 47
151 47
152 58
153 64
154 61
155 58
156 70
157 59
158 95
159 87
160 108
161 126
162 93
163 121
164 104
165 116
166 105
167 114
168 105
169 124
170 136
171 146
172 196
173 141
174 145
175 166
176 175
177 193
178 176
179 229
180 260
181 256
182 254
183 316
184 378
185 398
186 420
187 423
188 488
189 499
190 541
191 527
192 493
193 590
194 558
195 539
196 605
197 644
198 591
199 589
200 627
201 666
202 627
203 672
204 654
205 764
206 758
207 808
208 924
209 937
210 1079
211 1125
212 1202
213 1287
214 1307
215 1378
216 1464
217 1367
218 1463
219 1442
220 1439
221 1425
222 1448
223 1435
224 1589
225 1577
226 1778
227 1747
228 1754
229 1625
230 1655
231 1642
232 1679
233 1776
234 1970
235 1907
236 1995
237 2037
238 2267
239 2206
240 2296
241 2361
242 2618
243 2755
244 2591
245 2643
246 2699
247 2816
248 2846
249 2923
250 2864
251 2887
252 2752
253 2955
254 2740
255 2700
256 2692
257 2595
258 2575
259 2649
260 2494
261 2391
262 2500
263 2497
264 2341
265 2358
266 2260
267 2188
268 2208
269 2148
270 2168
271 2072
272 2020
273 2004
274 2045
275 2064
276 2005
277 1999
278 2112
279 2172
280 2076
281 2092
282 1952
283 2041
284 2086
285 1934
286 1970
287 1933
288 1823
289 1755
290 1619
291 1701
292 1621
293 1355
294 1385
295 1429
296 1220
297 1294
298 1191
299 1233
300 1189
301 1109
302 1105
303 1136
304 1033
305 1060
306 967
307 972
308 930
309 820
310 751
311 705
312 648
313 546
314 578
315 535
316 425
317 417
318 360
319 398
320 381
321 348
322 295
323 327
324 257
325 244
326 282
327 251
328 222
329 189
330 195
331 161
332 135
333 134
334 96
335 110
336 87
337 98
338 79
339 89
340 76
341 67
342 59
343 50
344 49
345 33
346 25
347 26
348 26
349 23
350 33
351 28
352 23
353 19
354 18
355 19
356 18
357 9
358 13
359 17
360 10
361 6
362 9
363 6
364 3
365 6
366 7
367 1
368 4
369 0
370 2
371 3
372 0
373 1
374 5
375 0
376 1
377 0
378 0
379 0
380 2
