0 0
1 0
2 0
3 0
4 0
5 0
6 0
7 0
8 0
9 0
10 0
11 0
12 0
13 0
14 0
15 0
16 0
17 0
18 0
19 0
20 0
21 0
22 0
23 0
24 0
25 0
26 0
27 0
28 0
29 0
30 0
31 0
32 0
33 0
34 0
35 0
36 0
37 0
38 0
39 0
40 0
41 0
42 0
43 0
44 0
45 0
46 0
47 0
48 0
49 0
50 0
51 0
52 0
53 0
54 0
55 0
56 0
57 0
58 0
59 0
60 0
61 0
62 0
63 0
64 0
65 0
66 0
67 0
68 0
69 0
70 0
71 0
72 0
73 0
74 0
75 0
76 0
77 0
78 0
79 0
80 0
81 0
82 0
83 0
84 0
85 0
86 0
87 0
88 0
89 0
90 0
91 0
92 0
93 0
94 0
95 0
96 0
97 0
98 0
99 0
100 0
101 1
102 0
103 4
104 3
105 2
106 1
107 3
108 2
109 3
110 0
111 2
112 1
113 3
114 1
115 1
116 5
117 0
118 3
119 5
120 1
121 4
122 6
123 4
124 2
125 0
126 4
127 1
128 2
129 4
130 4
131 8
132 6
133 7
134 8
135 9
136 10
137 15
138 19
139 22
140 21
141 27
142 27
143 31
144 22
145 44
146 26
147 35
148 37
149 41
150 35
151 43
152 38
153 36
154 38
155 40
156 33
157 49
158 47
159 47
160 62
161 58
162 67
163 59
164 93
165 76
166 97
167 112
168 123
169 177
170 171
171 172
172 251
173 274
174 273
175 328
176 369
177 342
178 385
179 365
180 394
181 426
182 387
183 429
184 427
185 372
186 409
187 542
188 485
189 426
190 488
191 533
192 542
193 571
194 593
195 662
196 677
197 698
198 748
199 846
200 800
201 849
202 907
203 973
204 939
205 1070
206 1133
207 1185
208 1339
209 1385
210 1343
211 1526
212 1655
213 1854
214 2014
215 2161
216 2419
217 2567
218 2599
219 2489
220 2494
221 2429
222 2470
223 2500
224 2536
225 2501
226 2700
227 2764
228 2849
229 2768
230 2936
231 3104
232 2850
233 2985
234 2881
235 2892
236 2884
237 2941
238 2828
239 2944
240 2910
241 3022
242 2994
243 3054
244 3004
245 3079
246 3033
247 2847
248 2953
249 2938
250 3009
251 3023
252 3054
253 3064
254 2945
255 2843
256 3039
257 2936
258 3022
259 2948
260 2988
261 2975
262 3053
263 2891
264 2907
265 2721
266 2409
267 2292
268 2223
269 1986
270 1898
271 1737
272 1650
273 1555
274 1407
275 1355
276 1269
277 1312
278 1181
279 1175
280 1021
281 1065
282 983
283 944
284 923
285 841
286 871
287 764
288 780
289 652
290 716
291 623
292 565
293 556
294 530
295 519
296 454
297 424
298 443
299 298
300 367
301 301
302 258
303 265
304 251
305 230
306 201
307 209
308 183
309 165
310 167
311 120
312 144
313 137
314 94
315 88
316 71
317 41
318 63
319 63
320 49
321 69
322 59
323 53
324 47
325 59
326 42
327 45
328 44
329 39
330 54
331 38
332 45
333 41
334 52
335 47
336 48
337 61
338 59
339 47
340 41
341 33
342 39
343 32
344 27
345 27
346 11
347 15
348 12
349 23
350 5
351 1
352 6
353 10
354 10
355 3
356 4
357 3
358 11
359 3
360 4
361 5
362 4
363 4
364 1
365 0
366 0
367 0
368 1
369 1
370 1
371 0
372 0
373 0
374 2
