0 0
1 0
2 1
3 0
4 0
5 0
6 0
7 0
8 0
9 0
10 0
11 0
12 0
13 0
14 0
15 0
16 0
17 0
18 0
19 0
20 0
21 0
22 0
23 0
24 0
25 0
26 0
27 0
28 0
29 0
30 0
31 0
32 0
33 0
34 0
35 0
36 0
37 0
38 0
39 0
40 0
41 0
42 0
43 0
44 0
45 0
46 0
47 0
48 0
49 0
50 0
51 0
52 0
53 0
54 0
55 0
56 0
57 0
58 0
59 0
60 0
61 0
62 0
63 0
64 0
65 0
66 0
67 0
68 0
69 0
70 0
71 0
72 0
73 0
74 0
75 0
76 0
77 0
78 0
79 0
80 0
81 0
82 0
83 0
84 0
85 0
86 0
87 0
88 0
89 0
90 0
91 0
92 0
93 0
94 0
95 0
96 0
97 0
98 1
99 0
100 0
101 0
102 0
103 0
104 0
105 0
106 0
107 0
108 0
109 0
110 0
111 1
112 0
113 1
114 0
115 0
116 0
117 0
118 0
119 0
120 0
121 0
122 1
123 0
124 0
125 2
126 2
127 0
128 0
129 0
130 0
131 3
132 0
133 0
134 3
135 2
136 9
137 5
138 2
139 7
140 6
141 7
142 15
143 19
144 14
145 20
146 38
147 35
148 37
149 37
150 44
151 41
152 49
153 41
154 49
155 35
156 36
157 48
158 56
159 61
160 58
161 65
162 68
163 68
164 82
165 102
166 95
167 129
168 155
169 161
170 207
171 244
172 292
173 304
174 294
175 338
176 394
177 426
178 428
179 377
180 456
181 424
182 378
183 418
184 448
185 478
186 473
187 419
188 402
189 409
190 440
191 525
192 562
193 606
194 616
195 672
196 813
197 828
198 886
199 893
200 851
201 908
202 955
203 947
204 1011
205 1011
206 1086
207 1137
208 1121
209 1187
210 1191
211 1304
212 1302
213 1433
214 1411
215 1475
216 1572
217 1488
218 1689
219 1878
220 1905
221 1933
222 2095
223 2120
224 2260
225 2359
226 2556
227 2518
228 2514
229 2632
230 2607
231 2515
232 2521
233 2468
234 2319
235 2325
236 2367
237 2241
238 2356
239 2360
240 2480
241 2280
242 2418
243 2399
244 2538
245 2627
246 2507
247 2633
248 2453
249 2621
250 2555
251 2546
252 2576
253 2525
254 2703
255 2690
256 2786
257 2777
258 2849
259 2701
260 2608
261 2710
262 2539
263 2406
264 2428
265 2422
266 2397
267 2376
268 2237
269 2102
270 2195
271 2086
272 2024
273 1983
274 1910
275 1870
276 1908
277 1767
278 1761
279 1720
280 1612
281 1615
282 1607
283 1584
284 1507
285 1511
286 1447
287 1443
288 1328
289 1392
290 1286
291 1282
292 1245
293 1190
294 1199
295 1137
296 1164
297 992
298 960
299 977
300 833
301 828
302 702
303 618
304 516
305 511
306 454
307 433
308 357
309 346
310 329
311 321
312 257
313 245
314 229
315 214
316 227
317 213
318 174
319 194
320 156
321 175
322 135
323 132
324 124
325 149
326 141
327 131
328 123
329 116
330 123
331 112
332 127
333 130
334 108
335 92
336 98
337 104
338 83
339 105
340 109
341 60
342 52
343 58
344 49
345 39
346 21
347 19
348 24
349 13
350 16
351 25
352 24
353 31
354 49
355 32
356 35
357 39
358 30
359 31
360 27
361 31
362 42
363 31
364 37
365 41
366 36
367 34
368 23
369 13
370 14
371 24
372 9
373 14
374 4
375 6
376 2
377 1
378 2
