0 0
1 0
2 0
3 0
4 0
5 0
6 0
7 0
8 0
9 0
10 0
11 0
12 0
13 0
14 0
15 0
16 0
17 0
18 0
19 0
20 0
21 0
22 0
23 0
24 0
25 0
26 0
27 0
28 0
29 0
30 0
31 0
32 0
33 0
34 0
35 0
36 0
37 0
38 0
39 0
40 0
41 0
42 0
43 0
44 0
45 0
46 0
47 0
48 0
49 0
50 0
51 0
52 0
53 0
54 0
55 0
56 0
57 0
58 0
59 0
60 0
61 0
62 0
63 0
64 0
65 0
66 0
67 0
68 0
69 0
70 0
71 0
72 0
73 0
74 0
75 0
76 0
77 0
78 0
79 0
80 0
81 0
82 0
83 0
84 0
85 0
86 0
87 0
88 1
89 0
90 0
91 1
92 0
93 0
94 0
95 0
96 0
97 0
98 0
99 0
100 0
101 0
102 0
103 1
104 0
105 0
106 0
107 0
108 0
109 2
110 2
111 0
112 1
113 0
114 6
115 2
116 3
117 4
118 9
119 4
120 4
121 10
122 15
123 20
124 6
125 17
126 17
127 19
128 12
129 16
130 27
131 35
132 34
133 41
134 73
135 58
136 91
137 104
138 96
139 94
140 90
141 138
142 124
143 128
144 183
145 139
146 172
147 172
148 177
149 172
150 210
151 198
152 182
153 227
154 226
155 244
156 239
157 243
158 281
159 286
160 349
161 369
162 379
163 394
164 457
165 561
166 629
167 730
168 818
169 902
170 917
171 980
172 1120
173 1098
174 1119
175 1140
176 1252
177 1216
178 1304
179 1288
180 1442
181 1372
182 1405
183 1557
184 1733
185 1708
186 1823
187 1850
188 1830
189 1969
190 1938
191 1869
192 1913
193 1882
194 1812
195 1907
196 1809
197 1791
198 1883
199 1957
200 1924
201 1895
202 1751
203 1828
204 1759
205 1832
206 1831
207 1816
208 1835
209 1872
210 1816
211 1806
212 1756
213 1768
214 1902
215 1799
216 1770
217 1788
218 1837
219 1906
220 2015
221 2238
222 2353
223 2624
224 2469
225 2399
226 2373
227 2515
228 2427
229 2499
230 2574
231 2412
232 2590
233 2610
234 2445
235 2437
236 2370
237 2311
238 2415
239 2220
240 2169
241 2160
242 2137
243 1911
244 1993
245 1997
246 1974
247 2010
248 1925
249 1999
250 1982
251 2115
252 1913
253 1978
254 1950
255 1769
256 1826
257 1861
258 1772
259 1831
260 1787
261 1627
262 1567
263 1507
264 1437
265 1383
266 1319
267 1262
268 1273
269 1128
270 1132
271 983
272 940
273 884
274 886
275 838
276 753
277 738
278 725
279 597
280 620
281 611
282 527
283 505
284 557
285 447
286 501
287 470
288 446
289 385
290 437
291 465
292 365
293 354
294 367
295 361
296 304
297 304
298 317
299 300
300 326
301 287
302 288
303 284
304 238
305 276
306 280
307 297
308 319
309 279
310 287
311 254
312 302
313 340
314 279
315 263
316 252
317 276
318 254
319 187
320 234
321 199
322 188
323 199
324 128
325 134
326 127
327 120
328 126
329 93
330 85
331 79
332 84
333 97
334 82
335 80
336 68
337 81
338 68
339 65
340 54
341 59
342 45
343 65
344 50
345 51
346 30
347 30
348 17
349 21
350 23
351 34
352 23
353 27
354 23
355 13
356 20
357 18
358 13
359 14
360 12
361 14
362 13
363 7
364 5
365 6
366 14
367 13
368 9
369 6
370 19
371 11
372 7
373 6
374 9
375 7
376 1
377 2
378 2
379 2
380 1
