0 0
1 0
2 0
3 0
4 0
5 0
6 0
7 0
8 0
9 0
10 0
11 0
12 0
13 0
14 0
15 0
16 0
17 0
18 0
19 0
20 0
21 0
22 0
23 0
24 0
25 0
26 0
27 0
28 0
29 0
30 0
31 0
32 0
33 0
34 0
35 0
36 0
37 0
38 0
39 0
40 0
41 0
42 0
43 0
44 0
45 0
46 0
47 0
48 0
49 0
50 0
51 0
52 0
53 0
54 0
55 0
56 0
57 0
58 0
59 0
60 0
61 0
62 0
63 0
64 0
65 0
66 0
67 0
68 0
69 0
70 0
71 0
72 0
73 0
74 3
75 0
76 1
77 0
78 1
79 0
80 0
81 2
82 0
83 1
84 2
85 5
86 1
87 0
88 3
89 3
90 6
91 1
92 0
93 4
94 3
95 0
96 2
97 0
98 0
99 3
100 0
101 0
102 4
103 1
104 2
105 5
106 2
107 2
108 5
109 7
110 3
111 3
112 11
113 9
114 1
115 10
116 8
117 11
118 16
119 11
120 15
121 10
122 12
123 18
124 10
125 12
126 15
127 19
128 16
129 16
130 27
131 24
132 35
133 30
134 34
135 34
136 37
137 27
138 35
139 46
140 57
141 47
142 30
143 59
144 45
145 45
146 37
147 60
148 33
149 54
150 54
151 60
152 59
153 48
154 55
155 56
156 52
157 54
158 69
159 56
160 61
161 93
162 95
163 87
164 100
165 95
166 100
167 97
168 94
169 102
170 123
171 102
172 146
173 107
174 132
175 155
176 144
177 138
178 138
179 161
180 174
181 176
182 185
183 217
184 196
185 206
186 207
187 234
188 262
189 286
190 282
191 347
192 366
193 366
194 461
195 495
196 462
197 469
198 486
199 517
200 574
201 572
202 632
203 699
204 668
205 743
206 919
207 924
208 1027
209 972
210 1100
211 1073
212 1130
213 1229
214 1252
215 1291
216 1384
217 1504
218 1377
219 1556
220 1456
221 1524
222 1481
223 1461
224 1573
225 1539
226 1547
227 1768
228 1679
229 1727
230 1671
231 1664
232 1605
233 1597
234 1566
235 1706
236 1597
237 1644
238 1699
239 1813
240 1817
241 1827
242 1869
243 1953
244 1919
245 1970
246 1976
247 2093
248 2098
249 2139
250 2157
251 2303
252 2358
253 2520
254 2466
255 2672
256 2688
257 2768
258 2816
259 2873
260 3003
261 2859
262 2927
263 2929
264 2916
265 2928
266 2890
267 2713
268 2939
269 2863
270 2862
271 2766
272 2784
273 2755
274 2936
275 2868
276 2722
277 2727
278 2699
279 2687
280 2385
281 2449
282 2237
283 2320
284 2336
285 2206
286 2146
287 2109
288 1932
289 1824
290 1675
291 1582
292 1605
293 1427
294 1465
295 1369
296 1330
297 1186
298 1136
299 979
300 1052
301 859
302 897
303 808
304 735
305 697
306 680
307 588
308 605
309 568
310 559
311 536
312 522
313 531
314 460
315 481
316 420
317 420
318 478
319 447
320 485
321 460
322 415
323 459
324 421
325 387
326 381
327 300
328 368
329 313
330 315
331 276
332 242
333 246
334 227
335 210
336 183
337 178
338 152
339 173
340 188
341 155
342 150
343 139
344 127
345 98
346 115
347 123
348 94
349 98
350 76
351 70
352 52
353 41
354 28
355 16
356 16
357 19
358 14
359 17
360 11
361 10
362 16
363 5
364 11
365 4
366 6
367 8
368 8
369 7
370 2
371 4
372 2
373 2
374 5
375 1
376 4
377 1
378 2
379 1
380 0
381 1
382 0
383 0
384 0
385 0
386 1
