0 0
1 0
2 0
3 0
4 0
5 0
6 0
7 0
8 0
9 0
10 0
11 0
12 0
13 0
14 0
15 0
16 0
17 0
18 0
19 0
20 0
21 0
22 0
23 0
24 0
25 0
26 0
27 0
28 0
29 0
30 0
31 0
32 0
33 0
34 0
35 0
36 0
37 0
38 0
39 0
40 0
41 0
42 0
43 0
44 0
45 0
46 0
47 0
48 0
49 0
50 0
51 0
52 0
53 0
54 0
55 0
56 0
57 0
58 0
59 0
60 0
61 0
62 0
63 0
64 0
65 0
66 0
67 0
68 0
69 0
70 0
71 0
72 0
73 0
74 0
75 0
76 0
77 0
78 0
79 0
80 0
81 0
82 0
83 0
84 0
85 0
86 0
87 0
88 0
89 0
90 0
91 0
92 0
93 0
94 0
95 0
96 0
97 0
98 0
99 0
100 0
101 0
102 2
103 0
104 0
105 3
106 1
107 2
108 0
109 0
110 4
111 6
112 5
113 2
114 2
115 2
116 3
117 8
118 4
119 13
120 6
121 8
122 9
123 14
124 16
125 12
126 15
127 19
128 21
129 30
130 21
131 22
132 38
133 35
134 27
135 45
136 45
137 40
138 36
139 52
140 46
141 58
142 65
143 82
144 77
145 89
146 108
147 121
148 139
149 168
150 202
151 157
152 211
153 184
154 212
155 268
156 274
157 303
158 283
159 339
160 319
161 385
162 371
163 376
164 395
165 501
166 526
167 476
168 561
169 534
170 580
171 624
172 674
173 662
174 694
175 703
176 751
177 870
178 850
179 948
180 931
181 975
182 1071
183 1097
184 1162
185 1182
186 1264
187 1095
188 1127
189 1204
190 1104
191 1152
192 1101
193 1188
194 1228
195 1359
196 1344
197 1505
198 1544
199 1635
200 1762
201 1836
202 1937
203 2033
204 2189
205 2272
206 2364
207 2504
208 2691
209 2854
210 3105
211 3205
212 3504
213 3462
214 3382
215 3350
216 3349
217 3141
218 3224
219 3133
220 3202
221 3107
222 3026
223 2879
224 2711
225 2658
226 2643
227 2682
228 2569
229 2699
230 2430
231 2557
232 2443
233 2402
234 2314
235 2316
236 2466
237 2476
238 2390
239 2535
240 2610
241 2479
242 2378
243 2345
244 2187
245 2106
246 2084
247 1917
248 1911
249 1938
250 1873
251 1772
252 1744
253 1626
254 1664
255 1627
256 1485
257 1465
258 1447
259 1494
260 1494
261 1417
262 1397
263 1279
264 1434
265 1350
266 1256
267 1258
268 1173
269 1214
270 1141
271 1016
272 962
273 931
274 877
275 849
276 861
277 705
278 717
279 718
280 595
281 581
282 604
283 560
284 485
285 443
286 428
287 470
288 462
289 389
290 360
291 339
292 379
293 362
294 327
295 317
296 292
297 266
298 269
299 254
300 242
301 217
302 241
303 186
304 197
305 193
306 172
307 203
308 182
309 162
310 156
311 174
312 181
313 168
314 196
315 171
316 174
317 137
318 152
319 144
320 131
321 111
322 95
323 83
324 84
325 57
326 56
327 56
328 38
329 44
330 43
331 45
332 41
333 33
334 28
335 20
336 25
337 13
338 32
339 14
340 24
341 23
342 19
343 20
344 9
345 11
346 9
347 12
348 5
349 14
350 12
351 9
352 11
353 11
354 10
355 7
356 15
357 8
358 9
359 6
360 6
361 4
362 7
363 5
364 2
365 9
366 4
367 1
368 5
369 2
370 2
371 4
372 3
373 6
374 5
375 4
376 8
377 8
378 4
379 6
380 7
381 6
382 6
383 6
384 4
385 7
386 3
387 2
388 4
389 3
390 2
391 3
392 3
393 0
394 1
395 0
396 0
397 0
398 1
