0 0
1 0
2 0
3 0
4 0
5 0
6 0
7 0
8 0
9 0
10 0
11 0
12 0
13 0
14 0
15 0
16 0
17 0
18 0
19 0
20 0
21 0
22 0
23 0
24 0
25 0
26 0
27 0
28 0
29 0
30 0
31 0
32 0
33 0
34 0
35 0
36 0
37 0
38 0
39 0
40 0
41 0
42 0
43 0
44 0
45 0
46 0
47 0
48 0
49 0
50 0
51 0
52 0
53 0
54 0
55 0
56 0
57 0
58 0
59 0
60 0
61 0
62 0
63 0
64 0
65 0
66 0
67 0
68 0
69 0
70 0
71 0
72 0
73 0
74 0
75 0
76 0
77 0
78 0
79 0
80 0
81 0
82 0
83 0
84 0
85 0
86 0
87 0
88 0
89 0
90 0
91 0
92 0
93 0
94 0
95 0
96 0
97 0
98 0
99 0
100 0
101 0
102 0
103 0
104 0
105 0
106 0
107 0
108 0
109 0
110 0
111 0
112 1
113 0
114 2
115 3
116 3
117 2
118 7
119 5
120 7
121 10
122 5
123 9
124 12
125 11
126 18
127 13
128 11
129 13
130 23
131 17
132 21
133 16
134 29
135 21
136 40
137 23
138 49
139 39
140 37
141 32
142 31
143 54
144 45
145 51
146 52
147 70
148 77
149 80
150 83
151 75
152 105
153 109
154 139
155 144
156 160
157 171
158 201
159 229
160 269
161 283
162 349
163 375
164 352
165 297
166 343
167 386
168 395
169 416
170 443
171 454
172 456
173 460
174 424
175 533
176 560
177 632
178 588
179 667
180 642
181 697
182 739
183 750
184 839
185 870
186 948
187 880
188 928
189 977
190 956
191 964
192 1024
193 1016
194 1176
195 1230
196 1230
197 1391
198 1431
199 1437
200 1456
201 1637
202 1656
203 1800
204 1875
205 2028
206 2109
207 2122
208 2175
209 2359
210 2407
211 2682
212 2489
213 2721
214 2586
215 2507
216 2432
217 2367
218 2356
219 2246
220 2412
221 2324
222 2334
223 2271
224 2468
225 2413
226 2417
227 2561
228 2702
229 2612
230 2867
231 3015
232 2904
233 2860
234 3035
235 3090
236 2815
237 2921
238 2843
239 2900
240 2870
241 2746
242 2752
243 2579
244 2471
245 2450
246 2508
247 2414
248 2286
249 2249
250 2235
251 2219
252 2180
253 2092
254 2004
255 1911
256 1872
257 1721
258 1647
259 1604
260 1614
261 1527
262 1570
263 1592
264 1463
265 1375
266 1418
267 1323
268 1302
269 1275
270 1163
271 1177
272 1298
273 1168
274 1302
275 1289
276 1265
277 1287
278 1253
279 1205
280 1102
281 1074
282 1000
283 945
284 912
285 900
286 784
287 819
288 785
289 705
290 641
291 660
292 589
293 509
294 518
295 462
296 454
297 466
298 429
299 411
300 391
301 346
302 312
303 314
304 264
305 280
306 246
307 230
308 236
309 259
310 235
311 280
312 249
313 247
314 224
315 215
316 166
317 171
318 173
319 173
320 127
321 95
322 112
323 87
324 97
325 104
326 70
327 92
328 74
329 63
330 62
331 54
332 50
333 43
334 35
335 51
336 36
337 30
338 31
339 28
340 15
341 20
342 20
343 13
344 13
345 10
346 15
347 8
348 12
349 6
350 14
351 6
352 9
353 2
354 4
355 2
356 0
357 3
