0 0
1 0
2 0
3 0
4 0
5 0
6 0
7 0
8 0
9 0
10 0
11 0
12 0
13 0
14 0
15 0
16 0
17 0
18 0
19 0
20 0
21 0
22 0
23 0
24 0
25 0
26 0
27 0
28 0
29 0
30 0
31 0
32 0
33 0
34 0
35 0
36 0
37 0
38 0
39 0
40 1
41 0
42 0
43 0
44 0
45 0
46 0
47 0
48 0
49 0
50 0
51 0
52 0
53 0
54 0
55 0
56 0
57 0
58 0
59 0
60 0
61 0
62 0
63 0
64 0
65 0
66 0
67 0
68 0
69 0
70 0
71 0
72 0
73 0
74 0
75 0
76 0
77 0
78 0
79 0
80 0
81 0
82 0
83 1
84 1
85 0
86 1
87 2
88 0
89 1
90 1
91 3
92 1
93 1
94 3
95 2
96 3
97 2
98 7
99 8
100 5
101 10
102 6
103 12
104 6
105 16
106 7
107 5
108 13
109 12
110 10
111 9
112 35
113 31
114 42
115 92
116 95
117 96
118 116
119 113
120 117
121 80
122 74
123 65
124 34
125 49
126 34
127 37
128 56
129 28
130 68
131 47
132 53
133 57
134 58
135 62
136 53
137 57
138 93
139 76
140 73
141 78
142 82
143 123
144 141
145 140
146 166
147 178
148 206
149 197
150 192
151 190
152 228
153 233
154 265
155 280
156 277
157 295
158 285
159 402
160 381
161 399
162 439
163 538
164 571
165 600
166 632
167 665
168 757
169 809
170 809
171 856
172 969
173 960
174 1124
175 1055
176 1136
177 1105
178 1206
179 1216
180 1286
181 1330
182 1345
183 1520
184 1561
185 1711
186 1665
187 1716
188 1934
189 1908
190 2065
191 2027
192 2121
193 2175
194 2335
195 2264
196 2211
197 2488
198 2383
199 2470
200 2583
201 2510
202 2375
203 2516
204 2475
205 2468
206 2391
207 2545
208 2572
209 2485
210 2579
211 2446
212 2604
213 2500
214 2623
215 2587
216 2719
217 2560
218 2600
219 2754
220 2846
221 2823
222 2848
223 2776
224 2877
225 2859
226 2767
227 2738
228 2819
229 2929
230 2722
231 2728
232 2674
233 2738
234 2725
235 2637
236 2596
237 2448
238 2518
239 2518
240 2457
241 2456
242 2224
243 2224
244 2223
245 2170
246 2090
247 2025
248 1821
249 1735
250 1756
251 1684
252 1656
253 1573
254 1472
255 1578
256 1423
257 1407
258 1389
259 1307
260 1146
261 1062
262 1026
263 969
264 936
265 912
266 869
267 854
268 810
269 768
270 828
271 723
272 712
273 655
274 584
275 586
276 521
277 482
278 419
279 400
280 332
281 364
282 307
283 266
284 212
285 196
286 164
287 155
288 137
289 112
290 92
291 76
292 69
293 69
294 54
295 55
296 35
297 37
298 37
299 23
300 30
301 36
302 34
303 22
304 23
305 35
306 17
307 17
308 19
309 13
310 15
311 17
312 10
313 11
314 10
315 8
316 7
317 4
318 4
319 1
320 1
321 2
322 0
323 3
324 0
325 1
326 0
327 0
328 1
329 1
