0 1
1 0
2 0
3 0
4 0
5 0
6 0
7 0
8 0
9 0
10 0
11 0
12 0
13 0
14 0
15 0
16 0
17 0
18 0
19 0
20 0
21 0
22 0
23 1
24 0
25 1
26 0
27 0
28 0
29 0
30 1
31 1
32 2
33 1
34 1
35 2
36 2
37 3
38 1
39 1
40 2
41 1
42 1
43 2
44 5
45 5
46 8
47 7
48 6
49 2
50 5
51 7
52 3
53 6
54 6
55 6
56 2
57 6
58 5
59 2
60 3
61 1
62 4
63 3
64 3
65 2
66 5
67 4
68 2
69 2
70 4
71 3
72 4
73 1
74 3
75 6
76 4
77 1
78 4
79 6
80 2
81 6
82 3
83 4
84 3
85 3
86 1
87 2
88 1
89 4
90 0
91 2
92 1
93 5
94 1
95 1
96 1
97 2
98 0
99 0
100 3
101 1
102 3
103 5
104 1
105 3
106 14
107 8
108 4
109 12
110 10
111 22
112 11
113 16
114 22
115 29
116 29
117 35
118 45
119 46
120 36
121 75
122 54
123 51
124 75
125 65
126 64
127 77
128 61
129 77
130 64
131 67
132 119
133 74
134 116
135 113
136 144
137 90
138 104
139 107
140 146
141 125
142 148
143 170
144 166
145 217
146 234
147 241
148 249
149 254
150 301
151 320
152 372
153 437
154 419
155 460
156 508
157 508
158 465
159 534
160 597
161 529
162 672
163 635
164 670
165 691
166 786
167 843
168 991
169 1071
170 1136
171 1307
172 1346
173 1456
174 1435
175 1511
176 1658
177 1593
178 1563
179 1813
180 1642
181 1869
182 1826
183 1952
184 2124
185 2234
186 2385
187 2306
188 2294
189 2503
190 2281
191 2430
192 2332
193 2458
194 2328
195 2437
196 2379
197 2267
198 2424
199 2264
200 2345
201 2401
202 2367
203 2419
204 2616
205 2505
206 2659
207 2717
208 2837
209 2632
210 2647
211 2733
212 2668
213 2650
214 2681
215 2640
216 2680
217 2524
218 2456
219 2477
220 2521
221 2254
222 2386
223 2185
224 2236
225 2258
226 2293
227 2182
228 2278
229 2246
230 2150
231 2189
232 2118
233 2261
234 2196
235 2202
236 2066
237 2063
238 1974
239 1870
240 1822
241 1743
242 1721
243 1696
244 1553
245 1647
246 1605
247 1577
248 1490
249 1573
250 1575
251 1590
252 1609
253 1658
254 1605
255 1461
256 1453
257 1314
258 1252
259 1214
260 1059
261 972
262 1012
263 996
264 936
265 865
266 876
267 756
268 734
269 687
270 619
271 670
272 585
273 537
274 501
275 572
276 546
277 513
278 407
279 412
280 378
281 373
282 354
283 300
284 240
285 243
286 216
287 208
288 196
289 156
290 151
291 142
292 135
293 119
294 106
295 122
296 107
297 82
298 97
299 78
300 61
301 97
302 65
303 48
304 56
305 48
306 53
307 44
308 24
309 25
310 18
311 18
312 12
313 17
314 11
315 20
316 16
317 13
318 10
319 17
320 11
321 11
322 18
323 10
324 8
325 12
326 11
327 8
328 9
329 7
330 3
331 1
332 1
333 4
334 0
335 5
336 2
337 7
338 0
339 0
340 2
341 0
342 2
343 2
