0 0
1 0
2 0
3 0
4 0
5 0
6 0
7 0
8 0
9 0
10 0
11 0
12 0
13 0
14 0
15 0
16 0
17 0
18 0
19 0
20 0
21 0
22 0
23 0
24 0
25 0
26 0
27 0
28 0
29 0
30 0
31 0
32 0
33 0
34 0
35 0
36 0
37 0
38 0
39 0
40 0
41 0
42 0
43 0
44 0
45 0
46 0
47 0
48 0
49 0
50 0
51 0
52 0
53 0
54 0
55 0
56 0
57 0
58 0
59 0
60 0
61 0
62 0
63 0
64 0
65 0
66 0
67 0
68 0
69 0
70 0
71 0
72 0
73 0
74 0
75 0
76 0
77 0
78 1
79 0
80 0
81 0
82 0
83 0
84 0
85 0
86 0
87 0
88 1
89 1
90 2
91 0
92 2
93 0
94 1
95 0
96 5
97 0
98 5
99 2
100 4
101 3
102 1
103 0
104 2
105 7
106 7
107 2
108 4
109 10
110 1
111 11
112 6
113 5
114 3
115 4
116 3
117 5
118 5
119 7
120 9
121 11
122 3
123 8
124 11
125 2
126 10
127 4
128 11
129 10
130 10
131 8
132 12
133 13
134 12
135 24
136 18
137 13
138 34
139 19
140 38
141 23
142 31
143 27
144 41
145 44
146 23
147 37
148 40
149 25
150 46
151 47
152 32
153 48
154 51
155 54
156 60
157 46
158 30
159 56
160 47
161 53
162 46
163 60
164 44
165 76
166 78
167 78
168 69
169 85
170 112
171 96
172 123
173 97
174 103
175 124
176 116
177 137
178 179
179 141
180 220
181 233
182 278
183 333
184 301
185 327
186 346
187 378
188 358
189 394
190 404
191 390
192 444
193 577
194 543
195 572
196 645
197 703
198 678
199 731
200 792
201 848
202 816
203 877
204 817
205 862
206 950
207 913
208 1059
209 1086
210 1139
211 1088
212 1175
213 1300
214 1341
215 1432
216 1502
217 1626
218 1722
219 1848
220 2036
221 1958
222 2188
223 2240
224 2546
225 2521
226 2683
227 2765
228 2781
229 2689
230 2701
231 2682
232 2670
233 2579
234 2711
235 2566
236 2652
237 2585
238 2590
239 2701
240 2623
241 2703
242 2865
243 2906
244 2924
245 2922
246 2906
247 2775
248 2749
249 2920
250 2785
251 2737
252 2847
253 2818
254 2867
255 2784
256 2819
257 2850
258 2897
259 2999
260 2878
261 2778
262 2879
263 2725
264 2671
265 2690
266 2603
267 2620
268 2542
269 2622
270 2433
271 2408
272 2131
273 2225
274 2086
275 2155
276 2051
277 1789
278 1747
279 1554
280 1523
281 1500
282 1529
283 1433
284 1377
285 1328
286 1489
287 1440
288 1353
289 1329
290 1108
291 996
292 915
293 824
294 678
295 670
296 638
297 567
298 522
299 533
300 536
301 481
302 486
303 465
304 421
305 469
306 360
307 385
308 382
309 360
310 355
311 382
312 350
313 407
314 375
315 331
316 360
317 318
318 277
319 265
320 206
321 217
322 180
323 144
324 121
325 132
326 87
327 78
328 59
329 36
330 39
331 45
332 20
333 24
334 27
335 16
336 12
337 13
338 10
339 6
340 3
341 8
342 6
343 4
344 5
345 3
346 9
347 6
348 5
349 4
350 5
351 2
352 4
353 3
354 2
355 3
356 3
357 5
358 2
359 2
360 1
361 5
362 5
363 3
364 0
365 2
366 2
367 2
368 2
369 0
370 1
371 2
372 0
373 2
374 0
375 0
376 0
377 0
378 0
379 0
380 0
381 1
382 0
383 1
384 0
385 1
386 0
387 1
388 0
389 2
