0 0
1 0
2 0
3 0
4 0
5 0
6 0
7 0
8 0
9 0
10 0
11 0
12 0
13 0
14 0
15 0
16 0
17 0
18 0
19 0
20 0
21 0
22 0
23 0
24 0
25 0
26 0
27 0
28 0
29 0
30 0
31 0
32 0
33 0
34 0
35 0
36 0
37 0
38 0
39 0
40 0
41 0
42 0
43 0
44 0
45 0
46 0
47 0
48 0
49 0
50 0
51 0
52 0
53 0
54 0
55 0
56 0
57 0
58 0
59 0
60 0
61 0
62 0
63 0
64 0
65 0
66 0
67 0
68 0
69 0
70 0
71 0
72 0
73 0
74 0
75 0
76 0
77 0
78 0
79 0
80 0
81 0
82 0
83 0
84 0
85 0
86 0
87 0
88 0
89 0
90 0
91 0
92 0
93 0
94 3
95 0
96 0
97 8
98 10
99 2
100 4
101 4
102 8
103 6
104 2
105 6
106 7
107 4
108 4
109 13
110 6
111 3
112 2
113 3
114 2
115 3
116 2
117 6
118 3
119 8
120 6
121 5
122 5
123 13
124 22
125 11
126 14
127 15
128 16
129 19
130 42
131 38
132 33
133 40
134 66
135 63
136 55
137 73
138 108
139 125
140 104
141 114
142 134
143 159
144 138
145 166
146 173
147 189
148 222
149 232
150 255
151 284
152 311
153 353
154 362
155 393
156 425
157 439
158 491
159 506
160 550
161 553
162 624
163 653
164 613
165 691
166 827
167 890
168 969
169 998
170 1148
171 1293
172 1408
173 1509
174 1681
175 1712
176 2023
177 1999
178 2112
179 2333
180 2202
181 2112
182 2211
183 2157
184 2079
185 2147
186 2059
187 2131
188 2148
189 2125
190 2301
191 2249
192 2371
193 2605
194 2653
195 2722
196 2682
197 2711
198 2716
199 2756
200 2652
201 2532
202 2472
203 2332
204 2363
205 2388
206 2321
207 2363
208 2337
209 2370
210 2456
211 2316
212 2444
213 2445
214 2430
215 2547
216 2433
217 2479
218 2566
219 2493
220 2570
221 2593
222 2611
223 2569
224 2436
225 2382
226 2388
227 2330
228 2390
229 2265
230 2117
231 2106
232 1926
233 1993
234 1992
235 1839
236 1764
237 1838
238 1901
239 1841
240 1814
241 1754
242 1731
243 1704
244 1733
245 1656
246 1653
247 1593
248 1533
249 1558
250 1561
251 1539
252 1350
253 1450
254 1304
255 1320
256 1236
257 1204
258 1143
259 1100
260 1115
261 1071
262 930
263 936
264 891
265 894
266 855
267 848
268 748
269 743
270 702
271 659
272 627
273 582
274 534
275 467
276 411
277 419
278 390
279 371
280 407
281 367
282 287
283 301
284 291
285 329
286 274
287 276
288 266
289 256
290 235
291 224
292 182
293 185
294 173
295 144
296 128
297 141
298 107
299 88
300 111
301 66
302 89
303 82
304 63
305 74
306 66
307 47
308 53
309 66
310 35
311 59
312 49
313 53
314 57
315 44
316 52
317 50
318 44
319 29
320 40
321 24
322 39
323 32
324 28
325 22
326 24
327 21
328 14
329 13
330 16
331 13
332 17
333 10
334 15
335 10
336 13
337 7
338 3
339 13
340 9
341 9
342 7
343 8
344 9
345 6
346 8
347 8
348 3
349 4
350 1
351 2
352 6
353 1
354 0
355 0
356 1
