0 0
1 0
2 0
3 0
4 0
5 0
6 0
7 0
8 0
9 0
10 0
11 0
12 0
13 0
14 0
15 0
16 0
17 0
18 0
19 0
20 0
21 0
22 0
23 0
24 0
25 0
26 0
27 0
28 0
29 0
30 0
31 0
32 0
33 0
34 0
35 0
36 0
37 0
38 0
39 0
40 0
41 0
42 0
43 0
44 0
45 0
46 0
47 0
48 0
49 0
50 0
51 0
52 0
53 0
54 0
55 0
56 0
57 0
58 0
59 0
60 0
61 0
62 0
63 0
64 0
65 0
66 0
67 0
68 0
69 0
70 0
71 0
72 0
73 0
74 0
75 0
76 0
77 0
78 0
79 0
80 0
81 0
82 0
83 0
84 0
85 0
86 0
87 0
88 0
89 0
90 0
91 0
92 0
93 0
94 0
95 0
96 1
97 0
98 0
99 1
100 0
101 0
102 2
103 0
104 0
105 1
106 0
107 0
108 0
109 0
110 2
111 1
112 0
113 1
114 0
115 1
116 0
117 0
118 1
119 0
120 2
121 3
122 2
123 2
124 2
125 4
126 5
127 2
128 1
129 4
130 2
131 4
132 8
133 0
134 3
135 7
136 4
137 6
138 6
139 4
140 2
141 3
142 4
143 5
144 10
145 9
146 11
147 10
148 19
149 12
150 29
151 22
152 31
153 30
154 28
155 23
156 34
157 38
158 39
159 38
160 34
161 46
162 42
163 42
164 67
165 50
166 74
167 78
168 84
169 100
170 119
171 115
172 116
173 179
174 150
175 214
176 203
177 250
178 259
179 369
180 366
181 354
182 392
183 390
184 400
185 395
186 371
187 346
188 354
189 333
190 356
191 413
192 401
193 400
194 416
195 460
196 495
197 458
198 528
199 547
200 520
201 540
202 628
203 639
204 721
205 684
206 766
207 698
208 798
209 917
210 813
211 920
212 885
213 918
214 979
215 969
216 1096
217 1079
218 1129
219 1144
220 1279
221 1282
222 1452
223 1533
224 1639
225 1742
226 1816
227 2000
228 2315
229 2390
230 2623
231 2697
232 2946
233 2897
234 2818
235 3018
236 3034
237 3143
238 3071
239 3103
240 3226
241 3233
242 3238
243 3449
244 3393
245 3369
246 3341
247 3303
248 3358
249 3288
250 3284
251 3319
252 3127
253 3048
254 2972
255 3133
256 3021
257 2964
258 2919
259 2902
260 2863
261 2861
262 2902
263 2964
264 2894
265 2825
266 2721
267 2788
268 2747
269 2478
270 2541
271 2602
272 2510
273 2492
274 2453
275 2487
276 2359
277 2324
278 1997
279 1967
280 1868
281 1803
282 1495
283 1558
284 1424
285 1296
286 1280
287 1124
288 1136
289 1062
290 1005
291 957
292 1005
293 875
294 970
295 892
296 826
297 875
298 765
299 698
300 638
301 558
302 541
303 548
304 572
305 432
306 399
307 316
308 332
309 362
310 268
311 262
312 203
313 218
314 180
315 173
316 143
317 143
318 168
319 135
320 105
321 111
322 79
323 64
324 55
325 45
326 70
327 70
328 36
329 34
330 49
331 25
332 34
333 29
334 29
335 33
336 25
337 18
338 31
339 34
340 21
341 13
342 24
343 21
344 24
345 12
346 19
347 11
348 12
349 16
350 17
351 9
352 17
353 3
354 10
355 8
356 1
357 4
358 4
359 1
360 1
361 0
362 1
363 1
364 4
365 1
366 1
367 1
368 3
369 0
370 1
371 0
372 1
373 0
374 1
375 0
376 3
377 1
378 0
379 0
380 0
381 1
382 2
383 0
384 1
385 0
386 0
387 1
