0 0
1 0
2 0
3 0
4 0
5 0
6 0
7 0
8 0
9 0
10 0
11 0
12 0
13 0
14 0
15 0
16 1
17 0
18 0
19 0
20 0
21 0
22 0
23 0
24 0
25 0
26 2
27 0
28 1
29 0
30 0
31 0
32 2
33 1
34 0
35 3
36 0
37 2
38 2
39 0
40 1
41 1
42 0
43 0
44 0
45 3
46 0
47 2
48 0
49 1
50 0
51 0
52 0
53 0
54 1
55 1
56 0
57 0
58 1
59 3
60 0
61 0
62 2
63 1
64 1
65 1
66 2
67 0
68 0
69 0
70 1
71 2
72 0
73 0
74 0
75 0
76 0
77 0
78 1
79 1
80 1
81 0
82 0
83 0
84 0
85 1
86 0
87 1
88 0
89 0
90 0
91 1
92 0
93 1
94 2
95 1
96 0
97 1
98 1
99 2
100 2
101 0
102 1
103 3
104 0
105 1
106 3
107 2
108 3
109 2
110 4
111 0
112 4
113 8
114 4
115 6
116 6
117 4
118 7
119 10
120 8
121 9
122 4
123 13
124 6
125 13
126 8
127 13
128 9
129 20
130 27
131 20
132 20
133 33
134 33
135 33
136 47
137 47
138 69
139 63
140 73
141 87
142 112
143 105
144 136
145 118
146 142
147 123
148 200
149 246
150 290
151 350
152 330
153 328
154 311
155 304
156 271
157 271
158 271
159 308
160 277
161 328
162 290
163 315
164 314
165 395
166 424
167 416
168 485
169 547
170 506
171 591
172 613
173 698
174 718
175 672
176 723
177 809
178 815
179 842
180 989
181 953
182 1016
183 1108
184 1126
185 1295
186 1279
187 1551
188 1397
189 1497
190 1498
191 1613
192 1627
193 1698
194 1635
195 1822
196 1863
197 1871
198 1808
199 1961
200 2084
201 2159
202 2394
203 2498
204 2686
205 2737
206 2731
207 2795
208 2784
209 2692
210 2580
211 2433
212 2289
213 2279
214 2134
215 2205
216 2098
217 2090
218 1979
219 2117
220 2075
221 1946
222 2105
223 2053
224 1953
225 1937
226 2105
227 2019
228 2019
229 2047
230 2114
231 2030
232 2166
233 2174
234 2155
235 2197
236 2196
237 2203
238 2228
239 2339
240 2288
241 2343
242 2391
243 2337
244 2179
245 2055
246 2033
247 2128
248 2119
249 2063
250 2139
251 2200
252 2294
253 2396
254 2344
255 2147
256 2137
257 2054
258 1909
259 1818
260 1693
261 1575
262 1516
263 1600
264 1557
265 1550
266 1623
267 1487
268 1537
269 1464
270 1439
271 1344
272 1241
273 1181
274 1132
275 1148
276 1005
277 938
278 978
279 882
280 839
281 738
282 767
283 693
284 703
285 619
286 594
287 604
288 610
289 474
290 462
291 428
292 468
293 464
294 407
295 447
296 474
297 391
298 402
299 386
300 317
301 358
302 347
303 279
304 261
305 257
306 238
307 215
308 234
309 174
310 180
311 148
312 142
313 116
314 113
315 112
316 115
317 84
318 98
319 97
320 80
321 57
322 53
323 38
324 45
325 33
326 25
327 18
328 24
329 15
330 19
331 10
332 11
333 5
334 11
335 8
336 4
337 4
338 2
339 0
340 2
341 4
342 1
343 0
344 2
345 5
346 0
347 0
348 1
