0 0
1 0
2 0
3 0
4 0
5 0
6 0
7 0
8 0
9 0
10 0
11 0
12 0
13 0
14 0
15 0
16 0
17 0
18 0
19 0
20 0
21 0
22 0
23 0
24 0
25 0
26 0
27 0
28 0
29 0
30 0
31 0
32 0
33 0
34 0
35 0
36 0
37 0
38 0
39 0
40 0
41 0
42 0
43 0
44 0
45 0
46 0
47 0
48 0
49 0
50 0
51 0
52 0
53 0
54 0
55 0
56 0
57 0
58 0
59 0
60 0
61 0
62 0
63 0
64 0
65 0
66 0
67 0
68 0
69 0
70 0
71 0
72 0
73 0
74 0
75 0
76 0
77 0
78 0
79 0
80 0
81 0
82 0
83 0
84 0
85 0
86 0
87 0
88 0
89 0
90 0
91 0
92 0
93 0
94 0
95 0
96 0
97 0
98 0
99 0
100 0
101 0
102 3
103 0
104 2
105 1
106 0
107 0
108 3
109 5
110 1
111 0
112 0
113 7
114 0
115 3
116 4
117 21
118 8
119 8
120 20
121 18
122 12
123 18
124 7
125 11
126 16
127 28
128 24
129 36
130 26
131 27
132 33
133 43
134 31
135 35
136 32
137 33
138 39
139 48
140 52
141 55
142 51
143 44
144 68
145 73
146 86
147 69
148 84
149 127
150 114
151 147
152 171
153 172
154 150
155 152
156 184
157 174
158 157
159 169
160 201
161 196
162 222
163 213
164 193
165 191
166 224
167 203
168 263
169 237
170 278
171 281
172 255
173 252
174 347
175 303
176 294
177 296
178 322
179 321
180 395
181 353
182 347
183 372
184 378
185 411
186 486
187 484
188 522
189 563
190 603
191 632
192 682
193 755
194 793
195 919
196 880
197 929
198 921
199 950
200 952
201 949
202 1070
203 981
204 940
205 1029
206 1010
207 1035
208 1040
209 1021
210 1140
211 1088
212 1137
213 1221
214 1249
215 1354
216 1358
217 1499
218 1509
219 1518
220 1663
221 1716
222 1879
223 1870
224 1920
225 1937
226 2010
227 2020
228 2230
229 2175
230 2122
231 2151
232 2279
233 2092
234 2244
235 2266
236 2074
237 2074
238 2156
239 2294
240 2209
241 2506
242 2363
243 2495
244 2489
245 2569
246 2633
247 2483
248 2768
249 2846
250 2871
251 2961
252 3016
253 2922
254 2877
255 3047
256 3006
257 3028
258 3207
259 3119
260 3127
261 2833
262 2664
263 2369
264 2360
265 2193
266 2101
267 2059
268 1956
269 1911
270 1777
271 1731
272 1725
273 1741
274 1667
275 1648
276 1534
277 1643
278 1648
279 1566
280 1736
281 1739
282 1644
283 1667
284 1647
285 1653
286 1553
287 1538
288 1362
289 1382
290 1287
291 1284
292 1192
293 1163
294 1236
295 1093
296 1055
297 1106
298 994
299 996
300 1022
301 1022
302 941
303 960
304 856
305 777
306 761
307 685
308 667
309 564
310 490
311 486
312 443
313 385
314 315
315 297
316 287
317 207
318 188
319 191
320 161
321 143
322 158
323 129
324 117
325 110
326 130
327 88
328 95
329 95
330 72
331 82
332 65
333 54
334 54
335 38
336 29
337 46
338 34
339 24
340 32
341 32
342 21
343 22
344 15
345 24
346 14
347 19
348 16
349 30
350 27
351 23
352 15
353 23
354 10
355 15
356 6
357 12
358 9
359 8
360 4
361 3
362 6
363 1
364 4
365 2
