0 0
1 0
2 0
3 0
4 0
5 0
6 0
7 0
8 0
9 0
10 0
11 0
12 0
13 0
14 0
15 0
16 0
17 0
18 0
19 0
20 0
21 0
22 0
23 0
24 0
25 0
26 0
27 0
28 0
29 0
30 0
31 0
32 0
33 0
34 0
35 0
36 0
37 0
38 0
39 0
40 0
41 0
42 0
43 0
44 0
45 0
46 0
47 0
48 0
49 0
50 0
51 0
52 0
53 0
54 0
55 0
56 0
57 0
58 0
59 0
60 0
61 0
62 0
63 0
64 0
65 0
66 0
67 0
68 0
69 0
70 0
71 0
72 0
73 0
74 0
75 0
76 0
77 0
78 0
79 0
80 0
81 0
82 0
83 0
84 0
85 0
86 0
87 0
88 0
89 0
90 0
91 0
92 0
93 0
94 0
95 0
96 0
97 0
98 0
99 0
100 0
101 0
102 0
103 2
104 0
105 2
106 0
107 0
108 0
109 1
110 4
111 0
112 1
113 3
114 7
115 6
116 4
117 1
118 5
119 7
120 6
121 10
122 8
123 3
124 3
125 9
126 3
127 8
128 10
129 3
130 5
131 8
132 17
133 14
134 10
135 15
136 24
137 20
138 9
139 7
140 20
141 23
142 28
143 21
144 53
145 49
146 37
147 45
148 69
149 88
150 104
151 95
152 111
153 125
154 151
155 166
156 185
157 233
158 230
159 192
160 216
161 237
162 275
163 299
164 344
165 329
166 343
167 368
168 420
169 376
170 397
171 493
172 471
173 520
174 630
175 612
176 627
177 685
178 741
179 759
180 780
181 843
182 964
183 977
184 1031
185 1107
186 1082
187 1319
188 1412
189 1510
190 1495
191 1724
192 1709
193 1940
194 1859
195 1967
196 2021
197 1865
198 1921
199 1955
200 2069
201 2090
202 2163
203 2203
204 2293
205 2407
206 2374
207 2264
208 2422
209 2299
210 2434
211 2211
212 2319
213 2383
214 2350
215 2308
216 2251
217 2414
218 2502
219 2389
220 2440
221 2497
222 2672
223 2653
224 2648
225 2903
226 2891
227 2984
228 2937
229 3126
230 3117
231 2977
232 2945
233 2953
234 2965
235 3075
236 2966
237 2924
238 2759
239 2784
240 2647
241 2337
242 2302
243 2037
244 1958
245 1939
246 1961
247 1861
248 1739
249 1764
250 1785
251 1725
252 1624
253 1756
254 1679
255 1655
256 1578
257 1506
258 1635
259 1529
260 1541
261 1508
262 1494
263 1560
264 1526
265 1662
266 1562
267 1439
268 1497
269 1483
270 1317
271 1342
272 1290
273 1154
274 1120
275 1087
276 1013
277 952
278 860
279 836
280 923
281 780
282 819
283 837
284 748
285 761
286 698
287 654
288 591
289 595
290 532
291 499
292 406
293 396
294 323
295 322
296 253
297 226
298 273
299 197
300 204
301 214
302 177
303 168
304 148
305 138
306 129
307 151
308 123
309 87
310 84
311 88
312 69
313 81
314 65
315 55
316 67
317 62
318 72
319 57
320 66
321 53
322 57
323 40
324 53
325 50
326 36
327 27
328 29
329 31
330 21
331 16
332 18
333 15
334 13
335 19
336 10
337 18
338 7
339 10
340 4
341 5
342 13
343 11
344 5
345 17
346 15
347 9
348 11
349 10
350 6
351 9
352 2
353 7
354 5
355 0
356 7
