0 0
1 0
2 0
3 0
4 0
5 0
6 0
7 0
8 0
9 0
10 0
11 0
12 0
13 0
14 0
15 0
16 0
17 0
18 0
19 0
20 0
21 0
22 0
23 0
24 0
25 0
26 0
27 0
28 0
29 0
30 0
31 0
32 0
33 0
34 0
35 0
36 0
37 0
38 0
39 0
40 0
41 0
42 0
43 0
44 0
45 0
46 0
47 0
48 0
49 0
50 0
51 0
52 0
53 0
54 0
55 0
56 0
57 0
58 0
59 0
60 0
61 0
62 0
63 0
64 0
65 0
66 0
67 0
68 0
69 0
70 0
71 0
72 0
73 0
74 0
75 0
76 0
77 0
78 0
79 0
80 0
81 0
82 0
83 0
84 0
85 0
86 0
87 0
88 0
89 0
90 0
91 0
92 0
93 0
94 0
95 0
96 0
97 3
98 0
99 6
100 0
101 3
102 3
103 3
104 0
105 12
106 9
107 13
108 9
109 14
110 21
111 16
112 19
113 12
114 11
115 14
116 10
117 9
118 20
119 10
120 7
121 5
122 15
123 4
124 11
125 16
126 8
127 13
128 16
129 12
130 12
131 12
132 31
133 28
134 28
135 38
136 48
137 55
138 47
139 55
140 51
141 64
142 58
143 57
144 64
145 66
146 87
147 79
148 113
149 135
150 173
151 151
152 235
153 301
154 341
155 461
156 507
157 586
158 671
159 743
160 811
161 935
162 948
163 858
164 930
165 856
166 845
167 894
168 882
169 905
170 917
171 927
172 977
173 917
174 989
175 1158
176 1054
177 1156
178 1124
179 1197
180 1173
181 1377
182 1407
183 1452
184 1497
185 1568
186 1630
187 1687
188 1914
189 1861
190 1861
191 1916
192 2014
193 2094
194 2282
195 2335
196 2431
197 2500
198 2521
199 2681
200 2584
201 2734
202 2610
203 2659
204 2629
205 2644
206 2726
207 2800
208 2775
209 2674
210 2967
211 2851
212 3004
213 2969
214 2904
215 2813
216 2994
217 2674
218 2746
219 2709
220 2756
221 2666
222 2765
223 2719
224 2628
225 2695
226 2610
227 2550
228 2493
229 2559
230 2376
231 2574
232 2565
233 2613
234 2556
235 2439
236 2306
237 2199
238 1947
239 1855
240 1762
241 1658
242 1743
243 1699
244 1673
245 1646
246 1632
247 1652
248 1679
249 1586
250 1571
251 1501
252 1489
253 1441
254 1355
255 1317
256 1258
257 1197
258 1220
259 1083
260 1145
261 1107
262 906
263 1017
264 932
265 888
266 868
267 799
268 810
269 877
270 823
271 726
272 726
273 735
274 750
275 722
276 706
277 611
278 558
279 524
280 482
281 432
282 440
283 367
284 387
285 382
286 347
287 312
288 320
289 370
290 308
291 257
292 225
293 223
294 209
295 174
296 124
297 101
298 128
299 121
300 74
301 75
302 67
303 55
304 49
305 63
306 46
307 46
308 38
309 27
310 28
311 37
312 19
313 22
314 19
315 12
316 12
317 11
318 7
319 9
320 4
321 4
322 2
323 3
324 5
325 5
326 3
327 1
328 2
329 4
330 1
331 0
332 1
333 0
334 1
335 0
336 0
337 0
338 1
