0 0
1 0
2 0
3 0
4 0
5 0
6 0
7 0
8 0
9 0
10 0
11 0
12 0
13 0
14 0
15 0
16 0
17 0
18 0
19 0
20 0
21 0
22 0
23 0
24 0
25 0
26 0
27 0
28 0
29 0
30 0
31 0
32 0
33 0
34 0
35 0
36 0
37 0
38 0
39 0
40 0
41 0
42 0
43 0
44 0
45 0
46 0
47 0
48 0
49 0
50 0
51 0
52 0
53 0
54 0
55 0
56 0
57 0
58 0
59 0
60 0
61 0
62 0
63 0
64 0
65 0
66 0
67 0
68 0
69 0
70 0
71 0
72 0
73 0
74 0
75 0
76 0
77 0
78 0
79 0
80 0
81 0
82 0
83 0
84 0
85 0
86 0
87 0
88 0
89 0
90 0
91 0
92 0
93 0
94 0
95 0
96 0
97 0
98 0
99 0
100 0
101 0
102 0
103 0
104 0
105 0
106 0
107 0
108 0
109 0
110 0
111 0
112 0
113 0
114 0
115 0
116 0
117 0
118 0
119 0
120 0
121 0
122 0
123 0
124 0
125 0
126 0
127 0
128 0
129 0
130 0
131 0
132 0
133 2
134 2
135 1
136 8
137 4
138 3
139 7
140 10
141 13
142 13
143 17
144 21
145 19
146 16
147 16
148 23
149 34
150 29
151 37
152 43
153 54
154 48
155 67
156 75
157 76
158 95
159 99
160 113
161 100
162 88
163 180
164 143
165 168
166 213
167 237
168 273
169 268
170 351
171 356
172 428
173 386
174 459
175 520
176 532
177 585
178 597
179 686
180 606
181 575
182 618
183 540
184 495
185 638
186 632
187 667
188 681
189 686
190 641
191 708
192 760
193 787
194 838
195 834
196 1004
197 949
198 989
199 1155
200 1115
201 1180
202 1124
203 1253
204 1208
205 1258
206 1363
207 1416
208 1466
209 1438
210 1452
211 1624
212 1691
213 1660
214 1695
215 1812
216 2082
217 2021
218 2010
219 2182
220 2230
221 2314
222 2209
223 2308
224 2067
225 2254
226 2173
227 2183
228 2260
229 2202
230 2312
231 2234
232 2347
233 2393
234 2401
235 2464
236 2577
237 2714
238 2790
239 2746
240 2643
241 2681
242 2557
243 2368
244 2403
245 2302
246 2340
247 2261
248 2186
249 2335
250 2258
251 2218
252 2225
253 2237
254 2320
255 2347
256 2226
257 2343
258 2294
259 2413
260 2446
261 2442
262 2468
263 2176
264 2395
265 2296
266 2150
267 2168
268 2099
269 2225
270 2149
271 2035
272 2097
273 2023
274 2006
275 1887
276 1773
277 1680
278 1653
279 1565
280 1455
281 1465
282 1553
283 1463
284 1339
285 1303
286 1291
287 1285
288 1194
289 1140
290 1144
291 989
292 987
293 973
294 921
295 917
296 839
297 809
298 714
299 660
300 570
301 488
302 498
303 457
304 397
305 395
306 366
307 400
308 317
309 262
310 272
311 261
312 217
313 226
314 225
315 180
316 231
317 193
318 198
319 213
320 239
321 207
322 226
323 224
324 243
325 199
326 194
327 178
328 185
329 159
330 109
331 127
332 104
333 78
334 86
335 55
336 61
337 51
338 49
339 65
340 58
341 54
342 49
343 27
344 45
345 30
346 14
347 18
348 22
349 23
350 14
351 4
352 7
353 5
354 4
355 2
356 4
357 1
358 1
359 3
360 1
361 2
362 3
363 2
364 1
365 3
366 4
367 2
368 1
369 0
370 4
371 1
372 1
373 1
374 0
375 2
376 1
377 1
378 2
379 0
380 1
381 1
