0 0
1 0
2 0
3 0
4 0
5 0
6 0
7 0
8 0
9 0
10 0
11 0
12 0
13 0
14 0
15 0
16 0
17 0
18 0
19 0
20 0
21 0
22 0
23 0
24 0
25 0
26 0
27 0
28 0
29 0
30 0
31 0
32 0
33 0
34 0
35 0
36 0
37 0
38 0
39 0
40 0
41 0
42 0
43 0
44 0
45 0
46 0
47 0
48 0
49 0
50 0
51 0
52 0
53 0
54 0
55 0
56 0
57 0
58 0
59 0
60 0
61 0
62 0
63 0
64 0
65 0
66 0
67 0
68 0
69 0
70 0
71 0
72 0
73 0
74 0
75 0
76 0
77 0
78 0
79 0
80 0
81 0
82 0
83 0
84 0
85 0
86 0
87 0
88 2
89 0
90 0
91 2
92 0
93 0
94 0
95 0
96 0
97 2
98 2
99 1
100 0
101 2
102 4
103 0
104 0
105 2
106 7
107 4
108 7
109 11
110 13
111 13
112 15
113 19
114 20
115 17
116 38
117 26
118 23
119 34
120 21
121 25
122 24
123 27
124 28
125 22
126 40
127 38
128 41
129 56
130 47
131 62
132 78
133 74
134 52
135 93
136 119
137 124
138 113
139 137
140 170
141 120
142 168
143 198
144 231
145 219
146 273
147 293
148 246
149 302
150 313
151 285
152 300
153 289
154 340
155 346
156 411
157 358
158 336
159 385
160 324
161 398
162 384
163 461
164 442
165 510
166 557
167 562
168 640
169 716
170 863
171 980
172 1040
173 1024
174 980
175 1085
176 1047
177 1094
178 1282
179 1355
180 1357
181 1496
182 1729
183 1827
184 1845
185 2036
186 2003
187 2133
188 2015
189 2279
190 2220
191 2327
192 2309
193 2494
194 2441
195 2550
196 2434
197 2388
198 2401
199 2238
200 2268
201 2094
202 2175
203 2254
204 2366
205 2277
206 2449
207 2519
208 2592
209 2524
210 2515
211 2546
212 2529
213 2417
214 2639
215 2442
216 2260
217 2213
218 2321
219 2128
220 2123
221 2263
222 2128
223 2140
224 1987
225 2017
226 1977
227 1920
228 1965
229 1939
230 1941
231 1965
232 2031
233 1988
234 2158
235 2032
236 2048
237 2195
238 2159
239 2104
240 2063
241 2018
242 1992
243 1960
244 1921
245 1912
246 1701
247 1760
248 1780
249 1678
250 1666
251 1512
252 1520
253 1634
254 1461
255 1487
256 1425
257 1450
258 1378
259 1405
260 1476
261 1410
262 1325
263 1260
264 1230
265 1180
266 1212
267 1159
268 1168
269 1147
270 1099
271 1079
272 993
273 965
274 962
275 869
276 815
277 852
278 680
279 711
280 718
281 598
282 608
283 559
284 501
285 475
286 501
287 485
288 465
289 452
290 393
291 352
292 362
293 334
294 293
295 273
296 267
297 244
298 229
299 233
300 233
301 183
302 198
303 189
304 212
305 155
306 167
307 170
308 167
309 153
310 109
311 98
312 85
313 93
314 76
315 89
316 89
317 79
318 69
319 67
320 61
321 61
322 39
323 46
324 41
325 31
326 39
327 35
328 29
329 14
330 34
331 33
332 30
333 31
334 27
335 20
336 27
337 13
338 15
339 19
340 12
341 16
342 14
343 16
344 16
345 10
346 12
347 14
348 17
349 7
350 10
351 13
352 10
353 5
354 10
355 12
356 8
357 8
358 6
359 3
360 9
361 11
362 4
363 10
364 7
365 2
366 7
367 3
368 3
369 5
370 3
371 1
372 2
373 1
374 1
375 1
376 0
377 0
378 0
379 0
380 1
381 1
382 0
383 1
