0 0
1 0
2 0
3 0
4 0
5 0
6 0
7 0
8 0
9 0
10 0
11 0
12 0
13 0
14 0
15 0
16 0
17 0
18 0
19 0
20 0
21 0
22 0
23 0
24 0
25 0
26 0
27 0
28 0
29 0
30 0
31 0
32 0
33 0
34 0
35 0
36 0
37 0
38 0
39 0
40 0
41 0
42 0
43 0
44 0
45 0
46 0
47 0
48 0
49 0
50 0
51 0
52 0
53 0
54 0
55 0
56 0
57 0
58 0
59 0
60 0
61 0
62 0
63 0
64 0
65 0
66 0
67 0
68 0
69 0
70 0
71 0
72 0
73 0
74 0
75 0
76 0
77 0
78 0
79 0
80 0
81 0
82 0
83 0
84 0
85 0
86 0
87 0
88 0
89 0
90 0
91 0
92 0
93 0
94 0
95 0
96 0
97 0
98 2
99 0
100 2
101 2
102 0
103 0
104 6
105 0
106 5
107 12
108 6
109 6
110 6
111 6
112 4
113 12
114 0
115 5
116 4
117 6
118 17
119 15
120 31
121 19
122 28
123 23
124 35
125 36
126 28
127 16
128 24
129 17
130 18
131 26
132 26
133 22
134 26
135 35
136 32
137 51
138 78
139 82
140 99
141 120
142 125
143 149
144 175
145 198
146 214
147 204
148 233
149 305
150 306
151 323
152 345
153 398
154 484
155 462
156 578
157 664
158 732
159 839
160 895
161 883
162 936
163 994
164 982
165 1198
166 1224
167 1260
168 1253
169 1279
170 1230
171 1305
172 1274
173 1279
174 1253
175 1272
176 1250
177 1345
178 1391
179 1469
180 1492
181 1572
182 1717
183 1644
184 1810
185 1745
186 1827
187 1926
188 1907
189 1923
190 1984
191 2090
192 2083
193 2241
194 2164
195 2174
196 2338
197 2318
198 2452
199 2466
200 2482
201 2644
202 2588
203 2638
204 2672
205 2549
206 2629
207 2600
208 2496
209 2577
210 2589
211 2578
212 2557
213 2579
214 2532
215 2456
216 2459
217 2489
218 2405
219 2343
220 2398
221 2202
222 2384
223 2130
224 2137
225 2157
226 2015
227 2066
228 1933
229 2071
230 2042
231 1937
232 2013
233 2175
234 2226
235 2257
236 2431
237 2552
238 2578
239 2550
240 2656
241 2260
242 2431
243 2385
244 2212
245 2035
246 1913
247 1816
248 1720
249 1659
250 1454
251 1463
252 1309
253 1239
254 1092
255 1066
256 1051
257 991
258 1021
259 951
260 920
261 879
262 879
263 925
264 728
265 883
266 726
267 772
268 759
269 732
270 694
271 614
272 641
273 579
274 526
275 498
276 485
277 423
278 459
279 384
280 391
281 400
282 374
283 387
284 322
285 404
286 382
287 368
288 359
289 392
290 328
291 302
292 272
293 327
294 235
295 254
296 214
297 180
298 167
299 186
300 133
301 138
302 138
303 125
304 159
305 103
306 82
307 103
308 90
309 69
310 64
311 70
312 75
313 67
314 40
315 42
316 50
317 52
318 55
319 31
320 41
321 17
322 38
323 34
324 35
325 37
326 32
327 26
328 26
329 14
330 16
331 13
332 16
333 18
334 11
335 7
336 12
337 7
338 10
339 9
340 5
341 5
342 8
343 4
344 6
345 0
346 2
347 3
348 3
349 0
350 0
351 0
352 2
353 0
354 1
