0 0
1 0
2 0
3 0
4 0
5 0
6 0
7 0
8 0
9 0
10 0
11 0
12 0
13 0
14 0
15 0
16 0
17 0
18 0
19 0
20 0
21 0
22 0
23 0
24 0
25 0
26 0
27 0
28 0
29 0
30 0
31 0
32 0
33 0
34 0
35 0
36 0
37 0
38 0
39 0
40 0
41 0
42 0
43 0
44 0
45 0
46 0
47 0
48 0
49 0
50 0
51 0
52 0
53 0
54 0
55 0
56 0
57 0
58 0
59 0
60 0
61 0
62 0
63 0
64 0
65 0
66 0
67 0
68 0
69 0
70 0
71 0
72 0
73 0
74 0
75 0
76 0
77 0
78 0
79 0
80 0
81 0
82 0
83 0
84 0
85 0
86 1
87 0
88 0
89 0
90 0
91 0
92 0
93 2
94 0
95 0
96 3
97 4
98 0
99 1
100 3
101 4
102 4
103 1
104 4
105 1
106 2
107 1
108 2
109 1
110 8
111 3
112 5
113 3
114 0
115 0
116 6
117 1
118 3
119 2
120 1
121 3
122 6
123 3
124 2
125 5
126 1
127 4
128 6
129 4
130 2
131 9
132 4
133 0
134 6
135 5
136 4
137 11
138 4
139 5
140 12
141 10
142 9
143 9
144 14
145 23
146 23
147 30
148 36
149 45
150 25
151 40
152 38
153 64
154 51
155 64
156 56
157 80
158 75
159 67
160 74
161 77
162 87
163 96
164 80
165 91
166 115
167 140
168 148
169 146
170 158
171 145
172 164
173 171
174 167
175 167
176 198
177 258
178 290
179 312
180 369
181 423
182 481
183 502
184 448
185 547
186 552
187 541
188 610
189 575
190 682
191 676
192 746
193 809
194 728
195 832
196 948
197 990
198 1098
199 1182
200 1196
201 1359
202 1444
203 1539
204 1621
205 1637
206 1839
207 1840
208 1903
209 1863
210 1888
211 2069
212 2017
213 2040
214 2035
215 2044
216 2007
217 2085
218 2125
219 2201
220 2393
221 2267
222 2501
223 2441
224 2627
225 2734
226 2621
227 2591
228 2591
229 2744
230 2662
231 2846
232 2860
233 2902
234 3052
235 3087
236 3201
237 3027
238 3150
239 3186
240 3245
241 3190
242 3153
243 3119
244 3037
245 2991
246 2936
247 2723
248 2740
249 2682
250 2607
251 2449
252 2468
253 2398
254 2520
255 2320
256 2252
257 2299
258 2229
259 2191
260 2126
261 2198
262 2097
263 2039
264 1876
265 1918
266 1834
267 1762
268 1790
269 1815
270 1698
271 1670
272 1690
273 1598
274 1774
275 1632
276 1620
277 1667
278 1510
279 1480
280 1390
281 1214
282 1053
283 1062
284 983
285 943
286 874
287 776
288 801
289 740
290 709
291 711
292 648
293 700
294 567
295 598
296 530
297 492
298 477
299 444
300 387
301 413
302 358
303 313
304 245
305 280
306 287
307 217
308 209
309 178
310 176
311 165
312 167
313 154
314 134
315 149
316 127
317 127
318 139
319 123
320 107
321 113
322 99
323 119
324 106
325 105
326 102
327 116
328 128
329 133
330 142
331 120
332 117
333 115
334 80
335 47
336 43
337 41
338 19
339 17
340 20
341 8
342 8
343 9
344 2
345 0
346 2
347 0
348 1
