0 0
1 0
2 0
3 0
4 0
5 0
6 0
7 0
8 0
9 0
10 0
11 0
12 0
13 0
14 0
15 0
16 0
17 0
18 0
19 0
20 0
21 0
22 0
23 0
24 0
25 0
26 0
27 0
28 0
29 0
30 0
31 0
32 0
33 0
34 0
35 0
36 0
37 0
38 0
39 0
40 0
41 0
42 0
43 0
44 0
45 0
46 0
47 0
48 0
49 0
50 0
51 0
52 0
53 0
54 0
55 0
56 0
57 0
58 0
59 0
60 0
61 0
62 0
63 0
64 0
65 0
66 0
67 0
68 0
69 0
70 0
71 0
72 0
73 0
74 0
75 0
76 0
77 0
78 0
79 0
80 0
81 0
82 0
83 0
84 0
85 0
86 0
87 0
88 0
89 0
90 0
91 0
92 0
93 0
94 0
95 0
96 0
97 0
98 0
99 0
100 0
101 0
102 1
103 0
104 2
105 2
106 4
107 6
108 5
109 4
110 10
111 11
112 11
113 20
114 18
115 12
116 12
117 19
118 15
119 11
120 16
121 16
122 17
123 13
124 24
125 23
126 25
127 25
128 26
129 46
130 59
131 70
132 59
133 80
134 82
135 112
136 117
137 136
138 135
139 110
140 138
141 133
142 146
143 157
144 164
145 149
146 173
147 135
148 161
149 157
150 172
151 167
152 207
153 227
154 218
155 242
156 321
157 381
158 431
159 459
160 486
161 522
162 584
163 613
164 766
165 859
166 935
167 970
168 1088
169 1114
170 1150
171 1132
172 1262
173 1318
174 1484
175 1556
176 1630
177 1735
178 1841
179 1677
180 1876
181 1751
182 1745
183 1610
184 1652
185 1810
186 1820
187 1868
188 2023
189 2068
190 2084
191 2127
192 2119
193 2001
194 2172
195 2179
196 1963
197 2175
198 2128
199 2132
200 2203
201 2084
202 1969
203 2086
204 2092
205 2199
206 2050
207 2090
208 2250
209 2263
210 2452
211 2456
212 2382
213 2533
214 2485
215 2674
216 2617
217 2612
218 2510
219 2548
220 2588
221 2469
222 2427
223 2481
224 2418
225 2467
226 2371
227 2458
228 2410
229 2558
230 2477
231 2478
232 2369
233 2448
234 2422
235 2282
236 2348
237 2357
238 2192
239 2171
240 2301
241 2217
242 2119
243 1951
244 1967
245 1863
246 1681
247 1709
248 1600
249 1506
250 1489
251 1448
252 1455
253 1392
254 1309
255 1259
256 1147
257 1017
258 1054
259 946
260 923
261 856
262 880
263 818
264 909
265 874
266 846
267 780
268 737
269 703
270 734
271 702
272 656
273 669
274 587
275 544
276 479
277 454
278 386
279 429
280 421
281 370
282 344
283 375
284 342
285 302
286 342
287 293
288 292
289 233
290 253
291 300
292 285
293 273
294 272
295 263
296 312
297 294
298 349
299 285
300 403
301 385
302 407
303 500
304 541
305 716
306 717
307 719
308 605
309 568
310 460
311 315
312 214
313 141
314 82
315 53
316 33
317 39
318 27
319 29
320 33
321 22
322 33
323 24
324 20
325 14
326 12
327 12
328 24
329 8
330 11
331 10
332 5
333 5
334 4
335 11
336 6
337 2
338 2
339 2
340 2
341 5
342 0
343 0
344 0
345 4
346 4
347 1
348 1
349 2
350 0
351 0
352 0
353 2
