0 0
1 0
2 0
3 0
4 0
5 0
6 0
7 0
8 0
9 0
10 0
11 0
12 0
13 0
14 0
15 0
16 0
17 0
18 0
19 0
20 0
21 0
22 0
23 0
24 0
25 0
26 0
27 0
28 0
29 0
30 0
31 0
32 0
33 0
34 0
35 0
36 0
37 0
38 0
39 0
40 0
41 0
42 0
43 0
44 0
45 0
46 0
47 0
48 0
49 0
50 0
51 0
52 0
53 0
54 0
55 0
56 0
57 0
58 0
59 0
60 0
61 0
62 0
63 0
64 0
65 0
66 0
67 0
68 0
69 0
70 0
71 0
72 0
73 0
74 0
75 0
76 0
77 0
78 0
79 0
80 0
81 0
82 0
83 0
84 0
85 0
86 0
87 0
88 0
89 0
90 0
91 0
92 0
93 0
94 0
95 0
96 0
97 0
98 0
99 0
100 0
101 0
102 0
103 0
104 0
105 0
106 0
107 0
108 0
109 0
110 0
111 0
112 0
113 0
114 0
115 0
116 0
117 0
118 0
119 0
120 0
121 0
122 0
123 1
124 0
125 1
126 1
127 0
128 0
129 1
130 0
131 2
132 4
133 8
134 5
135 7
136 7
137 8
138 12
139 15
140 14
141 26
142 27
143 40
144 57
145 84
146 102
147 118
148 112
149 130
150 125
151 138
152 147
153 151
154 140
155 190
156 173
157 166
158 208
159 166
160 162
161 179
162 169
163 166
164 180
165 236
166 213
167 292
168 294
169 309
170 317
171 388
172 447
173 484
174 572
175 584
176 558
177 697
178 627
179 698
180 721
181 659
182 706
183 714
184 727
185 823
186 865
187 995
188 961
189 1050
190 1080
191 1158
192 1250
193 1190
194 1362
195 1391
196 1588
197 1530
198 1712
199 1633
200 1800
201 1789
202 1843
203 1824
204 1843
205 1729
206 1873
207 1830
208 1923
209 1753
210 1889
211 1798
212 1751
213 1917
214 1956
215 1810
216 1917
217 1931
218 1941
219 1962
220 1828
221 1982
222 1964
223 1799
224 1903
225 1737
226 1913
227 1887
228 1782
229 1980
230 2034
231 2010
232 2022
233 1917
234 1871
235 1901
236 1938
237 1929
238 1938
239 1925
240 1938
241 2023
242 2089
243 2241
244 1916
245 2154
246 2141
247 2131
248 2209
249 2048
250 2082
251 1992
252 1958
253 1949
254 1952
255 1786
256 1856
257 1964
258 1761
259 1874
260 1844
261 1825
262 1667
263 1663
264 1649
265 1679
266 1557
267 1585
268 1538
269 1551
270 1474
271 1548
272 1340
273 1376
274 1339
275 1284
276 1121
277 1057
278 1185
279 1053
280 1147
281 1258
282 1248
283 1384
284 1353
285 1280
286 1229
287 1191
288 1192
289 1179
290 1159
291 1057
292 1011
293 1030
294 942
295 924
296 885
297 955
298 956
299 990
300 1051
301 1082
302 1114
303 1192
304 1146
305 1184
306 1291
307 1100
308 1128
309 970
310 1015
311 926
312 731
313 707
314 615
315 583
316 521
317 448
318 388
319 432
320 363
321 318
322 271
323 271
324 248
325 255
326 221
327 179
328 147
329 172
330 188
331 205
332 106
333 109
334 106
335 123
336 73
337 106
338 61
339 63
340 56
341 72
342 52
343 52
344 57
345 40
346 27
347 34
348 42
349 45
350 59
351 31
352 45
353 38
354 23
355 22
356 14
357 21
358 15
359 13
360 18
361 7
362 7
363 7
364 8
365 10
366 1
367 2
368 1
369 5
370 3
371 3
372 2
373 0
374 2
375 1
376 3
377 0
378 0
379 1
