0 0
1 0
2 0
3 0
4 0
5 0
6 0
7 0
8 0
9 0
10 0
11 0
12 0
13 0
14 0
15 0
16 0
17 0
18 0
19 0
20 0
21 0
22 0
23 0
24 0
25 0
26 0
27 0
28 0
29 0
30 0
31 0
32 0
33 0
34 0
35 0
36 0
37 0
38 0
39 0
40 0
41 0
42 0
43 0
44 0
45 0
46 0
47 0
48 0
49 0
50 0
51 0
52 0
53 0
54 0
55 0
56 0
57 0
58 0
59 0
60 0
61 0
62 0
63 0
64 0
65 0
66 0
67 0
68 0
69 0
70 0
71 0
72 0
73 0
74 0
75 0
76 0
77 0
78 0
79 0
80 0
81 0
82 0
83 0
84 0
85 0
86 0
87 0
88 0
89 0
90 0
91 0
92 0
93 0
94 0
95 0
96 0
97 0
98 0
99 0
100 0
101 0
102 0
103 0
104 0
105 2
106 0
107 2
108 0
109 1
110 0
111 3
112 0
113 3
114 2
115 4
116 7
117 7
118 7
119 2
120 5
121 5
122 10
123 13
124 8
125 17
126 5
127 10
128 22
129 26
130 32
131 43
132 32
133 42
134 48
135 42
136 29
137 52
138 53
139 60
140 63
141 52
142 73
143 53
144 98
145 73
146 95
147 128
148 103
149 139
150 159
151 185
152 170
153 203
154 223
155 234
156 247
157 270
158 306
159 316
160 367
161 413
162 417
163 473
164 526
165 521
166 583
167 641
168 695
169 742
170 825
171 963
172 1005
173 1109
174 1208
175 1156
176 1347
177 1306
178 1350
179 1382
180 1445
181 1495
182 1479
183 1366
184 1600
185 1679
186 1667
187 1733
188 1736
189 1837
190 1989
191 2062
192 2011
193 2145
194 2093
195 2097
196 2152
197 2189
198 2117
199 2261
200 2006
201 2102
202 2139
203 2097
204 2260
205 2255
206 2438
207 2364
208 2377
209 2500
210 2643
211 2507
212 2704
213 2789
214 2684
215 2875
216 2952
217 2882
218 2847
219 2828
220 2674
221 2793
222 2736
223 2869
224 2970
225 2916
226 2837
227 2993
228 2906
229 2867
230 2680
231 2711
232 2547
233 2283
234 2324
235 2074
236 2038
237 1931
238 1901
239 1712
240 1743
241 1689
242 1546
243 1702
244 1565
245 1493
246 1359
247 1472
248 1369
249 1544
250 1459
251 1485
252 1511
253 1386
254 1401
255 1302
256 1437
257 1331
258 1331
259 1333
260 1319
261 1262
262 1337
263 1341
264 1321
265 1314
266 1368
267 1282
268 1306
269 1148
270 1164
271 1145
272 1095
273 1075
274 962
275 950
276 934
277 873
278 843
279 772
280 763
281 739
282 578
283 657
284 613
285 576
286 487
287 428
288 402
289 349
290 353
291 338
292 263
293 296
294 273
295 229
296 205
297 204
298 172
299 147
300 105
301 144
302 119
303 106
304 81
305 76
306 89
307 62
308 70
309 64
310 63
311 69
312 57
313 80
314 53
315 62
316 51
317 38
318 45
319 44
320 33
321 38
322 26
323 27
324 28
325 23
326 24
327 15
328 24
329 22
330 21
331 15
332 31
333 17
334 26
335 17
336 23
337 15
338 21
339 15
340 11
341 9
342 10
343 3
344 3
345 3
346 2
347 1
348 1
349 1
