0 0
1 0
2 0
3 0
4 0
5 0
6 0
7 0
8 0
9 0
10 0
11 0
12 0
13 0
14 0
15 0
16 0
17 0
18 0
19 0
20 0
21 0
22 0
23 0
24 0
25 0
26 0
27 0
28 0
29 0
30 0
31 1
32 0
33 0
34 0
35 0
36 0
37 0
38 0
39 0
40 0
41 0
42 0
43 0
44 0
45 0
46 0
47 0
48 0
49 0
50 0
51 0
52 0
53 0
54 0
55 0
56 0
57 0
58 0
59 0
60 0
61 0
62 0
63 0
64 0
65 0
66 0
67 0
68 0
69 0
70 1
71 0
72 0
73 0
74 0
75 0
76 0
77 0
78 0
79 0
80 1
81 0
82 0
83 0
84 0
85 0
86 0
87 0
88 0
89 0
90 0
91 0
92 0
93 0
94 0
95 0
96 0
97 0
98 0
99 0
100 3
101 0
102 1
103 1
104 0
105 0
106 0
107 0
108 1
109 1
110 0
111 1
112 1
113 2
114 0
115 1
116 2
117 2
118 2
119 4
120 2
121 2
122 2
123 6
124 2
125 8
126 14
127 16
128 12
129 14
130 17
131 15
132 46
133 43
134 62
135 64
136 69
137 88
138 72
139 86
140 91
141 113
142 140
143 118
144 157
145 144
146 177
147 198
148 187
149 274
150 256
151 331
152 307
153 403
154 383
155 467
156 449
157 474
158 506
159 569
160 572
161 595
162 640
163 666
164 760
165 1011
166 1046
167 1254
168 1389
169 1463
170 1379
171 1479
172 1420
173 1423
174 1344
175 1399
176 1388
177 1323
178 1301
179 1254
180 1308
181 1268
182 1298
183 1261
184 1342
185 1355
186 1287
187 1476
188 1467
189 1525
190 1616
191 1689
192 1715
193 1717
194 1739
195 1784
196 1710
197 1804
198 1826
199 1755
200 1839
201 1924
202 2019
203 1918
204 1955
205 2015
206 2071
207 2035
208 2053
209 2098
210 1966
211 2061
212 2079
213 2274
214 2112
215 2186
216 2348
217 2234
218 2201
219 2189
220 2122
221 1952
222 2060
223 1986
224 1923
225 1856
226 1880
227 1843
228 1888
229 1855
230 1710
231 1553
232 1611
233 1688
234 1722
235 1565
236 1698
237 1706
238 1766
239 1949
240 1956
241 1899
242 1955
243 1880
244 1976
245 1920
246 1925
247 1925
248 1832
249 1884
250 1818
251 1795
252 1795
253 1809
254 1745
255 1730
256 1782
257 1769
258 1726
259 1869
260 1798
261 1927
262 1903
263 2026
264 1767
265 1697
266 1659
267 1648
268 1501
269 1389
270 1478
271 1348
272 1161
273 1138
274 1175
275 994
276 1017
277 851
278 917
279 911
280 822
281 723
282 702
283 630
284 655
285 673
286 658
287 632
288 588
289 585
290 587
291 570
292 555
293 487
294 476
295 507
296 530
297 514
298 500
299 450
300 459
301 379
302 345
303 327
304 253
305 271
306 240
307 207
308 235
309 183
310 167
311 160
312 147
313 129
314 155
315 122
316 115
317 109
318 123
319 109
320 107
321 100
322 84
323 60
324 72
325 62
326 57
327 48
328 47
329 75
330 64
331 51
332 63
333 54
334 62
335 41
336 52
337 36
338 41
339 26
340 42
341 26
342 28
343 24
344 15
345 14
346 15
347 15
348 9
349 10
350 7
351 18
352 14
353 9
354 10
355 8
356 10
357 8
358 6
359 10
360 5
361 3
362 6
363 4
364 3
365 6
366 1
367 4
368 1
369 3
370 4
371 1
372 1
373 0
374 2
375 1
376 2
377 0
378 3
379 0
380 0
381 1
382 0
383 0
384 0
385 1
