0 0
1 0
2 0
3 0
4 0
5 0
6 0
7 0
8 0
9 0
10 0
11 0
12 0
13 0
14 0
15 0
16 0
17 0
18 0
19 0
20 0
21 0
22 0
23 0
24 0
25 0
26 2
27 1
28 0
29 0
30 7
31 1
32 0
33 2
34 0
35 2
36 0
37 0
38 1
39 2
40 1
41 3
42 2
43 0
44 1
45 0
46 1
47 0
48 1
49 0
50 0
51 0
52 1
53 1
54 0
55 2
56 0
57 0
58 0
59 0
60 0
61 0
62 0
63 0
64 0
65 0
66 0
67 1
68 0
69 0
70 0
71 0
72 1
73 0
74 0
75 1
76 0
77 0
78 0
79 0
80 0
81 1
82 1
83 1
84 0
85 0
86 0
87 0
88 0
89 1
90 2
91 0
92 0
93 0
94 0
95 1
96 1
97 2
98 0
99 0
100 1
101 0
102 0
103 2
104 1
105 0
106 0
107 3
108 2
109 1
110 2
111 1
112 0
113 0
114 0
115 5
116 4
117 5
118 14
119 15
120 12
121 16
122 20
123 20
124 19
125 26
126 23
127 16
128 15
129 23
130 36
131 28
132 24
133 41
134 37
135 34
136 43
137 41
138 53
139 33
140 27
141 62
142 51
143 69
144 111
145 94
146 88
147 131
148 132
149 134
150 116
151 148
152 133
153 153
154 170
155 189
156 228
157 194
158 225
159 285
160 299
161 272
162 330
163 336
164 335
165 421
166 404
167 450
168 490
169 494
170 495
171 572
172 593
173 565
174 695
175 660
176 711
177 727
178 785
179 768
180 794
181 849
182 839
183 833
184 920
185 908
186 955
187 980
188 1006
189 998
190 1121
191 1168
192 1160
193 1212
194 1367
195 1473
196 1495
197 1489
198 1660
199 1712
200 1731
201 1754
202 1885
203 1858
204 1930
205 1897
206 1980
207 1928
208 1805
209 1758
210 1681
211 1687
212 1684
213 1654
214 1749
215 1711
216 1691
217 1743
218 1879
219 1934
220 2179
221 2194
222 2249
223 2190
224 2179
225 2113
226 2001
227 2061
228 2031
229 2152
230 2053
231 2177
232 2097
233 2091
234 2070
235 2037
236 2150
237 2026
238 2159
239 2098
240 1921
241 1995
242 1958
243 1990
244 1886
245 1836
246 1916
247 1979
248 1747
249 1939
250 2000
251 1828
252 1923
253 1844
254 1983
255 1931
256 2170
257 2127
258 1984
259 2163
260 2000
261 2055
262 2078
263 2088
264 2020
265 1992
266 2070
267 2030
268 2116
269 2244
270 2392
271 2398
272 2427
273 2346
274 2184
275 2094
276 2042
277 1905
278 1626
279 1560
280 1438
281 1333
282 1177
283 1149
284 1111
285 1032
286 866
287 797
288 758
289 722
290 667
291 626
292 624
293 596
294 571
295 572
296 560
297 540
298 517
299 542
300 499
301 547
302 526
303 398
304 418
305 432
306 379
307 342
308 367
309 300
310 294
311 249
312 231
313 230
314 193
315 218
316 226
317 180
318 190
319 244
320 245
321 223
322 196
323 211
324 185
325 214
326 173
327 191
328 156
329 129
330 83
331 103
332 68
333 76
334 57
335 38
336 29
337 34
338 27
339 13
340 13
341 20
342 5
343 7
344 12
345 5
346 5
347 3
348 3
349 1
350 2
351 2
352 4
353 4
354 1
355 3
356 2
