0 0
1 0
2 0
3 0
4 0
5 0
6 0
7 0
8 0
9 0
10 0
11 0
12 0
13 0
14 0
15 0
16 0
17 0
18 0
19 0
20 0
21 0
22 0
23 0
24 0
25 0
26 0
27 0
28 0
29 0
30 0
31 0
32 0
33 0
34 0
35 0
36 0
37 0
38 0
39 0
40 0
41 0
42 0
43 0
44 0
45 0
46 0
47 0
48 0
49 0
50 0
51 0
52 0
53 0
54 0
55 0
56 0
57 0
58 0
59 0
60 0
61 0
62 0
63 0
64 0
65 0
66 0
67 0
68 0
69 0
70 0
71 0
72 0
73 0
74 0
75 0
76 0
77 0
78 0
79 0
80 0
81 0
82 0
83 0
84 0
85 0
86 1
87 1
88 0
89 3
90 1
91 2
92 0
93 1
94 2
95 4
96 6
97 11
98 8
99 4
100 6
101 11
102 11
103 15
104 8
105 14
106 11
107 13
108 22
109 19
110 22
111 30
112 42
113 70
114 65
115 54
116 62
117 49
118 54
119 42
120 46
121 78
122 70
123 92
124 100
125 108
126 119
127 120
128 119
129 130
130 152
131 159
132 180
133 211
134 195
135 210
136 159
137 222
138 243
139 243
140 235
141 259
142 295
143 305
144 331
145 355
146 404
147 432
148 426
149 523
150 583
151 556
152 664
153 596
154 621
155 613
156 669
157 733
158 715
159 666
160 681
161 721
162 648
163 786
164 802
165 765
166 848
167 935
168 896
169 914
170 914
171 995
172 1024
173 1017
174 1085
175 1189
176 1280
177 1356
178 1442
179 1371
180 1505
181 1584
182 1620
183 1686
184 1759
185 1854
186 1965
187 2149
188 2252
189 2229
190 2209
191 2328
192 2387
193 2202
194 2399
195 2406
196 2396
197 2476
198 2551
199 2716
200 2733
201 2886
202 3251
203 3249
204 3140
205 3332
206 3249
207 3173
208 3055
209 2973
210 2949
211 2850
212 2723
213 2714
214 2860
215 2824
216 2912
217 3145
218 3016
219 3022
220 2934
221 3079
222 3055
223 2903
224 2668
225 2496
226 2502
227 2383
228 2351
229 2192
230 2104
231 2001
232 2005
233 1985
234 1997
235 1913
236 1808
237 1645
238 1592
239 1470
240 1383
241 1337
242 1273
243 1224
244 1129
245 1196
246 1118
247 1063
248 1073
249 1263
250 1178
251 1182
252 1194
253 1158
254 1172
255 1120
256 1182
257 1118
258 1096
259 1217
260 1197
261 1217
262 1159
263 1224
264 1237
265 1083
266 958
267 879
268 817
269 742
270 708
271 664
272 562
273 550
274 441
275 425
276 359
277 320
278 262
279 196
280 195
281 193
282 155
283 133
284 152
285 107
286 92
287 72
288 77
289 52
290 40
291 38
292 40
293 34
294 27
295 15
296 23
297 20
298 11
299 10
300 16
301 2
302 8
303 4
304 6
305 1
306 2
307 0
308 0
309 3
310 3
311 1
312 1
313 1
314 1
315 0
316 1
317 0
318 0
319 0
320 0
321 0
322 1
323 1
324 0
325 0
326 1
