0 0
1 0
2 0
3 0
4 0
5 0
6 0
7 0
8 0
9 0
10 0
11 0
12 0
13 0
14 0
15 0
16 0
17 0
18 0
19 0
20 0
21 0
22 0
23 0
24 0
25 1
26 0
27 0
28 0
29 0
30 0
31 0
32 0
33 0
34 0
35 0
36 0
37 0
38 0
39 0
40 1
41 0
42 0
43 0
44 0
45 0
46 0
47 0
48 0
49 0
50 0
51 1
52 0
53 0
54 0
55 0
56 0
57 0
58 0
59 0
60 0
61 0
62 0
63 1
64 0
65 0
66 0
67 0
68 1
69 1
70 6
71 3
72 6
73 11
74 7
75 5
76 10
77 9
78 8
79 9
80 10
81 15
82 7
83 8
84 12
85 12
86 11
87 5
88 7
89 5
90 14
91 8
92 4
93 2
94 5
95 8
96 6
97 5
98 5
99 6
100 8
101 5
102 4
103 8
104 3
105 0
106 4
107 4
108 6
109 2
110 7
111 4
112 2
113 8
114 8
115 3
116 6
117 9
118 11
119 5
120 4
121 11
122 11
123 13
124 10
125 9
126 13
127 13
128 14
129 17
130 16
131 19
132 22
133 25
134 25
135 30
136 25
137 29
138 51
139 35
140 58
141 36
142 52
143 64
144 73
145 88
146 77
147 102
148 103
149 104
150 147
151 127
152 135
153 157
154 187
155 209
156 191
157 255
158 331
159 336
160 400
161 435
162 497
163 623
164 538
165 674
166 692
167 671
168 726
169 754
170 815
171 901
172 829
173 958
174 980
175 1076
176 1181
177 1248
178 1283
179 1482
180 1520
181 1547
182 1532
183 1642
184 1764
185 1759
186 1901
187 2143
188 2114
189 2263
190 2037
191 2111
192 2066
193 2206
194 2300
195 2362
196 2414
197 2591
198 2591
199 2614
200 2575
201 2540
202 2600
203 2624
204 2713
205 2705
206 2549
207 2479
208 2482
209 2542
210 2649
211 2510
212 2699
213 2857
214 2957
215 2854
216 2930
217 2750
218 2812
219 2812
220 2576
221 2588
222 2571
223 2443
224 2465
225 2420
226 2459
227 2252
228 2274
229 2220
230 2308
231 2238
232 2104
233 2248
234 1981
235 1819
236 1837
237 1766
238 1897
239 1911
240 1706
241 1789
242 1791
243 1739
244 1927
245 1828
246 1795
247 1881
248 1897
249 1931
250 1867
251 1918
252 1867
253 1833
254 2038
255 1768
256 1699
257 1605
258 1534
259 1373
260 1198
261 1180
262 1126
263 1077
264 1075
265 1001
266 927
267 858
268 856
269 846
270 716
271 753
272 687
273 719
274 622
275 687
276 592
277 576
278 503
279 587
280 492
281 419
282 512
283 399
284 400
285 365
286 337
287 328
288 343
289 296
290 282
291 273
292 252
293 207
294 223
295 189
296 173
297 147
298 156
299 155
300 121
301 117
302 126
303 109
304 116
305 108
306 90
307 85
308 86
309 101
310 82
311 94
312 76
313 72
314 82
315 68
316 67
317 52
318 63
319 55
320 53
321 58
322 42
323 56
324 77
325 49
326 67
327 54
328 37
329 32
330 31
331 24
332 20
333 33
334 29
335 29
336 22
337 18
338 22
339 13
340 14
341 11
342 3
343 5
344 1
345 1
346 3
347 2
348 2
349 0
350 1
351 1
