0 0
1 0
2 0
3 0
4 0
5 0
6 0
7 0
8 0
9 0
10 0
11 0
12 0
13 0
14 0
15 0
16 0
17 0
18 0
19 0
20 0
21 0
22 0
23 0
24 0
25 0
26 0
27 0
28 0
29 0
30 0
31 0
32 0
33 0
34 0
35 0
36 0
37 0
38 0
39 0
40 0
41 0
42 0
43 0
44 0
45 0
46 0
47 0
48 0
49 0
50 0
51 0
52 0
53 0
54 1
55 2
56 0
57 0
58 0
59 0
60 0
61 0
62 0
63 0
64 0
65 0
66 0
67 0
68 0
69 0
70 0
71 0
72 0
73 1
74 0
75 0
76 0
77 0
78 0
79 0
80 0
81 0
82 0
83 0
84 0
85 0
86 1
87 1
88 0
89 0
90 0
91 0
92 0
93 0
94 0
95 0
96 0
97 0
98 0
99 1
100 1
101 0
102 0
103 0
104 1
105 0
106 1
107 1
108 1
109 0
110 1
111 3
112 2
113 1
114 2
115 2
116 0
117 5
118 3
119 7
120 1
121 4
122 10
123 3
124 5
125 1
126 4
127 13
128 8
129 7
130 11
131 10
132 36
133 58
134 91
135 69
136 86
137 122
138 139
139 150
140 166
141 198
142 202
143 228
144 296
145 263
146 297
147 316
148 358
149 363
150 360
151 464
152 456
153 488
154 474
155 548
156 526
157 623
158 596
159 720
160 706
161 862
162 771
163 867
164 807
165 749
166 792
167 867
168 793
169 784
170 859
171 951
172 1081
173 1168
174 1144
175 1109
176 987
177 978
178 924
179 883
180 774
181 905
182 860
183 930
184 979
185 1059
186 1121
187 1100
188 1149
189 1262
190 1339
191 1398
192 1560
193 1593
194 1700
195 1695
196 1864
197 1948
198 1891
199 2017
200 1856
201 1905
202 1917
203 1872
204 2047
205 2242
206 2122
207 2230
208 2224
209 2385
210 2501
211 2268
212 2486
213 2591
214 2521
215 2449
216 2471
217 2338
218 2464
219 2400
220 2193
221 2296
222 2194
223 2332
224 2436
225 2408
226 2427
227 2413
228 2524
229 2409
230 2226
231 2245
232 2165
233 2126
234 2099
235 2073
236 2029
237 2026
238 2062
239 1854
240 1827
241 1754
242 1740
243 1586
244 1574
245 1617
246 1637
247 1488
248 1562
249 1655
250 1696
251 1764
252 1695
253 1851
254 1810
255 1721
256 1777
257 1719
258 1774
259 1705
260 1706
261 1713
262 1477
263 1519
264 1492
265 1483
266 1406
267 1371
268 1395
269 1324
270 1230
271 1230
272 1192
273 1110
274 1085
275 1089
276 1023
277 944
278 992
279 922
280 941
281 917
282 901
283 808
284 779
285 740
286 799
287 715
288 703
289 579
290 605
291 494
292 487
293 489
294 580
295 546
296 441
297 452
298 393
299 352
300 335
301 336
302 301
303 276
304 258
305 239
306 258
307 191
308 184
309 189
310 124
311 140
312 132
313 106
314 114
315 111
316 113
317 101
318 122
319 110
320 111
321 108
322 89
323 68
324 70
325 61
326 58
327 62
328 65
329 47
330 39
331 26
332 33
333 33
334 29
335 24
336 32
337 26
338 27
339 20
340 17
341 33
342 28
343 15
344 15
345 16
346 11
347 8
348 9
349 8
350 8
351 9
352 6
353 4
354 2
355 9
356 11
357 6
358 5
359 8
360 7
361 2
362 5
363 4
364 7
365 5
366 6
367 6
368 5
369 2
370 3
371 1
372 1
373 2
374 0
375 1
376 1
377 1
378 1
379 1
380 1
381 0
382 0
383 0
384 1
385 0
386 0
387 0
388 1
389 0
390 0
391 0
392 0
393 0
394 0
395 0
396 0
397 0
398 0
399 1
