0 0
1 0
2 0
3 0
4 0
5 0
6 0
7 0
8 0
9 0
10 0
11 0
12 0
13 0
14 0
15 0
16 0
17 0
18 0
19 0
20 0
21 0
22 0
23 0
24 0
25 0
26 0
27 0
28 0
29 0
30 0
31 0
32 0
33 0
34 0
35 0
36 0
37 0
38 0
39 0
40 0
41 0
42 0
43 0
44 0
45 0
46 0
47 0
48 0
49 0
50 0
51 0
52 0
53 0
54 0
55 0
56 0
57 0
58 0
59 0
60 0
61 0
62 0
63 0
64 0
65 0
66 0
67 0
68 0
69 0
70 0
71 0
72 0
73 0
74 0
75 0
76 0
77 0
78 0
79 0
80 0
81 0
82 0
83 0
84 0
85 0
86 0
87 0
88 0
89 0
90 0
91 0
92 0
93 0
94 0
95 0
96 0
97 0
98 0
99 0
100 0
101 1
102 0
103 0
104 0
105 0
106 0
107 1
108 0
109 2
110 7
111 4
112 3
113 3
114 1
115 3
116 8
117 4
118 10
119 9
120 3
121 11
122 16
123 8
124 14
125 9
126 8
127 19
128 21
129 38
130 27
131 33
132 45
133 36
134 46
135 63
136 62
137 56
138 66
139 64
140 57
141 69
142 61
143 87
144 89
145 92
146 89
147 134
148 148
149 157
150 186
151 188
152 199
153 237
154 251
155 286
156 309
157 326
158 363
159 368
160 372
161 438
162 495
163 531
164 493
165 501
166 566
167 553
168 625
169 640
170 635
171 621
172 699
173 634
174 717
175 662
176 692
177 721
178 690
179 716
180 754
181 798
182 855
183 950
184 1042
185 1065
186 1175
187 1236
188 1320
189 1430
190 1410
191 1442
192 1530
193 1648
194 1636
195 1674
196 1691
197 1747
198 1613
199 1700
200 1688
201 1754
202 1726
203 1781
204 1785
205 1906
206 2078
207 2062
208 2190
209 2128
210 2158
211 2240
212 2387
213 2452
214 2417
215 2514
216 2365
217 2621
218 2730
219 2715
220 2746
221 2853
222 2944
223 3061
224 2887
225 2946
226 2863
227 2938
228 2996
229 3074
230 3155
231 3363
232 3318
233 3239
234 3276
235 3312
236 3289
237 3379
238 3372
239 3126
240 3161
241 2910
242 2816
243 2576
244 2367
245 2221
246 2221
247 2065
248 2160
249 1889
250 1879
251 1831
252 1831
253 1672
254 1582
255 1476
256 1515
257 1539
258 1456
259 1361
260 1251
261 1244
262 1214
263 1148
264 1105
265 1082
266 1030
267 1135
268 1065
269 1119
270 1091
271 1162
272 1093
273 1023
274 993
275 993
276 981
277 856
278 835
279 835
280 691
281 650
282 591
283 578
284 531
285 521
286 433
287 385
288 344
289 307
290 267
291 272
292 249
293 228
294 269
295 225
296 235
297 250
298 185
299 183
300 176
301 162
302 149
303 137
304 131
305 119
306 122
307 152
308 142
309 140
310 138
311 139
312 128
313 106
314 108
315 114
316 114
317 87
318 75
319 64
320 80
321 81
322 63
323 56
324 68
325 61
326 60
327 42
328 32
329 18
330 24
331 10
332 9
333 4
334 11
335 8
336 8
337 7
338 10
339 3
340 6
341 0
342 0
343 2
344 0
345 3
346 1
347 3
348 2
349 0
350 0
351 0
352 0
353 1
