0 0
1 0
2 0
3 0
4 0
5 0
6 0
7 0
8 0
9 0
10 0
11 0
12 0
13 0
14 0
15 0
16 0
17 0
18 0
19 0
20 0
21 0
22 0
23 0
24 0
25 0
26 0
27 0
28 0
29 0
30 0
31 0
32 0
33 0
34 0
35 0
36 0
37 0
38 0
39 0
40 0
41 0
42 0
43 0
44 0
45 0
46 0
47 0
48 0
49 0
50 0
51 0
52 0
53 0
54 0
55 0
56 0
57 0
58 0
59 0
60 0
61 0
62 0
63 0
64 0
65 0
66 0
67 0
68 0
69 0
70 0
71 0
72 0
73 0
74 0
75 0
76 0
77 0
78 0
79 0
80 0
81 0
82 0
83 0
84 0
85 0
86 0
87 0
88 0
89 0
90 0
91 0
92 0
93 0
94 0
95 0
96 0
97 0
98 0
99 0
100 0
101 0
102 0
103 0
104 0
105 0
106 0
107 0
108 0
109 1
110 0
111 0
112 0
113 2
114 3
115 4
116 5
117 6
118 11
119 1
120 11
121 13
122 17
123 17
124 29
125 55
126 89
127 69
128 117
129 93
130 109
131 108
132 111
133 161
134 160
135 196
136 211
137 232
138 249
139 291
140 302
141 335
142 380
143 424
144 404
145 517
146 552
147 493
148 586
149 629
150 611
151 612
152 639
153 633
154 737
155 685
156 731
157 882
158 916
159 1008
160 1185
161 1296
162 1327
163 1287
164 1349
165 1185
166 1332
167 1185
168 1263
169 1198
170 1249
171 1093
172 1210
173 1317
174 1212
175 1280
176 1494
177 1484
178 1600
179 1703
180 1735
181 1735
182 1884
183 1758
184 1774
185 1816
186 1840
187 1835
188 1871
189 1917
190 1852
191 1886
192 1888
193 1778
194 1901
195 1831
196 1773
197 1793
198 1959
199 1923
200 1842
201 1959
202 1983
203 2177
204 2061
205 1975
206 2008
207 2031
208 2152
209 2235
210 2179
211 2391
212 2336
213 2482
214 2446
215 2453
216 2461
217 2399
218 2504
219 2570
220 2747
221 2541
222 2489
223 2357
224 2215
225 2109
226 1941
227 1754
228 1729
229 1650
230 1575
231 1535
232 1508
233 1552
234 1403
235 1393
236 1353
237 1448
238 1427
239 1495
240 1453
241 1528
242 1548
243 1483
244 1528
245 1580
246 1513
247 1642
248 1615
249 1644
250 1716
251 1585
252 1623
253 1664
254 1558
255 1591
256 1489
257 1527
258 1342
259 1527
260 1465
261 1293
262 1321
263 1314
264 1160
265 1102
266 1061
267 1029
268 1072
269 930
270 987
271 932
272 902
273 874
274 813
275 708
276 751
277 753
278 839
279 851
280 748
281 739
282 729
283 746
284 631
285 627
286 569
287 600
288 498
289 477
290 450
291 436
292 409
293 375
294 380
295 334
296 299
297 255
298 247
299 204
300 194
301 182
302 174
303 137
304 128
305 123
306 110
307 149
308 92
309 107
310 72
311 69
312 58
313 60
314 62
315 34
316 24
317 23
318 22
319 17
320 13
321 10
322 6
323 6
324 6
325 6
326 2
327 5
328 4
329 2
330 0
331 2
332 2
333 1
334 1
335 0
336 2
337 0
338 1
339 0
340 0
341 0
342 0
343 1
