0 0
1 0
2 0
3 0
4 0
5 0
6 0
7 0
8 0
9 0
10 0
11 0
12 0
13 0
14 0
15 0
16 0
17 0
18 0
19 0
20 0
21 0
22 0
23 0
24 0
25 0
26 0
27 0
28 0
29 0
30 0
31 0
32 0
33 0
34 0
35 0
36 0
37 0
38 0
39 0
40 0
41 0
42 0
43 0
44 0
45 0
46 0
47 0
48 0
49 0
50 0
51 0
52 0
53 0
54 0
55 0
56 0
57 0
58 0
59 0
60 0
61 0
62 0
63 0
64 2
65 0
66 0
67 0
68 1
69 0
70 0
71 0
72 0
73 0
74 1
75 0
76 0
77 0
78 2
79 0
80 1
81 0
82 0
83 1
84 1
85 0
86 0
87 0
88 0
89 0
90 0
91 0
92 0
93 0
94 0
95 0
96 0
97 0
98 0
99 0
100 0
101 0
102 0
103 2
104 0
105 0
106 1
107 2
108 1
109 4
110 2
111 3
112 9
113 4
114 6
115 3
116 13
117 17
118 19
119 33
120 53
121 29
122 25
123 28
124 26
125 37
126 45
127 45
128 37
129 47
130 65
131 54
132 59
133 61
134 60
135 59
136 82
137 61
138 54
139 67
140 38
141 62
142 44
143 65
144 67
145 55
146 78
147 76
148 66
149 82
150 71
151 67
152 75
153 92
154 74
155 74
156 81
157 101
158 82
159 74
160 132
161 95
162 144
163 151
164 128
165 161
166 144
167 172
168 170
169 149
170 180
171 210
172 241
173 263
174 278
175 331
176 298
177 345
178 354
179 332
180 401
181 408
182 420
183 476
184 560
185 547
186 644
187 702
188 746
189 852
190 825
191 848
192 896
193 960
194 984
195 1050
196 1114
197 1165
198 1340
199 1219
200 1354
201 1296
202 1234
203 1196
204 1294
205 1175
206 1149
207 1174
208 1149
209 1266
210 1267
211 1300
212 1348
213 1371
214 1534
215 1512
216 1679
217 1749
218 1935
219 1986
220 2008
221 1997
222 2046
223 2277
224 2270
225 2248
226 2312
227 2287
228 2152
229 2274
230 2327
231 2295
232 2127
233 2334
234 2152
235 2278
236 2215
237 2157
238 2271
239 2331
240 2338
241 2121
242 2179
243 2174
244 2135
245 2210
246 2157
247 2132
248 2273
249 2394
250 2302
251 2543
252 2504
253 2347
254 2473
255 2441
256 2406
257 2369
258 2368
259 2406
260 2218
261 2000
262 2000
263 2091
264 2095
265 1981
266 2071
267 1998
268 1985
269 1941
270 1876
271 1807
272 1751
273 1855
274 1680
275 1756
276 1746
277 1770
278 1747
279 1704
280 1611
281 1537
282 1552
283 1360
284 1252
285 1230
286 1222
287 1131
288 1085
289 1124
290 1060
291 1023
292 942
293 980
294 869
295 837
296 902
297 888
298 815
299 822
300 781
301 739
302 715
303 695
304 746
305 730
306 613
307 709
308 734
309 684
310 664
311 639
312 632
313 595
314 653
315 592
316 529
317 501
318 478
319 421
320 451
321 385
322 339
323 319
324 364
325 359
326 329
327 291
328 278
329 258
330 246
331 218
332 206
333 196
334 166
335 170
336 148
337 158
338 130
339 126
340 88
341 91
342 126
343 121
344 93
345 110
346 103
347 114
348 54
349 62
350 45
351 53
352 31
353 24
354 28
355 22
356 14
357 18
358 9
359 12
360 8
361 23
362 11
363 14
364 13
365 7
366 7
367 7
368 0
369 1
370 2
371 2
