0 0
1 0
2 0
3 0
4 0
5 0
6 0
7 0
8 0
9 0
10 0
11 0
12 0
13 0
14 0
15 0
16 0
17 0
18 0
19 0
20 0
21 0
22 0
23 0
24 0
25 0
26 0
27 0
28 0
29 0
30 0
31 0
32 0
33 0
34 0
35 0
36 0
37 0
38 0
39 0
40 0
41 0
42 0
43 0
44 0
45 0
46 0
47 0
48 0
49 0
50 0
51 0
52 0
53 0
54 0
55 0
56 0
57 0
58 0
59 0
60 0
61 0
62 0
63 0
64 0
65 0
66 0
67 0
68 0
69 0
70 0
71 0
72 0
73 0
74 0
75 0
76 0
77 0
78 0
79 0
80 0
81 0
82 0
83 0
84 0
85 0
86 0
87 0
88 0
89 0
90 0
91 0
92 0
93 0
94 0
95 0
96 0
97 0
98 0
99 0
100 0
101 0
102 0
103 0
104 0
105 0
106 0
107 0
108 0
109 0
110 0
111 0
112 1
113 1
114 4
115 4
116 8
117 13
118 20
119 14
120 21
121 40
122 31
123 30
124 37
125 39
126 39
127 63
128 73
129 60
130 64
131 82
132 81
133 135
134 115
135 154
136 173
137 176
138 260
139 295
140 325
141 295
142 345
143 299
144 315
145 314
146 288
147 289
148 322
149 291
150 424
151 345
152 421
153 454
154 474
155 496
156 528
157 461
158 441
159 482
160 378
161 483
162 510
163 522
164 587
165 659
166 741
167 910
168 897
169 973
170 989
171 1076
172 1064
173 1146
174 1226
175 1243
176 1188
177 1295
178 1136
179 1303
180 1345
181 1342
182 1334
183 1420
184 1400
185 1392
186 1400
187 1557
188 1495
189 1558
190 1616
191 1621
192 1664
193 1815
194 1755
195 1823
196 2073
197 2067
198 2111
199 2175
200 2352
201 2199
202 2531
203 2534
204 2491
205 2393
206 2351
207 2293
208 2363
209 2354
210 2465
211 2451
212 2476
213 2320
214 2418
215 2488
216 2458
217 2344
218 2485
219 2532
220 2349
221 2306
222 2283
223 2203
224 2263
225 2122
226 2118
227 1961
228 1945
229 1951
230 1873
231 1849
232 1820
233 1879
234 1756
235 1930
236 1804
237 1885
238 1795
239 1867
240 1884
241 1908
242 1705
243 1637
244 1609
245 1554
246 1578
247 1492
248 1517
249 1639
250 1635
251 1678
252 1623
253 1576
254 1563
255 1526
256 1465
257 1340
258 1411
259 1353
260 1358
261 1290
262 1254
263 1249
264 1303
265 1258
266 1285
267 1142
268 1077
269 1164
270 1037
271 1132
272 968
273 982
274 982
275 973
276 874
277 923
278 905
279 705
280 720
281 727
282 654
283 616
284 698
285 670
286 620
287 636
288 680
289 682
290 629
291 546
292 578
293 506
294 517
295 467
296 485
297 453
298 412
299 343
300 335
301 361
302 378
303 271
304 286
305 241
306 256
307 255
308 269
309 256
310 248
311 225
312 216
313 221
314 189
315 230
316 170
317 168
318 178
319 131
320 139
321 110
322 140
323 101
324 119
325 115
326 110
327 111
328 74
329 102
330 75
331 66
332 59
333 79
334 72
335 45
336 43
337 24
338 52
339 34
340 23
341 34
342 35
343 25
344 28
345 29
346 18
347 19
348 10
349 24
350 13
351 12
352 17
353 5
354 8
355 7
356 8
357 7
358 6
359 7
360 3
361 5
362 5
363 3
364 6
365 3
366 0
367 1
368 3
369 0
370 1
371 1
