0 0
1 0
2 0
3 0
4 0
5 0
6 0
7 0
8 0
9 0
10 0
11 0
12 0
13 0
14 0
15 0
16 0
17 0
18 0
19 0
20 0
21 0
22 0
23 0
24 0
25 0
26 0
27 0
28 0
29 0
30 0
31 0
32 0
33 0
34 0
35 0
36 0
37 0
38 0
39 0
40 0
41 0
42 0
43 0
44 0
45 0
46 0
47 0
48 0
49 0
50 0
51 0
52 0
53 0
54 0
55 0
56 0
57 0
58 0
59 0
60 0
61 0
62 0
63 0
64 0
65 0
66 0
67 0
68 0
69 0
70 0
71 0
72 0
73 0
74 0
75 0
76 0
77 0
78 0
79 0
80 0
81 0
82 0
83 0
84 0
85 0
86 0
87 0
88 0
89 0
90 1
91 0
92 1
93 2
94 1
95 0
96 0
97 3
98 0
99 1
100 4
101 0
102 4
103 3
104 4
105 1
106 11
107 12
108 5
109 2
110 5
111 11
112 5
113 8
114 10
115 10
116 18
117 16
118 15
119 11
120 14
121 11
122 25
123 15
124 21
125 16
126 11
127 16
128 11
129 30
130 19
131 15
132 20
133 20
134 32
135 17
136 30
137 21
138 20
139 28
140 25
141 12
142 34
143 19
144 26
145 25
146 33
147 36
148 34
149 52
150 65
151 62
152 83
153 121
154 99
155 94
156 107
157 131
158 131
159 134
160 124
161 161
162 171
163 210
164 200
165 212
166 208
167 190
168 232
169 228
170 220
171 256
172 270
173 244
174 280
175 232
176 268
177 250
178 299
179 307
180 271
181 319
182 322
183 301
184 347
185 344
186 376
187 420
188 372
189 470
190 454
191 459
192 478
193 527
194 567
195 578
196 555
197 617
198 669
199 763
200 735
201 769
202 814
203 774
204 807
205 972
206 1040
207 1077
208 1158
209 1303
210 1244
211 1281
212 1362
213 1400
214 1391
215 1383
216 1364
217 1416
218 1517
219 1447
220 1500
221 1552
222 1662
223 1629
224 1643
225 1647
226 1665
227 1767
228 1896
229 1902
230 2143
231 2148
232 2318
233 2426
234 2354
235 2304
236 2473
237 2499
238 2343
239 2509
240 2504
241 2576
242 2464
243 2493
244 2557
245 2430
246 2598
247 2481
248 2414
249 2524
250 2753
251 2782
252 2808
253 2900
254 3003
255 2755
256 2789
257 2700
258 2741
259 2680
260 2663
261 2546
262 2431
263 2252
264 2227
265 2146
266 1957
267 1909
268 1826
269 1930
270 1900
271 1812
272 1737
273 1803
274 1839
275 1801
276 1881
277 1794
278 1830
279 1854
280 1755
281 1811
282 1697
283 1718
284 1609
285 1689
286 1592
287 1553
288 1532
289 1378
290 1429
291 1262
292 1326
293 1240
294 1226
295 1287
296 1275
297 1223
298 1224
299 1190
300 1004
301 1145
302 1056
303 1018
304 920
305 885
306 847
307 784
308 696
309 680
310 639
311 585
312 558
313 557
314 586
315 484
316 462
317 453
318 444
319 403
320 381
321 386
322 323
323 328
324 261
325 243
326 190
327 179
328 203
329 189
330 191
331 159
332 155
333 140
334 110
335 148
336 125
337 139
338 102
339 140
340 114
341 119
342 124
343 139
344 142
345 109
346 136
347 132
348 104
349 56
350 79
351 50
352 41
353 38
354 37
355 29
356 26
357 36
358 27
359 18
360 11
361 18
362 10
363 11
364 4
365 1
366 0
367 0
368 0
369 1
370 0
371 0
372 0
373 0
374 0
375 1
