0 0
1 0
2 0
3 0
4 0
5 0
6 0
7 0
8 0
9 0
10 0
11 0
12 0
13 0
14 0
15 0
16 0
17 0
18 0
19 0
20 0
21 0
22 0
23 0
24 0
25 0
26 0
27 0
28 0
29 0
30 0
31 0
32 0
33 0
34 0
35 0
36 0
37 0
38 0
39 0
40 0
41 0
42 0
43 0
44 0
45 0
46 0
47 0
48 0
49 0
50 0
51 0
52 0
53 0
54 0
55 0
56 0
57 0
58 0
59 0
60 0
61 0
62 0
63 0
64 0
65 0
66 0
67 0
68 0
69 0
70 0
71 0
72 0
73 0
74 0
75 0
76 0
77 0
78 0
79 0
80 0
81 0
82 0
83 0
84 0
85 0
86 0
87 0
88 0
89 0
90 0
91 0
92 0
93 0
94 0
95 0
96 0
97 1
98 0
99 0
100 0
101 0
102 0
103 0
104 2
105 0
106 0
107 3
108 0
109 1
110 0
111 1
112 0
113 1
114 0
115 0
116 2
117 1
118 0
119 2
120 2
121 0
122 0
123 2
124 2
125 4
126 6
127 8
128 3
129 9
130 12
131 4
132 7
133 16
134 15
135 11
136 11
137 11
138 14
139 23
140 22
141 25
142 15
143 29
144 23
145 33
146 34
147 33
148 32
149 33
150 44
151 45
152 52
153 63
154 70
155 92
156 99
157 97
158 114
159 106
160 87
161 121
162 136
163 157
164 183
165 173
166 222
167 254
168 316
169 279
170 285
171 300
172 324
173 342
174 294
175 298
176 317
177 325
178 343
179 348
180 398
181 354
182 347
183 356
184 348
185 391
186 326
187 360
188 358
189 396
190 435
191 400
192 443
193 459
194 385
195 522
196 487
197 482
198 467
199 601
200 546
201 598
202 543
203 615
204 635
205 705
206 722
207 737
208 742
209 831
210 864
211 910
212 1012
213 987
214 1113
215 1149
216 1107
217 1111
218 1185
219 1236
220 1301
221 1311
222 1279
223 1397
224 1449
225 1514
226 1644
227 1744
228 1740
229 1748
230 1988
231 2070
232 2027
233 2155
234 2197
235 2295
236 2265
237 2335
238 2438
239 2440
240 2430
241 2403
242 2418
243 2469
244 2364
245 2543
246 2592
247 2471
248 2657
249 2625
250 2638
251 2624
252 2854
253 2782
254 2964
255 2976
256 3365
257 3366
258 3388
259 3237
260 3136
261 3166
262 3132
263 2998
264 2835
265 2694
266 2595
267 2641
268 2659
269 2571
270 2567
271 2432
272 2522
273 2161
274 2197
275 2144
276 1947
277 2027
278 1953
279 2115
280 1978
281 1936
282 1869
283 1807
284 1725
285 1718
286 1677
287 1613
288 1649
289 1702
290 1670
291 1628
292 1579
293 1520
294 1478
295 1375
296 1348
297 1242
298 1119
299 975
300 991
301 1010
302 900
303 911
304 856
305 791
306 757
307 679
308 627
309 541
310 511
311 535
312 452
313 413
314 388
315 344
316 313
317 330
318 353
319 299
320 288
321 273
322 246
323 233
324 228
325 166
326 150
327 130
328 115
329 89
330 93
331 76
332 56
333 64
334 47
335 56
336 46
337 49
338 40
339 45
340 26
341 27
342 21
343 24
344 16
345 16
346 4
347 15
348 8
349 3
350 2
351 7
352 4
353 1
354 3
355 3
356 1
357 2
358 0
359 4
360 2
361 3
362 1
363 1
364 1
365 1
366 1
367 2
368 0
369 1
370 1
