0 0
1 0
2 0
3 0
4 0
5 0
6 0
7 0
8 0
9 0
10 0
11 0
12 0
13 0
14 0
15 0
16 0
17 0
18 0
19 0
20 0
21 0
22 0
23 0
24 0
25 0
26 0
27 0
28 0
29 0
30 0
31 0
32 0
33 0
34 0
35 0
36 0
37 0
38 0
39 0
40 0
41 0
42 0
43 0
44 0
45 0
46 0
47 0
48 0
49 0
50 0
51 0
52 0
53 0
54 0
55 0
56 0
57 0
58 0
59 0
60 0
61 0
62 0
63 0
64 0
65 0
66 0
67 0
68 0
69 0
70 0
71 0
72 0
73 0
74 0
75 0
76 0
77 0
78 0
79 0
80 0
81 0
82 0
83 0
84 0
85 0
86 0
87 0
88 0
89 0
90 0
91 0
92 0
93 0
94 0
95 0
96 0
97 0
98 0
99 0
100 0
101 0
102 0
103 0
104 0
105 0
106 0
107 0
108 0
109 0
110 0
111 0
112 0
113 0
114 0
115 2
116 1
117 2
118 2
119 1
120 1
121 6
122 10
123 7
124 10
125 12
126 20
127 17
128 18
129 24
130 27
131 22
132 15
133 27
134 28
135 23
136 46
137 44
138 42
139 42
140 70
141 87
142 89
143 122
144 202
145 229
146 314
147 302
148 369
149 322
150 389
151 393
152 378
153 374
154 417
155 491
156 482
157 478
158 471
159 495
160 550
161 531
162 614
163 648
164 633
165 658
166 639
167 683
168 855
169 890
170 828
171 923
172 956
173 937
174 1015
175 946
176 924
177 945
178 927
179 1040
180 1019
181 1033
182 1064
183 1121
184 1157
185 1257
186 1305
187 1346
188 1430
189 1660
190 1755
191 1972
192 2152
193 2118
194 2347
195 2407
196 2484
197 2578
198 2572
199 2618
200 2727
201 2857
202 2703
203 2896
204 2919
205 3068
206 3031
207 3282
208 3287
209 3304
210 3270
211 3235
212 3213
213 3205
214 3241
215 3210
216 3016
217 2900
218 2759
219 2649
220 2598
221 2580
222 2651
223 2571
224 2323
225 2497
226 2405
227 2358
228 2528
229 2511
230 2530
231 2539
232 2696
233 2724
234 2705
235 2547
236 2540
237 2438
238 2427
239 2317
240 2250
241 2156
242 2066
243 1951
244 2000
245 1843
246 1786
247 1713
248 1688
249 1587
250 1472
251 1457
252 1285
253 1238
254 1204
255 1220
256 1203
257 1141
258 1145
259 1083
260 1117
261 1055
262 1083
263 1025
264 1036
265 1037
266 941
267 923
268 939
269 832
270 787
271 689
272 708
273 677
274 609
275 575
276 539
277 463
278 436
279 374
280 337
281 281
282 353
283 232
284 235
285 215
286 212
287 205
288 162
289 154
290 128
291 158
292 111
293 100
294 118
295 102
296 74
297 62
298 76
299 70
300 63
301 66
302 52
303 43
304 30
305 41
306 35
307 38
308 23
309 25
310 18
311 25
312 24
313 22
314 21
315 31
316 22
317 25
318 25
319 34
320 28
321 18
322 32
323 20
324 25
325 22
326 12
327 7
328 14
329 9
330 5
331 0
332 2
333 0
334 1
335 1
336 0
337 0
338 0
339 0
340 1
