0 0
1 0
2 0
3 0
4 0
5 0
6 0
7 0
8 0
9 0
10 0
11 0
12 0
13 0
14 0
15 0
16 0
17 0
18 0
19 0
20 0
21 0
22 0
23 0
24 0
25 0
26 0
27 0
28 0
29 0
30 0
31 0
32 0
33 0
34 0
35 0
36 0
37 0
38 0
39 0
40 0
41 0
42 0
43 0
44 0
45 0
46 0
47 0
48 0
49 0
50 0
51 0
52 0
53 0
54 0
55 0
56 0
57 0
58 0
59 0
60 0
61 0
62 0
63 0
64 0
65 0
66 0
67 0
68 0
69 0
70 0
71 0
72 0
73 0
74 0
75 0
76 0
77 0
78 0
79 0
80 0
81 0
82 0
83 0
84 0
85 0
86 0
87 0
88 0
89 0
90 0
91 0
92 0
93 0
94 0
95 0
96 0
97 0
98 0
99 0
100 0
101 0
102 0
103 0
104 0
105 0
106 1
107 0
108 0
109 0
110 0
111 0
112 1
113 1
114 1
115 0
116 0
117 2
118 4
119 8
120 4
121 7
122 14
123 16
124 35
125 29
126 41
127 41
128 66
129 71
130 111
131 113
132 96
133 118
134 131
135 159
136 128
137 146
138 166
139 175
140 189
141 172
142 194
143 168
144 156
145 204
146 200
147 187
148 205
149 251
150 276
151 247
152 279
153 305
154 281
155 357
156 324
157 339
158 304
159 333
160 344
161 381
162 360
163 403
164 368
165 468
166 497
167 501
168 488
169 563
170 547
171 535
172 543
173 612
174 606
175 688
176 685
177 760
178 928
179 1081
180 1070
181 1208
182 1293
183 1302
184 1388
185 1419
186 1441
187 1453
188 1466
189 1428
190 1370
191 1324
192 1380
193 1495
194 1567
195 1631
196 1724
197 1683
198 1881
199 1700
200 1807
201 1658
202 1708
203 1792
204 1722
205 1874
206 1945
207 1922
208 1931
209 2087
210 2154
211 2251
212 2325
213 2411
214 2437
215 2262
216 2484
217 2456
218 2467
219 2583
220 2706
221 2535
222 2481
223 2554
224 2508
225 2364
226 2235
227 2193
228 2137
229 2216
230 2079
231 2162
232 2242
233 2056
234 2098
235 1987
236 2135
237 2104
238 2140
239 2103
240 2155
241 2223
242 2304
243 2205
244 2045
245 2133
246 2052
247 2028
248 2071
249 1985
250 1978
251 1966
252 1976
253 1892
254 1773
255 1840
256 1769
257 1752
258 1619
259 1696
260 1565
261 1497
262 1557
263 1525
264 1385
265 1369
266 1320
267 1380
268 1365
269 1168
270 1125
271 1089
272 1055
273 1055
274 978
275 969
276 1034
277 986
278 957
279 986
280 944
281 941
282 991
283 1011
284 890
285 1023
286 1093
287 966
288 1027
289 948
290 915
291 879
292 844
293 743
294 698
295 636
296 512
297 486
298 429
299 391
300 379
301 368
302 359
303 247
304 271
305 258
306 220
307 220
308 198
309 168
310 176
311 200
312 165
313 168
314 148
315 129
316 132
317 128
318 137
319 126
320 127
321 103
322 135
323 101
324 114
325 104
326 97
327 94
328 56
329 60
330 56
331 50
332 56
333 37
334 41
335 26
336 40
337 24
338 42
339 44
340 36
341 48
342 80
343 71
344 82
345 76
346 83
347 63
348 71
349 75
350 32
351 94
352 33
353 20
354 14
355 9
356 8
357 0
358 8
359 7
360 5
361 0
362 4
363 3
364 0
365 2
366 1
367 0
368 0
369 5
370 0
371 2
