0 0
1 0
2 0
3 0
4 0
5 0
6 0
7 0
8 0
9 0
10 0
11 0
12 0
13 0
14 0
15 0
16 0
17 0
18 0
19 0
20 0
21 0
22 0
23 0
24 0
25 0
26 0
27 0
28 0
29 0
30 0
31 0
32 0
33 0
34 0
35 0
36 0
37 0
38 0
39 0
40 0
41 0
42 0
43 0
44 0
45 0
46 0
47 0
48 0
49 0
50 0
51 0
52 0
53 0
54 0
55 0
56 0
57 0
58 0
59 0
60 0
61 0
62 1
63 0
64 0
65 0
66 0
67 0
68 0
69 1
70 0
71 0
72 0
73 0
74 0
75 0
76 0
77 0
78 0
79 0
80 0
81 0
82 0
83 0
84 0
85 0
86 0
87 1
88 0
89 0
90 0
91 0
92 0
93 0
94 1
95 0
96 0
97 0
98 0
99 1
100 0
101 0
102 0
103 0
104 0
105 0
106 0
107 0
108 0
109 1
110 0
111 0
112 0
113 0
114 1
115 0
116 0
117 0
118 0
119 0
120 2
121 3
122 0
123 0
124 2
125 8
126 10
127 4
128 12
129 14
130 16
131 8
132 17
133 31
134 26
135 35
136 42
137 75
138 76
139 76
140 93
141 92
142 128
143 133
144 175
145 180
146 202
147 254
148 253
149 260
150 296
151 280
152 327
153 354
154 402
155 477
156 576
157 586
158 590
159 656
160 766
161 756
162 910
163 894
164 932
165 1025
166 1004
167 988
168 1138
169 1190
170 1316
171 1319
172 1393
173 1469
174 1555
175 1520
176 1619
177 1724
178 1879
179 2051
180 2233
181 2353
182 2466
183 2413
184 2346
185 2328
186 2186
187 2245
188 2324
189 2226
190 2306
191 2365
192 2147
193 2308
194 2199
195 2183
196 2196
197 2182
198 2168
199 2245
200 2162
201 2191
202 2323
203 2239
204 2286
205 2374
206 2385
207 2491
208 2574
209 2656
210 2502
211 2521
212 2451
213 2361
214 2204
215 2296
216 2260
217 2272
218 2250
219 2038
220 2123
221 1871
222 1810
223 1793
224 1803
225 1717
226 1729
227 1662
228 1544
229 1565
230 1637
231 1566
232 1589
233 1722
234 1609
235 1576
236 1525
237 1620
238 1569
239 1457
240 1561
241 1487
242 1447
243 1609
244 1558
245 1562
246 1509
247 1517
248 1558
249 1512
250 1572
251 1565
252 1495
253 1436
254 1437
255 1516
256 1526
257 1540
258 1396
259 1352
260 1330
261 1348
262 1259
263 1207
264 1168
265 1014
266 998
267 954
268 947
269 896
270 859
271 869
272 825
273 800
274 859
275 744
276 847
277 706
278 689
279 704
280 725
281 705
282 634
283 612
284 591
285 561
286 513
287 487
288 477
289 489
290 473
291 416
292 458
293 437
294 363
295 384
296 369
297 373
298 335
299 328
300 318
301 293
302 249
303 249
304 241
305 225
306 199
307 176
308 187
309 140
310 150
311 130
312 132
313 116
314 96
315 108
316 98
317 95
318 75
319 87
320 95
321 63
322 58
323 73
324 42
325 44
326 54
327 32
328 31
329 29
330 30
331 46
332 22
333 24
334 24
335 29
336 10
337 18
338 11
339 12
340 21
341 6
342 13
343 20
344 14
345 13
346 6
347 5
348 6
349 6
350 2
351 1
352 8
353 4
354 6
355 0
356 1
357 0
358 1
