0 0
1 0
2 0
3 0
4 0
5 0
6 0
7 0
8 0
9 0
10 0
11 0
12 0
13 0
14 0
15 0
16 0
17 0
18 0
19 0
20 0
21 0
22 0
23 0
24 0
25 0
26 0
27 0
28 0
29 0
30 0
31 0
32 0
33 0
34 0
35 0
36 0
37 0
38 0
39 0
40 0
41 0
42 0
43 0
44 0
45 0
46 0
47 0
48 0
49 0
50 0
51 0
52 0
53 0
54 0
55 0
56 0
57 0
58 0
59 0
60 0
61 0
62 0
63 0
64 0
65 0
66 0
67 0
68 0
69 0
70 0
71 0
72 0
73 0
74 0
75 0
76 0
77 0
78 0
79 0
80 0
81 0
82 0
83 0
84 0
85 0
86 0
87 0
88 0
89 0
90 0
91 0
92 0
93 0
94 0
95 0
96 0
97 0
98 0
99 0
100 0
101 0
102 0
103 0
104 0
105 0
106 0
107 0
108 0
109 0
110 0
111 0
112 0
113 0
114 0
115 0
116 0
117 0
118 0
119 0
120 0
121 1
122 0
123 1
124 1
125 0
126 0
127 1
128 0
129 1
130 0
131 2
132 0
133 3
134 7
135 0
136 1
137 3
138 8
139 5
140 11
141 11
142 12
143 25
144 28
145 41
146 42
147 56
148 84
149 80
150 84
151 92
152 125
153 116
154 176
155 203
156 250
157 225
158 247
159 278
160 259
161 274
162 318
163 268
164 246
165 254
166 248
167 267
168 332
169 352
170 344
171 356
172 366
173 334
174 387
175 392
176 388
177 426
178 485
179 502
180 540
181 543
182 641
183 683
184 629
185 784
186 792
187 806
188 838
189 884
190 916
191 1051
192 1087
193 1208
194 1258
195 1203
196 1409
197 1471
198 1641
199 1720
200 1736
201 1894
202 1932
203 2046
204 2037
205 2289
206 2399
207 2424
208 2537
209 2570
210 2540
211 2785
212 2894
213 2901
214 2811
215 2952
216 2854
217 2742
218 2810
219 2788
220 2767
221 2887
222 2741
223 2713
224 2706
225 2780
226 2667
227 2656
228 2620
229 2641
230 2584
231 2499
232 2767
233 2687
234 2684
235 2700
236 2742
237 2757
238 2828
239 2736
240 2839
241 2822
242 2801
243 2720
244 2703
245 2644
246 2727
247 2622
248 2574
249 2467
250 2435
251 2492
252 2385
253 2263
254 2216
255 2253
256 2233
257 2121
258 2108
259 1976
260 1980
261 1842
262 1907
263 1765
264 1586
265 1553
266 1340
267 1273
268 1177
269 966
270 977
271 872
272 885
273 738
274 722
275 809
276 693
277 697
278 775
279 794
280 677
281 716
282 644
283 626
284 629
285 529
286 531
287 543
288 518
289 481
290 478
291 427
292 415
293 427
294 450
295 437
296 447
297 418
298 410
299 402
300 347
301 346
302 281
303 237
304 240
305 213
306 183
307 175
308 203
309 154
310 142
311 145
312 131
313 99
314 93
315 123
316 81
317 91
318 72
319 74
320 75
321 81
322 77
323 91
324 64
325 76
326 71
327 65
328 80
329 54
330 74
331 86
332 51
333 63
334 49
335 48
336 55
337 50
338 49
339 53
340 42
341 29
342 26
343 22
344 13
345 28
346 18
347 18
348 13
349 6
350 17
351 13
352 5
353 13
354 12
355 15
356 19
357 11
358 11
359 11
360 6
361 4
362 2
363 1
364 0
365 0
366 4
367 0
368 2
