0 0
1 0
2 0
3 0
4 0
5 0
6 0
7 0
8 0
9 0
10 0
11 0
12 0
13 1
14 0
15 0
16 0
17 0
18 0
19 0
20 0
21 0
22 0
23 0
24 0
25 0
26 0
27 0
28 0
29 0
30 0
31 0
32 0
33 0
34 0
35 0
36 0
37 0
38 0
39 0
40 0
41 0
42 0
43 0
44 0
45 0
46 0
47 0
48 1
49 0
50 0
51 0
52 0
53 0
54 0
55 0
56 0
57 0
58 0
59 0
60 0
61 0
62 0
63 0
64 0
65 0
66 0
67 0
68 0
69 0
70 0
71 0
72 0
73 0
74 0
75 0
76 0
77 0
78 0
79 0
80 0
81 0
82 0
83 0
84 0
85 0
86 0
87 0
88 0
89 0
90 0
91 0
92 0
93 0
94 0
95 0
96 0
97 0
98 0
99 0
100 0
101 0
102 0
103 0
104 0
105 0
106 0
107 0
108 1
109 0
110 0
111 0
112 0
113 0
114 1
115 0
116 0
117 0
118 0
119 0
120 0
121 0
122 0
123 0
124 0
125 0
126 0
127 0
128 0
129 2
130 0
131 2
132 3
133 5
134 4
135 6
136 14
137 3
138 17
139 21
140 8
141 22
142 33
143 21
144 51
145 44
146 40
147 49
148 68
149 43
150 57
151 59
152 51
153 85
154 54
155 40
156 61
157 81
158 86
159 74
160 116
161 129
162 141
163 167
164 155
165 188
166 180
167 194
168 252
169 206
170 222
171 257
172 261
173 248
174 278
175 275
176 303
177 324
178 364
179 324
180 360
181 427
182 508
183 513
184 504
185 608
186 670
187 709
188 740
189 765
190 739
191 734
192 779
193 727
194 806
195 816
196 781
197 825
198 781
199 818
200 841
201 791
202 872
203 867
204 812
205 898
206 877
207 902
208 1031
209 986
210 1092
211 1082
212 1111
213 1189
214 1173
215 1198
216 1267
217 1323
218 1268
219 1427
220 1428
221 1468
222 1409
223 1540
224 1435
225 1477
226 1496
227 1608
228 1615
229 1666
230 1753
231 1802
232 1955
233 1926
234 2126
235 1988
236 2234
237 2415
238 2489
239 2650
240 2922
241 2765
242 2952
243 3017
244 3083
245 3137
246 3044
247 3124
248 3017
249 3031
250 3088
251 3000
252 2928
253 3049
254 3043
255 2970
256 3054
257 2920
258 2885
259 2732
260 2775
261 2759
262 2593
263 2656
264 2729
265 2428
266 2469
267 2556
268 2554
269 2502
270 2192
271 2116
272 2261
273 2036
274 1724
275 1671
276 1596
277 1672
278 1441
279 1550
280 1517
281 1513
282 1579
283 1514
284 1539
285 1495
286 1466
287 1464
288 1504
289 1330
290 1344
291 1358
292 1162
293 1249
294 1082
295 1084
296 1008
297 905
298 838
299 814
300 766
301 757
302 659
303 692
304 611
305 579
306 575
307 558
308 582
309 558
310 577
311 486
312 536
313 518
314 508
315 495
316 422
317 441
318 394
319 375
320 373
321 295
322 295
323 267
324 273
325 206
326 204
327 212
328 154
329 140
330 144
331 100
332 88
333 88
334 71
335 73
336 63
337 31
338 40
339 43
340 30
341 32
342 39
343 36
344 20
345 13
346 24
347 15
348 7
349 6
350 6
351 3
352 4
353 1
354 3
355 2
356 1
357 1
358 0
359 0
360 2
361 1
362 0
363 1
