0 0
1 0
2 0
3 0
4 0
5 0
6 0
7 0
8 0
9 0
10 0
11 0
12 0
13 0
14 0
15 0
16 0
17 0
18 0
19 0
20 0
21 0
22 0
23 0
24 0
25 0
26 0
27 0
28 0
29 0
30 0
31 0
32 0
33 0
34 0
35 0
36 0
37 0
38 0
39 0
40 0
41 0
42 0
43 0
44 0
45 0
46 0
47 0
48 0
49 0
50 0
51 0
52 0
53 0
54 0
55 0
56 0
57 0
58 0
59 0
60 0
61 0
62 0
63 0
64 0
65 0
66 0
67 0
68 0
69 0
70 0
71 0
72 0
73 0
74 0
75 0
76 0
77 0
78 0
79 0
80 0
81 0
82 0
83 0
84 0
85 0
86 0
87 0
88 0
89 0
90 2
91 0
92 0
93 0
94 0
95 0
96 0
97 0
98 0
99 0
100 0
101 0
102 0
103 0
104 0
105 0
106 0
107 0
108 0
109 0
110 0
111 0
112 0
113 0
114 0
115 0
116 0
117 0
118 0
119 0
120 0
121 1
122 1
123 0
124 0
125 0
126 1
127 0
128 0
129 0
130 0
131 1
132 0
133 1
134 0
135 0
136 0
137 0
138 1
139 0
140 4
141 0
142 3
143 5
144 6
145 9
146 13
147 16
148 43
149 39
150 53
151 64
152 62
153 55
154 52
155 61
156 67
157 50
158 94
159 100
160 86
161 99
162 116
163 148
164 180
165 254
166 271
167 305
168 338
169 403
170 429
171 441
172 416
173 452
174 427
175 550
176 542
177 545
178 622
179 720
180 822
181 909
182 937
183 981
184 1152
185 1331
186 1469
187 1560
188 1623
189 1822
190 1820
191 2029
192 2023
193 2042
194 2087
195 2182
196 2232
197 2244
198 2301
199 2356
200 2414
201 2350
202 2349
203 2344
204 2206
205 2291
206 2285
207 2186
208 2251
209 2229
210 2306
211 2424
212 2490
213 2486
214 2478
215 2470
216 2569
217 2623
218 2826
219 2686
220 2939
221 2716
222 2765
223 2645
224 2827
225 2798
226 2808
227 2774
228 2874
229 2867
230 2831
231 2846
232 2815
233 2934
234 2816
235 2696
236 2696
237 2780
238 2617
239 2650
240 2529
241 2462
242 2379
243 2444
244 2313
245 2271
246 2276
247 2267
248 2223
249 2328
250 2245
251 2154
252 2208
253 2150
254 2017
255 1981
256 1861
257 1817
258 1723
259 1776
260 1522
261 1513
262 1376
263 1269
264 1093
265 1049
266 1090
267 1083
268 1031
269 926
270 1031
271 967
272 915
273 994
274 978
275 937
276 952
277 1005
278 938
279 904
280 854
281 727
282 720
283 646
284 598
285 491
286 432
287 408
288 307
289 320
290 310
291 295
292 242
293 233
294 235
295 228
296 225
297 230
298 260
299 211
300 197
301 193
302 178
303 143
304 157
305 145
306 133
307 124
308 98
309 81
310 71
311 84
312 65
313 49
314 72
315 49
316 50
317 49
318 29
319 26
320 29
321 20
322 32
323 20
324 15
325 13
326 20
327 13
328 16
329 20
330 16
331 14
332 12
333 11
334 4
335 10
336 7
337 3
338 1
339 2
340 4
341 1
342 3
343 0
344 2
345 0
346 1
347 1
348 0
349 0
350 0
351 1
352 1
