0 0
1 0
2 0
3 0
4 0
5 0
6 0
7 0
8 0
9 0
10 0
11 0
12 0
13 0
14 0
15 0
16 0
17 0
18 0
19 0
20 0
21 0
22 0
23 0
24 0
25 0
26 0
27 0
28 0
29 0
30 0
31 0
32 0
33 0
34 0
35 0
36 0
37 0
38 0
39 0
40 0
41 0
42 0
43 0
44 0
45 0
46 0
47 0
48 0
49 0
50 0
51 0
52 0
53 0
54 0
55 0
56 0
57 0
58 0
59 0
60 0
61 0
62 0
63 0
64 0
65 0
66 0
67 0
68 0
69 0
70 0
71 0
72 0
73 0
74 0
75 0
76 0
77 0
78 0
79 0
80 0
81 0
82 0
83 0
84 0
85 0
86 0
87 0
88 1
89 1
90 0
91 0
92 1
93 0
94 1
95 0
96 0
97 0
98 1
99 0
100 0
101 1
102 0
103 0
104 0
105 2
106 2
107 2
108 0
109 2
110 1
111 0
112 2
113 1
114 0
115 0
116 1
117 1
118 0
119 3
120 2
121 2
122 2
123 2
124 6
125 2
126 3
127 2
128 2
129 3
130 3
131 5
132 5
133 5
134 4
135 3
136 8
137 2
138 7
139 10
140 4
141 9
142 10
143 9
144 7
145 6
146 11
147 10
148 11
149 7
150 14
151 22
152 13
153 20
154 21
155 21
156 30
157 35
158 28
159 45
160 42
161 28
162 34
163 43
164 32
165 38
166 34
167 38
168 55
169 39
170 54
171 49
172 49
173 63
174 90
175 89
176 105
177 131
178 121
179 155
180 145
181 175
182 208
183 261
184 271
185 207
186 237
187 296
188 245
189 255
190 282
191 252
192 290
193 347
194 326
195 372
196 336
197 392
198 400
199 408
200 482
201 460
202 528
203 574
204 548
205 621
206 648
207 679
208 691
209 800
210 838
211 869
212 930
213 980
214 1037
215 1022
216 1117
217 1186
218 1185
219 1320
220 1409
221 1511
222 1478
223 1608
224 1691
225 1787
226 1770
227 1901
228 1804
229 1725
230 1649
231 1606
232 1807
233 1645
234 1778
235 1723
236 1708
237 1824
238 1839
239 1869
240 1861
241 1997
242 1940
243 2118
244 1983
245 2213
246 2146
247 2116
248 2384
249 2382
250 2361
251 2421
252 2290
253 2368
254 2260
255 2375
256 2227
257 2288
258 2464
259 2277
260 2464
261 2363
262 2489
263 2507
264 2533
265 2298
266 2437
267 2378
268 2349
269 2563
270 2383
271 2413
272 2562
273 2486
274 2481
275 2603
276 2455
277 2539
278 2587
279 2488
280 2592
281 2627
282 2557
283 2526
284 2708
285 2624
286 2470
287 2490
288 2573
289 2430
290 2425
291 2244
292 2209
293 1983
294 2067
295 1935
296 1829
297 1654
298 1607
299 1516
300 1451
301 1428
302 1364
303 1312
304 1225
305 1013
306 1043
307 980
308 798
309 848
310 818
311 726
312 758
313 690
314 626
315 546
316 505
317 505
318 480
319 377
320 374
321 382
322 383
323 335
324 410
325 370
326 286
327 290
328 246
329 227
330 245
331 210
332 196
333 227
334 175
335 164
336 175
337 189
338 142
339 168
340 129
341 132
342 101
343 101
344 98
345 82
346 89
347 79
348 55
349 52
350 54
351 50
352 36
353 35
354 27
355 35
356 29
357 18
358 22
359 18
360 20
361 18
362 16
363 13
364 14
365 10
366 13
367 10
368 3
369 6
370 13
371 7
372 10
373 6
374 6
375 7
376 9
377 3
378 4
379 9
380 3
381 3
382 3
383 1
384 1
385 0
386 1
387 0
388 1
389 1
390 0
391 0
392 0
393 0
394 0
395 1
