0 0
1 0
2 0
3 0
4 0
5 0
6 0
7 0
8 0
9 0
10 0
11 0
12 0
13 0
14 0
15 0
16 0
17 0
18 0
19 0
20 0
21 0
22 0
23 0
24 0
25 0
26 0
27 0
28 0
29 0
30 0
31 0
32 0
33 0
34 0
35 0
36 0
37 0
38 0
39 0
40 0
41 0
42 0
43 0
44 0
45 0
46 0
47 0
48 0
49 0
50 0
51 0
52 0
53 0
54 0
55 0
56 0
57 0
58 0
59 0
60 0
61 0
62 0
63 0
64 0
65 0
66 0
67 0
68 0
69 0
70 0
71 0
72 0
73 0
74 0
75 0
76 0
77 0
78 0
79 0
80 0
81 0
82 1
83 0
84 0
85 0
86 0
87 1
88 0
89 1
90 0
91 3
92 0
93 2
94 0
95 3
96 1
97 1
98 4
99 1
100 2
101 3
102 5
103 4
104 3
105 12
106 3
107 4
108 11
109 10
110 15
111 11
112 15
113 12
114 10
115 20
116 21
117 16
118 34
119 22
120 44
121 43
122 30
123 41
124 54
125 63
126 96
127 64
128 94
129 77
130 108
131 98
132 104
133 92
134 107
135 86
136 97
137 68
138 89
139 72
140 105
141 73
142 90
143 98
144 120
145 126
146 101
147 115
148 137
149 100
150 157
151 147
152 171
153 160
154 160
155 215
156 239
157 241
158 218
159 257
160 262
161 276
162 301
163 319
164 307
165 325
166 396
167 356
168 338
169 334
170 380
171 395
172 414
173 397
174 408
175 455
176 543
177 492
178 564
179 570
180 683
181 683
182 718
183 878
184 799
185 854
186 872
187 899
188 913
189 931
190 1050
191 1120
192 1107
193 1163
194 1242
195 1269
196 1377
197 1486
198 1488
199 1534
200 1617
201 1571
202 1740
203 1723
204 1743
205 1738
206 1758
207 1910
208 1873
209 2005
210 2039
211 2009
212 1939
213 2058
214 2142
215 2215
216 2404
217 2349
218 2412
219 2748
220 2542
221 2841
222 2839
223 3156
224 3016
225 3055
226 2977
227 2970
228 2873
229 2878
230 2860
231 3035
232 2895
233 2653
234 2720
235 2593
236 2596
237 2519
238 2540
239 2365
240 2430
241 2201
242 2210
243 2242
244 2193
245 2044
246 2016
247 2005
248 1866
249 1983
250 1903
251 1958
252 1886
253 1825
254 1873
255 1881
256 1771
257 1658
258 1751
259 1664
260 1584
261 1557
262 1502
263 1503
264 1419
265 1332
266 1391
267 1154
268 1285
269 1126
270 1145
271 1153
272 1064
273 1121
274 1133
275 1253
276 1214
277 1347
278 1178
279 1270
280 1380
281 1266
282 1080
283 1095
284 983
285 999
286 1045
287 1018
288 953
289 922
290 889
291 920
292 938
293 751
294 767
295 686
296 651
297 710
298 609
299 582
300 539
301 519
302 536
303 422
304 457
305 407
306 330
307 318
308 320
309 262
310 324
311 309
312 276
313 273
314 235
315 259
316 216
317 182
318 170
319 129
320 135
321 106
322 77
323 87
324 56
325 52
326 60
327 50
328 32
329 45
330 33
331 36
332 40
333 35
334 32
335 23
336 19
337 38
338 37
339 33
340 19
341 22
342 24
343 24
344 19
345 17
346 16
347 26
348 17
349 34
350 29
351 24
352 16
353 23
354 16
355 24
356 21
357 27
358 15
359 10
360 15
361 19
362 12
363 10
364 13
365 10
366 7
367 4
368 6
369 4
370 7
371 17
372 5
373 1
374 5
375 8
376 3
377 3
378 5
379 4
380 1
381 1
382 3
383 4
384 2
385 1
386 1
387 4
388 5
389 5
390 2
391 1
392 5
393 2
394 3
395 1
396 2
397 2
398 1
399 0
400 0
401 0
402 0
403 1
404 3
405 1
406 1
407 4
408 0
409 0
410 0
411 0
412 1
413 0
414 0
415 0
416 0
417 0
418 1
419 0
420 1
421 1
422 1
423 0
424 0
425 0
426 0
427 1
428 0
429 1
