0 0
1 0
2 0
3 0
4 0
5 0
6 0
7 0
8 0
9 0
10 0
11 0
12 0
13 0
14 0
15 0
16 0
17 0
18 0
19 0
20 0
21 0
22 0
23 0
24 0
25 0
26 0
27 0
28 0
29 0
30 0
31 0
32 0
33 0
34 0
35 0
36 0
37 0
38 0
39 0
40 0
41 0
42 0
43 0
44 0
45 0
46 0
47 0
48 0
49 0
50 0
51 0
52 0
53 0
54 0
55 0
56 0
57 0
58 0
59 0
60 0
61 0
62 0
63 0
64 0
65 0
66 0
67 0
68 0
69 0
70 0
71 0
72 0
73 0
74 0
75 0
76 0
77 0
78 0
79 0
80 0
81 0
82 0
83 0
84 0
85 0
86 0
87 0
88 0
89 0
90 0
91 0
92 0
93 0
94 0
95 0
96 0
97 0
98 0
99 0
100 0
101 0
102 0
103 0
104 0
105 0
106 0
107 0
108 0
109 0
110 0
111 0
112 0
113 0
114 0
115 0
116 0
117 0
118 0
119 0
120 0
121 0
122 0
123 0
124 0
125 0
126 0
127 0
128 0
129 0
130 2
131 2
132 3
133 3
134 4
135 1
136 5
137 10
138 4
139 4
140 6
141 16
142 15
143 13
144 17
145 18
146 20
147 6
148 24
149 20
150 31
151 21
152 34
153 35
154 23
155 49
156 51
157 55
158 37
159 65
160 46
161 65
162 84
163 63
164 79
165 70
166 99
167 111
168 103
169 138
170 146
171 192
172 193
173 232
174 239
175 282
176 339
177 329
178 328
179 422
180 406
181 463
182 472
183 470
184 526
185 567
186 538
187 611
188 667
189 705
190 731
191 781
192 877
193 927
194 943
195 966
196 1107
197 1097
198 1092
199 1202
200 1159
201 1204
202 1293
203 1386
204 1500
205 1624
206 1689
207 1810
208 2118
209 2126
210 2307
211 2409
212 2497
213 2582
214 2602
215 2679
216 2579
217 2808
218 2612
219 2704
220 2658
221 2617
222 2715
223 2871
224 2858
225 2873
226 2625
227 2636
228 2768
229 2690
230 2664
231 2605
232 2590
233 2717
234 2645
235 2541
236 2551
237 2459
238 2402
239 2352
240 2321
241 2212
242 2286
243 2279
244 2388
245 2284
246 2340
247 2351
248 2305
249 2459
250 2464
251 2347
252 2283
253 2397
254 2264
255 2162
256 2112
257 2088
258 2123
259 1966
260 1927
261 1926
262 1875
263 1853
264 1813
265 1853
266 1819
267 1890
268 1946
269 1875
270 1988
271 1907
272 1785
273 1660
274 1644
275 1615
276 1667
277 1604
278 1767
279 1561
280 1583
281 1393
282 1394
283 1401
284 1257
285 1294
286 1222
287 1213
288 1140
289 1045
290 981
291 963
292 936
293 883
294 757
295 670
296 655
297 668
298 617
299 546
300 498
301 440
302 401
303 393
304 291
305 305
306 251
307 233
308 195
309 212
310 150
311 138
312 127
313 118
314 110
315 122
316 119
317 108
318 85
319 87
320 114
321 78
322 77
323 93
324 89
325 90
326 68
327 55
328 52
329 47
330 29
331 24
332 25
333 25
334 14
335 16
336 13
337 10
338 15
339 10
340 5
341 6
342 2
343 0
344 0
345 1
346 1
347 1
348 0
349 1
