0 0
1 0
2 0
3 0
4 0
5 0
6 0
7 0
8 0
9 0
10 0
11 0
12 0
13 0
14 0
15 0
16 0
17 0
18 0
19 0
20 0
21 0
22 0
23 0
24 0
25 0
26 0
27 0
28 0
29 0
30 0
31 0
32 0
33 0
34 0
35 0
36 0
37 0
38 0
39 0
40 0
41 0
42 0
43 0
44 0
45 0
46 0
47 0
48 0
49 0
50 0
51 0
52 0
53 0
54 0
55 0
56 0
57 0
58 0
59 0
60 0
61 0
62 0
63 0
64 0
65 0
66 0
67 0
68 0
69 0
70 0
71 0
72 0
73 0
74 0
75 1
76 0
77 0
78 0
79 0
80 0
81 0
82 0
83 0
84 0
85 1
86 0
87 0
88 0
89 0
90 0
91 0
92 0
93 0
94 0
95 0
96 0
97 0
98 0
99 0
100 0
101 0
102 0
103 0
104 0
105 0
106 0
107 0
108 0
109 0
110 0
111 0
112 0
113 0
114 0
115 0
116 0
117 0
118 0
119 0
120 0
121 0
122 0
123 1
124 0
125 1
126 0
127 0
128 0
129 1
130 0
131 4
132 1
133 7
134 18
135 18
136 31
137 19
138 49
139 80
140 57
141 69
142 68
143 59
144 71
145 82
146 72
147 81
148 87
149 71
150 66
151 67
152 60
153 66
154 50
155 75
156 82
157 92
158 131
159 120
160 94
161 110
162 109
163 81
164 92
165 113
166 78
167 96
168 103
169 99
170 100
171 150
172 138
173 121
174 130
175 180
176 198
177 248
178 249
179 305
180 374
181 360
182 416
183 389
184 464
185 530
186 579
187 589
188 603
189 714
190 692
191 785
192 740
193 910
194 869
195 887
196 1076
197 1188
198 1191
199 1355
200 1379
201 1538
202 1547
203 1603
204 1548
205 1567
206 1669
207 1619
208 1721
209 1869
210 1740
211 1784
212 1825
213 1981
214 2001
215 2134
216 2307
217 2082
218 2084
219 2175
220 2315
221 2207
222 2227
223 2215
224 2481
225 2434
226 2509
227 2624
228 2732
229 2875
230 2702
231 2913
232 2903
233 2951
234 3008
235 2937
236 3014
237 3173
238 3268
239 3220
240 3183
241 3151
242 3167
243 3045
244 2927
245 2862
246 2771
247 2583
248 2702
249 2564
250 2557
251 2504
252 2510
253 2222
254 2156
255 2254
256 2243
257 2253
258 2168
259 2140
260 2184
261 2236
262 2218
263 2187
264 2206
265 2138
266 1971
267 2119
268 1921
269 1841
270 1753
271 1830
272 1669
273 1757
274 1594
275 1491
276 1461
277 1378
278 1214
279 1254
280 1298
281 1075
282 1072
283 996
284 1031
285 942
286 823
287 755
288 771
289 583
290 585
291 641
292 611
293 524
294 524
295 560
296 635
297 653
298 714
299 805
300 698
301 627
302 605
303 532
304 448
305 376
306 361
307 313
308 284
309 236
310 233
311 222
312 200
313 213
314 165
315 154
316 146
317 123
318 137
319 92
320 108
321 78
322 66
323 80
324 72
325 70
326 50
327 67
328 64
329 49
330 42
331 26
332 24
333 15
334 21
335 4
336 13
337 8
338 8
339 7
340 4
341 5
342 3
343 3
344 4
345 6
346 5
347 2
348 3
349 0
350 4
351 3
352 1
353 0
354 2
355 1
356 0
357 0
358 0
359 0
360 1
