0 0
1 0
2 0
3 0
4 0
5 0
6 0
7 0
8 0
9 0
10 0
11 0
12 0
13 0
14 0
15 0
16 0
17 0
18 0
19 0
20 0
21 0
22 0
23 0
24 0
25 0
26 0
27 0
28 0
29 0
30 0
31 0
32 0
33 0
34 0
35 0
36 0
37 0
38 0
39 0
40 0
41 0
42 0
43 0
44 0
45 0
46 0
47 0
48 0
49 0
50 0
51 0
52 0
53 0
54 0
55 0
56 0
57 0
58 0
59 0
60 0
61 0
62 0
63 0
64 0
65 0
66 0
67 0
68 0
69 0
70 0
71 0
72 0
73 0
74 0
75 0
76 0
77 0
78 0
79 0
80 1
81 1
82 0
83 1
84 1
85 1
86 0
87 0
88 1
89 0
90 0
91 2
92 1
93 2
94 2
95 1
96 0
97 2
98 6
99 4
100 1
101 1
102 5
103 7
104 1
105 2
106 5
107 1
108 3
109 4
110 3
111 1
112 9
113 5
114 9
115 0
116 1
117 2
118 3
119 4
120 4
121 7
122 1
123 7
124 6
125 9
126 4
127 8
128 11
129 1
130 6
131 1
132 4
133 3
134 8
135 2
136 9
137 4
138 5
139 19
140 17
141 20
142 14
143 19
144 29
145 21
146 50
147 32
148 69
149 55
150 82
151 61
152 75
153 100
154 98
155 86
156 91
157 110
158 103
159 84
160 131
161 130
162 147
163 106
164 124
165 143
166 160
167 193
168 209
169 219
170 282
171 306
172 322
173 368
174 371
175 401
176 503
177 486
178 498
179 564
180 584
181 598
182 624
183 706
184 718
185 746
186 874
187 845
188 857
189 960
190 924
191 900
192 1092
193 1136
194 1108
195 1190
196 1279
197 1295
198 1315
199 1393
200 1493
201 1543
202 1628
203 1654
204 1714
205 1615
206 1656
207 1656
208 1729
209 1653
210 1660
211 1722
212 1879
213 1786
214 1733
215 1774
216 1805
217 1936
218 2235
219 2130
220 2219
221 2335
222 2406
223 2489
224 2547
225 2675
226 2534
227 2510
228 2331
229 2451
230 2310
231 2265
232 2334
233 2482
234 2303
235 2329
236 2465
237 2413
238 2520
239 2542
240 2469
241 2541
242 2653
243 2539
244 2502
245 2547
246 2530
247 2389
248 2201
249 2280
250 2292
251 2524
252 2381
253 2373
254 2356
255 2384
256 2573
257 2412
258 2374
259 2428
260 2467
261 2384
262 2319
263 2454
264 2334
265 2391
266 2157
267 2174
268 2115
269 1895
270 1721
271 1615
272 1597
273 1618
274 1378
275 1379
276 1295
277 1190
278 1250
279 1205
280 1222
281 1151
282 1101
283 1101
284 1045
285 943
286 888
287 830
288 812
289 742
290 722
291 674
292 631
293 647
294 609
295 546
296 587
297 514
298 446
299 529
300 443
301 429
302 432
303 460
304 433
305 419
306 410
307 363
308 398
309 363
310 364
311 318
312 288
313 313
314 262
315 211
316 244
317 227
318 250
319 212
320 181
321 194
322 177
323 204
324 175
325 155
326 160
327 168
328 145
329 110
330 99
331 87
332 86
333 71
334 63
335 72
336 52
337 48
338 55
339 61
340 50
341 59
342 50
343 55
344 28
345 32
346 29
347 33
348 31
349 29
350 21
351 19
352 22
353 19
354 19
355 24
356 28
357 22
358 8
359 9
360 12
361 13
362 9
363 23
364 8
365 13
366 13
367 13
368 10
369 10
370 8
371 18
372 4
373 6
374 13
375 7
376 6
377 13
378 3
379 10
380 10
381 7
382 7
383 3
384 2
385 1
386 3
387 3
388 6
389 1
390 1
391 3
