0 0
1 0
2 0
3 0
4 0
5 0
6 0
7 0
8 0
9 0
10 0
11 0
12 0
13 0
14 0
15 0
16 0
17 0
18 0
19 0
20 0
21 0
22 0
23 0
24 0
25 0
26 0
27 0
28 0
29 0
30 0
31 0
32 0
33 0
34 0
35 0
36 0
37 0
38 0
39 0
40 0
41 0
42 0
43 0
44 0
45 0
46 0
47 0
48 0
49 0
50 0
51 0
52 0
53 0
54 0
55 0
56 0
57 0
58 0
59 0
60 0
61 0
62 0
63 0
64 0
65 0
66 0
67 0
68 0
69 0
70 0
71 0
72 0
73 0
74 0
75 0
76 0
77 0
78 0
79 0
80 0
81 0
82 0
83 0
84 0
85 0
86 0
87 0
88 0
89 0
90 0
91 0
92 0
93 0
94 0
95 0
96 0
97 0
98 1
99 0
100 0
101 0
102 0
103 0
104 0
105 0
106 0
107 0
108 0
109 1
110 0
111 0
112 0
113 0
114 0
115 0
116 0
117 0
118 0
119 1
120 0
121 2
122 0
123 2
124 8
125 0
126 2
127 4
128 13
129 8
130 22
131 32
132 33
133 38
134 38
135 47
136 41
137 47
138 39
139 47
140 32
141 64
142 64
143 62
144 60
145 70
146 78
147 72
148 73
149 91
150 82
151 103
152 82
153 103
154 107
155 97
156 117
157 148
158 116
159 146
160 172
161 171
162 186
163 194
164 217
165 212
166 263
167 295
168 363
169 412
170 432
171 485
172 594
173 619
174 686
175 765
176 773
177 903
178 958
179 1004
180 1102
181 1028
182 1194
183 1224
184 1388
185 1497
186 1602
187 1686
188 1678
189 1890
190 1912
191 2015
192 2109
193 2198
194 2491
195 2451
196 2470
197 2389
198 2257
199 2252
200 2223
201 2246
202 2259
203 2221
204 2189
205 2161
206 2286
207 2249
208 2180
209 2427
210 2227
211 2129
212 2209
213 2239
214 2282
215 2367
216 2429
217 2362
218 2265
219 2424
220 2270
221 2396
222 2428
223 2341
224 2350
225 2408
226 2360
227 2368
228 2432
229 2621
230 2651
231 2804
232 2789
233 2764
234 2955
235 3008
236 2980
237 3259
238 3049
239 3039
240 3091
241 2938
242 2879
243 2680
244 2524
245 2289
246 2295
247 2096
248 2165
249 1882
250 1925
251 1836
252 1925
253 1831
254 1802
255 1585
256 1574
257 1533
258 1510
259 1373
260 1319
261 1234
262 1227
263 1141
264 1076
265 1122
266 1092
267 971
268 960
269 1029
270 849
271 884
272 818
273 821
274 737
275 742
276 788
277 735
278 691
279 654
280 615
281 559
282 667
283 667
284 624
285 608
286 562
287 533
288 518
289 472
290 441
291 459
292 425
293 398
294 433
295 436
296 333
297 351
298 312
299 262
300 245
301 250
302 216
303 186
304 170
305 152
306 148
307 168
308 140
309 128
310 135
311 102
312 108
313 108
314 101
315 93
316 84
317 65
318 75
319 91
320 83
321 46
322 52
323 45
324 54
325 47
326 37
327 31
328 31
329 27
330 31
331 21
332 27
333 18
334 33
335 17
336 25
337 25
338 24
339 32
340 15
341 23
342 14
343 18
344 14
345 8
346 6
347 12
348 6
349 5
350 2
351 3
352 2
353 1
354 0
355 1
