0 0
1 0
2 0
3 0
4 0
5 0
6 0
7 0
8 0
9 0
10 0
11 0
12 0
13 0
14 0
15 0
16 0
17 0
18 0
19 0
20 0
21 0
22 0
23 0
24 0
25 0
26 0
27 0
28 0
29 0
30 0
31 0
32 0
33 0
34 0
35 0
36 0
37 0
38 0
39 0
40 0
41 0
42 0
43 0
44 0
45 0
46 0
47 0
48 0
49 0
50 0
51 0
52 0
53 0
54 0
55 0
56 0
57 0
58 0
59 0
60 0
61 0
62 0
63 0
64 0
65 0
66 0
67 0
68 0
69 0
70 0
71 0
72 0
73 0
74 0
75 0
76 0
77 0
78 0
79 1
80 0
81 0
82 0
83 0
84 0
85 0
86 0
87 0
88 0
89 0
90 0
91 0
92 0
93 0
94 0
95 0
96 0
97 0
98 0
99 1
100 0
101 2
102 4
103 0
104 2
105 4
106 2
107 0
108 3
109 4
110 18
111 8
112 12
113 12
114 10
115 26
116 23
117 29
118 24
119 21
120 41
121 21
122 32
123 27
124 19
125 30
126 39
127 42
128 46
129 39
130 39
131 35
132 43
133 27
134 43
135 27
136 50
137 38
138 49
139 25
140 48
141 25
142 34
143 46
144 54
145 49
146 61
147 51
148 59
149 80
150 69
151 87
152 87
153 109
154 132
155 126
156 152
157 113
158 162
159 220
160 212
161 266
162 268
163 290
164 298
165 336
166 345
167 366
168 386
169 436
170 392
171 438
172 446
173 420
174 429
175 467
176 495
177 512
178 618
179 563
180 647
181 681
182 788
183 931
184 951
185 963
186 991
187 1048
188 1134
189 1223
190 1236
191 1231
192 1368
193 1372
194 1355
195 1374
196 1251
197 1373
198 1393
199 1440
200 1542
201 1598
202 1637
203 1797
204 1880
205 1907
206 1972
207 2081
208 2126
209 2135
210 2181
211 2340
212 2269
213 2241
214 2183
215 2129
216 2141
217 2261
218 2151
219 2164
220 2202
221 2320
222 2337
223 2383
224 2508
225 2588
226 2686
227 2648
228 2664
229 2551
230 2628
231 2532
232 2383
233 2556
234 2468
235 2438
236 2423
237 2513
238 2251
239 2327
240 2325
241 2403
242 2338
243 2385
244 2305
245 2184
246 2039
247 2109
248 2185
249 1941
250 2054
251 1924
252 1908
253 1785
254 1776
255 1552
256 1612
257 1573
258 1580
259 1562
260 1488
261 1533
262 1465
263 1595
264 1389
265 1483
266 1569
267 1591
268 1563
269 1477
270 1445
271 1572
272 1395
273 1420
274 1527
275 1332
276 1365
277 1434
278 1510
279 1303
280 1355
281 1307
282 1294
283 1222
284 1347
285 1212
286 1315
287 1276
288 1178
289 1202
290 1156
291 1042
292 1030
293 880
294 842
295 764
296 671
297 606
298 563
299 597
300 452
301 467
302 468
303 461
304 474
305 449
306 388
307 357
308 306
309 315
310 288
311 301
312 220
313 229
314 189
315 177
316 198
317 169
318 174
319 157
320 169
321 184
322 134
323 136
324 96
325 110
326 77
327 61
328 69
329 39
330 51
331 51
332 27
333 18
334 14
335 18
336 27
337 21
338 18
339 26
340 20
341 21
342 20
343 15
344 15
345 9
346 11
347 17
348 11
349 7
350 3
351 4
352 6
353 7
354 5
355 5
356 10
357 7
358 5
359 6
360 2
361 1
362 3
363 3
364 1
365 0
366 3
367 2
368 1
369 3
370 5
371 6
372 3
373 3
374 1
375 2
376 0
377 0
378 2
379 0
380 0
381 0
382 0
383 0
384 0
385 0
386 0
387 1
