0 1
1 0
2 0
3 0
4 0
5 0
6 0
7 0
8 0
9 0
10 0
11 0
12 0
13 0
14 0
15 0
16 0
17 0
18 0
19 0
20 0
21 0
22 0
23 0
24 1
25 0
26 0
27 0
28 0
29 0
30 0
31 0
32 0
33 0
34 0
35 0
36 0
37 0
38 0
39 0
40 0
41 0
42 0
43 0
44 0
45 0
46 0
47 0
48 0
49 0
50 0
51 0
52 0
53 0
54 0
55 0
56 0
57 0
58 0
59 0
60 0
61 0
62 0
63 0
64 1
65 1
66 0
67 1
68 2
69 2
70 4
71 3
72 2
73 1
74 5
75 6
76 3
77 3
78 3
79 5
80 5
81 2
82 6
83 4
84 7
85 3
86 0
87 2
88 4
89 4
90 4
91 2
92 9
93 6
94 9
95 14
96 8
97 8
98 21
99 5
100 11
101 16
102 11
103 21
104 15
105 15
106 17
107 13
108 19
109 35
110 31
111 47
112 48
113 42
114 58
115 53
116 48
117 52
118 62
119 54
120 91
121 67
122 86
123 89
124 119
125 97
126 123
127 102
128 134
129 125
130 163
131 136
132 179
133 184
134 231
135 193
136 270
137 241
138 267
139 253
140 288
141 287
142 311
143 259
144 311
145 297
146 342
147 359
148 362
149 379
150 326
151 366
152 461
153 466
154 447
155 508
156 499
157 621
158 667
159 739
160 651
161 892
162 784
163 744
164 764
165 695
166 701
167 731
168 701
169 764
170 818
171 980
172 1003
173 1098
174 1008
175 1118
176 1081
177 1263
178 1182
179 1123
180 1194
181 1145
182 1278
183 1233
184 1389
185 1376
186 1418
187 1505
188 1482
189 1447
190 1484
191 1683
192 1683
193 1912
194 2052
195 2144
196 2123
197 2277
198 2402
199 2466
200 2399
201 2388
202 2381
203 2438
204 2352
205 2321
206 2268
207 2161
208 2179
209 2145
210 2098
211 2105
212 2163
213 2069
214 2155
215 2189
216 2018
217 2005
218 2130
219 2033
220 2156
221 2122
222 1999
223 1995
224 1858
225 1875
226 1679
227 1766
228 1728
229 1644
230 1546
231 1572
232 1652
233 1451
234 1540
235 1496
236 1559
237 1568
238 1535
239 1476
240 1621
241 1573
242 1501
243 1518
244 1505
245 1494
246 1398
247 1467
248 1609
249 1504
250 1546
251 1608
252 1502
253 1523
254 1532
255 1507
256 1446
257 1337
258 1324
259 1181
260 1266
261 1236
262 1125
263 1093
264 1102
265 1085
266 1082
267 1079
268 974
269 1171
270 1082
271 1156
272 1042
273 1042
274 962
275 898
276 956
277 876
278 851
279 772
280 729
281 816
282 801
283 822
284 627
285 637
286 735
287 609
288 721
289 732
290 648
291 615
292 570
293 566
294 620
295 567
296 565
297 608
298 581
299 593
300 667
301 609
302 653
303 669
304 653
305 655
306 697
307 752
308 740
309 723
310 701
311 704
312 650
313 567
314 591
315 467
316 475
317 441
318 338
319 334
320 351
321 292
322 243
323 212
324 156
325 158
326 161
327 139
328 122
329 95
330 68
331 82
332 76
333 59
334 60
335 49
336 72
337 56
338 51
339 64
340 62
341 53
342 41
343 57
344 44
345 35
346 37
347 38
348 30
349 26
350 24
351 29
352 15
353 20
354 15
355 12
356 10
357 10
358 20
359 8
360 4
361 4
362 4
363 3
364 4
365 3
366 0
367 3
368 1
369 1
370 1
371 2
372 0
373 1
374 0
375 2
376 0
377 1
378 3
379 0
380 3
381 1
382 5
383 1
384 0
385 1
386 1
387 0
388 0
389 0
390 0
391 0
392 2
393 0
394 0
395 0
396 0
397 1
398 0
399 1
400 0
401 0
402 0
403 0
404 1
405 0
406 0
407 0
408 0
409 0
410 0
411 0
412 1
