0 0
1 0
2 1
3 0
4 0
5 0
6 0
7 0
8 0
9 0
10 0
11 0
12 0
13 0
14 0
15 0
16 0
17 0
18 0
19 0
20 0
21 0
22 0
23 0
24 1
25 0
26 1
27 0
28 0
29 0
30 0
31 0
32 0
33 0
34 0
35 0
36 0
37 0
38 0
39 0
40 0
41 0
42 0
43 0
44 0
45 0
46 0
47 0
48 0
49 0
50 0
51 0
52 0
53 0
54 0
55 1
56 0
57 0
58 0
59 0
60 0
61 0
62 0
63 0
64 0
65 0
66 0
67 0
68 0
69 0
70 0
71 0
72 0
73 0
74 0
75 0
76 0
77 0
78 0
79 0
80 0
81 0
82 0
83 0
84 0
85 0
86 0
87 1
88 0
89 0
90 0
91 0
92 0
93 2
94 0
95 1
96 1
97 5
98 5
99 11
100 14
101 14
102 11
103 26
104 36
105 41
106 37
107 43
108 37
109 47
110 41
111 44
112 39
113 51
114 72
115 58
116 31
117 37
118 43
119 38
120 25
121 39
122 38
123 45
124 44
125 49
126 64
127 47
128 60
129 50
130 42
131 40
132 52
133 66
134 63
135 79
136 64
137 91
138 80
139 105
140 108
141 110
142 97
143 101
144 123
145 132
146 116
147 126
148 134
149 124
150 107
151 149
152 143
153 180
154 194
155 247
156 291
157 279
158 337
159 343
160 407
161 390
162 516
163 534
164 531
165 566
166 589
167 649
168 599
169 580
170 689
171 661
172 753
173 761
174 849
175 872
176 900
177 972
178 945
179 1045
180 1111
181 1133
182 1372
183 1333
184 1355
185 1487
186 1517
187 1455
188 1717
189 1855
190 1784
191 1924
192 1969
193 2073
194 2070
195 2027
196 2006
197 1933
198 1846
199 1729
200 1606
201 1769
202 1543
203 1559
204 1624
205 1604
206 1596
207 1728
208 1658
209 1769
210 1717
211 1773
212 1744
213 1796
214 1894
215 1696
216 1745
217 1815
218 1641
219 1765
220 1923
221 1770
222 1798
223 1969
224 2019
225 2135
226 2112
227 2265
228 2278
229 2419
230 2455
231 2338
232 2390
233 2236
234 2273
235 2280
236 2148
237 2220
238 2169
239 2284
240 2222
241 2240
242 2274
243 2164
244 2208
245 2213
246 2237
247 2181
248 2231
249 2237
250 2129
251 2148
252 2222
253 2182
254 2129
255 2059
256 1894
257 1884
258 1871
259 1787
260 1694
261 1688
262 1622
263 1607
264 1565
265 1484
266 1626
267 1480
268 1435
269 1380
270 1266
271 1195
272 1273
273 1209
274 1072
275 1090
276 1145
277 1007
278 1045
279 1016
280 941
281 883
282 889
283 901
284 828
285 771
286 759
287 735
288 697
289 680
290 629
291 630
292 559
293 495
294 466
295 483
296 424
297 438
298 421
299 408
300 400
301 377
302 412
303 362
304 438
305 438
306 392
307 384
308 376
309 320
310 339
311 335
312 325
313 249
314 281
315 246
316 273
317 227
318 239
319 251
320 213
321 179
322 153
323 165
324 110
325 118
326 67
327 95
328 73
329 45
330 56
331 79
332 49
333 39
334 49
335 36
336 26
337 23
338 27
339 21
340 24
341 20
342 12
343 12
344 6
345 8
346 10
347 9
348 11
349 7
350 6
351 7
352 4
353 5
354 3
355 1
356 3
357 2
358 1
359 0
360 1
361 0
362 0
363 0
364 1
