0 0
1 0
2 0
3 0
4 0
5 0
6 0
7 0
8 0
9 0
10 0
11 0
12 0
13 0
14 0
15 0
16 0
17 0
18 0
19 0
20 0
21 0
22 0
23 0
24 0
25 0
26 0
27 0
28 0
29 0
30 0
31 0
32 0
33 0
34 0
35 0
36 0
37 0
38 0
39 0
40 0
41 0
42 0
43 0
44 0
45 0
46 0
47 0
48 0
49 0
50 0
51 0
52 0
53 0
54 0
55 0
56 0
57 0
58 0
59 0
60 0
61 0
62 0
63 0
64 0
65 0
66 0
67 0
68 0
69 0
70 0
71 0
72 0
73 0
74 0
75 0
76 0
77 0
78 0
79 0
80 0
81 0
82 0
83 0
84 0
85 0
86 0
87 0
88 0
89 0
90 0
91 0
92 0
93 0
94 0
95 0
96 0
97 0
98 0
99 0
100 0
101 1
102 2
103 0
104 0
105 0
106 1
107 0
108 3
109 0
110 2
111 2
112 2
113 1
114 2
115 0
116 3
117 2
118 0
119 2
120 3
121 1
122 1
123 3
124 2
125 5
126 4
127 1
128 0
129 1
130 4
131 10
132 8
133 8
134 11
135 12
136 11
137 6
138 14
139 15
140 15
141 17
142 31
143 22
144 21
145 29
146 43
147 34
148 44
149 39
150 66
151 59
152 53
153 66
154 51
155 87
156 106
157 87
158 114
159 100
160 107
161 119
162 203
163 241
164 256
165 376
166 395
167 449
168 512
169 567
170 525
171 574
172 722
173 749
174 768
175 833
176 849
177 865
178 999
179 884
180 946
181 962
182 945
183 892
184 925
185 967
186 1042
187 980
188 1095
189 1059
190 1122
191 1074
192 1131
193 1032
194 1030
195 1113
196 1035
197 1066
198 1145
199 1119
200 1144
201 1313
202 1416
203 1533
204 1488
205 1663
206 1687
207 1693
208 1878
209 1795
210 1642
211 1640
212 1734
213 1743
214 1892
215 2024
216 2140
217 2105
218 2049
219 2245
220 2318
221 2350
222 2338
223 2500
224 2515
225 2403
226 2631
227 2686
228 2495
229 2485
230 2316
231 2370
232 2185
233 2201
234 2128
235 2074
236 1994
237 2090
238 2134
239 2108
240 2161
241 2302
242 2213
243 2296
244 2341
245 2341
246 2467
247 2266
248 2216
249 2251
250 2307
251 2252
252 2276
253 2219
254 2258
255 2204
256 2256
257 2245
258 2137
259 2123
260 2212
261 2214
262 2071
263 2062
264 1984
265 1992
266 1764
267 1779
268 1662
269 1660
270 1529
271 1512
272 1428
273 1427
274 1296
275 1190
276 1214
277 1204
278 1318
279 1168
280 1117
281 1134
282 1204
283 1124
284 1016
285 990
286 1053
287 1069
288 1030
289 1109
290 1001
291 1068
292 1006
293 1029
294 902
295 829
296 785
297 729
298 813
299 728
300 663
301 591
302 576
303 532
304 464
305 471
306 467
307 385
308 337
309 331
310 340
311 279
312 267
313 272
314 232
315 197
316 201
317 173
318 188
319 185
320 145
321 123
322 99
323 119
324 136
325 96
326 80
327 76
328 85
329 70
330 80
331 61
332 63
333 71
334 50
335 53
336 50
337 61
338 56
339 53
340 62
341 53
342 61
343 62
344 45
345 44
346 31
347 61
348 46
349 35
350 28
351 30
352 28
353 29
354 36
355 23
356 21
357 23
358 24
359 24
360 20
361 15
362 10
363 11
364 15
365 22
366 11
367 10
368 6
369 10
370 5
371 5
372 4
373 3
374 2
375 0
376 1
377 0
378 0
379 1
