0 0
1 0
2 0
3 0
4 0
5 0
6 0
7 0
8 0
9 0
10 0
11 0
12 0
13 0
14 0
15 0
16 0
17 0
18 0
19 0
20 0
21 0
22 0
23 0
24 0
25 0
26 0
27 0
28 0
29 0
30 0
31 0
32 0
33 0
34 0
35 0
36 0
37 0
38 0
39 0
40 0
41 0
42 0
43 0
44 0
45 0
46 0
47 0
48 0
49 0
50 0
51 0
52 0
53 0
54 0
55 0
56 0
57 0
58 0
59 0
60 0
61 0
62 0
63 0
64 0
65 0
66 0
67 0
68 0
69 0
70 0
71 0
72 0
73 0
74 0
75 0
76 0
77 0
78 0
79 0
80 2
81 0
82 0
83 0
84 0
85 0
86 0
87 0
88 0
89 0
90 2
91 0
92 1
93 1
94 1
95 1
96 0
97 0
98 1
99 1
100 1
101 1
102 1
103 1
104 1
105 0
106 0
107 0
108 4
109 3
110 2
111 0
112 1
113 7
114 3
115 2
116 5
117 5
118 5
119 11
120 14
121 16
122 15
123 4
124 15
125 8
126 6
127 12
128 17
129 11
130 12
131 15
132 18
133 15
134 22
135 26
136 23
137 25
138 28
139 30
140 42
141 39
142 30
143 58
144 53
145 66
146 61
147 75
148 91
149 80
150 122
151 112
152 134
153 139
154 160
155 168
156 218
157 248
158 238
159 253
160 302
161 325
162 344
163 388
164 509
165 516
166 646
167 749
168 783
169 837
170 835
171 1016
172 1076
173 1270
174 1134
175 1285
176 1401
177 1435
178 1447
179 1469
180 1515
181 1423
182 1373
183 1255
184 1321
185 1335
186 1289
187 1245
188 1441
189 1443
190 1523
191 1550
192 1529
193 1594
194 1652
195 1851
196 1794
197 1807
198 1857
199 1879
200 1922
201 1911
202 1887
203 2140
204 2142
205 2335
206 2379
207 2311
208 2258
209 2234
210 2361
211 2295
212 2423
213 2232
214 2258
215 2253
216 2197
217 2245
218 2347
219 2230
220 2409
221 2369
222 2264
223 2420
224 2366
225 2510
226 2275
227 2320
228 2316
229 2282
230 2359
231 2303
232 2258
233 2215
234 2332
235 2270
236 2238
237 2282
238 2281
239 2305
240 2212
241 2182
242 2002
243 2050
244 2057
245 1964
246 1853
247 1870
248 1853
249 1837
250 1716
251 1716
252 1661
253 1526
254 1605
255 1543
256 1424
257 1399
258 1380
259 1352
260 1461
261 1438
262 1240
263 1283
264 1398
265 1306
266 1281
267 1359
268 1225
269 1274
270 1268
271 1252
272 1240
273 1144
274 1144
275 1183
276 1047
277 1137
278 1086
279 994
280 1017
281 862
282 924
283 898
284 842
285 807
286 719
287 679
288 639
289 692
290 722
291 608
292 630
293 567
294 536
295 547
296 568
297 505
298 465
299 485
300 401
301 314
302 282
303 281
304 250
305 226
306 234
307 224
308 230
309 198
310 179
311 153
312 171
313 154
314 128
315 112
316 102
317 119
318 100
319 104
320 90
321 75
322 110
323 95
324 91
325 97
326 101
327 94
328 71
329 74
330 66
331 68
332 56
333 63
334 57
335 39
336 33
337 40
338 32
339 33
340 23
341 20
342 22
343 10
344 17
345 17
346 5
347 14
348 10
349 8
350 10
351 9
352 9
353 4
354 9
355 10
356 12
357 9
358 5
359 6
360 10
361 6
362 6
363 7
364 6
365 3
366 9
367 2
368 3
369 5
370 4
371 4
372 4
373 6
374 4
375 3
376 3
377 1
378 2
379 0
380 1
381 0
382 0
383 0
384 0
385 0
386 1
387 0
388 0
389 0
390 0
391 0
392 2
