0 0
1 0
2 0
3 0
4 0
5 0
6 0
7 0
8 0
9 0
10 0
11 0
12 0
13 0
14 0
15 0
16 0
17 0
18 0
19 0
20 0
21 0
22 0
23 0
24 0
25 0
26 0
27 0
28 0
29 0
30 0
31 0
32 0
33 0
34 0
35 0
36 0
37 0
38 0
39 0
40 0
41 0
42 0
43 0
44 0
45 0
46 0
47 0
48 0
49 0
50 0
51 0
52 0
53 0
54 0
55 0
56 0
57 0
58 0
59 0
60 0
61 0
62 0
63 0
64 0
65 0
66 0
67 0
68 0
69 0
70 0
71 0
72 0
73 0
74 0
75 0
76 0
77 0
78 0
79 0
80 0
81 0
82 0
83 0
84 0
85 0
86 0
87 0
88 0
89 0
90 0
91 0
92 0
93 0
94 0
95 0
96 0
97 0
98 0
99 0
100 0
101 0
102 2
103 0
104 0
105 2
106 0
107 0
108 0
109 1
110 1
111 1
112 2
113 4
114 2
115 2
116 1
117 2
118 1
119 6
120 2
121 2
122 7
123 3
124 9
125 4
126 13
127 11
128 26
129 19
130 31
131 35
132 32
133 33
134 63
135 39
136 49
137 39
138 60
139 61
140 58
141 51
142 68
143 65
144 73
145 60
146 93
147 88
148 98
149 92
150 145
151 128
152 154
153 153
154 150
155 168
156 171
157 185
158 208
159 225
160 293
161 262
162 319
163 357
164 439
165 344
166 438
167 417
168 483
169 474
170 491
171 507
172 534
173 588
174 602
175 667
176 666
177 728
178 754
179 815
180 875
181 961
182 962
183 1051
184 1091
185 1073
186 1236
187 1349
188 1363
189 1399
190 1505
191 1402
192 1580
193 1501
194 1630
195 1548
196 1596
197 1582
198 1662
199 1684
200 1700
201 1812
202 1778
203 1885
204 2067
205 2033
206 1915
207 1973
208 1927
209 1772
210 1827
211 1816
212 1730
213 1807
214 1988
215 1913
216 1899
217 2143
218 2329
219 2442
220 2654
221 2790
222 2740
223 2716
224 2802
225 2918
226 2997
227 2851
228 2931
229 2923
230 2912
231 3001
232 2781
233 2899
234 2538
235 2609
236 2477
237 2503
238 2379
239 2370
240 2334
241 2312
242 2268
243 2404
244 2308
245 2294
246 2175
247 2141
248 2136
249 2158
250 2163
251 2050
252 1925
253 1866
254 1846
255 1785
256 1730
257 1744
258 1789
259 1591
260 1523
261 1471
262 1366
263 1307
264 1295
265 1265
266 1273
267 1202
268 1013
269 1034
270 1025
271 852
272 898
273 786
274 789
275 853
276 745
277 717
278 730
279 703
280 627
281 651
282 607
283 678
284 599
285 602
286 666
287 704
288 740
289 730
290 750
291 804
292 719
293 734
294 780
295 654
296 611
297 504
298 540
299 536
300 598
301 624
302 689
303 688
304 770
305 696
306 654
307 629
308 583
309 553
310 399
311 428
312 443
313 363
314 332
315 302
316 292
317 249
318 305
319 286
320 244
321 191
322 154
323 173
324 75
325 89
326 79
327 51
328 55
329 54
330 37
331 59
332 40
333 46
334 36
335 30
336 37
337 35
338 44
339 42
340 43
341 42
342 30
343 31
344 23
345 23
346 25
347 27
348 26
349 31
350 15
351 16
352 19
353 11
354 16
355 15
356 21
357 19
358 15
359 10
360 11
361 19
362 10
363 19
364 20
365 21
366 13
367 26
368 19
369 10
370 25
371 14
372 21
373 20
374 19
375 22
376 17
377 27
378 29
379 22
380 16
381 7
382 12
383 11
384 12
385 12
386 5
387 7
388 3
389 9
390 4
391 6
392 2
393 0
394 9
395 6
396 5
397 0
398 2
399 0
400 0
401 2
