0 0
1 0
2 0
3 0
4 0
5 0
6 0
7 0
8 0
9 0
10 0
11 0
12 0
13 0
14 0
15 0
16 0
17 0
18 0
19 0
20 0
21 0
22 0
23 0
24 0
25 0
26 0
27 0
28 0
29 0
30 0
31 0
32 0
33 0
34 0
35 0
36 0
37 0
38 0
39 0
40 0
41 0
42 0
43 0
44 0
45 0
46 0
47 0
48 0
49 0
50 0
51 0
52 0
53 0
54 0
55 0
56 0
57 0
58 0
59 0
60 0
61 0
62 0
63 0
64 0
65 0
66 0
67 0
68 0
69 0
70 0
71 0
72 0
73 0
74 0
75 0
76 0
77 0
78 0
79 0
80 0
81 0
82 0
83 0
84 0
85 0
86 0
87 0
88 0
89 0
90 0
91 0
92 0
93 0
94 0
95 0
96 1
97 0
98 0
99 0
100 0
101 0
102 0
103 0
104 0
105 0
106 0
107 1
108 0
109 0
110 0
111 1
112 0
113 3
114 1
115 0
116 0
117 0
118 1
119 1
120 0
121 0
122 1
123 0
124 3
125 5
126 1
127 3
128 0
129 0
130 0
131 3
132 5
133 1
134 6
135 6
136 8
137 6
138 10
139 6
140 15
141 14
142 12
143 6
144 13
145 13
146 9
147 17
148 13
149 21
150 16
151 27
152 36
153 12
154 61
155 58
156 82
157 110
158 154
159 173
160 200
161 213
162 335
163 413
164 472
165 564
166 625
167 688
168 558
169 472
170 379
171 374
172 329
173 238
174 247
175 265
176 328
177 339
178 370
179 357
180 377
181 423
182 456
183 445
184 503
185 564
186 584
187 617
188 648
189 584
190 631
191 567
192 600
193 559
194 599
195 608
196 576
197 652
198 713
199 716
200 676
201 820
202 866
203 913
204 910
205 935
206 1024
207 1060
208 1067
209 1178
210 1214
211 1367
212 1352
213 1550
214 1438
215 1543
216 1594
217 1682
218 1704
219 1824
220 1952
221 1960
222 2014
223 2224
224 2201
225 2361
226 2390
227 2446
228 2565
229 2522
230 2579
231 2550
232 2505
233 2600
234 2612
235 2441
236 2503
237 2408
238 2516
239 2649
240 2574
241 2665
242 2496
243 2585
244 2682
245 2605
246 2632
247 2633
248 2625
249 2634
250 2410
251 2342
252 2342
253 2325
254 2305
255 2309
256 2244
257 2141
258 2194
259 2094
260 2040
261 1922
262 2041
263 1988
264 1931
265 2016
266 1956
267 1986
268 2054
269 2062
270 1883
271 1923
272 2008
273 1863
274 2036
275 1999
276 1963
277 1881
278 1931
279 1879
280 1889
281 1801
282 1634
283 1637
284 1559
285 1570
286 1387
287 1366
288 1305
289 1178
290 1196
291 1123
292 1066
293 1118
294 1152
295 1313
296 1226
297 1138
298 1118
299 1057
300 864
301 773
302 746
303 667
304 651
305 638
306 630
307 566
308 519
309 542
310 488
311 439
312 415
313 337
314 349
315 325
316 293
317 256
318 233
319 217
320 244
321 200
322 189
323 138
324 147
325 135
326 132
327 115
328 126
329 101
330 113
331 114
332 121
333 109
334 83
335 83
336 108
337 72
338 68
339 65
340 60
341 67
342 41
343 52
344 33
345 47
346 41
347 35
348 31
349 28
350 35
351 24
352 29
353 19
354 29
355 26
356 28
357 20
358 34
359 20
360 14
361 26
362 13
363 21
364 17
365 16
366 19
367 13
368 17
369 13
370 19
371 27
372 9
373 18
374 12
375 12
376 11
377 13
378 6
379 3
380 7
381 7
382 4
383 1
384 1
385 1
386 0
387 0
388 0
389 1
