0 0
1 0
2 0
3 0
4 0
5 0
6 0
7 0
8 0
9 0
10 0
11 0
12 0
13 0
14 0
15 0
16 0
17 0
18 0
19 0
20 0
21 0
22 0
23 0
24 0
25 0
26 0
27 0
28 0
29 0
30 1
31 0
32 0
33 0
34 0
35 0
36 0
37 0
38 0
39 0
40 0
41 0
42 0
43 0
44 0
45 0
46 0
47 0
48 0
49 0
50 1
51 0
52 0
53 0
54 0
55 0
56 0
57 0
58 0
59 0
60 0
61 0
62 0
63 0
64 0
65 0
66 0
67 0
68 0
69 0
70 0
71 0
72 0
73 0
74 0
75 0
76 0
77 0
78 0
79 0
80 0
81 0
82 1
83 1
84 0
85 1
86 0
87 2
88 0
89 1
90 2
91 2
92 5
93 1
94 1
95 0
96 3
97 4
98 0
99 4
100 4
101 0
102 3
103 1
104 3
105 1
106 5
107 4
108 3
109 3
110 7
111 3
112 3
113 6
114 5
115 7
116 6
117 6
118 2
119 2
120 5
121 5
122 5
123 7
124 5
125 12
126 13
127 10
128 24
129 6
130 21
131 23
132 29
133 26
134 25
135 30
136 16
137 27
138 38
139 42
140 52
141 44
142 48
143 55
144 62
145 67
146 77
147 60
148 88
149 91
150 82
151 111
152 119
153 113
154 129
155 133
156 137
157 126
158 146
159 148
160 162
161 183
162 190
163 169
164 241
165 246
166 264
167 277
168 306
169 319
170 382
171 419
172 457
173 472
174 519
175 553
176 633
177 652
178 698
179 791
180 835
181 857
182 859
183 920
184 1031
185 1064
186 1084
187 1348
188 1447
189 1552
190 1634
191 1690
192 1806
193 1771
194 1773
195 1926
196 1942
197 1930
198 1727
199 1812
200 1831
201 1805
202 1641
203 1706
204 1802
205 1769
206 1812
207 1826
208 1783
209 1902
210 1936
211 1965
212 1998
213 2054
214 2025
215 2067
216 2127
217 2202
218 2229
219 2269
220 2377
221 2308
222 2332
223 2498
224 2388
225 2372
226 2619
227 2566
228 2543
229 2564
230 2582
231 2450
232 2717
233 2489
234 2448
235 2555
236 2463
237 2521
238 2666
239 2772
240 2579
241 2552
242 2379
243 2445
244 2385
245 2305
246 2259
247 2170
248 2048
249 2142
250 2112
251 2199
252 2256
253 2178
254 2124
255 2149
256 2137
257 2195
258 1996
259 1884
260 1825
261 1814
262 1851
263 1750
264 1606
265 1639
266 1533
267 1550
268 1479
269 1414
270 1279
271 1247
272 1202
273 1134
274 1072
275 1017
276 944
277 905
278 961
279 858
280 866
281 770
282 814
283 802
284 819
285 707
286 742
287 685
288 730
289 630
290 608
291 580
292 586
293 557
294 612
295 565
296 515
297 597
298 556
299 519
300 530
301 455
302 442
303 432
304 364
305 326
306 374
307 291
308 288
309 240
310 226
311 215
312 198
313 211
314 180
315 190
316 133
317 132
318 127
319 134
320 106
321 115
322 105
323 106
324 87
325 98
326 89
327 110
328 118
329 94
330 87
331 89
332 99
333 104
334 61
335 78
336 68
337 76
338 84
339 107
340 79
341 78
342 74
343 57
344 45
345 40
346 39
347 29
348 19
349 24
350 24
351 23
352 16
353 20
354 14
355 9
356 9
357 15
358 5
359 7
360 14
361 11
362 11
363 1
364 8
365 6
366 8
367 9
368 5
369 2
370 5
371 4
372 6
373 4
374 4
375 3
376 3
377 3
378 2
379 2
380 4
381 3
382 5
383 1
384 8
385 2
386 3
387 2
388 3
389 4
390 4
391 1
392 0
393 2
394 5
395 4
396 3
397 1
398 3
399 1
400 0
401 0
402 1
403 2
404 3
405 0
406 3
407 1
408 2
409 0
410 1
