0 0
1 0
2 0
3 0
4 0
5 0
6 1
7 0
8 0
9 0
10 0
11 0
12 0
13 0
14 0
15 0
16 0
17 0
18 0
19 1
20 0
21 0
22 0
23 0
24 0
25 0
26 0
27 0
28 0
29 0
30 0
31 0
32 0
33 0
34 0
35 0
36 0
37 0
38 0
39 0
40 0
41 0
42 0
43 0
44 0
45 0
46 0
47 0
48 0
49 0
50 0
51 0
52 0
53 0
54 0
55 0
56 0
57 0
58 0
59 0
60 0
61 0
62 0
63 0
64 0
65 0
66 0
67 0
68 0
69 0
70 0
71 0
72 0
73 0
74 0
75 0
76 0
77 0
78 0
79 0
80 0
81 0
82 0
83 0
84 0
85 0
86 0
87 0
88 0
89 0
90 0
91 0
92 0
93 0
94 0
95 0
96 0
97 0
98 0
99 0
100 0
101 0
102 1
103 0
104 0
105 1
106 2
107 1
108 0
109 1
110 1
111 1
112 0
113 0
114 1
115 0
116 0
117 0
118 0
119 0
120 0
121 0
122 1
123 0
124 2
125 0
126 0
127 0
128 0
129 0
130 0
131 0
132 0
133 0
134 0
135 1
136 1
137 2
138 4
139 5
140 9
141 11
142 5
143 11
144 5
145 16
146 34
147 33
148 28
149 29
150 36
151 52
152 65
153 65
154 74
155 72
156 95
157 121
158 114
159 119
160 147
161 182
162 156
163 255
164 260
165 251
166 299
167 303
168 300
169 312
170 392
171 433
172 421
173 460
174 519
175 530
176 569
177 603
178 585
179 644
180 634
181 621
182 681
183 664
184 703
185 711
186 723
187 854
188 822
189 927
190 970
191 952
192 966
193 1049
194 1010
195 1106
196 1100
197 1117
198 1197
199 1305
200 1406
201 1431
202 1493
203 1550
204 1609
205 1791
206 1975
207 2184
208 2204
209 2389
210 2582
211 2549
212 2591
213 2690
214 2684
215 2826
216 2875
217 2782
218 2925
219 2889
220 2850
221 2820
222 2858
223 2980
224 2951
225 2839
226 3002
227 2870
228 2852
229 2906
230 2797
231 2729
232 2640
233 2473
234 2470
235 2364
236 2282
237 2250
238 2413
239 2306
240 2377
241 2353
242 2491
243 2491
244 2410
245 2482
246 2514
247 2448
248 2464
249 2440
250 2297
251 2256
252 2236
253 2176
254 2189
255 2181
256 2124
257 2196
258 2318
259 2150
260 2197
261 2062
262 2029
263 1896
264 1704
265 1642
266 1526
267 1443
268 1361
269 1321
270 1239
271 1077
272 1110
273 1073
274 931
275 956
276 993
277 944
278 846
279 940
280 924
281 921
282 824
283 928
284 879
285 948
286 922
287 877
288 876
289 832
290 830
291 723
292 731
293 722
294 658
295 584
296 582
297 549
298 501
299 507
300 450
301 391
302 351
303 351
304 310
305 277
306 296
307 277
308 238
309 201
310 195
311 156
312 196
313 179
314 152
315 124
316 137
317 117
318 110
319 103
320 80
321 78
322 83
323 69
324 80
325 81
326 63
327 48
328 60
329 51
330 45
331 95
332 60
333 58
334 60
335 93
336 93
337 80
338 46
339 67
340 57
341 46
342 41
343 23
344 11
345 17
346 9
347 10
348 5
349 6
350 2
351 1
352 5
353 2
354 3
355 0
356 5
357 2
358 4
359 0
360 3
361 1
362 2
363 3
364 0
365 0
366 1
367 1
368 0
369 1
370 0
371 0
372 0
373 0
374 1
