0 0
1 0
2 0
3 0
4 0
5 0
6 0
7 0
8 0
9 0
10 0
11 0
12 0
13 0
14 0
15 0
16 0
17 0
18 0
19 0
20 0
21 0
22 0
23 0
24 0
25 0
26 0
27 0
28 0
29 0
30 0
31 0
32 0
33 0
34 0
35 0
36 0
37 0
38 0
39 0
40 0
41 0
42 0
43 0
44 0
45 0
46 0
47 0
48 0
49 0
50 0
51 0
52 0
53 0
54 0
55 0
56 0
57 0
58 0
59 0
60 0
61 0
62 0
63 0
64 0
65 0
66 0
67 0
68 0
69 0
70 1
71 0
72 0
73 0
74 0
75 0
76 0
77 0
78 0
79 0
80 0
81 0
82 0
83 0
84 0
85 0
86 0
87 0
88 1
89 0
90 1
91 0
92 1
93 2
94 3
95 5
96 5
97 3
98 7
99 5
100 7
101 7
102 4
103 2
104 3
105 1
106 5
107 7
108 1
109 6
110 5
111 3
112 4
113 9
114 7
115 2
116 7
117 4
118 9
119 12
120 5
121 7
122 14
123 16
124 13
125 23
126 17
127 14
128 16
129 28
130 33
131 26
132 36
133 53
134 70
135 63
136 67
137 70
138 94
139 115
140 78
141 92
142 75
143 108
144 90
145 94
146 60
147 73
148 82
149 117
150 88
151 105
152 91
153 97
154 80
155 104
156 104
157 125
158 99
159 135
160 127
161 134
162 119
163 150
164 167
165 148
166 176
167 147
168 163
169 150
170 148
171 171
172 201
173 152
174 187
175 200
176 229
177 264
178 250
179 247
180 277
181 341
182 300
183 304
184 366
185 357
186 423
187 471
188 488
189 485
190 535
191 585
192 545
193 582
194 666
195 736
196 807
197 873
198 890
199 1026
200 1111
201 1239
202 1260
203 1132
204 1092
205 1065
206 1045
207 1074
208 1080
209 1020
210 1072
211 1057
212 1089
213 1270
214 1198
215 1194
216 1231
217 1303
218 1458
219 1286
220 1379
221 1446
222 1446
223 1478
224 1511
225 1558
226 1576
227 1681
228 1697
229 1863
230 1740
231 1892
232 1892
233 2008
234 2101
235 2022
236 2066
237 2077
238 2139
239 2070
240 2098
241 2131
242 2039
243 2103
244 1927
245 1987
246 2058
247 2171
248 2248
249 2228
250 2331
251 2293
252 2402
253 2425
254 2538
255 2449
256 2572
257 2533
258 2460
259 2645
260 2585
261 2779
262 2728
263 2758
264 2710
265 2726
266 2624
267 2727
268 2786
269 2856
270 2815
271 2628
272 2512
273 2321
274 2176
275 1959
276 1924
277 1846
278 1652
279 1687
280 1560
281 1534
282 1454
283 1332
284 1334
285 1286
286 1395
287 1152
288 1226
289 1163
290 1248
291 1126
292 1040
293 1112
294 1027
295 923
296 961
297 980
298 934
299 936
300 961
301 880
302 932
303 867
304 798
305 833
306 870
307 795
308 778
309 795
310 791
311 884
312 843
313 863
314 964
315 825
316 718
317 677
318 698
319 677
320 619
321 577
322 600
323 544
324 516
325 528
326 508
327 550
328 524
329 459
330 451
331 343
332 367
333 401
334 314
335 302
336 223
337 193
338 156
339 182
340 160
341 124
342 125
343 91
344 88
345 101
346 57
347 60
348 62
349 50
350 56
351 62
352 58
353 63
354 52
355 45
356 61
357 59
358 55
359 53
360 45
361 52
362 42
363 35
364 19
365 21
366 24
367 24
368 21
369 20
370 20
371 14
372 6
373 11
374 14
375 14
376 14
377 19
378 17
379 8
380 9
381 10
382 11
383 8
384 8
385 5
386 4
387 7
388 4
389 1
390 0
391 1
392 0
393 3
394 0
395 2
396 0
397 0
398 1
399 0
400 1
