0 0
1 0
2 0
3 0
4 0
5 0
6 0
7 0
8 0
9 0
10 0
11 0
12 0
13 0
14 0
15 0
16 0
17 0
18 0
19 0
20 0
21 0
22 0
23 0
24 0
25 0
26 0
27 0
28 0
29 0
30 0
31 0
32 0
33 0
34 0
35 0
36 0
37 0
38 0
39 0
40 0
41 0
42 0
43 0
44 0
45 0
46 0
47 0
48 0
49 0
50 0
51 0
52 0
53 0
54 0
55 0
56 0
57 0
58 0
59 0
60 0
61 0
62 0
63 0
64 0
65 0
66 0
67 0
68 0
69 0
70 0
71 0
72 0
73 0
74 0
75 0
76 0
77 0
78 0
79 0
80 0
81 0
82 0
83 0
84 0
85 0
86 0
87 0
88 0
89 0
90 0
91 0
92 0
93 0
94 0
95 0
96 0
97 0
98 0
99 0
100 0
101 0
102 0
103 0
104 0
105 0
106 0
107 3
108 0
109 1
110 0
111 2
112 1
113 2
114 0
115 2
116 0
117 6
118 1
119 1
120 0
121 2
122 3
123 4
124 13
125 7
126 7
127 8
128 10
129 8
130 16
131 18
132 27
133 24
134 18
135 23
136 29
137 38
138 37
139 34
140 38
141 52
142 82
143 58
144 70
145 69
146 70
147 84
148 76
149 76
150 85
151 105
152 99
153 132
154 113
155 164
156 204
157 195
158 215
159 189
160 228
161 225
162 278
163 303
164 309
165 333
166 384
167 398
168 384
169 498
170 554
171 584
172 716
173 815
174 954
175 1020
176 1095
177 1113
178 1226
179 1305
180 1330
181 1353
182 1462
183 1448
184 1628
185 1541
186 1670
187 1734
188 1646
189 1911
190 1825
191 1831
192 1942
193 2051
194 2103
195 2085
196 2047
197 2157
198 1992
199 2043
200 2043
201 1982
202 1974
203 2085
204 2121
205 2158
206 2252
207 2257
208 2305
209 2382
210 2336
211 2456
212 2491
213 2509
214 2497
215 2554
216 2416
217 2445
218 2375
219 2292
220 2272
221 2290
222 2237
223 2153
224 2047
225 2082
226 2016
227 1930
228 1895
229 1841
230 1975
231 1905
232 1857
233 1847
234 1880
235 1812
236 1889
237 1930
238 1851
239 1786
240 1824
241 1808
242 1763
243 1803
244 1756
245 1705
246 1544
247 1676
248 1686
249 1562
250 1673
251 1606
252 1603
253 1488
254 1534
255 1527
256 1522
257 1497
258 1417
259 1432
260 1477
261 1432
262 1360
263 1449
264 1363
265 1408
266 1401
267 1406
268 1314
269 1283
270 1330
271 1371
272 1339
273 1285
274 1218
275 1289
276 1243
277 1222
278 1158
279 1158
280 1273
281 1159
282 1151
283 1207
284 1122
285 1094
286 1088
287 1068
288 983
289 1020
290 929
291 840
292 869
293 805
294 744
295 641
296 682
297 700
298 625
299 545
300 507
301 537
302 487
303 421
304 424
305 343
306 374
307 319
308 296
309 289
310 255
311 205
312 182
313 188
314 168
315 144
316 154
317 142
318 133
319 106
320 108
321 88
322 102
323 100
324 81
325 79
326 78
327 61
328 73
329 85
330 60
331 65
332 44
333 58
334 38
335 43
336 47
337 22
338 41
339 25
340 30
341 32
342 29
343 23
344 15
345 13
346 17
347 9
348 14
349 13
350 9
351 13
352 14
353 22
354 21
355 5
356 4
357 9
358 9
359 9
360 11
361 3
362 6
363 4
364 5
365 2
366 3
367 3
368 5
369 4
370 4
371 5
372 4
373 1
374 7
375 2
376 2
377 0
378 0
379 1
380 2
381 1
