0 0
1 0
2 0
3 0
4 0
5 0
6 0
7 0
8 0
9 0
10 0
11 0
12 0
13 0
14 0
15 0
16 0
17 0
18 0
19 0
20 0
21 0
22 0
23 0
24 0
25 0
26 0
27 0
28 0
29 0
30 0
31 0
32 0
33 0
34 0
35 0
36 0
37 0
38 0
39 0
40 0
41 0
42 0
43 0
44 0
45 0
46 0
47 0
48 0
49 0
50 0
51 0
52 0
53 0
54 0
55 0
56 0
57 0
58 0
59 0
60 0
61 0
62 0
63 0
64 0
65 0
66 0
67 0
68 0
69 0
70 0
71 0
72 0
73 0
74 0
75 0
76 0
77 0
78 0
79 0
80 0
81 0
82 0
83 0
84 0
85 0
86 0
87 0
88 0
89 0
90 0
91 0
92 0
93 0
94 0
95 0
96 0
97 0
98 0
99 0
100 0
101 0
102 0
103 0
104 0
105 0
106 0
107 1
108 1
109 0
110 1
111 1
112 1
113 1
114 0
115 0
116 0
117 2
118 3
119 3
120 5
121 8
122 5
123 6
124 6
125 9
126 9
127 12
128 15
129 35
130 31
131 56
132 67
133 109
134 201
135 297
136 360
137 473
138 475
139 415
140 350
141 401
142 310
143 320
144 267
145 281
146 263
147 258
148 225
149 217
150 244
151 233
152 256
153 270
154 320
155 317
156 349
157 375
158 446
159 499
160 604
161 711
162 638
163 643
164 652
165 664
166 643
167 627
168 742
169 704
170 678
171 771
172 798
173 860
174 843
175 861
176 802
177 852
178 862
179 880
180 915
181 1009
182 955
183 1016
184 1052
185 1118
186 1120
187 1145
188 1226
189 1265
190 1356
191 1382
192 1417
193 1529
194 1516
195 1706
196 1808
197 1890
198 1884
199 1908
200 1902
201 1993
202 2159
203 2143
204 2275
205 2411
206 2505
207 2446
208 2542
209 2436
210 2618
211 2626
212 2601
213 2690
214 2468
215 2349
216 2425
217 2398
218 2176
219 2418
220 2287
221 2286
222 2342
223 2345
224 2317
225 2279
226 2166
227 2227
228 2225
229 2115
230 2127
231 1998
232 2009
233 2025
234 2096
235 1954
236 1991
237 1871
238 1807
239 1956
240 1914
241 2007
242 1967
243 1931
244 1992
245 1973
246 1983
247 1909
248 2141
249 2166
250 2018
251 2133
252 1917
253 2003
254 1880
255 1768
256 1746
257 1674
258 1654
259 1557
260 1491
261 1403
262 1276
263 1277
264 1287
265 1240
266 1238
267 1157
268 1127
269 1071
270 1036
271 1055
272 1047
273 1057
274 1011
275 1025
276 1118
277 978
278 887
279 857
280 898
281 796
282 785
283 813
284 786
285 785
286 819
287 795
288 791
289 667
290 677
291 686
292 701
293 628
294 620
295 582
296 593
297 518
298 501
299 457
300 444
301 377
302 401
303 411
304 326
305 328
306 354
307 277
308 250
309 268
310 199
311 177
312 177
313 151
314 147
315 136
316 100
317 99
318 89
319 81
320 71
321 64
322 58
323 44
324 37
325 37
326 39
327 39
328 30
329 29
330 28
331 14
332 32
333 23
334 31
335 12
336 17
337 18
338 11
339 10
340 13
341 11
342 13
343 21
344 8
345 7
346 9
347 11
348 3
349 6
350 12
351 4
352 2
353 2
354 2
355 0
356 1
357 0
358 0
359 0
360 0
361 0
362 0
363 0
364 0
365 0
366 0
367 0
368 0
369 0
370 1
371 0
372 0
373 0
374 0
375 0
376 1
