0 0
1 0
2 0
3 0
4 0
5 0
6 0
7 0
8 0
9 0
10 0
11 0
12 0
13 0
14 0
15 0
16 0
17 0
18 0
19 0
20 0
21 0
22 0
23 0
24 0
25 0
26 0
27 0
28 0
29 0
30 0
31 0
32 0
33 0
34 0
35 0
36 0
37 0
38 0
39 0
40 0
41 0
42 0
43 0
44 0
45 0
46 0
47 0
48 0
49 0
50 0
51 0
52 0
53 0
54 0
55 0
56 0
57 0
58 0
59 0
60 0
61 0
62 0
63 0
64 0
65 0
66 0
67 0
68 0
69 0
70 0
71 0
72 0
73 0
74 0
75 0
76 0
77 0
78 0
79 0
80 0
81 0
82 0
83 0
84 0
85 0
86 0
87 0
88 0
89 0
90 0
91 0
92 0
93 0
94 0
95 0
96 0
97 0
98 0
99 0
100 0
101 0
102 0
103 0
104 1
105 0
106 0
107 1
108 0
109 4
110 4
111 5
112 2
113 4
114 2
115 11
116 8
117 18
118 20
119 15
120 15
121 15
122 20
123 23
124 10
125 17
126 17
127 28
128 21
129 23
130 33
131 26
132 36
133 41
134 39
135 55
136 80
137 77
138 70
139 120
140 162
141 153
142 168
143 213
144 178
145 224
146 235
147 270
148 294
149 334
150 336
151 434
152 478
153 527
154 541
155 691
156 735
157 753
158 850
159 875
160 865
161 917
162 922
163 894
164 811
165 802
166 767
167 735
168 795
169 910
170 845
171 996
172 1000
173 1074
174 1087
175 1107
176 1186
177 1330
178 1436
179 1503
180 1576
181 1618
182 1861
183 1830
184 1954
185 1886
186 2006
187 1950
188 1937
189 2043
190 2056
191 2140
192 2032
193 2181
194 2144
195 2150
196 2235
197 2247
198 2129
199 2354
200 2384
201 2617
202 2440
203 2526
204 2503
205 2496
206 2618
207 2449
208 2335
209 2175
210 2278
211 2089
212 2230
213 2337
214 2473
215 2529
216 2568
217 2425
218 2550
219 2659
220 2627
221 2582
222 2532
223 2468
224 2453
225 2347
226 2338
227 2293
228 2338
229 2140
230 2180
231 2104
232 2034
233 2066
234 1976
235 1898
236 1889
237 1814
238 1832
239 1710
240 1801
241 1978
242 1873
243 1933
244 1832
245 1951
246 1946
247 1888
248 1721
249 1689
250 1682
251 1559
252 1470
253 1333
254 1324
255 1200
256 1228
257 1080
258 1079
259 988
260 982
261 855
262 841
263 861
264 831
265 888
266 761
267 804
268 761
269 768
270 743
271 742
272 632
273 686
274 601
275 580
276 546
277 528
278 486
279 473
280 480
281 494
282 479
283 428
284 393
285 351
286 316
287 341
288 267
289 288
290 278
291 306
292 270
293 314
294 340
295 342
296 388
297 481
298 412
299 429
300 411
301 386
302 455
303 406
304 417
305 377
306 360
307 315
308 276
309 205
310 233
311 232
312 218
313 250
314 276
315 214
316 145
317 174
318 132
319 55
320 95
321 56
322 49
323 43
324 31
325 17
326 28
327 8
328 5
329 12
330 7
331 13
332 21
333 8
334 18
335 17
336 9
337 18
338 16
339 9
340 6
341 2
342 13
343 5
344 1
345 2
346 1
