0 0
1 0
2 0
3 0
4 0
5 0
6 0
7 0
8 0
9 0
10 0
11 0
12 0
13 0
14 0
15 0
16 0
17 0
18 0
19 0
20 0
21 0
22 0
23 0
24 0
25 0
26 0
27 0
28 0
29 0
30 0
31 0
32 0
33 0
34 0
35 0
36 0
37 0
38 0
39 0
40 0
41 0
42 0
43 0
44 0
45 0
46 0
47 0
48 0
49 0
50 0
51 0
52 0
53 0
54 0
55 0
56 0
57 0
58 0
59 0
60 0
61 0
62 0
63 0
64 0
65 0
66 0
67 0
68 0
69 0
70 0
71 0
72 0
73 0
74 0
75 0
76 0
77 0
78 0
79 0
80 0
81 0
82 0
83 0
84 0
85 0
86 0
87 0
88 0
89 0
90 0
91 0
92 0
93 0
94 1
95 0
96 4
97 1
98 1
99 0
100 4
101 3
102 1
103 1
104 0
105 1
106 0
107 1
108 1
109 0
110 0
111 2
112 5
113 4
114 1
115 0
116 9
117 3
118 3
119 5
120 5
121 21
122 7
123 14
124 22
125 16
126 17
127 18
128 13
129 22
130 19
131 25
132 26
133 28
134 39
135 53
136 45
137 73
138 87
139 71
140 107
141 120
142 136
143 155
144 147
145 212
146 174
147 212
148 230
149 243
150 256
151 325
152 299
153 371
154 400
155 401
156 479
157 498
158 562
159 508
160 586
161 582
162 677
163 684
164 761
165 763
166 808
167 864
168 915
169 984
170 1027
171 1137
172 1143
173 1227
174 1480
175 1507
176 1525
177 1578
178 1661
179 1610
180 1657
181 1773
182 1857
183 1777
184 1732
185 1746
186 1652
187 1653
188 1683
189 1722
190 1647
191 1846
192 1857
193 1962
194 1868
195 1714
196 1745
197 1691
198 1745
199 1664
200 1755
201 1831
202 1824
203 1945
204 1967
205 1963
206 2032
207 2132
208 2124
209 2270
210 2251
211 2431
212 2391
213 2383
214 2349
215 2447
216 2465
217 2442
218 2531
219 2515
220 2516
221 2588
222 2786
223 2769
224 2971
225 2880
226 2832
227 2782
228 2832
229 2825
230 2795
231 2895
232 2677
233 2499
234 2344
235 2394
236 2228
237 2284
238 2036
239 2054
240 2048
241 1909
242 2064
243 1971
244 1833
245 1692
246 1676
247 1678
248 1653
249 1469
250 1422
251 1321
252 1339
253 1207
254 1274
255 1143
256 1222
257 1153
258 1072
259 1045
260 1103
261 965
262 956
263 876
264 900
265 870
266 785
267 893
268 809
269 791
270 755
271 734
272 710
273 687
274 675
275 681
276 658
277 638
278 679
279 552
280 514
281 516
282 422
283 453
284 390
285 422
286 486
287 445
288 453
289 434
290 485
291 457
292 460
293 435
294 403
295 404
296 410
297 420
298 363
299 352
300 413
301 331
302 360
303 322
304 272
305 299
306 299
307 284
308 280
309 263
310 258
311 244
312 200
313 235
314 213
315 210
316 188
317 221
318 189
319 177
320 142
321 174
322 149
323 146
324 139
325 121
326 83
327 139
328 104
329 84
330 81
331 77
332 72
333 56
334 50
335 42
336 57
337 46
338 41
339 28
340 35
341 28
342 14
343 12
344 20
345 24
346 22
347 16
348 21
349 8
350 16
351 19
352 19
353 12
354 16
355 15
356 24
357 14
358 14
359 11
360 16
361 9
362 10
363 10
364 7
365 3
366 7
367 3
368 6
369 4
370 3
371 5
372 5
373 6
374 3
375 3
376 3
377 1
378 3
379 2
380 0
381 2
382 1
