0 0
1 0
2 0
3 0
4 0
5 0
6 0
7 0
8 0
9 0
10 0
11 0
12 0
13 0
14 0
15 0
16 0
17 0
18 0
19 0
20 0
21 0
22 0
23 0
24 0
25 0
26 0
27 0
28 0
29 0
30 0
31 0
32 0
33 0
34 0
35 0
36 0
37 0
38 0
39 0
40 0
41 0
42 0
43 0
44 0
45 0
46 0
47 0
48 0
49 0
50 0
51 0
52 0
53 0
54 0
55 0
56 0
57 0
58 0
59 0
60 0
61 0
62 0
63 0
64 0
65 0
66 0
67 0
68 0
69 0
70 0
71 0
72 0
73 0
74 0
75 0
76 0
77 0
78 0
79 0
80 0
81 0
82 0
83 0
84 0
85 0
86 0
87 0
88 0
89 0
90 0
91 0
92 0
93 0
94 0
95 0
96 0
97 0
98 1
99 3
100 2
101 6
102 13
103 8
104 8
105 13
106 5
107 11
108 13
109 20
110 19
111 27
112 27
113 33
114 45
115 55
116 63
117 54
118 80
119 61
120 74
121 72
122 82
123 59
124 75
125 69
126 53
127 58
128 68
129 70
130 91
131 103
132 91
133 106
134 166
135 142
136 170
137 163
138 186
139 259
140 225
141 250
142 246
143 316
144 333
145 309
146 358
147 413
148 400
149 455
150 473
151 565
152 677
153 645
154 653
155 696
156 761
157 763
158 747
159 719
160 734
161 780
162 824
163 756
164 825
165 784
166 680
167 805
168 762
169 769
170 847
171 886
172 907
173 1030
174 939
175 1160
176 1177
177 1205
178 1152
179 1201
180 1198
181 1224
182 1366
183 1404
184 1569
185 1808
186 1734
187 1865
188 1895
189 1824
190 2043
191 1985
192 2073
193 2001
194 2014
195 2166
196 2264
197 2155
198 2083
199 2339
200 2269
201 2248
202 2458
203 2516
204 2589
205 2562
206 2731
207 2635
208 2830
209 2758
210 2715
211 2697
212 2589
213 2485
214 2517
215 2435
216 2165
217 2152
218 1998
219 2098
220 2125
221 2167
222 2252
223 2346
224 2160
225 2376
226 2455
227 2380
228 2436
229 2509
230 2455
231 2386
232 2420
233 2306
234 2183
235 2141
236 2128
237 2025
238 2087
239 2034
240 1949
241 1986
242 2058
243 1991
244 1894
245 1877
246 1845
247 1768
248 1782
249 1628
250 1710
251 1513
252 1461
253 1522
254 1311
255 1289
256 1244
257 1192
258 1041
259 1120
260 1099
261 1011
262 990
263 1031
264 995
265 951
266 958
267 857
268 863
269 881
270 791
271 767
272 688
273 701
274 709
275 663
276 651
277 627
278 565
279 616
280 552
281 563
282 472
283 511
284 413
285 406
286 429
287 400
288 450
289 426
290 390
291 366
292 390
293 357
294 345
295 323
296 291
297 263
298 262
299 194
300 180
301 174
302 188
303 170
304 150
305 135
306 130
307 105
308 82
309 78
310 81
311 59
312 62
313 58
314 40
315 39
316 40
317 23
318 19
319 24
320 31
321 21
322 15
323 18
324 13
325 13
326 13
327 14
328 16
329 7
330 5
331 9
332 11
333 5
334 3
335 5
336 3
337 5
338 5
339 3
340 10
341 7
342 3
343 2
344 1
345 7
346 3
347 2
348 4
349 2
350 0
351 0
352 2
353 1
354 0
355 0
356 0
357 0
358 0
359 0
360 1
361 0
362 0
363 0
364 1
