0 0
1 0
2 0
3 0
4 0
5 0
6 0
7 0
8 0
9 0
10 0
11 0
12 0
13 0
14 0
15 0
16 0
17 0
18 0
19 0
20 0
21 0
22 0
23 0
24 0
25 0
26 0
27 0
28 0
29 0
30 0
31 0
32 0
33 0
34 0
35 0
36 0
37 0
38 0
39 0
40 0
41 0
42 0
43 0
44 0
45 0
46 0
47 0
48 0
49 0
50 0
51 0
52 0
53 0
54 0
55 0
56 0
57 0
58 0
59 0
60 0
61 0
62 0
63 0
64 0
65 0
66 0
67 0
68 0
69 0
70 0
71 0
72 0
73 0
74 0
75 0
76 0
77 0
78 0
79 0
80 0
81 0
82 0
83 0
84 0
85 0
86 0
87 0
88 0
89 0
90 0
91 0
92 0
93 0
94 0
95 0
96 0
97 0
98 0
99 0
100 0
101 0
102 2
103 0
104 1
105 2
106 1
107 2
108 7
109 17
110 15
111 20
112 26
113 35
114 31
115 59
116 56
117 75
118 101
119 89
120 109
121 107
122 107
123 107
124 122
125 121
126 101
127 148
128 144
129 177
130 168
131 178
132 203
133 211
134 205
135 215
136 244
137 270
138 252
139 258
140 284
141 274
142 373
143 328
144 356
145 359
146 355
147 437
148 455
149 492
150 576
151 621
152 785
153 808
154 890
155 1027
156 1030
157 1061
158 1051
159 1080
160 1017
161 1079
162 1116
163 1154
164 1254
165 1224
166 1209
167 1213
168 1278
169 1273
170 1272
171 1322
172 1339
173 1371
174 1245
175 1290
176 1396
177 1438
178 1577
179 1549
180 1596
181 1726
182 1655
183 1731
184 1829
185 1749
186 1746
187 1907
188 1963
189 1988
190 2047
191 1873
192 2056
193 2020
194 1880
195 1907
196 2012
197 2050
198 2039
199 1992
200 2124
201 2185
202 2087
203 2242
204 2220
205 2313
206 2431
207 2336
208 2312
209 2354
210 2432
211 2339
212 2251
213 2327
214 2206
215 2296
216 2209
217 2147
218 2286
219 2134
220 2201
221 2170
222 2264
223 2232
224 2163
225 2179
226 2136
227 2214
228 2106
229 2193
230 2143
231 2179
232 2147
233 2068
234 2078
235 2006
236 1840
237 1783
238 1718
239 1718
240 1671
241 1574
242 1737
243 1758
244 1727
245 1911
246 1781
247 1856
248 1711
249 1643
250 1751
251 1586
252 1617
253 1450
254 1363
255 1342
256 1250
257 1211
258 1041
259 1222
260 1170
261 1130
262 983
263 1042
264 962
265 898
266 832
267 790
268 814
269 680
270 693
271 654
272 622
273 592
274 563
275 567
276 562
277 539
278 537
279 666
280 591
281 542
282 503
283 460
284 499
285 449
286 437
287 337
288 326
289 293
290 309
291 265
292 258
293 210
294 233
295 193
296 163
297 161
298 137
299 136
300 126
301 119
302 119
303 99
304 82
305 73
306 65
307 69
308 64
309 44
310 39
311 43
312 45
313 56
314 49
315 42
316 35
317 34
318 19
319 34
320 27
321 19
322 19
323 20
324 18
325 17
326 22
327 10
328 14
329 12
330 11
331 6
332 6
333 6
334 8
335 3
336 7
337 4
338 1
339 2
340 0
341 0
342 1
343 0
344 0
345 2
346 0
347 0
348 0
349 0
350 1
351 0
352 0
353 0
354 1
355 0
356 0
357 0
358 0
359 0
360 0
361 0
362 0
363 1
364 1
365 0
366 0
367 0
368 1
