0 0
1 0
2 0
3 0
4 0
5 0
6 0
7 0
8 0
9 0
10 0
11 0
12 0
13 0
14 0
15 0
16 0
17 0
18 0
19 0
20 0
21 0
22 0
23 0
24 0
25 0
26 0
27 0
28 0
29 0
30 0
31 0
32 0
33 0
34 0
35 0
36 0
37 0
38 0
39 0
40 0
41 0
42 0
43 0
44 0
45 0
46 0
47 0
48 0
49 0
50 0
51 0
52 0
53 0
54 0
55 0
56 0
57 0
58 0
59 0
60 0
61 0
62 0
63 0
64 0
65 0
66 0
67 0
68 0
69 0
70 0
71 0
72 0
73 0
74 0
75 0
76 0
77 0
78 0
79 0
80 0
81 0
82 0
83 0
84 0
85 0
86 0
87 0
88 0
89 0
90 0
91 0
92 0
93 0
94 0
95 0
96 0
97 0
98 0
99 1
100 0
101 0
102 1
103 0
104 7
105 1
106 6
107 3
108 3
109 2
110 9
111 6
112 0
113 5
114 3
115 2
116 4
117 2
118 4
119 2
120 5
121 6
122 4
123 5
124 9
125 14
126 11
127 9
128 13
129 12
130 21
131 10
132 8
133 12
134 17
135 21
136 23
137 22
138 43
139 36
140 65
141 56
142 57
143 102
144 112
145 117
146 113
147 147
148 154
149 201
150 169
151 183
152 165
153 188
154 146
155 163
156 192
157 162
158 159
159 176
160 225
161 223
162 234
163 258
164 316
165 348
166 301
167 352
168 390
169 409
170 439
171 511
172 503
173 514
174 551
175 606
176 626
177 639
178 764
179 798
180 823
181 999
182 999
183 1136
184 1135
185 1208
186 1323
187 1447
188 1562
189 1717
190 1768
191 1771
192 1951
193 2022
194 2160
195 2246
196 2453
197 2512
198 2358
199 2554
200 2460
201 2490
202 2486
203 2222
204 2280
205 2168
206 2139
207 2160
208 2209
209 2146
210 2204
211 2373
212 2187
213 2510
214 2475
215 2436
216 2770
217 2863
218 3240
219 3356
220 3423
221 3316
222 3271
223 3298
224 3339
225 3200
226 3402
227 3386
228 3200
229 3260
230 3128
231 2900
232 2694
233 2425
234 2400
235 2395
236 2381
237 2374
238 2356
239 2160
240 2359
241 2081
242 2112
243 2089
244 2038
245 2106
246 2062
247 1954
248 1974
249 1932
250 1691
251 1725
252 1483
253 1653
254 1501
255 1365
256 1340
257 1387
258 1240
259 1306
260 1225
261 1204
262 1148
263 1136
264 1086
265 980
266 1114
267 989
268 1028
269 1018
270 964
271 850
272 820
273 898
274 864
275 859
276 799
277 798
278 831
279 767
280 688
281 751
282 681
283 736
284 644
285 623
286 626
287 589
288 502
289 488
290 430
291 449
292 464
293 421
294 400
295 335
296 275
297 232
298 237
299 256
300 222
301 187
302 192
303 179
304 155
305 112
306 121
307 142
308 90
309 130
310 109
311 107
312 100
313 69
314 81
315 64
316 53
317 57
318 49
319 58
320 39
321 38
322 48
323 55
324 56
325 39
326 45
327 24
328 20
329 22
330 12
331 14
332 13
333 12
334 8
335 10
336 10
337 6
338 7
339 7
340 11
341 6
342 13
343 2
344 1
345 4
346 1
347 3
348 7
349 5
350 2
351 4
352 3
353 5
354 3
355 2
356 1
357 6
358 4
359 5
360 5
361 3
362 4
363 4
364 4
365 1
366 2
367 1
368 2
