0 0
1 0
2 0
3 0
4 0
5 0
6 0
7 0
8 0
9 0
10 0
11 0
12 0
13 0
14 0
15 0
16 0
17 0
18 0
19 0
20 0
21 0
22 0
23 0
24 0
25 0
26 0
27 0
28 0
29 0
30 0
31 0
32 0
33 0
34 0
35 0
36 0
37 0
38 0
39 0
40 0
41 0
42 0
43 0
44 0
45 0
46 0
47 0
48 0
49 0
50 0
51 0
52 0
53 0
54 0
55 0
56 0
57 0
58 0
59 0
60 0
61 0
62 0
63 0
64 0
65 0
66 0
67 0
68 0
69 0
70 0
71 0
72 0
73 0
74 0
75 0
76 0
77 0
78 0
79 0
80 0
81 0
82 0
83 0
84 0
85 0
86 0
87 0
88 0
89 0
90 0
91 0
92 0
93 0
94 0
95 0
96 0
97 0
98 0
99 0
100 0
101 0
102 0
103 0
104 1
105 1
106 0
107 1
108 2
109 1
110 3
111 2
112 3
113 4
114 1
115 4
116 7
117 3
118 5
119 2
120 3
121 3
122 7
123 7
124 11
125 9
126 4
127 8
128 7
129 12
130 7
131 11
132 15
133 16
134 24
135 12
136 12
137 35
138 26
139 37
140 31
141 38
142 35
143 37
144 49
145 64
146 74
147 77
148 96
149 126
150 112
151 157
152 195
153 194
154 223
155 290
156 301
157 256
158 407
159 374
160 373
161 407
162 472
163 487
164 552
165 688
166 703
167 735
168 766
169 819
170 845
171 865
172 1043
173 1028
174 1143
175 1273
176 1554
177 1571
178 1707
179 1843
180 1755
181 1690
182 1820
183 1659
184 1560
185 1535
186 1604
187 1640
188 1677
189 1665
190 1768
191 1712
192 1778
193 1905
194 1789
195 1868
196 2093
197 2129
198 2305
199 2317
200 2372
201 2293
202 2418
203 2463
204 2512
205 2624
206 2600
207 2667
208 2629
209 2598
210 2556
211 2402
212 2508
213 2544
214 2303
215 2579
216 2503
217 2498
218 2575
219 2536
220 2537
221 2506
222 2483
223 2393
224 2504
225 2528
226 2343
227 2368
228 2261
229 2279
230 2109
231 2119
232 2080
233 2018
234 2195
235 2188
236 2333
237 2170
238 2128
239 2242
240 2091
241 2219
242 2105
243 2122
244 2114
245 1989
246 2005
247 2058
248 1946
249 1863
250 2035
251 1962
252 1933
253 1781
254 1720
255 1675
256 1550
257 1513
258 1511
259 1598
260 1431
261 1453
262 1369
263 1352
264 1173
265 1139
266 1045
267 1013
268 907
269 932
270 896
271 818
272 754
273 735
274 676
275 650
276 666
277 590
278 554
279 542
280 519
281 474
282 468
283 384
284 379
285 399
286 399
287 399
288 393
289 343
290 332
291 366
292 338
293 263
294 299
295 319
296 276
297 235
298 272
299 275
300 289
301 216
302 205
303 211
304 169
305 151
306 175
307 127
308 112
309 103
310 101
311 79
312 69
313 78
314 68
315 69
316 68
317 67
318 64
319 58
320 71
321 48
322 29
323 41
324 32
325 37
326 34
327 27
328 18
329 12
330 18
331 11
332 14
333 7
334 11
335 4
336 5
337 9
338 6
339 3
340 3
341 4
342 0
343 2
344 0
345 1
346 4
347 0
348 1
349 0
350 0
351 0
352 0
353 3
