0 0
1 0
2 0
3 0
4 0
5 0
6 0
7 0
8 0
9 0
10 0
11 0
12 0
13 0
14 0
15 0
16 0
17 0
18 0
19 0
20 0
21 0
22 1
23 0
24 0
25 1
26 0
27 0
28 0
29 0
30 0
31 0
32 0
33 0
34 0
35 0
36 0
37 0
38 0
39 0
40 0
41 0
42 0
43 0
44 0
45 0
46 0
47 0
48 0
49 0
50 0
51 0
52 0
53 0
54 0
55 0
56 0
57 0
58 0
59 0
60 0
61 0
62 0
63 0
64 0
65 0
66 0
67 0
68 0
69 0
70 0
71 0
72 0
73 0
74 0
75 0
76 0
77 0
78 0
79 0
80 0
81 1
82 0
83 0
84 0
85 0
86 0
87 3
88 2
89 4
90 0
91 2
92 2
93 4
94 5
95 6
96 6
97 6
98 9
99 8
100 5
101 10
102 17
103 18
104 20
105 19
106 26
107 26
108 28
109 45
110 58
111 65
112 63
113 68
114 81
115 86
116 112
117 92
118 95
119 98
120 133
121 114
122 98
123 118
124 108
125 133
126 135
127 141
128 117
129 133
130 135
131 140
132 134
133 144
134 157
135 145
136 136
137 201
138 180
139 204
140 249
141 305
142 259
143 278
144 328
145 318
146 325
147 339
148 386
149 369
150 338
151 365
152 368
153 334
154 408
155 399
156 448
157 449
158 517
159 536
160 521
161 569
162 617
163 603
164 659
165 690
166 766
167 826
168 880
169 953
170 985
171 1029
172 1096
173 1080
174 1068
175 1056
176 1228
177 1200
178 1260
179 1220
180 1370
181 1416
182 1489
183 1534
184 1709
185 1757
186 1771
187 1878
188 1918
189 1956
190 2072
191 2171
192 2282
193 2441
194 2486
195 2465
196 2408
197 2373
198 2271
199 2324
200 2299
201 2310
202 2289
203 2375
204 2393
205 2457
206 2463
207 2434
208 2344
209 2383
210 2170
211 2162
212 2157
213 2010
214 2092
215 2102
216 2066
217 2072
218 2087
219 2125
220 2090
221 2077
222 2148
223 2115
224 2152
225 2163
226 2171
227 2210
228 2389
229 2299
230 2219
231 2285
232 2173
233 1995
234 1979
235 1887
236 1750
237 1909
238 1698
239 1828
240 1921
241 1749
242 1781
243 1735
244 1811
245 1690
246 1641
247 1663
248 1580
249 1499
250 1455
251 1416
252 1323
253 1453
254 1401
255 1422
256 1419
257 1487
258 1586
259 1497
260 1550
261 1455
262 1569
263 1480
264 1389
265 1278
266 1271
267 1234
268 1215
269 1097
270 1032
271 1007
272 973
273 861
274 793
275 789
276 763
277 748
278 688
279 679
280 668
281 645
282 619
283 541
284 526
285 573
286 535
287 524
288 536
289 518
290 474
291 456
292 398
293 404
294 363
295 334
296 313
297 309
298 220
299 211
300 188
301 156
302 148
303 165
304 138
305 119
306 113
307 91
308 93
309 87
310 74
311 88
312 80
313 68
314 75
315 72
316 84
317 57
318 61
319 76
320 71
321 58
322 52
323 43
324 25
325 35
326 44
327 29
328 44
329 25
330 30
331 23
332 23
333 31
334 20
335 33
336 26
337 21
338 17
339 10
340 9
341 13
342 7
343 10
344 5
345 11
346 4
347 3
348 2
349 5
350 1
351 1
352 2
353 1
354 1
355 1
356 3
357 1
358 0
359 1
360 0
361 2
362 0
363 2
364 2
365 1
366 1
367 1
368 0
369 0
370 0
371 0
372 0
373 1
374 0
375 0
376 0
377 0
378 1
379 1
