0 0
1 0
2 0
3 0
4 0
5 0
6 0
7 0
8 0
9 0
10 0
11 0
12 0
13 0
14 0
15 0
16 0
17 0
18 0
19 0
20 0
21 0
22 0
23 0
24 0
25 0
26 0
27 0
28 0
29 0
30 0
31 0
32 0
33 0
34 0
35 0
36 0
37 0
38 0
39 0
40 0
41 0
42 0
43 0
44 0
45 0
46 0
47 0
48 0
49 0
50 0
51 0
52 0
53 0
54 0
55 0
56 0
57 0
58 0
59 0
60 0
61 0
62 0
63 0
64 0
65 0
66 0
67 0
68 0
69 1
70 1
71 1
72 1
73 1
74 1
75 2
76 1
77 0
78 2
79 5
80 5
81 3
82 10
83 8
84 9
85 11
86 14
87 8
88 8
89 8
90 9
91 11
92 9
93 8
94 3
95 6
96 2
97 1
98 5
99 3
100 8
101 10
102 5
103 10
104 8
105 4
106 5
107 3
108 5
109 5
110 6
111 4
112 2
113 5
114 7
115 2
116 3
117 7
118 3
119 6
120 5
121 3
122 3
123 5
124 5
125 2
126 8
127 10
128 7
129 8
130 15
131 14
132 13
133 14
134 21
135 18
136 19
137 26
138 26
139 33
140 20
141 27
142 26
143 39
144 42
145 36
146 42
147 62
148 58
149 48
150 77
151 58
152 65
153 100
154 113
155 125
156 114
157 112
158 140
159 160
160 149
161 145
162 156
163 186
164 212
165 223
166 275
167 268
168 281
169 350
170 353
171 395
172 415
173 506
174 485
175 539
176 668
177 653
178 680
179 752
180 794
181 766
182 850
183 882
184 976
185 945
186 1023
187 1104
188 1160
189 1129
190 1252
191 1368
192 1293
193 1344
194 1418
195 1520
196 1547
197 1481
198 1500
199 1552
200 1574
201 1534
202 1589
203 1635
204 1597
205 1837
206 1744
207 1819
208 1875
209 1901
210 2010
211 2126
212 2230
213 2207
214 2415
215 2631
216 2591
217 2651
218 2873
219 2770
220 2828
221 3009
222 3026
223 3289
224 3257
225 3089
226 3033
227 2814
228 2625
229 2597
230 2334
231 2345
232 2273
233 2248
234 2236
235 2187
236 2275
237 2355
238 2420
239 2339
240 2449
241 2332
242 2273
243 2297
244 2271
245 2190
246 2043
247 2081
248 1939
249 1897
250 1907
251 1856
252 1772
253 1953
254 1880
255 1891
256 1864
257 1920
258 1738
259 1677
260 1619
261 1551
262 1505
263 1393
264 1417
265 1563
266 1660
267 1548
268 1655
269 1618
270 1564
271 1539
272 1496
273 1527
274 1549
275 1574
276 1683
277 1565
278 1535
279 1419
280 1308
281 1093
282 990
283 848
284 707
285 754
286 653
287 707
288 688
289 609
290 606
291 598
292 570
293 563
294 544
295 576
296 524
297 438
298 491
299 444
300 401
301 409
302 356
303 393
304 381
305 383
306 400
307 333
308 356
309 280
310 250
311 268
312 253
313 265
314 298
315 294
316 301
317 274
318 220
319 208
320 184
321 128
322 127
323 126
324 80
325 129
326 111
327 94
328 79
329 99
330 80
331 57
332 56
333 49
334 48
335 39
336 38
337 25
338 42
339 33
340 36
341 33
342 40
343 39
344 29
345 27
346 29
347 21
348 17
349 24
350 35
351 27
352 21
353 14
354 11
355 9
356 11
357 12
358 11
359 3
360 9
361 3
362 8
363 4
364 0
365 1
366 4
367 1
368 4
369 1
370 2
371 2
372 0
373 1
374 1
375 0
376 0
377 1
378 1
379 0
380 0
381 0
382 3
383 0
384 0
385 0
386 0
387 0
388 0
389 0
390 1
