0 0
1 0
2 0
3 0
4 0
5 0
6 0
7 0
8 0
9 0
10 0
11 0
12 0
13 0
14 0
15 0
16 0
17 0
18 0
19 0
20 0
21 0
22 0
23 0
24 0
25 0
26 0
27 0
28 0
29 0
30 0
31 0
32 0
33 0
34 0
35 0
36 0
37 0
38 0
39 0
40 0
41 0
42 0
43 0
44 0
45 0
46 0
47 0
48 0
49 0
50 0
51 0
52 0
53 0
54 0
55 0
56 0
57 0
58 0
59 0
60 0
61 0
62 0
63 0
64 0
65 0
66 0
67 0
68 0
69 0
70 0
71 0
72 0
73 0
74 0
75 0
76 0
77 0
78 0
79 0
80 0
81 0
82 0
83 1
84 0
85 0
86 0
87 0
88 0
89 0
90 0
91 0
92 0
93 0
94 2
95 0
96 0
97 0
98 0
99 0
100 0
101 0
102 2
103 1
104 0
105 1
106 0
107 1
108 2
109 1
110 3
111 0
112 0
113 4
114 1
115 1
116 8
117 0
118 1
119 1
120 2
121 1
122 2
123 3
124 4
125 4
126 6
127 2
128 5
129 11
130 11
131 9
132 11
133 36
134 27
135 23
136 35
137 48
138 68
139 63
140 56
141 66
142 115
143 118
144 119
145 142
146 133
147 190
148 203
149 232
150 214
151 310
152 271
153 297
154 339
155 313
156 359
157 359
158 385
159 406
160 505
161 472
162 580
163 633
164 601
165 545
166 563
167 534
168 594
169 614
170 613
171 686
172 657
173 712
174 807
175 838
176 885
177 933
178 1025
179 1105
180 1214
181 1253
182 1399
183 1510
184 1525
185 1518
186 1553
187 1527
188 1469
189 1547
190 1540
191 1624
192 1688
193 1791
194 1851
195 2126
196 2149
197 2099
198 2143
199 2343
200 2081
201 1987
202 2146
203 2326
204 2333
205 2170
206 2280
207 2163
208 2227
209 2219
210 2140
211 2222
212 2170
213 2139
214 2217
215 2210
216 2266
217 2196
218 2206
219 2204
220 2265
221 2184
222 2118
223 2222
224 2198
225 2203
226 2303
227 2227
228 2338
229 2264
230 2126
231 2381
232 2344
233 2334
234 2231
235 2260
236 2407
237 2338
238 2155
239 1984
240 1990
241 1924
242 1829
243 1965
244 1748
245 1941
246 1901
247 1952
248 1766
249 1799
250 1832
251 1875
252 1773
253 1833
254 1827
255 1776
256 1978
257 1704
258 1793
259 1541
260 1625
261 1489
262 1330
263 1348
264 1188
265 1176
266 1156
267 1232
268 1079
269 1059
270 1046
271 989
272 943
273 934
274 982
275 906
276 899
277 885
278 839
279 847
280 816
281 857
282 785
283 712
284 645
285 646
286 647
287 598
288 588
289 573
290 519
291 496
292 514
293 473
294 478
295 506
296 528
297 412
298 449
299 471
300 462
301 447
302 456
303 372
304 396
305 326
306 323
307 355
308 324
309 281
310 305
311 294
312 262
313 215
314 245
315 230
316 233
317 212
318 192
319 192
320 161
321 145
322 113
323 146
324 140
325 136
326 126
327 146
328 119
329 139
330 117
331 139
332 125
333 119
334 122
335 103
336 114
337 117
338 79
339 67
340 57
341 76
342 62
343 41
344 31
345 44
346 37
347 30
348 29
349 20
350 16
351 9
352 8
353 10
354 3
355 14
356 8
357 2
358 7
359 8
360 9
361 11
362 10
363 9
364 6
365 6
366 11
367 7
368 10
369 2
370 10
371 4
372 8
373 7
374 3
375 5
376 10
377 1
378 3
379 2
380 3
381 6
382 1
383 2
384 1
385 2
386 2
387 1
388 0
389 1
390 2
391 1
392 0
393 2
