0 0
1 0
2 0
3 0
4 0
5 0
6 0
7 0
8 0
9 0
10 0
11 0
12 0
13 0
14 0
15 0
16 0
17 0
18 0
19 0
20 0
21 0
22 0
23 0
24 0
25 0
26 0
27 0
28 0
29 0
30 0
31 0
32 0
33 0
34 0
35 0
36 0
37 0
38 0
39 0
40 0
41 0
42 0
43 0
44 0
45 0
46 0
47 0
48 0
49 0
50 0
51 0
52 0
53 0
54 0
55 0
56 0
57 0
58 0
59 0
60 0
61 0
62 0
63 0
64 0
65 0
66 0
67 0
68 0
69 0
70 0
71 0
72 0
73 0
74 0
75 0
76 0
77 0
78 0
79 0
80 0
81 0
82 0
83 0
84 0
85 0
86 0
87 0
88 0
89 0
90 0
91 0
92 0
93 0
94 0
95 0
96 0
97 0
98 0
99 0
100 0
101 0
102 0
103 0
104 0
105 0
106 0
107 0
108 1
109 0
110 0
111 0
112 0
113 0
114 0
115 0
116 0
117 0
118 1
119 0
120 1
121 1
122 0
123 2
124 0
125 1
126 1
127 2
128 0
129 1
130 1
131 0
132 0
133 0
134 1
135 2
136 2
137 0
138 7
139 3
140 3
141 6
142 10
143 5
144 12
145 19
146 15
147 23
148 33
149 30
150 45
151 50
152 45
153 35
154 49
155 54
156 65
157 71
158 70
159 75
160 66
161 79
162 78
163 98
164 74
165 110
166 84
167 106
168 128
169 143
170 144
171 145
172 169
173 215
174 199
175 218
176 271
177 257
178 311
179 289
180 348
181 351
182 392
183 408
184 474
185 569
186 552
187 571
188 612
189 769
190 736
191 756
192 873
193 926
194 917
195 1040
196 1168
197 1225
198 1387
199 1504
200 1557
201 1602
202 1748
203 1779
204 1971
205 2150
206 2507
207 2602
208 2656
209 2749
210 2723
211 2688
212 2707
213 2862
214 2899
215 2797
216 2937
217 2881
218 2859
219 2919
220 2997
221 2837
222 2896
223 2719
224 2752
225 2659
226 2688
227 2804
228 2741
229 2875
230 2816
231 2831
232 2833
233 2957
234 3061
235 3109
236 3076
237 2993
238 2817
239 2822
240 2791
241 2829
242 2738
243 2751
244 2803
245 2787
246 2773
247 2731
248 2638
249 2566
250 2460
251 2567
252 2487
253 2464
254 2532
255 2303
256 2207
257 2216
258 2142
259 2216
260 2066
261 2067
262 2090
263 2071
264 2086
265 2051
266 1905
267 1870
268 1779
269 1670
270 1579
271 1553
272 1466
273 1339
274 1259
275 1154
276 1060
277 959
278 834
279 792
280 746
281 636
282 620
283 614
284 561
285 505
286 476
287 473
288 477
289 409
290 386
291 380
292 331
293 363
294 315
295 335
296 297
297 316
298 265
299 292
300 336
301 267
302 264
303 195
304 203
305 198
306 176
307 164
308 153
309 141
310 126
311 161
312 91
313 137
314 99
315 105
316 71
317 73
318 66
319 41
320 60
321 50
322 34
323 23
324 22
325 20
326 19
327 13
328 20
329 13
330 14
331 10
332 14
333 5
334 1
335 2
336 8
337 7
338 6
339 3
340 5
341 2
342 1
343 4
344 1
345 5
346 3
347 2
348 0
349 0
350 0
351 1
352 1
353 0
354 0
355 1
356 1
