0 0
1 0
2 0
3 0
4 0
5 0
6 0
7 0
8 0
9 0
10 0
11 0
12 0
13 0
14 0
15 0
16 0
17 0
18 0
19 0
20 0
21 0
22 0
23 0
24 0
25 0
26 0
27 0
28 0
29 0
30 0
31 0
32 0
33 0
34 0
35 0
36 0
37 0
38 0
39 0
40 0
41 0
42 0
43 0
44 0
45 0
46 0
47 0
48 0
49 0
50 0
51 0
52 0
53 0
54 0
55 0
56 0
57 0
58 0
59 0
60 0
61 0
62 0
63 0
64 0
65 0
66 0
67 0
68 0
69 0
70 0
71 0
72 0
73 0
74 0
75 0
76 0
77 0
78 0
79 0
80 0
81 0
82 1
83 0
84 0
85 0
86 0
87 0
88 1
89 0
90 1
91 3
92 2
93 4
94 11
95 13
96 4
97 4
98 7
99 12
100 10
101 12
102 8
103 13
104 14
105 12
106 24
107 22
108 13
109 21
110 30
111 27
112 32
113 26
114 26
115 42
116 28
117 37
118 42
119 32
120 39
121 48
122 41
123 37
124 35
125 47
126 40
127 41
128 45
129 53
130 77
131 60
132 66
133 93
134 112
135 128
136 180
137 196
138 224
139 227
140 264
141 293
142 317
143 303
144 264
145 319
146 303
147 319
148 330
149 335
150 363
151 391
152 348
153 314
154 329
155 357
156 361
157 382
158 418
159 400
160 447
161 499
162 522
163 590
164 599
165 569
166 603
167 665
168 616
169 735
170 635
171 624
172 634
173 641
174 593
175 640
176 562
177 628
178 609
179 627
180 667
181 762
182 931
183 1053
184 1231
185 1319
186 1439
187 1585
188 1656
189 1892
190 1713
191 2043
192 2147
193 2081
194 2073
195 1901
196 1841
197 1798
198 1799
199 1574
200 1776
201 1810
202 1723
203 1835
204 1838
205 1864
206 1868
207 1930
208 1861
209 1946
210 2044
211 2061
212 1966
213 1886
214 2005
215 2091
216 2025
217 2071
218 2162
219 2217
220 2195
221 2129
222 2198
223 2291
224 2257
225 2158
226 2177
227 2130
228 2142
229 2118
230 2087
231 2121
232 2240
233 2332
234 2234
235 2151
236 2313
237 2332
238 2271
239 2238
240 2219
241 2177
242 2141
243 2031
244 2044
245 2028
246 1933
247 1942
248 1907
249 1833
250 1806
251 1767
252 1636
253 1655
254 1600
255 1567
256 1656
257 1574
258 1546
259 1513
260 1604
261 1646
262 1598
263 1392
264 1416
265 1374
266 1353
267 1408
268 1362
269 1302
270 1314
271 1191
272 1255
273 1191
274 1124
275 1112
276 1106
277 1089
278 1018
279 992
280 951
281 991
282 771
283 815
284 723
285 737
286 651
287 583
288 601
289 563
290 587
291 556
292 534
293 477
294 491
295 459
296 495
297 427
298 431
299 428
300 343
301 364
302 343
303 360
304 317
305 354
306 371
307 382
308 327
309 330
310 363
311 271
312 242
313 200
314 230
315 219
316 183
317 134
318 160
319 134
320 130
321 104
322 143
323 151
324 208
325 226
326 270
327 278
328 386
329 381
330 386
331 446
332 344
333 276
334 200
335 171
336 95
337 102
338 91
339 51
340 53
341 60
342 40
343 38
344 35
345 25
346 23
347 17
348 20
349 22
350 17
351 15
352 14
353 8
354 12
355 4
356 3
357 4
358 6
359 5
360 5
361 4
362 5
363 6
364 6
365 0
366 2
367 0
368 2
369 2
370 4
371 0
372 5
373 4
374 1
375 0
376 0
377 0
378 0
379 1
380 2
381 2
382 0
383 0
384 2
385 1
386 0
387 1
