0 0
1 0
2 0
3 0
4 0
5 0
6 0
7 0
8 0
9 0
10 0
11 0
12 0
13 0
14 0
15 0
16 0
17 0
18 0
19 0
20 0
21 0
22 0
23 0
24 0
25 0
26 0
27 0
28 0
29 0
30 0
31 0
32 0
33 0
34 0
35 0
36 0
37 0
38 0
39 0
40 0
41 0
42 0
43 0
44 0
45 0
46 0
47 0
48 0
49 0
50 0
51 0
52 0
53 0
54 0
55 0
56 0
57 0
58 0
59 0
60 0
61 0
62 0
63 0
64 0
65 0
66 0
67 0
68 0
69 0
70 0
71 0
72 0
73 0
74 0
75 0
76 4
77 2
78 0
79 3
80 4
81 6
82 8
83 15
84 24
85 32
86 24
87 33
88 30
89 30
90 49
91 45
92 34
93 34
94 24
95 28
96 40
97 50
98 39
99 71
100 56
101 68
102 61
103 62
104 67
105 65
106 65
107 79
108 56
109 76
110 59
111 80
112 74
113 72
114 82
115 77
116 108
117 88
118 105
119 102
120 119
121 132
122 122
123 156
124 150
125 168
126 187
127 242
128 264
129 271
130 285
131 272
132 346
133 343
134 327
135 278
136 311
137 290
138 242
139 301
140 293
141 320
142 339
143 392
144 434
145 524
146 574
147 624
148 693
149 812
150 1034
151 1029
152 1007
153 903
154 1006
155 924
156 997
157 1000
158 1111
159 1099
160 1100
161 988
162 1028
163 936
164 914
165 855
166 968
167 1034
168 1058
169 1061
170 1108
171 1151
172 1179
173 1141
174 1241
175 1221
176 1296
177 1382
178 1496
179 1465
180 1344
181 1532
182 1565
183 1753
184 1834
185 1833
186 1810
187 1840
188 1700
189 1817
190 1846
191 1837
192 1909
193 2008
194 1907
195 1975
196 1904
197 1983
198 1968
199 1863
200 1915
201 1832
202 1886
203 1888
204 2041
205 2016
206 2067
207 2291
208 2142
209 2316
210 2357
211 2392
212 2410
213 2503
214 2494
215 2505
216 2517
217 2455
218 2530
219 2582
220 2474
221 2617
222 2686
223 2676
224 2700
225 2660
226 2609
227 2493
228 2483
229 2227
230 2274
231 2082
232 1921
233 1971
234 1761
235 1683
236 1684
237 1606
238 1658
239 1504
240 1603
241 1571
242 1621
243 1609
244 1515
245 1546
246 1459
247 1469
248 1440
249 1395
250 1394
251 1402
252 1355
253 1322
254 1317
255 1273
256 1070
257 993
258 1044
259 955
260 955
261 886
262 823
263 838
264 747
265 826
266 744
267 652
268 712
269 720
270 668
271 642
272 723
273 696
274 770
275 746
276 727
277 776
278 732
279 697
280 656
281 653
282 602
283 576
284 514
285 435
286 463
287 412
288 398
289 400
290 321
291 318
292 213
293 211
294 235
295 189
296 171
297 177
298 149
299 135
300 133
301 117
302 125
303 138
304 106
305 82
306 102
307 91
308 74
309 62
310 37
311 46
312 34
313 26
314 59
315 38
316 25
317 33
318 30
319 20
320 30
321 16
322 15
323 27
324 13
325 18
326 11
327 14
328 9
329 9
330 9
331 11
332 6
333 9
334 4
335 6
336 7
337 4
338 3
339 3
340 7
341 5
342 4
343 2
344 2
345 1
346 1
347 2
348 2
349 0
350 0
351 3
352 0
353 0
354 0
355 0
356 2
357 1
358 0
359 0
360 0
361 1
362 0
363 0
364 0
365 0
366 0
367 0
368 0
369 1
