0 0
1 0
2 0
3 0
4 0
5 0
6 0
7 0
8 0
9 0
10 0
11 0
12 0
13 0
14 0
15 0
16 0
17 0
18 0
19 0
20 0
21 0
22 0
23 0
24 0
25 0
26 0
27 0
28 0
29 0
30 0
31 0
32 0
33 0
34 0
35 0
36 0
37 0
38 0
39 0
40 0
41 0
42 0
43 0
44 0
45 0
46 0
47 0
48 0
49 0
50 0
51 0
52 0
53 0
54 0
55 0
56 0
57 0
58 0
59 0
60 0
61 0
62 0
63 0
64 0
65 0
66 0
67 0
68 0
69 0
70 0
71 0
72 0
73 0
74 0
75 0
76 0
77 0
78 0
79 0
80 0
81 0
82 1
83 0
84 0
85 1
86 1
87 1
88 2
89 1
90 4
91 3
92 0
93 3
94 7
95 6
96 2
97 8
98 9
99 11
100 13
101 15
102 15
103 20
104 23
105 25
106 10
107 30
108 31
109 34
110 39
111 36
112 50
113 63
114 62
115 62
116 88
117 92
118 111
119 126
120 127
121 151
122 149
123 185
124 197
125 209
126 251
127 244
128 298
129 258
130 297
131 210
132 214
133 194
134 218
135 218
136 232
137 222
138 221
139 236
140 305
141 303
142 311
143 348
144 366
145 379
146 399
147 373
148 363
149 403
150 457
151 474
152 511
153 571
154 582
155 596
156 612
157 646
158 595
159 625
160 693
161 662
162 698
163 847
164 789
165 848
166 817
167 827
168 738
169 775
170 775
171 886
172 916
173 851
174 857
175 857
176 908
177 862
178 901
179 939
180 1079
181 1009
182 972
183 1046
184 1115
185 1085
186 1094
187 1144
188 1145
189 1222
190 1179
191 1294
192 1213
193 1238
194 1293
195 1341
196 1385
197 1672
198 1692
199 1878
200 1813
201 1996
202 2089
203 2069
204 2274
205 2311
206 2500
207 2544
208 2548
209 2482
210 2563
211 2467
212 2552
213 2484
214 2269
215 2340
216 2307
217 2500
218 2388
219 2545
220 2626
221 2606
222 2741
223 2535
224 2651
225 2728
226 2851
227 2802
228 2566
229 2604
230 2614
231 2536
232 2822
233 2805
234 2797
235 2900
236 2717
237 2522
238 2332
239 2300
240 2108
241 1902
242 1839
243 1561
244 1652
245 1576
246 1325
247 1342
248 1378
249 1388
250 1332
251 1236
252 1286
253 1157
254 1206
255 1256
256 1150
257 1093
258 1166
259 1091
260 1109
261 1148
262 1082
263 1098
264 1072
265 1146
266 1103
267 1038
268 1106
269 1044
270 1149
271 1214
272 1242
273 1121
274 1062
275 981
276 856
277 876
278 774
279 738
280 714
281 630
282 607
283 624
284 617
285 556
286 662
287 565
288 549
289 566
290 543
291 533
292 475
293 433
294 423
295 399
296 396
297 423
298 373
299 358
300 299
301 324
302 305
303 207
304 316
305 236
306 231
307 268
308 228
309 216
310 207
311 169
312 191
313 153
314 147
315 168
316 155
317 150
318 132
319 99
320 111
321 127
322 114
323 84
324 53
325 93
326 65
327 51
328 69
329 63
330 63
331 50
332 39
333 47
334 18
335 49
336 45
337 30
338 43
339 38
340 16
341 36
342 21
343 20
344 13
345 11
346 6
347 5
348 6
349 9
350 11
351 6
352 2
353 10
354 7
355 7
356 0
357 1
358 5
359 2
360 1
361 2
362 4
363 0
364 0
365 0
366 0
367 0
368 0
369 0
370 1
371 0
372 0
373 1
374 0
375 1
376 0
377 0
378 0
379 0
380 0
381 1
382 0
383 0
384 0
385 0
386 0
387 0
388 0
389 0
390 0
391 0
392 0
393 0
394 1
