0 0
1 0
2 0
3 0
4 0
5 0
6 0
7 0
8 0
9 0
10 0
11 0
12 0
13 0
14 0
15 0
16 0
17 0
18 0
19 0
20 0
21 0
22 0
23 0
24 0
25 0
26 0
27 0
28 0
29 0
30 0
31 0
32 0
33 0
34 0
35 0
36 0
37 0
38 0
39 0
40 0
41 0
42 0
43 0
44 0
45 0
46 0
47 0
48 0
49 0
50 0
51 0
52 0
53 0
54 0
55 0
56 0
57 0
58 0
59 0
60 0
61 0
62 0
63 0
64 0
65 0
66 0
67 0
68 0
69 0
70 0
71 0
72 0
73 0
74 0
75 0
76 0
77 0
78 0
79 0
80 0
81 0
82 0
83 0
84 0
85 0
86 0
87 0
88 0
89 0
90 0
91 0
92 0
93 0
94 0
95 0
96 0
97 0
98 0
99 0
100 0
101 0
102 0
103 0
104 0
105 0
106 0
107 0
108 0
109 0
110 0
111 0
112 0
113 0
114 0
115 0
116 0
117 0
118 0
119 0
120 0
121 0
122 0
123 0
124 0
125 0
126 0
127 0
128 0
129 1
130 0
131 0
132 0
133 0
134 2
135 2
136 1
137 3
138 1
139 11
140 2
141 7
142 13
143 15
144 23
145 16
146 33
147 22
148 39
149 44
150 38
151 38
152 44
153 63
154 65
155 54
156 57
157 82
158 68
159 86
160 90
161 98
162 107
163 171
164 168
165 224
166 241
167 243
168 245
169 315
170 301
171 347
172 395
173 507
174 567
175 633
176 763
177 734
178 790
179 724
180 728
181 766
182 755
183 798
184 849
185 863
186 962
187 1158
188 1134
189 1108
190 1351
191 1508
192 1517
193 1598
194 1667
195 1673
196 1703
197 1769
198 1783
199 1757
200 1807
201 1900
202 1873
203 1946
204 1896
205 2038
206 2141
207 2104
208 2225
209 2144
210 2439
211 2459
212 2389
213 2416
214 2460
215 2416
216 2410
217 2495
218 2516
219 2590
220 2686
221 2665
222 2560
223 2662
224 2745
225 2692
226 2692
227 2778
228 2586
229 2628
230 2470
231 2583
232 2602
233 2493
234 2578
235 2529
236 2467
237 2385
238 2372
239 2517
240 2404
241 2228
242 2424
243 2466
244 2508
245 2373
246 2424
247 2324
248 2347
249 2368
250 2367
251 2386
252 2375
253 2212
254 2204
255 2192
256 2131
257 1926
258 1948
259 1919
260 1856
261 1912
262 1880
263 1867
264 1844
265 1673
266 1808
267 1686
268 1618
269 1609
270 1664
271 1608
272 1486
273 1463
274 1269
275 1355
276 1226
277 1107
278 1177
279 1189
280 1251
281 1069
282 1089
283 1130
284 1032
285 959
286 782
287 713
288 681
289 617
290 527
291 495
292 388
293 363
294 324
295 272
296 275
297 263
298 204
299 165
300 160
301 170
302 123
303 119
304 101
305 110
306 88
307 89
308 83
309 54
310 51
311 49
312 46
313 32
314 23
315 28
316 10
317 19
318 20
319 10
320 13
321 12
322 5
323 18
324 4
325 12
326 11
327 5
328 12
329 7
330 8
331 4
332 4
333 3
334 4
335 4
336 3
337 1
338 0
339 1
340 0
341 0
342 2
343 0
344 4
345 0
346 0
347 0
348 0
349 0
350 0
351 0
352 1
