0 0
1 0
2 0
3 0
4 0
5 0
6 0
7 0
8 0
9 0
10 0
11 0
12 0
13 0
14 1
15 0
16 0
17 0
18 0
19 1
20 0
21 0
22 0
23 0
24 0
25 0
26 0
27 0
28 0
29 0
30 0
31 0
32 0
33 0
34 0
35 0
36 0
37 0
38 0
39 0
40 0
41 0
42 0
43 0
44 0
45 0
46 0
47 0
48 0
49 0
50 0
51 0
52 0
53 0
54 0
55 0
56 0
57 0
58 0
59 0
60 0
61 0
62 0
63 0
64 0
65 0
66 0
67 0
68 0
69 0
70 0
71 0
72 0
73 1
74 0
75 0
76 1
77 0
78 0
79 0
80 0
81 0
82 0
83 0
84 1
85 0
86 0
87 1
88 0
89 1
90 0
91 0
92 0
93 0
94 0
95 0
96 0
97 0
98 0
99 0
100 0
101 0
102 0
103 0
104 0
105 0
106 0
107 0
108 0
109 0
110 0
111 1
112 0
113 0
114 0
115 0
116 0
117 3
118 4
119 4
120 11
121 10
122 17
123 9
124 12
125 9
126 11
127 9
128 7
129 4
130 7
131 9
132 11
133 8
134 10
135 14
136 8
137 8
138 23
139 20
140 19
141 33
142 39
143 51
144 40
145 58
146 43
147 53
148 59
149 70
150 59
151 62
152 72
153 71
154 95
155 92
156 85
157 116
158 103
159 105
160 176
161 133
162 147
163 150
164 185
165 154
166 192
167 208
168 242
169 264
170 341
171 341
172 352
173 427
174 399
175 450
176 415
177 441
178 509
179 481
180 409
181 440
182 455
183 451
184 545
185 572
186 695
187 691
188 755
189 807
190 822
191 919
192 911
193 957
194 1111
195 1144
196 1261
197 1450
198 1396
199 1448
200 1647
201 1696
202 1739
203 1765
204 1797
205 1873
206 2020
207 1964
208 1989
209 1927
210 2167
211 2071
212 2182
213 2276
214 2183
215 2176
216 2195
217 2379
218 2319
219 2319
220 2316
221 2244
222 2180
223 2105
224 2241
225 2212
226 2376
227 2436
228 2350
229 2640
230 2918
231 2923
232 2890
233 3220
234 3028
235 2916
236 2943
237 2904
238 2704
239 2811
240 2888
241 2802
242 2759
243 2812
244 2733
245 2793
246 2677
247 2634
248 2460
249 2473
250 2277
251 2174
252 2105
253 1995
254 1978
255 2013
256 1990
257 1941
258 1835
259 1811
260 1866
261 1759
262 1631
263 1641
264 1798
265 1582
266 1669
267 1707
268 1691
269 1606
270 1559
271 1498
272 1515
273 1419
274 1414
275 1400
276 1463
277 1283
278 1239
279 1263
280 1199
281 1242
282 1188
283 1223
284 1108
285 1195
286 1082
287 1075
288 882
289 940
290 898
291 904
292 889
293 830
294 810
295 729
296 684
297 606
298 591
299 501
300 462
301 436
302 420
303 396
304 377
305 382
306 300
307 322
308 266
309 278
310 265
311 238
312 232
313 225
314 252
315 236
316 163
317 165
318 139
319 137
320 131
321 112
322 116
323 84
324 66
325 35
326 49
327 43
328 34
329 27
330 25
331 27
332 27
333 32
334 24
335 17
336 19
337 10
338 12
339 3
340 9
341 12
342 7
343 5
344 4
345 4
346 3
347 9
348 0
349 4
350 9
351 2
352 2
353 2
354 3
355 2
356 0
357 2
358 7
359 2
360 3
361 5
362 4
363 2
364 2
365 4
366 2
367 1
368 4
369 3
370 3
371 2
372 0
373 1
374 4
