0 0
1 0
2 0
3 0
4 0
5 0
6 0
7 0
8 0
9 0
10 0
11 0
12 0
13 0
14 0
15 0
16 0
17 0
18 0
19 0
20 0
21 0
22 0
23 0
24 1
25 0
26 0
27 0
28 0
29 0
30 0
31 0
32 0
33 0
34 0
35 0
36 0
37 0
38 0
39 0
40 0
41 0
42 0
43 0
44 0
45 0
46 0
47 0
48 0
49 0
50 0
51 0
52 0
53 0
54 1
55 1
56 0
57 0
58 0
59 0
60 0
61 0
62 0
63 0
64 0
65 0
66 0
67 0
68 0
69 0
70 0
71 2
72 0
73 0
74 1
75 3
76 0
77 1
78 0
79 0
80 0
81 0
82 1
83 1
84 0
85 2
86 2
87 0
88 0
89 3
90 0
91 2
92 1
93 1
94 2
95 3
96 1
97 2
98 3
99 4
100 1
101 5
102 3
103 3
104 4
105 0
106 2
107 2
108 1
109 3
110 5
111 6
112 1
113 6
114 7
115 4
116 6
117 7
118 1
119 15
120 5
121 4
122 8
123 6
124 10
125 6
126 9
127 9
128 9
129 12
130 11
131 16
132 19
133 15
134 14
135 13
136 12
137 14
138 18
139 8
140 16
141 24
142 28
143 19
144 15
145 22
146 21
147 12
148 18
149 30
150 19
151 18
152 16
153 28
154 26
155 25
156 29
157 38
158 38
159 46
160 50
161 47
162 31
163 53
164 65
165 100
166 88
167 123
168 143
169 172
170 185
171 182
172 199
173 195
174 210
175 206
176 195
177 221
178 207
179 269
180 223
181 269
182 249
183 348
184 325
185 360
186 419
187 510
188 514
189 595
190 618
191 681
192 707
193 864
194 808
195 886
196 904
197 967
198 1023
199 1166
200 1073
201 1189
202 1352
203 1384
204 1344
205 1325
206 1442
207 1562
208 1661
209 1745
210 1694
211 1642
212 1771
213 1828
214 1847
215 1934
216 2006
217 1974
218 2170
219 2194
220 2387
221 2538
222 2474
223 2836
224 2895
225 3015
226 3082
227 3231
228 3075
229 3036
230 2910
231 2921
232 2808
233 2705
234 2716
235 2826
236 2794
237 2845
238 2847
239 2797
240 2860
241 2952
242 2867
243 2839
244 2792
245 2657
246 2586
247 2478
248 2475
249 2418
250 2421
251 2654
252 2599
253 2543
254 2629
255 2605
256 2701
257 2499
258 2679
259 2463
260 2364
261 2409
262 2155
263 2092
264 2089
265 2104
266 2135
267 1997
268 2009
269 1932
270 1914
271 1765
272 1687
273 1575
274 1475
275 1453
276 1462
277 1373
278 1268
279 1269
280 1261
281 1112
282 1102
283 1171
284 1149
285 1169
286 1181
287 1118
288 1195
289 1088
290 1056
291 1009
292 1022
293 953
294 942
295 795
296 714
297 630
298 629
299 552
300 546
301 504
302 498
303 445
304 359
305 369
306 315
307 303
308 272
309 234
310 198
311 158
312 142
313 122
314 108
315 84
316 94
317 75
318 88
319 69
320 56
321 49
322 68
323 39
324 35
325 26
326 42
327 28
328 34
329 34
330 40
331 32
332 42
333 42
334 56
335 32
336 46
337 29
338 24
339 21
340 21
341 16
342 22
343 18
344 8
345 2
346 5
347 2
348 1
349 1
350 3
351 0
352 1
353 1
354 0
355 0
356 0
357 0
358 0
359 1
