0 0
1 0
2 0
3 0
4 0
5 0
6 0
7 0
8 0
9 0
10 0
11 0
12 0
13 0
14 0
15 0
16 0
17 0
18 0
19 0
20 0
21 0
22 0
23 0
24 0
25 0
26 0
27 0
28 0
29 0
30 0
31 0
32 0
33 0
34 0
35 0
36 0
37 0
38 0
39 0
40 0
41 0
42 0
43 0
44 0
45 0
46 0
47 0
48 0
49 0
50 0
51 0
52 0
53 0
54 0
55 0
56 0
57 0
58 0
59 0
60 0
61 0
62 0
63 0
64 0
65 0
66 0
67 0
68 0
69 0
70 0
71 0
72 0
73 0
74 0
75 0
76 0
77 0
78 0
79 0
80 0
81 0
82 0
83 0
84 0
85 0
86 0
87 0
88 0
89 0
90 0
91 0
92 0
93 0
94 0
95 0
96 0
97 0
98 0
99 0
100 0
101 0
102 0
103 0
104 0
105 1
106 0
107 0
108 0
109 0
110 0
111 0
112 0
113 0
114 1
115 0
116 0
117 0
118 0
119 0
120 1
121 0
122 0
123 0
124 0
125 0
126 1
127 0
128 0
129 1
130 1
131 2
132 2
133 2
134 3
135 6
136 11
137 11
138 14
139 9
140 9
141 9
142 29
143 14
144 17
145 19
146 28
147 26
148 34
149 43
150 35
151 48
152 62
153 78
154 79
155 90
156 109
157 91
158 101
159 149
160 150
161 185
162 177
163 241
164 226
165 246
166 287
167 303
168 317
169 339
170 402
171 464
172 469
173 614
174 596
175 651
176 699
177 827
178 829
179 980
180 896
181 1083
182 1079
183 1175
184 1346
185 1414
186 1541
187 1656
188 1654
189 1719
190 1779
191 1789
192 1754
193 1991
194 1882
195 2033
196 2145
197 2323
198 2470
199 2500
200 2697
201 2909
202 3178
203 3089
204 3464
205 3399
206 3468
207 3431
208 3506
209 3384
210 3379
211 3240
212 3232
213 3298
214 3349
215 3384
216 3222
217 3119
218 3399
219 3045
220 2970
221 3204
222 2921
223 2743
224 2772
225 2681
226 2720
227 2437
228 2436
229 2475
230 2464
231 2563
232 2616
233 2536
234 2571
235 2353
236 2233
237 2239
238 2166
239 1959
240 1793
241 1762
242 1667
243 1656
244 1604
245 1607
246 1553
247 1499
248 1522
249 1509
250 1486
251 1566
252 1569
253 1526
254 1481
255 1478
256 1374
257 1302
258 1382
259 1320
260 1384
261 1306
262 1264
263 1117
264 1116
265 1100
266 1011
267 977
268 881
269 905
270 853
271 791
272 741
273 786
274 710
275 668
276 621
277 653
278 565
279 520
280 466
281 448
282 467
283 485
284 430
285 391
286 422
287 435
288 490
289 431
290 447
291 456
292 472
293 479
294 395
295 401
296 401
297 297
298 238
299 213
300 231
301 216
302 193
303 209
304 174
305 209
306 197
307 201
308 204
309 209
310 192
311 176
312 153
313 132
314 122
315 84
316 84
317 64
318 76
319 49
320 43
321 44
322 39
323 58
324 40
325 61
326 46
327 26
328 28
329 12
330 14
331 21
332 11
333 8
334 6
335 5
336 1
337 3
338 5
339 5
340 3
341 4
342 1
343 1
344 1
345 1
346 0
347 0
348 3
349 1
350 3
351 0
352 1
353 0
354 1
