0 0
1 0
2 0
3 0
4 0
5 0
6 0
7 0
8 0
9 0
10 0
11 0
12 0
13 0
14 0
15 0
16 0
17 0
18 0
19 0
20 0
21 0
22 0
23 0
24 0
25 0
26 0
27 0
28 0
29 0
30 0
31 0
32 0
33 0
34 0
35 0
36 0
37 0
38 0
39 0
40 0
41 0
42 0
43 0
44 0
45 0
46 0
47 0
48 0
49 0
50 1
51 0
52 0
53 0
54 0
55 0
56 0
57 0
58 0
59 0
60 0
61 0
62 0
63 0
64 0
65 0
66 0
67 0
68 0
69 0
70 0
71 0
72 0
73 1
74 0
75 0
76 0
77 0
78 0
79 0
80 1
81 1
82 0
83 1
84 0
85 0
86 0
87 0
88 0
89 0
90 0
91 0
92 0
93 0
94 0
95 0
96 0
97 0
98 0
99 0
100 0
101 0
102 0
103 0
104 0
105 0
106 0
107 0
108 0
109 0
110 0
111 0
112 0
113 0
114 0
115 0
116 0
117 0
118 0
119 0
120 0
121 0
122 1
123 0
124 0
125 1
126 0
127 0
128 0
129 0
130 0
131 0
132 0
133 0
134 0
135 0
136 0
137 0
138 0
139 0
140 0
141 0
142 0
143 0
144 2
145 1
146 0
147 9
148 15
149 13
150 24
151 30
152 39
153 45
154 27
155 37
156 38
157 29
158 35
159 42
160 38
161 42
162 36
163 53
164 40
165 45
166 45
167 42
168 50
169 64
170 63
171 81
172 93
173 64
174 96
175 81
176 110
177 123
178 158
179 226
180 284
181 360
182 369
183 449
184 498
185 573
186 649
187 645
188 673
189 777
190 936
191 929
192 934
193 956
194 1060
195 1070
196 1092
197 1268
198 1350
199 1249
200 1399
201 1441
202 1407
203 1364
204 1480
205 1415
206 1569
207 1709
208 1730
209 1751
210 1735
211 1842
212 1844
213 1869
214 1815
215 1854
216 1948
217 1939
218 2021
219 2088
220 2126
221 2255
222 2258
223 2349
224 2409
225 2349
226 2410
227 2450
228 2537
229 2530
230 2544
231 2788
232 2918
233 3061
234 3143
235 3503
236 3433
237 3694
238 3536
239 3489
240 3343
241 3407
242 3168
243 3108
244 3123
245 2898
246 2838
247 2864
248 2762
249 2859
250 2816
251 2629
252 2747
253 2600
254 2712
255 2807
256 2772
257 2602
258 2552
259 2368
260 2431
261 2358
262 2317
263 2172
264 2064
265 2159
266 2028
267 1938
268 1904
269 1833
270 1748
271 1666
272 1655
273 1599
274 1575
275 1652
276 1615
277 1473
278 1490
279 1387
280 1472
281 1385
282 1370
283 1252
284 1236
285 1225
286 1044
287 1039
288 959
289 925
290 802
291 810
292 660
293 567
294 513
295 492
296 393
297 412
298 383
299 293
300 279
301 227
302 179
303 174
304 173
305 133
306 109
307 109
308 91
309 68
310 53
311 55
312 54
313 32
314 42
315 28
316 33
317 27
318 15
319 9
320 8
321 9
322 3
323 6
324 5
325 5
326 5
327 5
328 3
329 10
330 0
331 2
332 0
333 1
334 2
335 2
