0 0
1 0
2 0
3 0
4 0
5 0
6 0
7 0
8 0
9 0
10 0
11 0
12 0
13 0
14 0
15 0
16 0
17 0
18 0
19 0
20 0
21 0
22 0
23 0
24 0
25 0
26 0
27 0
28 0
29 0
30 0
31 0
32 0
33 0
34 0
35 0
36 0
37 0
38 0
39 0
40 0
41 0
42 0
43 0
44 0
45 0
46 0
47 0
48 0
49 0
50 0
51 0
52 0
53 0
54 0
55 0
56 0
57 0
58 0
59 0
60 0
61 0
62 0
63 0
64 0
65 0
66 0
67 0
68 0
69 0
70 0
71 0
72 0
73 0
74 0
75 0
76 0
77 0
78 2
79 0
80 8
81 5
82 3
83 2
84 4
85 2
86 2
87 6
88 2
89 2
90 0
91 0
92 0
93 0
94 0
95 1
96 0
97 0
98 0
99 0
100 0
101 0
102 2
103 2
104 0
105 0
106 0
107 0
108 2
109 4
110 4
111 3
112 2
113 1
114 2
115 1
116 3
117 1
118 0
119 3
120 0
121 1
122 1
123 2
124 1
125 0
126 5
127 0
128 4
129 4
130 3
131 2
132 2
133 1
134 1
135 4
136 2
137 2
138 3
139 6
140 4
141 6
142 3
143 8
144 10
145 5
146 10
147 7
148 12
149 17
150 9
151 11
152 14
153 15
154 17
155 21
156 20
157 37
158 61
159 44
160 74
161 54
162 92
163 81
164 111
165 125
166 150
167 145
168 155
169 162
170 179
171 177
172 207
173 213
174 222
175 218
176 272
177 283
178 387
179 356
180 377
181 435
182 507
183 607
184 586
185 610
186 711
187 700
188 683
189 754
190 833
191 863
192 833
193 869
194 922
195 1116
196 1114
197 1213
198 1143
199 1200
200 1453
201 1265
202 1333
203 1365
204 1452
205 1578
206 1775
207 1791
208 2083
209 2061
210 2045
211 2041
212 2172
213 2052
214 1971
215 1922
216 1930
217 2087
218 1993
219 2207
220 2334
221 2173
222 2372
223 2416
224 2425
225 2628
226 2640
227 2600
228 2663
229 2728
230 2637
231 2473
232 2492
233 2400
234 2268
235 2316
236 2328
237 2263
238 2293
239 2106
240 2148
241 2114
242 2041
243 2157
244 2030
245 2183
246 2061
247 2149
248 2104
249 2060
250 2025
251 2097
252 2047
253 2174
254 2102
255 2332
256 2180
257 2320
258 2305
259 2189
260 2312
261 2357
262 2276
263 2102
264 2213
265 2174
266 2064
267 1925
268 1971
269 1886
270 1782
271 1661
272 1605
273 1650
274 1638
275 1481
276 1502
277 1460
278 1370
279 1363
280 1372
281 1425
282 1339
283 1275
284 1318
285 1267
286 1253
287 1195
288 1198
289 986
290 987
291 981
292 792
293 902
294 826
295 743
296 762
297 661
298 686
299 521
300 581
301 597
302 514
303 557
304 572
305 527
306 564
307 455
308 464
309 504
310 470
311 455
312 473
313 432
314 422
315 435
316 394
317 472
318 507
319 540
320 527
321 464
322 539
323 512
324 501
325 528
326 405
327 425
328 358
329 385
330 287
331 262
332 169
333 148
334 104
335 81
336 44
337 28
338 26
339 17
340 20
341 8
342 8
343 13
344 5
345 6
346 7
347 4
348 3
349 4
350 1
351 5
352 2
353 4
354 2
355 2
356 3
357 1
358 2
359 2
360 0
361 0
362 0
363 0
364 0
365 0
366 3
367 0
368 0
369 4
370 0
371 0
372 0
373 0
374 0
375 2
