0 0
1 0
2 0
3 0
4 0
5 0
6 0
7 0
8 0
9 0
10 0
11 0
12 0
13 0
14 0
15 0
16 0
17 0
18 0
19 0
20 0
21 0
22 0
23 0
24 0
25 0
26 0
27 0
28 0
29 0
30 0
31 0
32 0
33 0
34 0
35 0
36 0
37 0
38 0
39 0
40 0
41 0
42 0
43 0
44 0
45 0
46 0
47 0
48 0
49 0
50 0
51 0
52 0
53 0
54 0
55 0
56 0
57 0
58 0
59 0
60 0
61 0
62 0
63 0
64 0
65 0
66 0
67 0
68 0
69 0
70 0
71 0
72 0
73 0
74 0
75 0
76 0
77 0
78 0
79 0
80 0
81 0
82 0
83 0
84 0
85 0
86 0
87 0
88 1
89 0
90 0
91 1
92 0
93 0
94 0
95 1
96 5
97 2
98 3
99 7
100 14
101 12
102 9
103 11
104 20
105 4
106 8
107 23
108 17
109 22
110 45
111 41
112 55
113 49
114 49
115 44
116 74
117 52
118 54
119 77
120 85
121 71
122 69
123 88
124 127
125 77
126 68
127 85
128 54
129 98
130 93
131 108
132 108
133 116
134 93
135 109
136 89
137 92
138 61
139 79
140 86
141 68
142 86
143 74
144 69
145 103
146 91
147 104
148 90
149 98
150 120
151 132
152 112
153 135
154 179
155 150
156 189
157 185
158 188
159 192
160 241
161 262
162 289
163 284
164 285
165 317
166 328
167 318
168 347
169 315
170 392
171 421
172 454
173 435
174 522
175 613
176 692
177 714
178 812
179 788
180 839
181 758
182 922
183 994
184 927
185 1037
186 1001
187 1174
188 1328
189 1334
190 1389
191 1497
192 1667
193 1610
194 1820
195 1728
196 1922
197 1941
198 1971
199 1870
200 2018
201 1948
202 1992
203 2118
204 2052
205 2024
206 2088
207 2088
208 2087
209 2120
210 2157
211 2151
212 2215
213 2228
214 2368
215 2476
216 2581
217 2679
218 2716
219 2722
220 2806
221 2804
222 2602
223 2695
224 2516
225 2599
226 2389
227 2550
228 2370
229 2343
230 2399
231 2384
232 2262
233 2315
234 2322
235 2254
236 2189
237 2108
238 2032
239 2078
240 2088
241 1984
242 1947
243 1951
244 1895
245 1839
246 1872
247 1840
248 1879
249 1909
250 1950
251 1948
252 1868
253 1992
254 2172
255 2143
256 2073
257 2106
258 2075
259 2050
260 1960
261 1825
262 1923
263 1824
264 1859
265 1605
266 1459
267 1389
268 1223
269 1343
270 1189
271 1130
272 1097
273 1134
274 1083
275 1044
276 1013
277 1140
278 1035
279 1039
280 996
281 854
282 848
283 820
284 737
285 702
286 654
287 636
288 586
289 565
290 596
291 567
292 580
293 521
294 539
295 502
296 517
297 518
298 454
299 396
300 391
301 431
302 422
303 393
304 389
305 389
306 388
307 373
308 357
309 356
310 301
311 310
312 268
313 255
314 220
315 218
316 207
317 200
318 205
319 130
320 166
321 151
322 148
323 112
324 103
325 87
326 72
327 62
328 60
329 55
330 54
331 42
332 29
333 21
334 23
335 24
336 6
337 10
338 13
339 3
340 8
341 10
342 5
343 6
344 2
345 1
346 1
347 0
348 0
349 0
350 0
351 0
352 0
353 0
354 0
355 0
356 0
357 0
358 1
359 0
360 0
361 0
362 0
363 0
364 0
365 0
366 0
367 0
368 0
369 0
370 1
