0 0
1 0
2 0
3 0
4 0
5 0
6 0
7 0
8 0
9 0
10 0
11 0
12 0
13 0
14 0
15 0
16 0
17 0
18 0
19 0
20 0
21 0
22 0
23 0
24 0
25 0
26 0
27 0
28 0
29 0
30 0
31 0
32 0
33 0
34 0
35 0
36 0
37 0
38 0
39 0
40 0
41 0
42 0
43 0
44 0
45 0
46 0
47 0
48 0
49 0
50 0
51 0
52 0
53 0
54 0
55 0
56 0
57 0
58 0
59 0
60 0
61 0
62 0
63 0
64 0
65 0
66 0
67 0
68 0
69 0
70 0
71 0
72 0
73 0
74 0
75 0
76 0
77 0
78 0
79 0
80 0
81 0
82 0
83 0
84 0
85 0
86 0
87 0
88 0
89 0
90 0
91 0
92 0
93 0
94 0
95 0
96 0
97 0
98 0
99 0
100 0
101 0
102 0
103 0
104 0
105 0
106 0
107 0
108 0
109 0
110 0
111 0
112 0
113 0
114 0
115 0
116 0
117 0
118 0
119 0
120 0
121 1
122 0
123 0
124 0
125 1
126 0
127 0
128 0
129 0
130 0
131 0
132 0
133 0
134 0
135 1
136 0
137 1
138 1
139 0
140 0
141 0
142 0
143 0
144 0
145 3
146 1
147 4
148 1
149 3
150 4
151 9
152 9
153 18
154 8
155 19
156 17
157 13
158 12
159 15
160 13
161 8
162 15
163 12
164 20
165 23
166 19
167 20
168 28
169 42
170 40
171 47
172 34
173 62
174 49
175 61
176 60
177 93
178 79
179 125
180 107
181 169
182 164
183 214
184 198
185 243
186 273
187 313
188 314
189 331
190 356
191 387
192 431
193 464
194 524
195 517
196 579
197 618
198 588
199 699
200 758
201 737
202 849
203 827
204 915
205 933
206 977
207 985
208 1107
209 1167
210 1226
211 1312
212 1486
213 1609
214 1616
215 1746
216 2108
217 1995
218 2065
219 2145
220 2326
221 2180
222 2392
223 2532
224 2523
225 2519
226 2617
227 2763
228 2941
229 3280
230 3128
231 3287
232 3290
233 3421
234 3556
235 3505
236 3666
237 3573
238 3802
239 3689
240 3816
241 3881
242 3713
243 3654
244 3947
245 3656
246 3696
247 3714
248 3731
249 3605
250 3550
251 3451
252 3350
253 3407
254 3175
255 3277
256 3024
257 3023
258 2994
259 3216
260 3082
261 2920
262 2923
263 2827
264 2775
265 2651
266 2473
267 2362
268 2326
269 2234
270 2155
271 1953
272 1823
273 1756
274 1587
275 1423
276 1330
277 1279
278 1122
279 1107
280 1085
281 1052
282 958
283 947
284 883
285 810
286 758
287 717
288 518
289 565
290 563
291 444
292 506
293 412
294 384
295 348
296 295
297 272
298 231
299 217
300 147
301 139
302 130
303 124
304 110
305 121
306 80
307 60
308 62
309 50
310 40
311 46
312 18
313 19
314 16
315 25
316 14
317 13
318 13
319 13
320 10
321 4
322 3
323 5
324 7
325 4
326 3
327 4
328 0
329 2
330 3
331 1
332 1
333 1
334 1
335 2
336 0
337 0
338 1
