0 0
1 0
2 0
3 0
4 0
5 0
6 0
7 0
8 0
9 0
10 0
11 0
12 0
13 0
14 0
15 0
16 0
17 0
18 0
19 0
20 0
21 0
22 0
23 0
24 0
25 0
26 0
27 0
28 0
29 0
30 0
31 0
32 0
33 0
34 0
35 0
36 0
37 0
38 0
39 0
40 0
41 0
42 0
43 0
44 0
45 0
46 0
47 0
48 0
49 0
50 0
51 0
52 0
53 0
54 0
55 0
56 0
57 0
58 0
59 0
60 0
61 0
62 0
63 0
64 0
65 0
66 0
67 0
68 0
69 0
70 0
71 0
72 0
73 0
74 0
75 0
76 0
77 0
78 0
79 0
80 0
81 0
82 0
83 0
84 0
85 0
86 0
87 0
88 0
89 0
90 0
91 0
92 0
93 0
94 0
95 0
96 0
97 0
98 0
99 0
100 0
101 0
102 0
103 0
104 0
105 0
106 0
107 0
108 0
109 0
110 0
111 0
112 0
113 0
114 0
115 0
116 0
117 0
118 0
119 0
120 0
121 2
122 0
123 3
124 2
125 6
126 1
127 3
128 3
129 5
130 1
131 5
132 19
133 7
134 15
135 14
136 22
137 22
138 47
139 47
140 55
141 79
142 143
143 130
144 143
145 257
146 254
147 251
148 305
149 235
150 285
151 255
152 245
153 226
154 194
155 206
156 214
157 153
158 169
159 175
160 226
161 193
162 230
163 263
164 302
165 408
166 451
167 537
168 600
169 593
170 642
171 632
172 731
173 732
174 712
175 742
176 726
177 778
178 802
179 796
180 851
181 883
182 857
183 881
184 949
185 987
186 984
187 920
188 978
189 1029
190 1166
191 1087
192 1139
193 1293
194 1500
195 1559
196 1646
197 1598
198 1673
199 1656
200 1860
201 1815
202 1999
203 2065
204 2060
205 2075
206 2263
207 2318
208 2359
209 2546
210 2589
211 2492
212 2605
213 2496
214 2610
215 2590
216 2671
217 2504
218 2601
219 2648
220 2536
221 2550
222 2352
223 2405
224 2282
225 2478
226 2543
227 2429
228 2465
229 2335
230 2305
231 2297
232 2123
233 2211
234 2235
235 2237
236 2135
237 2150
238 2166
239 2100
240 1886
241 1984
242 1919
243 2065
244 1848
245 1938
246 1911
247 1918
248 1852
249 1812
250 1810
251 1723
252 1727
253 1670
254 1704
255 1726
256 1660
257 1703
258 1617
259 1680
260 1562
261 1699
262 1599
263 1642
264 1578
265 1580
266 1467
267 1481
268 1656
269 1582
270 1577
271 1548
272 1676
273 1601
274 1532
275 1422
276 1414
277 1376
278 1255
279 1156
280 1179
281 1106
282 1033
283 1074
284 1023
285 977
286 921
287 876
288 925
289 836
290 744
291 673
292 670
293 580
294 507
295 518
296 493
297 461
298 431
299 444
300 413
301 399
302 418
303 397
304 361
305 310
306 293
307 277
308 258
309 269
310 226
311 223
312 198
313 238
314 224
315 198
316 226
317 185
318 217
319 184
320 144
321 151
322 120
323 99
324 93
325 82
326 67
327 79
328 54
329 51
330 44
331 30
332 31
333 32
334 23
335 15
336 11
337 17
338 9
339 16
340 7
341 18
342 24
343 15
344 19
345 11
346 8
347 10
348 9
349 8
350 5
351 5
352 1
353 1
354 3
355 2
356 4
357 1
358 2
359 0
360 1
