0 0
1 0
2 0
3 0
4 0
5 0
6 0
7 0
8 0
9 0
10 0
11 0
12 0
13 0
14 0
15 0
16 0
17 0
18 0
19 0
20 0
21 0
22 0
23 0
24 0
25 0
26 0
27 0
28 0
29 0
30 0
31 0
32 0
33 0
34 0
35 0
36 0
37 0
38 0
39 0
40 0
41 0
42 0
43 0
44 0
45 0
46 0
47 0
48 0
49 0
50 0
51 0
52 0
53 0
54 0
55 0
56 0
57 0
58 0
59 0
60 0
61 0
62 0
63 0
64 0
65 0
66 0
67 0
68 0
69 0
70 0
71 0
72 0
73 0
74 0
75 0
76 0
77 0
78 0
79 0
80 0
81 0
82 0
83 0
84 0
85 0
86 0
87 0
88 0
89 0
90 0
91 0
92 0
93 0
94 0
95 0
96 0
97 0
98 0
99 0
100 0
101 0
102 0
103 0
104 0
105 0
106 0
107 0
108 0
109 0
110 0
111 0
112 0
113 0
114 0
115 0
116 1
117 0
118 0
119 1
120 1
121 1
122 1
123 0
124 1
125 1
126 1
127 1
128 0
129 2
130 0
131 0
132 0
133 1
134 1
135 1
136 3
137 3
138 6
139 15
140 4
141 6
142 7
143 7
144 16
145 11
146 13
147 12
148 24
149 15
150 21
151 29
152 43
153 42
154 45
155 89
156 104
157 99
158 200
159 250
160 381
161 376
162 369
163 508
164 451
165 387
166 379
167 385
168 387
169 299
170 346
171 347
172 310
173 357
174 361
175 378
176 446
177 387
178 397
179 331
180 376
181 413
182 398
183 381
184 440
185 383
186 388
187 415
188 516
189 539
190 610
191 570
192 721
193 727
194 745
195 856
196 925
197 1029
198 940
199 1151
200 1213
201 1225
202 1375
203 1437
204 1544
205 1720
206 1757
207 1693
208 1638
209 1684
210 1690
211 1729
212 1849
213 1820
214 1956
215 1944
216 2007
217 2028
218 2211
219 2204
220 2298
221 2363
222 2203
223 2494
224 2600
225 2508
226 2471
227 2687
228 2669
229 2756
230 2666
231 2750
232 2602
233 2536
234 2615
235 2726
236 2847
237 2749
238 2851
239 2811
240 2624
241 2583
242 2628
243 2486
244 2487
245 2520
246 2432
247 2423
248 2314
249 2376
250 2342
251 2291
252 2310
253 2387
254 2312
255 2324
256 2347
257 2259
258 2366
259 2528
260 2506
261 2364
262 2281
263 2273
264 2279
265 2113
266 2159
267 2138
268 1988
269 2028
270 1882
271 1831
272 1670
273 1681
274 1570
275 1407
276 1352
277 1297
278 1267
279 1247
280 1257
281 1178
282 1169
283 1232
284 1141
285 1050
286 1027
287 1064
288 955
289 864
290 851
291 858
292 821
293 758
294 683
295 698
296 618
297 580
298 527
299 517
300 486
301 487
302 472
303 438
304 496
305 477
306 493
307 439
308 352
309 365
310 295
311 271
312 273
313 258
314 239
315 243
316 209
317 197
318 187
319 164
320 154
321 147
322 152
323 128
324 92
325 89
326 98
327 97
328 92
329 74
330 103
331 67
332 71
333 80
334 92
335 80
336 82
337 98
338 76
339 90
340 96
341 109
342 84
343 72
344 82
345 66
346 50
347 47
348 39
349 44
350 40
351 32
352 12
353 13
354 6
355 3
356 2
357 0
358 4
359 1
360 1
361 2
362 0
363 1
364 0
365 0
366 0
367 1
368 0
369 0
370 0
371 1
