0 0
1 0
2 0
3 0
4 0
5 0
6 0
7 0
8 0
9 0
10 0
11 0
12 0
13 0
14 0
15 0
16 0
17 0
18 0
19 0
20 0
21 0
22 0
23 0
24 0
25 0
26 0
27 0
28 0
29 0
30 0
31 0
32 0
33 0
34 0
35 0
36 0
37 0
38 0
39 0
40 0
41 0
42 0
43 0
44 1
45 0
46 0
47 0
48 0
49 0
50 0
51 0
52 0
53 0
54 0
55 0
56 0
57 0
58 0
59 0
60 0
61 0
62 0
63 0
64 0
65 0
66 0
67 0
68 0
69 0
70 0
71 0
72 0
73 0
74 0
75 0
76 0
77 0
78 0
79 0
80 0
81 0
82 0
83 0
84 0
85 0
86 0
87 0
88 0
89 0
90 3
91 0
92 0
93 3
94 0
95 3
96 3
97 0
98 6
99 5
100 0
101 6
102 3
103 0
104 3
105 3
106 0
107 0
108 4
109 2
110 3
111 0
112 1
113 2
114 0
115 3
116 1
117 3
118 1
119 0
120 3
121 2
122 7
123 1
124 5
125 0
126 3
127 0
128 4
129 1
130 1
131 2
132 9
133 13
134 15
135 9
136 10
137 5
138 9
139 8
140 14
141 10
142 12
143 10
144 7
145 8
146 14
147 11
148 11
149 9
150 7
151 18
152 14
153 8
154 14
155 19
156 19
157 19
158 20
159 16
160 21
161 28
162 27
163 46
164 43
165 37
166 29
167 56
168 50
169 41
170 58
171 69
172 61
173 71
174 80
175 99
176 89
177 70
178 70
179 72
180 89
181 108
182 101
183 122
184 130
185 155
186 112
187 145
188 168
189 167
190 170
191 202
192 210
193 194
194 240
195 208
196 219
197 273
198 280
199 289
200 337
201 355
202 405
203 383
204 480
205 525
206 528
207 624
208 680
209 716
210 777
211 933
212 870
213 866
214 1031
215 1025
216 1073
217 1136
218 1121
219 1194
220 1172
221 1246
222 1407
223 1334
224 1484
225 1618
226 1589
227 1666
228 1774
229 1695
230 1925
231 2012
232 1997
233 2017
234 2116
235 2201
236 2236
237 2186
238 2300
239 2361
240 2322
241 2519
242 2591
243 2645
244 2832
245 2867
246 3095
247 3320
248 3640
249 3738
250 4130
251 4077
252 4091
253 4083
254 3910
255 3834
256 3650
257 3635
258 3645
259 3536
260 3431
261 3403
262 3292
263 3419
264 3334
265 3201
266 3281
267 3293
268 3135
269 3109
270 3014
271 2884
272 2922
273 2800
274 2793
275 2751
276 2757
277 2672
278 2609
279 2350
280 2357
281 2198
282 1995
283 2153
284 1835
285 1804
286 1656
287 1637
288 1479
289 1337
290 1229
291 1162
292 1182
293 1126
294 1078
295 912
296 776
297 744
298 711
299 720
300 686
301 627
302 559
303 630
304 521
305 538
306 493
307 483
308 443
309 391
310 337
311 322
312 266
313 215
314 210
315 155
316 169
317 117
318 106
319 99
320 75
321 81
322 55
323 57
324 61
325 48
326 58
327 39
328 44
329 22
330 26
331 17
332 22
333 10
334 14
335 13
336 11
337 6
338 3
339 5
340 7
341 9
342 4
343 0
344 6
345 3
346 2
347 2
348 4
349 1
350 0
351 3
352 0
353 0
354 0
355 0
356 1
