0 0
1 1
2 0
3 0
4 0
5 0
6 0
7 0
8 0
9 0
10 0
11 0
12 0
13 0
14 0
15 0
16 0
17 0
18 0
19 0
20 0
21 0
22 0
23 0
24 0
25 0
26 0
27 0
28 0
29 0
30 0
31 0
32 0
33 0
34 0
35 0
36 0
37 0
38 0
39 0
40 0
41 0
42 0
43 0
44 0
45 0
46 0
47 0
48 0
49 0
50 0
51 0
52 0
53 0
54 0
55 0
56 0
57 0
58 0
59 0
60 0
61 0
62 0
63 0
64 0
65 0
66 0
67 0
68 0
69 0
70 0
71 0
72 0
73 0
74 0
75 0
76 0
77 0
78 0
79 0
80 1
81 0
82 0
83 0
84 2
85 0
86 0
87 0
88 0
89 1
90 0
91 0
92 0
93 0
94 0
95 0
96 0
97 0
98 0
99 0
100 2
101 1
102 0
103 0
104 0
105 0
106 0
107 0
108 0
109 0
110 0
111 0
112 0
113 0
114 0
115 0
116 0
117 0
118 0
119 0
120 0
121 0
122 0
123 0
124 0
125 0
126 0
127 0
128 0
129 0
130 0
131 0
132 0
133 0
134 0
135 0
136 0
137 0
138 0
139 2
140 0
141 7
142 9
143 8
144 6
145 16
146 6
147 13
148 26
149 28
150 23
151 25
152 31
153 32
154 36
155 69
156 59
157 92
158 137
159 111
160 99
161 75
162 102
163 104
164 97
165 101
166 93
167 40
168 72
169 70
170 91
171 100
172 92
173 115
174 131
175 149
176 204
177 253
178 241
179 254
180 291
181 329
182 360
183 359
184 390
185 432
186 379
187 482
188 504
189 509
190 544
191 579
192 551
193 617
194 711
195 730
196 806
197 873
198 868
199 980
200 997
201 1102
202 1156
203 1216
204 1271
205 1389
206 1377
207 1388
208 1473
209 1421
210 1377
211 1403
212 1431
213 1579
214 1488
215 1633
216 1622
217 1786
218 1797
219 2031
220 2221
221 2191
222 2282
223 2331
224 2512
225 2535
226 2607
227 2749
228 2956
229 2772
230 2968
231 2975
232 3176
233 3149
234 3275
235 3245
236 3442
237 3749
238 3819
239 3779
240 3807
241 3842
242 3917
243 3853
244 3981
245 3796
246 3694
247 3404
248 3533
249 3465
250 3387
251 3118
252 3033
253 3188
254 2794
255 2818
256 2865
257 2729
258 2673
259 2586
260 2402
261 2400
262 2195
263 2196
264 2016
265 2002
266 1792
267 1753
268 1706
269 1710
270 1641
271 1669
272 1554
273 1566
274 1650
275 1551
276 1638
277 1515
278 1425
279 1339
280 1276
281 1205
282 1127
283 1047
284 908
285 893
286 778
287 749
288 725
289 752
290 677
291 582
292 655
293 514
294 536
295 520
296 441
297 361
298 356
299 299
300 316
301 238
302 263
303 245
304 162
305 216
306 180
307 143
308 129
309 93
310 84
311 63
312 67
313 51
314 32
315 28
316 19
317 29
318 14
319 8
320 16
321 7
322 9
323 17
324 14
325 12
326 6
327 2
328 4
329 1
330 5
331 4
332 0
333 0
334 3
335 4
336 0
337 2
338 2
339 0
340 2
341 0
342 5
343 0
344 3
