0 0
1 0
2 0
3 0
4 0
5 0
6 0
7 0
8 0
9 0
10 0
11 0
12 0
13 0
14 0
15 0
16 0
17 0
18 0
19 0
20 0
21 0
22 0
23 0
24 0
25 0
26 0
27 0
28 0
29 0
30 0
31 0
32 0
33 0
34 0
35 0
36 0
37 0
38 0
39 0
40 0
41 0
42 0
43 0
44 0
45 0
46 0
47 0
48 0
49 0
50 0
51 0
52 0
53 0
54 0
55 0
56 0
57 0
58 0
59 0
60 0
61 0
62 0
63 0
64 0
65 0
66 0
67 0
68 0
69 0
70 0
71 0
72 0
73 0
74 0
75 0
76 0
77 0
78 0
79 0
80 0
81 0
82 0
83 0
84 0
85 0
86 0
87 0
88 0
89 0
90 0
91 0
92 0
93 0
94 0
95 0
96 0
97 0
98 0
99 0
100 0
101 0
102 0
103 0
104 0
105 0
106 0
107 0
108 0
109 0
110 0
111 0
112 0
113 0
114 0
115 0
116 0
117 0
118 0
119 0
120 0
121 0
122 0
123 0
124 0
125 0
126 0
127 0
128 0
129 0
130 0
131 0
132 0
133 0
134 0
135 0
136 0
137 0
138 0
139 0
140 0
141 0
142 4
143 0
144 4
145 2
146 2
147 1
148 7
149 4
150 9
151 5
152 14
153 17
154 15
155 23
156 30
157 33
158 31
159 44
160 55
161 78
162 84
163 105
164 117
165 148
166 166
167 217
168 249
169 308
170 296
171 389
172 381
173 414
174 420
175 426
176 467
177 484
178 527
179 510
180 605
181 699
182 699
183 771
184 794
185 793
186 924
187 818
188 838
189 853
190 957
191 954
192 1046
193 1095
194 1215
195 1412
196 1441
197 1705
198 1840
199 1917
200 2039
201 2120
202 2479
203 2438
204 2407
205 2509
206 2621
207 2586
208 2513
209 2349
210 2282
211 2344
212 2392
213 2451
214 2366
215 2501
216 2659
217 2646
218 2712
219 2630
220 2761
221 2799
222 2895
223 3051
224 3000
225 3055
226 3011
227 3053
228 3170
229 3218
230 3022
231 3115
232 3099
233 3059
234 2990
235 2936
236 2996
237 2886
238 2884
239 2940
240 2845
241 2900
242 2819
243 2852
244 2825
245 2620
246 2763
247 2644
248 2689
249 2642
250 2642
251 2694
252 2617
253 2500
254 2505
255 2265
256 2273
257 2222
258 2058
259 2008
260 2019
261 1905
262 1844
263 1727
264 1721
265 1461
266 1475
267 1386
268 1313
269 1292
270 1108
271 1126
272 1043
273 1164
274 976
275 968
276 928
277 996
278 855
279 806
280 766
281 698
282 606
283 542
284 538
285 459
286 375
287 371
288 250
289 271
290 222
291 221
292 179
293 146
294 153
295 101
296 141
297 108
298 79
299 66
300 73
301 86
302 66
303 69
304 47
305 41
306 52
307 30
308 33
309 35
310 39
311 55
312 37
313 25
314 33
315 36
316 25
317 18
318 29
319 11
320 20
321 16
322 17
323 9
324 10
325 7
326 16
327 12
328 17
329 10
330 21
331 10
332 7
333 7
334 11
335 6
336 10
337 0
338 0
339 1
340 1
341 2
342 0
343 2
344 2
345 1
