0 0
1 0
2 0
3 0
4 0
5 0
6 0
7 0
8 0
9 0
10 0
11 0
12 0
13 0
14 0
15 0
16 0
17 0
18 0
19 0
20 0
21 0
22 0
23 0
24 0
25 0
26 0
27 0
28 0
29 0
30 0
31 0
32 0
33 0
34 0
35 0
36 0
37 0
38 0
39 0
40 0
41 0
42 0
43 0
44 0
45 0
46 0
47 0
48 0
49 0
50 0
51 0
52 0
53 0
54 0
55 0
56 0
57 0
58 0
59 0
60 0
61 0
62 0
63 0
64 0
65 0
66 0
67 0
68 0
69 0
70 0
71 0
72 0
73 0
74 0
75 0
76 0
77 0
78 0
79 0
80 0
81 0
82 0
83 0
84 0
85 0
86 0
87 0
88 0
89 0
90 0
91 0
92 0
93 0
94 0
95 0
96 0
97 0
98 0
99 0
100 0
101 0
102 0
103 0
104 0
105 0
106 0
107 0
108 0
109 0
110 0
111 0
112 0
113 1
114 1
115 0
116 0
117 1
118 1
119 0
120 0
121 0
122 0
123 0
124 0
125 0
126 0
127 0
128 0
129 0
130 1
131 4
132 2
133 6
134 2
135 0
136 0
137 1
138 5
139 0
140 0
141 0
142 2
143 0
144 1
145 3
146 0
147 2
148 3
149 5
150 2
151 3
152 0
153 2
154 3
155 1
156 4
157 2
158 3
159 14
160 7
161 14
162 6
163 10
164 17
165 31
166 39
167 49
168 52
169 60
170 72
171 90
172 79
173 101
174 93
175 103
176 115
177 132
178 166
179 177
180 222
181 222
182 229
183 243
184 309
185 271
186 297
187 263
188 361
189 383
190 396
191 429
192 548
193 528
194 533
195 608
196 608
197 645
198 692
199 653
200 721
201 715
202 806
203 735
204 844
205 899
206 830
207 850
208 916
209 927
210 923
211 970
212 941
213 1087
214 1136
215 1203
216 1155
217 1235
218 1359
219 1289
220 1413
221 1518
222 1570
223 1748
224 1892
225 2019
226 2135
227 2321
228 2363
229 2437
230 2363
231 2377
232 2478
233 2514
234 2572
235 2469
236 2582
237 2537
238 2631
239 2528
240 2701
241 2808
242 3057
243 3034
244 3353
245 3300
246 3451
247 3245
248 3313
249 3300
250 3219
251 3395
252 3179
253 3197
254 3261
255 3213
256 3200
257 3376
258 3323
259 3263
260 3012
261 2992
262 2797
263 2680
264 2580
265 2538
266 2580
267 2483
268 2491
269 2591
270 2348
271 2412
272 2415
273 2621
274 2566
275 2485
276 2352
277 2392
278 2228
279 2066
280 2109
281 1949
282 1826
283 1598
284 1594
285 1643
286 1397
287 1376
288 1266
289 1282
290 1141
291 1093
292 1042
293 848
294 763
295 787
296 691
297 690
298 581
299 510
300 505
301 480
302 433
303 421
304 432
305 402
306 427
307 413
308 382
309 368
310 333
311 323
312 237
313 196
314 176
315 203
316 136
317 130
318 110
319 119
320 106
321 80
322 108
323 75
324 52
325 50
326 40
327 37
328 45
329 79
330 58
331 69
332 73
333 136
334 121
335 105
336 120
337 111
338 116
339 106
340 69
341 105
342 61
343 51
344 35
345 24
346 23
347 14
348 9
349 5
350 4
351 0
352 0
353 0
354 0
355 0
356 0
357 0
358 0
359 0
360 0
361 0
362 0
363 0
364 0
365 0
366 0
367 0
368 0
369 0
370 0
371 0
372 0
373 1
