0 0
1 0
2 0
3 0
4 0
5 0
6 0
7 0
8 0
9 0
10 0
11 0
12 0
13 0
14 0
15 0
16 0
17 0
18 0
19 0
20 0
21 0
22 0
23 0
24 0
25 0
26 0
27 0
28 0
29 0
30 0
31 0
32 0
33 0
34 0
35 0
36 0
37 0
38 0
39 0
40 0
41 0
42 0
43 0
44 0
45 0
46 0
47 0
48 0
49 0
50 0
51 0
52 0
53 0
54 0
55 0
56 0
57 0
58 0
59 0
60 0
61 0
62 0
63 0
64 0
65 0
66 0
67 0
68 0
69 0
70 0
71 0
72 0
73 0
74 0
75 0
76 0
77 0
78 0
79 0
80 0
81 0
82 0
83 0
84 0
85 0
86 0
87 0
88 0
89 0
90 0
91 0
92 0
93 0
94 0
95 0
96 0
97 0
98 0
99 0
100 0
101 0
102 0
103 0
104 0
105 0
106 0
107 0
108 1
109 0
110 0
111 2
112 1
113 2
114 0
115 4
116 2
117 2
118 0
119 1
120 2
121 3
122 1
123 0
124 0
125 1
126 0
127 1
128 0
129 0
130 0
131 1
132 1
133 0
134 3
135 0
136 2
137 1
138 1
139 0
140 3
141 7
142 14
143 53
144 91
145 134
146 224
147 323
148 266
149 270
150 313
151 268
152 208
153 218
154 137
155 116
156 77
157 43
158 41
159 24
160 38
161 40
162 65
163 39
164 29
165 27
166 45
167 27
168 42
169 12
170 21
171 28
172 32
173 24
174 32
175 31
176 29
177 35
178 28
179 46
180 36
181 49
182 59
183 46
184 74
185 64
186 84
187 93
188 117
189 181
190 197
191 174
192 255
193 265
194 281
195 277
196 275
197 327
198 384
199 379
200 394
201 322
202 375
203 466
204 472
205 515
206 561
207 690
208 705
209 801
210 812
211 974
212 1026
213 1175
214 1237
215 1351
216 1469
217 1414
218 1564
219 1601
220 1676
221 1734
222 1791
223 1906
224 1997
225 1975
226 2080
227 2149
228 2150
229 2503
230 2483
231 2531
232 2667
233 2885
234 3023
235 3022
236 3359
237 3498
238 3750
239 3788
240 3894
241 3856
242 3836
243 3964
244 4014
245 3853
246 3846
247 3711
248 3787
249 3715
250 3750
251 3644
252 3516
253 3196
254 3213
255 3324
256 3004
257 2967
258 2837
259 2921
260 2814
261 2777
262 2979
263 2915
264 3017
265 3119
266 2960
267 2954
268 2749
269 2709
270 2700
271 2453
272 2389
273 2152
274 2023
275 1980
276 1832
277 1768
278 1684
279 1637
280 1507
281 1391
282 1349
283 1232
284 1183
285 1212
286 1109
287 1203
288 979
289 919
290 901
291 822
292 787
293 745
294 632
295 593
296 524
297 579
298 587
299 621
300 620
301 642
302 596
303 562
304 439
305 384
306 292
307 236
308 170
309 156
310 127
311 114
312 125
313 116
314 118
315 128
316 109
317 93
318 97
319 80
320 67
321 77
322 68
323 63
324 53
325 57
326 47
327 49
328 44
329 25
330 16
331 23
332 14
333 17
334 8
335 8
336 6
337 3
338 8
339 1
340 3
341 7
342 9
343 5
344 1
345 6
346 8
347 3
348 4
349 0
350 4
351 4
352 0
353 2
354 2
355 1
356 1
357 1
358 0
359 0
360 4
