0 0
1 0
2 0
3 0
4 0
5 0
6 0
7 0
8 0
9 0
10 0
11 0
12 0
13 0
14 0
15 0
16 0
17 0
18 0
19 0
20 0
21 0
22 0
23 0
24 0
25 0
26 0
27 0
28 0
29 0
30 0
31 0
32 0
33 0
34 0
35 0
36 0
37 0
38 0
39 0
40 0
41 0
42 0
43 0
44 0
45 0
46 0
47 0
48 0
49 0
50 0
51 0
52 0
53 0
54 0
55 0
56 0
57 0
58 0
59 0
60 0
61 0
62 0
63 0
64 0
65 0
66 0
67 0
68 0
69 0
70 0
71 1
72 0
73 1
74 0
75 1
76 2
77 5
78 1
79 3
80 0
81 0
82 0
83 0
84 2
85 0
86 2
87 0
88 0
89 0
90 0
91 1
92 1
93 3
94 1
95 1
96 3
97 3
98 7
99 9
100 11
101 12
102 9
103 12
104 16
105 11
106 10
107 14
108 18
109 18
110 19
111 15
112 14
113 18
114 19
115 25
116 28
117 15
118 35
119 28
120 16
121 36
122 34
123 39
124 59
125 58
126 75
127 94
128 95
129 89
130 74
131 87
132 95
133 120
134 155
135 176
136 229
137 345
138 389
139 451
140 472
141 534
142 419
143 416
144 424
145 442
146 420
147 394
148 506
149 557
150 562
151 715
152 706
153 697
154 702
155 722
156 731
157 830
158 921
159 880
160 939
161 882
162 927
163 1028
164 1069
165 1050
166 1195
167 1191
168 1191
169 1317
170 1299
171 1300
172 1345
173 1273
174 1323
175 1275
176 1254
177 1238
178 1321
179 1302
180 1342
181 1301
182 1350
183 1340
184 1249
185 1350
186 1301
187 1426
188 1326
189 1351
190 1410
191 1516
192 1542
193 1569
194 1473
195 1504
196 1590
197 1591
198 1563
199 1594
200 1594
201 1661
202 1779
203 1975
204 1966
205 1901
206 1948
207 2020
208 1897
209 2028
210 2048
211 2026
212 2219
213 2261
214 2296
215 2217
216 2208
217 2338
218 2328
219 2557
220 2647
221 2612
222 2748
223 2893
224 2671
225 2601
226 2587
227 2524
228 2467
229 2129
230 2313
231 2211
232 2000
233 1933
234 2032
235 1931
236 2002
237 1907
238 1810
239 1720
240 1556
241 1480
242 1492
243 1426
244 1467
245 1300
246 1447
247 1481
248 1396
249 1468
250 1459
251 1469
252 1493
253 1557
254 1448
255 1533
256 1477
257 1470
258 1436
259 1491
260 1419
261 1391
262 1349
263 1197
264 1168
265 1037
266 1035
267 1022
268 937
269 920
270 887
271 853
272 718
273 786
274 701
275 708
276 703
277 624
278 610
279 691
280 562
281 576
282 565
283 609
284 600
285 556
286 567
287 585
288 544
289 540
290 564
291 488
292 589
293 512
294 526
295 460
296 483
297 466
298 367
299 316
300 388
301 331
302 308
303 259
304 295
305 249
306 274
307 219
308 207
309 209
310 195
311 190
312 157
313 181
314 171
315 175
316 166
317 151
318 152
319 172
320 178
321 134
322 131
323 153
324 136
325 154
326 131
327 157
328 156
329 164
330 145
331 223
332 151
333 162
334 162
335 146
336 136
337 107
338 88
339 108
340 82
341 87
342 53
343 53
344 45
345 19
346 34
347 31
348 28
349 22
350 20
351 16
352 24
353 13
354 13
355 8
356 9
357 5
358 9
359 8
360 7
361 4
362 3
363 4
364 4
365 0
366 7
367 5
368 3
369 1
370 5
371 2
372 1
373 1
374 2
375 1
376 3
377 0
378 4
379 2
380 2
381 0
382 0
383 1
384 1
385 0
386 1
387 0
388 0
389 0
390 0
391 0
392 0
393 0
394 0
395 0
396 0
397 0
398 1
