0 0
1 0
2 0
3 0
4 0
5 0
6 0
7 0
8 0
9 0
10 0
11 0
12 0
13 0
14 0
15 0
16 0
17 0
18 0
19 0
20 0
21 0
22 0
23 0
24 0
25 0
26 0
27 0
28 0
29 0
30 0
31 0
32 0
33 0
34 0
35 0
36 0
37 0
38 0
39 0
40 0
41 0
42 0
43 0
44 0
45 0
46 0
47 0
48 0
49 0
50 0
51 0
52 0
53 0
54 0
55 0
56 0
57 0
58 0
59 0
60 0
61 0
62 0
63 0
64 0
65 0
66 0
67 0
68 0
69 0
70 0
71 0
72 0
73 0
74 0
75 0
76 0
77 0
78 0
79 0
80 0
81 0
82 0
83 0
84 0
85 0
86 0
87 0
88 0
89 0
90 0
91 0
92 0
93 0
94 0
95 0
96 0
97 0
98 0
99 0
100 0
101 0
102 0
103 0
104 0
105 0
106 0
107 0
108 0
109 0
110 0
111 0
112 0
113 0
114 0
115 0
116 0
117 0
118 0
119 0
120 0
121 0
122 3
123 0
124 1
125 0
126 0
127 1
128 0
129 1
130 1
131 5
132 1
133 0
134 3
135 3
136 2
137 1
138 4
139 8
140 7
141 8
142 12
143 10
144 10
145 19
146 31
147 31
148 37
149 47
150 34
151 51
152 45
153 46
154 55
155 35
156 62
157 65
158 47
159 56
160 48
161 55
162 57
163 77
164 68
165 79
166 91
167 95
168 148
169 134
170 159
171 154
172 166
173 199
174 192
175 207
176 229
177 241
178 281
179 297
180 385
181 380
182 401
183 442
184 517
185 458
186 521
187 528
188 544
189 504
190 578
191 554
192 657
193 726
194 797
195 888
196 1052
197 1103
198 1175
199 1223
200 1322
201 1280
202 1170
203 1280
204 1363
205 1245
206 1250
207 1387
208 1370
209 1420
210 1563
211 1526
212 1714
213 1543
214 1674
215 1601
216 1785
217 1926
218 1843
219 1871
220 2034
221 1928
222 1948
223 2073
224 2103
225 2002
226 2022
227 1988
228 2041
229 1984
230 2015
231 1789
232 1912
233 1953
234 1766
235 1986
236 2047
237 2164
238 2065
239 2180
240 2140
241 2230
242 2184
243 2240
244 2150
245 2223
246 2492
247 2268
248 2220
249 2362
250 2158
251 2278
252 2161
253 2251
254 2206
255 2131
256 2212
257 2131
258 2219
259 2103
260 2066
261 2071
262 2108
263 2066
264 2039
265 1992
266 2074
267 2228
268 2132
269 2305
270 2365
271 2416
272 2160
273 2199
274 2160
275 2199
276 2163
277 2002
278 1924
279 1866
280 1883
281 1797
282 1665
283 1649
284 1568
285 1533
286 1475
287 1467
288 1405
289 1373
290 1382
291 1463
292 1368
293 1285
294 1340
295 1314
296 1377
297 1287
298 1284
299 1285
300 1218
301 1212
302 1175
303 1055
304 1094
305 992
306 892
307 917
308 754
309 694
310 716
311 612
312 544
313 572
314 511
315 537
316 415
317 387
318 403
319 325
320 293
321 312
322 260
323 200
324 213
325 233
326 162
327 137
328 122
329 128
330 109
331 88
332 84
333 69
334 70
335 57
336 60
337 33
338 37
339 39
340 18
341 28
342 15
343 11
344 5
345 10
346 4
347 8
348 5
349 3
350 3
351 3
352 4
353 5
354 2
355 0
356 1
357 0
358 0
359 0
360 0
361 0
362 1
