0 0
1 0
2 0
3 0
4 0
5 0
6 0
7 0
8 0
9 0
10 0
11 0
12 0
13 0
14 0
15 0
16 0
17 0
18 0
19 0
20 0
21 0
22 0
23 0
24 0
25 0
26 0
27 0
28 0
29 0
30 0
31 0
32 0
33 0
34 0
35 0
36 0
37 0
38 0
39 0
40 0
41 0
42 0
43 0
44 0
45 0
46 0
47 0
48 0
49 0
50 0
51 1
52 0
53 1
54 0
55 0
56 0
57 0
58 0
59 0
60 0
61 0
62 2
63 0
64 0
65 0
66 0
67 0
68 1
69 0
70 0
71 0
72 0
73 0
74 0
75 1
76 1
77 0
78 0
79 0
80 0
81 0
82 2
83 0
84 0
85 0
86 0
87 0
88 0
89 1
90 0
91 0
92 0
93 0
94 0
95 0
96 0
97 0
98 0
99 1
100 0
101 1
102 0
103 0
104 0
105 1
106 0
107 1
108 1
109 0
110 0
111 0
112 1
113 0
114 0
115 0
116 0
117 0
118 0
119 0
120 0
121 0
122 0
123 0
124 2
125 1
126 1
127 0
128 0
129 1
130 0
131 1
132 2
133 0
134 6
135 5
136 4
137 9
138 10
139 12
140 12
141 7
142 8
143 5
144 7
145 5
146 4
147 8
148 12
149 7
150 15
151 7
152 10
153 10
154 17
155 11
156 17
157 14
158 28
159 15
160 29
161 40
162 38
163 42
164 66
165 77
166 74
167 84
168 93
169 116
170 127
171 122
172 124
173 166
174 147
175 192
176 216
177 209
178 213
179 255
180 277
181 247
182 276
183 316
184 300
185 319
186 335
187 331
188 318
189 320
190 323
191 381
192 358
193 355
194 396
195 439
196 407
197 479
198 479
199 475
200 494
201 524
202 604
203 580
204 712
205 724
206 766
207 883
208 1071
209 971
210 1092
211 1160
212 1356
213 1521
214 1590
215 1611
216 1704
217 1859
218 1962
219 2028
220 2083
221 2276
222 2377
223 2174
224 2372
225 2278
226 2337
227 2178
228 2481
229 2385
230 2453
231 2388
232 2568
233 2636
234 2578
235 2657
236 2739
237 2565
238 2626
239 2779
240 2688
241 2662
242 2832
243 2672
244 2767
245 2885
246 2754
247 2683
248 2565
249 2590
250 2415
251 2615
252 2602
253 2477
254 2452
255 2458
256 2542
257 2642
258 2712
259 2759
260 2701
261 2888
262 2711
263 2801
264 2557
265 2644
266 2477
267 2245
268 2317
269 2124
270 2128
271 2047
272 1946
273 1947
274 1754
275 1786
276 1756
277 1725
278 1612
279 1581
280 1510
281 1479
282 1414
283 1439
284 1344
285 1358
286 1239
287 1232
288 1261
289 1182
290 1173
291 1253
292 1197
293 1245
294 1142
295 1043
296 1071
297 1007
298 980
299 903
300 893
301 917
302 857
303 816
304 894
305 830
306 786
307 865
308 909
309 957
310 1029
311 1014
312 964
313 726
314 652
315 571
316 501
317 415
318 314
319 268
320 212
321 182
322 177
323 156
324 132
325 129
326 111
327 127
328 100
329 115
330 99
331 107
332 99
333 129
334 102
335 113
336 81
337 83
338 91
339 73
340 84
341 64
342 53
343 59
344 64
345 62
346 52
347 29
348 29
349 22
350 19
351 14
352 9
353 12
354 10
355 6
356 4
357 4
358 1
359 1
360 0
361 0
362 1
