0 0
1 0
2 0
3 0
4 0
5 0
6 0
7 0
8 0
9 0
10 0
11 0
12 0
13 0
14 0
15 0
16 0
17 0
18 0
19 0
20 0
21 0
22 0
23 0
24 0
25 0
26 0
27 0
28 0
29 0
30 0
31 0
32 0
33 0
34 0
35 0
36 0
37 0
38 0
39 0
40 0
41 0
42 0
43 0
44 0
45 0
46 0
47 0
48 0
49 0
50 0
51 0
52 0
53 0
54 0
55 0
56 0
57 0
58 0
59 0
60 0
61 0
62 0
63 0
64 0
65 0
66 0
67 0
68 0
69 0
70 0
71 0
72 0
73 0
74 0
75 0
76 0
77 0
78 0
79 0
80 0
81 0
82 0
83 0
84 0
85 0
86 0
87 0
88 0
89 0
90 0
91 0
92 0
93 0
94 0
95 0
96 0
97 0
98 0
99 0
100 0
101 0
102 0
103 0
104 0
105 0
106 0
107 0
108 0
109 0
110 0
111 0
112 0
113 1
114 1
115 0
116 0
117 1
118 1
119 0
120 1
121 2
122 0
123 0
124 3
125 1
126 0
127 1
128 0
129 0
130 0
131 0
132 1
133 0
134 1
135 0
136 0
137 1
138 0
139 0
140 2
141 1
142 2
143 0
144 0
145 2
146 2
147 1
148 0
149 1
150 0
151 1
152 1
153 1
154 2
155 0
156 0
157 0
158 0
159 1
160 2
161 2
162 2
163 2
164 2
165 4
166 12
167 25
168 32
169 30
170 34
171 58
172 53
173 69
174 64
175 75
176 135
177 121
178 117
179 113
180 145
181 156
182 193
183 213
184 240
185 248
186 244
187 175
188 183
189 198
190 181
191 176
192 227
193 250
194 222
195 290
196 300
197 292
198 245
199 274
200 284
201 333
202 364
203 345
204 354
205 386
206 417
207 423
208 455
209 505
210 512
211 618
212 629
213 717
214 857
215 938
216 1058
217 1133
218 1289
219 1403
220 1533
221 1528
222 1664
223 1645
224 1816
225 1817
226 1898
227 1872
228 2105
229 2082
230 2309
231 2361
232 2476
233 2500
234 2516
235 2540
236 2671
237 2654
238 2640
239 2622
240 2633
241 2795
242 2684
243 2773
244 2912
245 3033
246 3141
247 3070
248 3507
249 3615
250 3717
251 3944
252 4101
253 4036
254 4171
255 4246
256 4240
257 4510
258 4297
259 4260
260 3995
261 3941
262 3521
263 3382
264 3313
265 3242
266 2972
267 2777
268 2675
269 2498
270 2351
271 2112
272 2038
273 2119
274 1993
275 1980
276 1839
277 1839
278 1845
279 1881
280 1869
281 1873
282 1803
283 1689
284 1643
285 1550
286 1477
287 1586
288 1587
289 1427
290 1391
291 1288
292 1245
293 1090
294 1005
295 986
296 881
297 807
298 891
299 893
300 790
301 667
302 588
303 572
304 550
305 452
306 432
307 340
308 299
309 267
310 246
311 219
312 203
313 185
314 168
315 154
316 157
317 159
318 143
319 129
320 142
321 146
322 141
323 171
324 138
325 171
326 117
327 134
328 116
329 103
330 104
331 80
332 48
333 38
334 35
335 25
336 12
337 16
338 21
339 11
340 7
341 24
342 9
343 18
344 9
345 8
346 8
347 7
348 6
349 10
350 0
351 4
352 0
353 4
354 0
355 0
356 1
357 0
358 0
359 0
360 0
361 0
362 2
