0 0
1 0
2 0
3 0
4 0
5 0
6 0
7 0
8 0
9 0
10 0
11 0
12 0
13 0
14 0
15 0
16 0
17 0
18 0
19 0
20 0
21 0
22 0
23 0
24 0
25 0
26 0
27 0
28 0
29 0
30 0
31 0
32 0
33 0
34 0
35 0
36 0
37 0
38 0
39 0
40 0
41 2
42 0
43 0
44 1
45 1
46 1
47 0
48 0
49 0
50 0
51 0
52 0
53 0
54 0
55 2
56 1
57 0
58 0
59 1
60 2
61 0
62 0
63 0
64 0
65 1
66 0
67 0
68 0
69 1
70 0
71 0
72 0
73 0
74 1
75 0
76 0
77 0
78 0
79 0
80 1
81 0
82 0
83 1
84 3
85 0
86 0
87 1
88 0
89 0
90 0
91 0
92 0
93 0
94 1
95 0
96 0
97 0
98 0
99 0
100 2
101 0
102 1
103 0
104 1
105 3
106 1
107 0
108 2
109 0
110 1
111 0
112 1
113 2
114 0
115 1
116 0
117 1
118 2
119 2
120 1
121 1
122 1
123 0
124 0
125 1
126 2
127 2
128 3
129 0
130 3
131 2
132 0
133 1
134 0
135 2
136 0
137 1
138 0
139 0
140 1
141 0
142 0
143 1
144 3
145 0
146 1
147 1
148 2
149 0
150 2
151 2
152 7
153 1
154 0
155 3
156 5
157 4
158 8
159 6
160 6
161 14
162 14
163 13
164 13
165 36
166 40
167 42
168 58
169 56
170 55
171 81
172 90
173 96
174 119
175 124
176 143
177 154
178 201
179 209
180 217
181 270
182 288
183 297
184 350
185 406
186 401
187 520
188 486
189 615
190 704
191 752
192 811
193 1033
194 1206
195 1164
196 1229
197 1319
198 1279
199 1403
200 1388
201 1332
202 1358
203 1513
204 1432
205 1515
206 1611
207 1621
208 1656
209 1734
210 1681
211 1794
212 1768
213 1908
214 2055
215 1992
216 2091
217 2100
218 2134
219 2261
220 2217
221 2308
222 2350
223 2210
224 2269
225 2111
226 2213
227 2320
228 2200
229 2341
230 2494
231 2395
232 2564
233 2499
234 2666
235 2801
236 2774
237 2890
238 2887
239 2867
240 2729
241 2933
242 2979
243 3149
244 3162
245 3096
246 3091
247 2796
248 2956
249 2912
250 2850
251 2858
252 2880
253 2957
254 2772
255 2946
256 2975
257 3018
258 3002
259 2946
260 2988
261 2990
262 3021
263 2789
264 2670
265 2615
266 2515
267 2284
268 2193
269 1958
270 1798
271 1743
272 1590
273 1536
274 1492
275 1422
276 1465
277 1231
278 1270
279 1174
280 1130
281 1117
282 961
283 1041
284 896
285 872
286 778
287 762
288 706
289 721
290 730
291 682
292 665
293 606
294 673
295 699
296 606
297 568
298 571
299 527
300 451
301 413
302 418
303 362
304 354
305 325
306 360
307 295
308 268
309 305
310 233
311 222
312 189
313 163
314 138
315 133
316 105
317 99
318 92
319 62
320 43
321 44
322 32
323 36
324 38
325 25
326 33
327 28
328 20
329 11
330 16
331 13
332 7
333 6
334 7
335 9
336 9
337 6
338 7
339 5
340 1
341 7
342 5
343 6
344 2
345 2
346 3
347 1
348 1
349 1
350 1
351 0
352 1
353 0
354 0
355 0
356 0
357 0
358 0
359 1
360 0
361 0
362 0
363 0
364 1
