0 0
1 0
2 0
3 0
4 0
5 0
6 0
7 0
8 0
9 0
10 0
11 0
12 0
13 0
14 0
15 0
16 0
17 0
18 0
19 0
20 0
21 0
22 0
23 0
24 0
25 0
26 0
27 0
28 0
29 0
30 0
31 0
32 0
33 0
34 0
35 0
36 0
37 0
38 0
39 0
40 0
41 0
42 0
43 0
44 0
45 0
46 0
47 0
48 0
49 0
50 0
51 0
52 0
53 0
54 0
55 0
56 0
57 0
58 0
59 0
60 0
61 0
62 0
63 0
64 0
65 0
66 0
67 0
68 0
69 0
70 0
71 0
72 0
73 0
74 0
75 0
76 0
77 0
78 0
79 0
80 0
81 0
82 0
83 0
84 0
85 0
86 0
87 0
88 0
89 0
90 0
91 0
92 0
93 0
94 0
95 0
96 0
97 0
98 0
99 0
100 0
101 0
102 0
103 0
104 0
105 0
106 0
107 0
108 0
109 0
110 0
111 0
112 0
113 0
114 0
115 0
116 0
117 0
118 0
119 0
120 0
121 0
122 0
123 0
124 0
125 0
126 0
127 0
128 0
129 3
130 0
131 0
132 0
133 2
134 1
135 2
136 0
137 0
138 2
139 5
140 7
141 3
142 1
143 0
144 1
145 1
146 1
147 1
148 4
149 7
150 2
151 5
152 7
153 4
154 3
155 12
156 11
157 14
158 18
159 10
160 9
161 17
162 23
163 24
164 33
165 24
166 38
167 45
168 47
169 71
170 68
171 85
172 116
173 114
174 135
175 136
176 160
177 149
178 166
179 224
180 190
181 234
182 255
183 275
184 217
185 235
186 246
187 256
188 255
189 261
190 311
191 356
192 407
193 412
194 443
195 468
196 486
197 482
198 590
199 607
200 672
201 775
202 792
203 906
204 878
205 915
206 959
207 944
208 910
209 948
210 946
211 946
212 930
213 924
214 909
215 967
216 1009
217 1043
218 1037
219 1100
220 1060
221 1104
222 1124
223 1151
224 1121
225 1263
226 1334
227 1414
228 1426
229 1376
230 1347
231 1410
232 1405
233 1369
234 1431
235 1507
236 1582
237 1715
238 1793
239 1793
240 1794
241 1885
242 1964
243 2051
244 2027
245 2060
246 1986
247 2215
248 2232
249 2254
250 2364
251 2563
252 2433
253 2512
254 2745
255 2794
256 3006
257 3018
258 2988
259 3007
260 2856
261 2855
262 2721
263 2676
264 2550
265 2682
266 2601
267 2467
268 2587
269 2530
270 2436
271 2407
272 2365
273 2438
274 2432
275 2186
276 2168
277 2205
278 2433
279 2158
280 2184
281 2136
282 2130
283 2175
284 2163
285 2234
286 2175
287 2123
288 2100
289 2000
290 2042
291 1879
292 1842
293 1757
294 1720
295 1674
296 1566
297 1534
298 1611
299 1370
300 1429
301 1307
302 1218
303 1192
304 1165
305 1168
306 1072
307 1088
308 994
309 1008
310 1041
311 958
312 887
313 880
314 931
315 897
316 808
317 807
318 725
319 692
320 638
321 610
322 645
323 589
324 618
325 550
326 531
327 501
328 403
329 437
330 365
331 291
332 357
333 333
334 302
335 287
336 266
337 247
338 222
339 197
340 160
341 168
342 129
343 105
344 81
345 61
346 77
347 48
348 59
349 42
350 45
351 39
352 35
353 38
354 26
355 30
356 29
357 24
358 24
359 29
360 23
361 18
362 25
363 8
364 6
365 7
366 3
367 3
368 11
369 4
370 1
371 3
372 2
373 3
374 1
