0 0
1 0
2 0
3 0
4 0
5 0
6 0
7 0
8 0
9 0
10 0
11 0
12 0
13 0
14 0
15 0
16 0
17 0
18 0
19 0
20 0
21 0
22 0
23 0
24 0
25 0
26 0
27 0
28 0
29 0
30 0
31 0
32 0
33 0
34 0
35 0
36 0
37 0
38 0
39 0
40 0
41 0
42 0
43 0
44 0
45 0
46 0
47 0
48 0
49 0
50 0
51 0
52 0
53 0
54 0
55 0
56 0
57 0
58 0
59 0
60 0
61 0
62 0
63 0
64 0
65 0
66 0
67 0
68 0
69 0
70 0
71 0
72 0
73 0
74 0
75 0
76 0
77 0
78 0
79 0
80 0
81 0
82 0
83 0
84 0
85 0
86 0
87 0
88 0
89 0
90 0
91 0
92 0
93 0
94 0
95 0
96 0
97 0
98 0
99 0
100 0
101 0
102 0
103 1
104 0
105 0
106 0
107 0
108 0
109 0
110 0
111 0
112 0
113 0
114 0
115 0
116 0
117 0
118 0
119 2
120 0
121 1
122 1
123 3
124 1
125 4
126 3
127 2
128 2
129 9
130 8
131 10
132 19
133 20
134 23
135 13
136 34
137 39
138 62
139 79
140 103
141 115
142 120
143 140
144 177
145 207
146 166
147 179
148 269
149 229
150 263
151 201
152 219
153 210
154 257
155 271
156 281
157 327
158 362
159 351
160 431
161 414
162 364
163 452
164 460
165 552
166 500
167 564
168 616
169 654
170 614
171 673
172 665
173 772
174 818
175 872
176 988
177 1088
178 1221
179 1334
180 1469
181 1555
182 1535
183 1524
184 1695
185 1425
186 1537
187 1512
188 1426
189 1363
190 1364
191 1345
192 1324
193 1367
194 1310
195 1317
196 1321
197 1443
198 1493
199 1490
200 1605
201 1728
202 1844
203 2037
204 1979
205 2040
206 1943
207 1866
208 1919
209 1949
210 1900
211 2075
212 2079
213 2046
214 2187
215 2256
216 2311
217 2268
218 2221
219 2376
220 2281
221 2512
222 2564
223 2653
224 2490
225 2424
226 2535
227 2453
228 2487
229 2479
230 2352
231 2371
232 2371
233 2516
234 2393
235 2588
236 2569
237 2643
238 2793
239 2644
240 2636
241 2547
242 2647
243 2448
244 2288
245 2109
246 2186
247 2166
248 2128
249 1871
250 1978
251 1927
252 1913
253 1854
254 1866
255 1843
256 1786
257 1721
258 1692
259 1729
260 1746
261 1567
262 1520
263 1415
264 1315
265 1307
266 1269
267 1182
268 1102
269 1088
270 1035
271 981
272 912
273 966
274 863
275 873
276 929
277 795
278 853
279 875
280 861
281 829
282 727
283 847
284 769
285 779
286 720
287 667
288 654
289 695
290 629
291 620
292 636
293 672
294 632
295 589
296 569
297 452
298 467
299 431
300 432
301 412
302 354
303 349
304 335
305 286
306 303
307 225
308 246
309 224
310 240
311 172
312 213
313 186
314 207
315 161
316 152
317 138
318 126
319 87
320 90
321 94
322 67
323 70
324 59
325 36
326 38
327 47
328 16
329 37
330 23
331 14
332 33
333 22
334 28
335 30
336 38
337 24
338 28
339 25
340 9
341 11
342 8
343 5
344 3
345 0
346 2
347 3
348 1
349 0
350 1
351 0
352 0
353 0
354 0
355 0
356 1
357 0
358 0
359 0
360 0
361 0
362 0
363 0
364 0
365 1
366 0
367 0
368 1
