0 0
1 0
2 0
3 0
4 0
5 0
6 0
7 0
8 0
9 0
10 0
11 0
12 1
13 0
14 0
15 0
16 0
17 1
18 0
19 0
20 0
21 0
22 0
23 0
24 0
25 0
26 0
27 0
28 0
29 1
30 0
31 0
32 0
33 1
34 0
35 0
36 0
37 0
38 0
39 0
40 0
41 0
42 0
43 0
44 0
45 0
46 0
47 0
48 1
49 0
50 0
51 0
52 0
53 0
54 0
55 0
56 0
57 0
58 0
59 0
60 0
61 0
62 0
63 0
64 0
65 0
66 0
67 0
68 0
69 0
70 0
71 0
72 1
73 0
74 0
75 0
76 0
77 0
78 0
79 0
80 0
81 0
82 0
83 0
84 0
85 0
86 0
87 0
88 0
89 0
90 0
91 0
92 0
93 0
94 0
95 0
96 2
97 0
98 0
99 0
100 1
101 3
102 0
103 1
104 4
105 2
106 7
107 5
108 6
109 13
110 5
111 12
112 5
113 10
114 5
115 4
116 10
117 10
118 6
119 8
120 14
121 10
122 11
123 30
124 21
125 28
126 35
127 40
128 56
129 57
130 72
131 80
132 129
133 119
134 150
135 133
136 149
137 220
138 322
139 366
140 550
141 501
142 618
143 553
144 637
145 572
146 580
147 603
148 573
149 556
150 644
151 621
152 654
153 695
154 784
155 665
156 805
157 686
158 800
159 800
160 939
161 887
162 1002
163 990
164 1038
165 1055
166 1179
167 1013
168 1013
169 1068
170 1105
171 1213
172 1230
173 1293
174 1293
175 1488
176 1428
177 1516
178 1429
179 1624
180 1628
181 1760
182 1889
183 1957
184 1991
185 1839
186 1926
187 1827
188 1905
189 1815
190 1857
191 1733
192 1728
193 1892
194 1915
195 1890
196 1841
197 1948
198 1860
199 1848
200 1808
201 1995
202 1959
203 1878
204 1931
205 2127
206 2067
207 1982
208 1947
209 1962
210 1922
211 1899
212 1947
213 1921
214 1921
215 1963
216 1906
217 1888
218 1870
219 1897
220 1879
221 1853
222 1722
223 1840
224 1780
225 1755
226 1739
227 1728
228 1707
229 1713
230 1790
231 1757
232 1739
233 1839
234 1859
235 1751
236 1699
237 1893
238 1783
239 1869
240 1816
241 1760
242 2031
243 1803
244 1607
245 1754
246 1653
247 1613
248 1643
249 1538
250 1534
251 1521
252 1527
253 1537
254 1474
255 1529
256 1395
257 1424
258 1484
259 1295
260 1320
261 1258
262 1213
263 1187
264 1118
265 1090
266 1075
267 1089
268 990
269 1004
270 1110
271 1086
272 1046
273 1076
274 939
275 957
276 929
277 878
278 824
279 821
280 767
281 707
282 624
283 597
284 612
285 569
286 532
287 594
288 493
289 508
290 540
291 493
292 485
293 412
294 495
295 458
296 468
297 430
298 407
299 440
300 402
301 371
302 384
303 336
304 388
305 355
306 334
307 359
308 308
309 276
310 241
311 230
312 229
313 246
314 206
315 168
316 191
317 179
318 165
319 156
320 122
321 123
322 94
323 113
324 119
325 84
326 110
327 121
328 92
329 94
330 65
331 71
332 51
333 50
334 39
335 21
336 28
337 24
338 23
339 15
340 21
341 14
342 15
343 12
344 13
345 12
346 7
347 7
348 7
349 8
350 5
351 7
352 2
353 2
354 2
355 2
356 3
357 2
358 1
359 1
360 1
361 1
362 1
363 1
364 3
365 2
366 1
367 1
368 2
369 0
370 1
371 1
372 1
373 1
374 0
375 0
376 1
