0 0
1 0
2 0
3 0
4 0
5 0
6 0
7 0
8 0
9 0
10 0
11 0
12 0
13 0
14 0
15 0
16 0
17 0
18 0
19 0
20 0
21 0
22 0
23 0
24 0
25 0
26 0
27 0
28 0
29 0
30 0
31 0
32 0
33 0
34 0
35 0
36 0
37 0
38 0
39 0
40 0
41 0
42 0
43 0
44 0
45 0
46 0
47 0
48 0
49 0
50 0
51 0
52 0
53 0
54 0
55 0
56 0
57 0
58 0
59 0
60 0
61 0
62 0
63 0
64 0
65 0
66 0
67 0
68 0
69 0
70 0
71 0
72 0
73 0
74 0
75 0
76 1
77 0
78 0
79 0
80 1
81 0
82 0
83 1
84 0
85 1
86 0
87 0
88 0
89 0
90 0
91 1
92 2
93 1
94 1
95 1
96 2
97 3
98 1
99 2
100 0
101 6
102 3
103 3
104 3
105 4
106 7
107 6
108 20
109 9
110 12
111 39
112 37
113 61
114 58
115 82
116 129
117 88
118 82
119 132
120 107
121 111
122 108
123 121
124 110
125 107
126 95
127 113
128 150
129 115
130 158
131 169
132 151
133 196
134 229
135 257
136 261
137 296
138 342
139 372
140 382
141 510
142 514
143 529
144 606
145 638
146 616
147 712
148 846
149 786
150 891
151 978
152 971
153 946
154 971
155 880
156 874
157 863
158 920
159 973
160 1027
161 1134
162 1238
163 1149
164 1356
165 1434
166 1579
167 1568
168 1559
169 1510
170 1491
171 1508
172 1568
173 1618
174 1804
175 1854
176 2005
177 2065
178 2051
179 2146
180 2181
181 2215
182 2245
183 2111
184 2146
185 2173
186 1992
187 2154
188 2126
189 1997
190 2104
191 1951
192 1924
193 2005
194 1861
195 2031
196 2024
197 1872
198 1840
199 1704
200 1778
201 1703
202 1667
203 1767
204 1679
205 1781
206 1782
207 1831
208 1697
209 1614
210 1752
211 1628
212 1587
213 1681
214 1643
215 1580
216 1586
217 1720
218 1622
219 1602
220 1609
221 1580
222 1589
223 1697
224 1788
225 1656
226 1797
227 1611
228 1560
229 1617
230 1486
231 1548
232 1496
233 1471
234 1581
235 1530
236 1494
237 1574
238 1493
239 1610
240 1509
241 1515
242 1508
243 1485
244 1610
245 1460
246 1329
247 1189
248 1304
249 1236
250 1210
251 1262
252 1297
253 1280
254 1143
255 1201
256 1214
257 1184
258 1299
259 1241
260 1346
261 1435
262 1363
263 1482
264 1300
265 1309
266 1249
267 1144
268 1228
269 1143
270 1108
271 1069
272 1035
273 1014
274 991
275 959
276 891
277 837
278 812
279 845
280 776
281 739
282 711
283 691
284 668
285 656
286 609
287 483
288 522
289 481
290 465
291 443
292 381
293 383
294 315
295 344
296 338
297 280
298 272
299 279
300 257
301 211
302 215
303 181
304 200
305 178
306 171
307 163
308 138
309 177
310 150
311 152
312 149
313 140
314 154
315 157
316 132
317 143
318 128
319 143
320 113
321 72
322 74
323 94
324 77
325 76
326 38
327 36
328 29
329 35
330 35
331 30
332 23
333 26
334 24
335 20
336 26
337 30
338 17
339 27
340 30
341 24
342 27
343 20
344 13
345 12
346 24
347 12
348 23
349 25
350 12
351 10
352 12
353 13
354 11
355 6
356 8
357 5
358 12
359 7
360 8
361 10
362 4
363 2
364 1
365 10
366 4
367 4
368 6
369 4
370 4
371 2
372 9
373 7
374 4
375 9
376 5
377 10
378 2
379 3
380 0
381 4
382 0
383 0
384 0
385 0
386 0
387 1
388 0
389 0
390 0
391 0
392 0
393 0
394 0
395 0
396 0
397 0
398 1
