0 0
1 0
2 1
3 0
4 0
5 0
6 0
7 0
8 0
9 0
10 0
11 0
12 0
13 0
14 0
15 0
16 0
17 0
18 0
19 0
20 0
21 0
22 0
23 0
24 0
25 0
26 0
27 1
28 0
29 0
30 0
31 0
32 0
33 0
34 0
35 0
36 0
37 0
38 0
39 0
40 0
41 0
42 0
43 0
44 0
45 0
46 0
47 0
48 0
49 0
50 0
51 0
52 0
53 0
54 0
55 0
56 0
57 0
58 0
59 0
60 0
61 0
62 0
63 0
64 0
65 0
66 0
67 0
68 0
69 0
70 0
71 0
72 0
73 0
74 0
75 0
76 0
77 0
78 0
79 0
80 0
81 0
82 0
83 0
84 0
85 0
86 0
87 0
88 0
89 0
90 0
91 0
92 0
93 0
94 0
95 0
96 0
97 0
98 0
99 0
100 0
101 0
102 0
103 0
104 0
105 0
106 0
107 1
108 1
109 0
110 1
111 1
112 0
113 0
114 0
115 1
116 0
117 0
118 0
119 0
120 0
121 0
122 0
123 0
124 0
125 1
126 0
127 0
128 0
129 1
130 0
131 1
132 2
133 0
134 0
135 2
136 3
137 4
138 2
139 4
140 4
141 6
142 6
143 9
144 13
145 8
146 10
147 12
148 12
149 10
150 14
151 18
152 13
153 8
154 7
155 14
156 10
157 17
158 17
159 22
160 8
161 28
162 32
163 34
164 41
165 38
166 37
167 52
168 58
169 53
170 75
171 63
172 94
173 126
174 115
175 107
176 148
177 183
178 274
179 251
180 313
181 312
182 351
183 344
184 321
185 381
186 356
187 423
188 405
189 516
190 484
191 577
192 724
193 686
194 788
195 745
196 903
197 925
198 1175
199 1294
200 1348
201 1587
202 1613
203 1635
204 1706
205 1764
206 1805
207 1711
208 1699
209 1787
210 1794
211 1780
212 1998
213 1934
214 2044
215 1994
216 2052
217 2171
218 2182
219 2196
220 2263
221 2180
222 2304
223 2278
224 2457
225 2483
226 2509
227 2605
228 2547
229 2762
230 2654
231 2878
232 2845
233 2817
234 2655
235 2589
236 2679
237 2620
238 2738
239 2708
240 2702
241 2748
242 2836
243 2808
244 2565
245 2591
246 2537
247 2352
248 2524
249 2401
250 2492
251 2485
252 2329
253 2452
254 2241
255 2309
256 2261
257 2390
258 2215
259 2255
260 2126
261 2172
262 2043
263 2048
264 2023
265 1828
266 1846
267 1774
268 1747
269 1856
270 1816
271 1692
272 1781
273 1786
274 1702
275 1696
276 1525
277 1508
278 1377
279 1400
280 1360
281 1318
282 1297
283 1231
284 1246
285 1170
286 1194
287 1109
288 1109
289 1022
290 1068
291 947
292 946
293 824
294 847
295 821
296 738
297 789
298 725
299 693
300 645
301 647
302 649
303 638
304 631
305 732
306 613
307 580
308 592
309 692
310 590
311 582
312 552
313 490
314 401
315 361
316 353
317 263
318 266
319 248
320 261
321 200
322 210
323 185
324 151
325 149
326 156
327 129
328 106
329 103
330 103
331 90
332 70
333 77
334 58
335 88
336 43
337 54
338 54
339 36
340 31
341 29
342 19
343 18
344 16
345 27
346 7
347 13
348 9
349 10
350 1
351 12
352 11
353 1
354 7
355 0
356 7
357 1
358 4
359 12
360 0
361 3
362 0
363 0
364 3
365 0
366 0
367 1
368 5
369 6
370 0
371 1
372 0
373 0
374 3
375 0
376 0
377 2
