0 0
1 0
2 0
3 0
4 0
5 0
6 0
7 0
8 0
9 0
10 0
11 0
12 0
13 0
14 0
15 0
16 0
17 0
18 0
19 0
20 0
21 0
22 0
23 0
24 0
25 0
26 0
27 0
28 0
29 0
30 0
31 1
32 0
33 1
34 1
35 0
36 2
37 0
38 2
39 2
40 0
41 2
42 0
43 2
44 0
45 3
46 0
47 2
48 2
49 3
50 0
51 1
52 2
53 3
54 0
55 0
56 0
57 0
58 0
59 0
60 0
61 4
62 1
63 1
64 1
65 4
66 3
67 0
68 1
69 0
70 0
71 4
72 3
73 0
74 3
75 1
76 3
77 2
78 1
79 2
80 4
81 5
82 1
83 0
84 5
85 0
86 3
87 2
88 1
89 1
90 4
91 1
92 1
93 0
94 0
95 3
96 0
97 3
98 2
99 1
100 0
101 3
102 0
103 0
104 4
105 0
106 0
107 2
108 3
109 2
110 1
111 2
112 1
113 8
114 3
115 5
116 5
117 2
118 2
119 6
120 6
121 3
122 4
123 1
124 10
125 5
126 6
127 2
128 1
129 3
130 1
131 6
132 3
133 6
134 10
135 5
136 9
137 5
138 4
139 8
140 10
141 10
142 5
143 13
144 8
145 15
146 9
147 14
148 17
149 25
150 21
151 20
152 12
153 14
154 17
155 29
156 21
157 13
158 12
159 28
160 21
161 17
162 22
163 39
164 30
165 41
166 51
167 37
168 40
169 40
170 43
171 39
172 56
173 51
174 45
175 76
176 96
177 97
178 112
179 124
180 121
181 137
182 143
183 200
184 184
185 223
186 236
187 281
188 261
189 353
190 367
191 441
192 422
193 461
194 466
195 522
196 499
197 541
198 637
199 628
200 673
201 800
202 862
203 885
204 962
205 1109
206 1103
207 1191
208 1286
209 1337
210 1463
211 1392
212 1517
213 1493
214 1560
215 1513
216 1605
217 1737
218 1851
219 1881
220 2026
221 2088
222 2033
223 2104
224 2250
225 2298
226 2379
227 2501
228 2764
229 2675
230 3021
231 3105
232 2888
233 3182
234 3183
235 3096
236 3200
237 3024
238 3074
239 3073
240 3158
241 3140
242 3363
243 3378
244 3226
245 3267
246 3362
247 3375
248 3175
249 3045
250 3173
251 3138
252 3026
253 3061
254 2777
255 2903
256 2718
257 2719
258 2769
259 2714
260 2633
261 2607
262 2545
263 2561
264 2540
265 2294
266 2292
267 2253
268 2091
269 2081
270 1992
271 1889
272 1838
273 1781
274 1738
275 1710
276 1639
277 1624
278 1505
279 1398
280 1471
281 1346
282 1309
283 1251
284 1126
285 1045
286 1126
287 1061
288 1150
289 1203
290 1138
291 1131
292 1088
293 962
294 928
295 724
296 727
297 638
298 572
299 553
300 457
301 415
302 437
303 465
304 424
305 439
306 440
307 430
308 484
309 385
310 397
311 370
312 344
313 321
314 283
315 300
316 268
317 260
318 253
319 228
320 112
321 117
322 86
323 68
324 48
325 73
326 50
327 60
328 45
329 34
330 30
331 43
332 38
333 35
334 40
335 38
336 28
337 30
338 30
339 22
340 16
341 13
342 11
343 5
344 4
345 6
346 1
347 3
348 1
