0 0
1 0
2 0
3 0
4 0
5 0
6 0
7 0
8 0
9 0
10 0
11 0
12 0
13 0
14 0
15 0
16 0
17 0
18 0
19 0
20 0
21 0
22 0
23 0
24 0
25 0
26 0
27 0
28 0
29 0
30 0
31 0
32 0
33 0
34 0
35 0
36 0
37 0
38 0
39 0
40 0
41 0
42 0
43 0
44 0
45 0
46 0
47 0
48 0
49 0
50 0
51 0
52 0
53 0
54 0
55 0
56 0
57 0
58 0
59 0
60 0
61 0
62 0
63 0
64 0
65 0
66 0
67 0
68 0
69 0
70 0
71 0
72 0
73 0
74 3
75 0
76 1
77 0
78 0
79 0
80 1
81 1
82 0
83 0
84 1
85 3
86 3
87 1
88 1
89 2
90 5
91 3
92 2
93 2
94 0
95 3
96 1
97 0
98 0
99 0
100 0
101 0
102 0
103 1
104 2
105 3
106 5
107 8
108 4
109 6
110 13
111 12
112 9
113 25
114 20
115 30
116 42
117 48
118 74
119 102
120 86
121 105
122 115
123 80
124 116
125 99
126 151
127 122
128 157
129 156
130 151
131 183
132 209
133 197
134 203
135 220
136 175
137 235
138 260
139 245
140 307
141 263
142 290
143 318
144 323
145 324
146 413
147 312
148 343
149 333
150 361
151 339
152 342
153 361
154 381
155 394
156 351
157 407
158 446
159 467
160 477
161 457
162 499
163 455
164 560
165 588
166 627
167 680
168 736
169 856
170 1001
171 1054
172 1139
173 1189
174 1342
175 1388
176 1340
177 1389
178 1515
179 1335
180 1488
181 1392
182 1549
183 1637
184 1720
185 1846
186 1933
187 2095
188 2163
189 2224
190 2370
191 2455
192 2278
193 2266
194 2226
195 2129
196 2129
197 2157
198 2137
199 2179
200 2103
201 2048
202 2079
203 2115
204 2078
205 2165
206 2229
207 2135
208 2239
209 2194
210 2225
211 2242
212 2244
213 2158
214 2133
215 2134
216 2137
217 2163
218 2136
219 2230
220 2134
221 2253
222 2052
223 2053
224 2075
225 1990
226 1902
227 1741
228 1734
229 1724
230 1740
231 1772
232 1763
233 1864
234 1834
235 1905
236 1825
237 2102
238 1975
239 2061
240 2014
241 1850
242 1879
243 1875
244 1692
245 1751
246 1711
247 1574
248 1566
249 1591
250 1529
251 1539
252 1602
253 1501
254 1447
255 1422
256 1461
257 1402
258 1532
259 1530
260 1543
261 1487
262 1354
263 1431
264 1420
265 1328
266 1322
267 1281
268 1289
269 1281
270 1261
271 1174
272 989
273 1056
274 927
275 845
276 801
277 711
278 690
279 626
280 627
281 573
282 570
283 551
284 605
285 517
286 576
287 521
288 531
289 546
290 488
291 441
292 492
293 433
294 431
295 451
296 354
297 357
298 390
299 328
300 325
301 316
302 342
303 252
304 235
305 215
306 174
307 209
308 146
309 157
310 140
311 137
312 94
313 143
314 120
315 91
316 71
317 99
318 77
319 70
320 65
321 46
322 61
323 66
324 49
325 59
326 49
327 35
328 41
329 34
330 33
331 40
332 32
333 27
334 34
335 43
336 33
337 35
338 29
339 31
340 32
341 36
342 21
343 22
344 24
345 35
346 37
347 19
348 28
349 17
350 13
351 24
352 12
353 26
354 16
355 13
356 14
357 10
358 8
359 7
360 7
361 2
362 4
363 7
364 6
365 6
366 2
367 0
368 2
369 0
370 3
371 3
372 0
373 2
374 1
375 2
376 2
377 0
378 0
379 1
380 0
381 0
382 1
383 1
