0 0
1 0
2 0
3 0
4 0
5 0
6 0
7 0
8 0
9 0
10 0
11 0
12 0
13 0
14 0
15 0
16 0
17 0
18 0
19 0
20 0
21 0
22 0
23 0
24 0
25 0
26 0
27 0
28 0
29 0
30 0
31 0
32 0
33 0
34 0
35 0
36 0
37 0
38 0
39 0
40 0
41 0
42 0
43 0
44 0
45 0
46 0
47 0
48 0
49 0
50 0
51 0
52 0
53 0
54 0
55 0
56 0
57 0
58 0
59 0
60 0
61 0
62 0
63 0
64 0
65 0
66 0
67 0
68 0
69 0
70 0
71 0
72 0
73 0
74 0
75 0
76 0
77 0
78 0
79 0
80 0
81 0
82 0
83 0
84 0
85 0
86 0
87 0
88 0
89 0
90 0
91 0
92 0
93 0
94 0
95 0
96 0
97 0
98 0
99 0
100 0
101 0
102 0
103 0
104 0
105 0
106 0
107 0
108 0
109 0
110 0
111 0
112 0
113 0
114 1
115 1
116 1
117 1
118 0
119 3
120 1
121 1
122 0
123 2
124 0
125 1
126 2
127 0
128 0
129 0
130 2
131 6
132 1
133 3
134 1
135 1
136 0
137 1
138 2
139 8
140 2
141 1
142 8
143 14
144 18
145 16
146 27
147 17
148 37
149 33
150 33
151 20
152 28
153 22
154 38
155 23
156 25
157 39
158 30
159 36
160 64
161 52
162 61
163 72
164 65
165 106
166 114
167 158
168 154
169 200
170 294
171 326
172 457
173 573
174 624
175 731
176 681
177 702
178 718
179 709
180 710
181 725
182 663
183 680
184 707
185 697
186 786
187 717
188 739
189 777
190 789
191 875
192 814
193 798
194 841
195 888
196 892
197 944
198 937
199 1001
200 970
201 1117
202 1055
203 1155
204 1182
205 1202
206 1274
207 1455
208 1504
209 1609
210 1743
211 1804
212 1935
213 2071
214 2225
215 2315
216 2522
217 2475
218 2630
219 2875
220 3064
221 2969
222 3025
223 3190
224 3038
225 3237
226 3242
227 3290
228 3292
229 3027
230 3069
231 2996
232 3324
233 2966
234 3088
235 3086
236 2863
237 2777
238 2784
239 2768
240 2588
241 2555
242 2414
243 2483
244 2420
245 2348
246 2350
247 2217
248 2287
249 2292
250 2383
251 2302
252 2201
253 2204
254 2240
255 2213
256 2222
257 2091
258 2026
259 2006
260 1826
261 1942
262 1929
263 1907
264 1757
265 1727
266 1808
267 1748
268 1701
269 1679
270 1621
271 1801
272 1690
273 1616
274 1523
275 1457
276 1412
277 1299
278 1253
279 1133
280 1050
281 955
282 979
283 897
284 886
285 787
286 678
287 648
288 613
289 506
290 498
291 532
292 511
293 579
294 696
295 759
296 893
297 983
298 951
299 953
300 935
301 802
302 822
303 820
304 700
305 573
306 537
307 511
308 445
309 356
310 297
311 241
312 168
313 95
314 70
315 61
316 34
317 25
318 26
319 17
320 14
321 6
322 7
323 8
324 6
325 3
326 3
327 2
328 0
329 2
330 0
331 0
332 0
333 0
334 0
335 0
336 0
337 0
338 1
