0 0
1 0
2 0
3 0
4 0
5 0
6 0
7 0
8 0
9 0
10 0
11 0
12 0
13 0
14 0
15 0
16 0
17 0
18 0
19 0
20 0
21 0
22 0
23 0
24 0
25 0
26 0
27 0
28 0
29 0
30 0
31 0
32 0
33 0
34 0
35 0
36 0
37 0
38 0
39 0
40 0
41 0
42 0
43 0
44 0
45 0
46 0
47 0
48 0
49 0
50 0
51 0
52 0
53 0
54 0
55 0
56 0
57 0
58 0
59 0
60 0
61 0
62 0
63 0
64 0
65 0
66 0
67 0
68 0
69 0
70 0
71 0
72 0
73 0
74 0
75 0
76 0
77 0
78 0
79 0
80 0
81 0
82 0
83 0
84 0
85 0
86 0
87 0
88 0
89 0
90 0
91 0
92 0
93 0
94 0
95 0
96 0
97 0
98 0
99 0
100 0
101 1
102 0
103 0
104 1
105 2
106 1
107 2
108 1
109 0
110 4
111 6
112 6
113 1
114 2
115 6
116 3
117 6
118 4
119 10
120 8
121 10
122 11
123 12
124 18
125 15
126 26
127 41
128 33
129 48
130 49
131 53
132 60
133 50
134 61
135 76
136 108
137 97
138 82
139 101
140 107
141 98
142 149
143 151
144 157
145 181
146 207
147 263
148 256
149 268
150 330
151 360
152 359
153 358
154 345
155 398
156 472
157 450
158 449
159 502
160 552
161 501
162 589
163 644
164 664
165 688
166 769
167 853
168 872
169 871
170 904
171 947
172 984
173 994
174 944
175 1023
176 1098
177 1067
178 1088
179 1215
180 1251
181 1291
182 1260
183 1231
184 1323
185 1286
186 1411
187 1425
188 1366
189 1486
190 1649
191 1567
192 1590
193 1752
194 1903
195 1944
196 1998
197 2044
198 2174
199 2320
200 2233
201 2483
202 2391
203 2560
204 2454
205 2448
206 2331
207 2327
208 2318
209 2263
210 2410
211 2423
212 2487
213 2515
214 2616
215 2537
216 2507
217 2530
218 2582
219 2645
220 2652
221 2733
222 2739
223 2641
224 2728
225 2567
226 2633
227 2693
228 2490
229 2685
230 2676
231 2497
232 2534
233 2420
234 2422
235 2261
236 2322
237 2112
238 2098
239 1967
240 1942
241 1918
242 1857
243 1871
244 1801
245 1863
246 1707
247 1756
248 1692
249 1647
250 1587
251 1506
252 1368
253 1365
254 1202
255 1259
256 1230
257 1424
258 1260
259 1157
260 1223
261 1275
262 1220
263 1299
264 1268
265 1301
266 1345
267 1248
268 1300
269 1300
270 1271
271 1292
272 1213
273 1282
274 1162
275 1075
276 1019
277 960
278 937
279 884
280 800
281 675
282 681
283 665
284 619
285 566
286 544
287 481
288 442
289 408
290 414
291 345
292 316
293 311
294 291
295 275
296 246
297 205
298 206
299 200
300 184
301 141
302 154
303 137
304 132
305 100
306 92
307 93
308 90
309 88
310 92
311 77
312 59
313 41
314 53
315 42
316 36
317 31
318 43
319 18
320 33
321 19
322 15
323 20
324 24
325 20
326 12
327 16
328 5
329 8
330 7
331 8
332 8
333 6
334 5
335 4
336 9
337 2
338 6
339 4
340 4
341 5
342 7
343 6
344 6
345 4
346 0
347 3
348 3
349 0
350 2
351 2
352 1
353 0
354 0
355 1
356 0
357 2
358 1
359 0
360 1
