0 0
1 0
2 0
3 0
4 0
5 0
6 0
7 0
8 0
9 0
10 0
11 0
12 0
13 0
14 0
15 0
16 0
17 0
18 0
19 0
20 0
21 0
22 0
23 0
24 0
25 0
26 0
27 0
28 0
29 0
30 0
31 0
32 0
33 0
34 0
35 0
36 0
37 0
38 0
39 0
40 0
41 0
42 0
43 0
44 0
45 0
46 0
47 0
48 0
49 0
50 0
51 0
52 0
53 0
54 0
55 0
56 0
57 0
58 0
59 0
60 0
61 0
62 0
63 0
64 0
65 0
66 0
67 0
68 0
69 0
70 0
71 0
72 0
73 0
74 0
75 0
76 0
77 0
78 0
79 0
80 0
81 0
82 0
83 0
84 0
85 0
86 0
87 0
88 0
89 0
90 0
91 0
92 0
93 0
94 0
95 0
96 0
97 0
98 0
99 0
100 0
101 0
102 0
103 0
104 0
105 0
106 0
107 0
108 1
109 0
110 0
111 1
112 6
113 6
114 9
115 10
116 12
117 8
118 12
119 8
120 8
121 7
122 3
123 5
124 6
125 4
126 8
127 4
128 10
129 6
130 7
131 5
132 6
133 3
134 3
135 10
136 4
137 8
138 3
139 7
140 10
141 3
142 8
143 7
144 9
145 14
146 11
147 13
148 12
149 6
150 13
151 10
152 14
153 8
154 15
155 14
156 19
157 37
158 31
159 35
160 38
161 39
162 40
163 46
164 54
165 50
166 78
167 64
168 100
169 66
170 95
171 104
172 141
173 136
174 153
175 163
176 165
177 169
178 214
179 208
180 218
181 243
182 242
183 305
184 290
185 263
186 306
187 360
188 381
189 370
190 434
191 488
192 493
193 553
194 601
195 567
196 612
197 665
198 730
199 729
200 791
201 870
202 829
203 927
204 965
205 1095
206 1041
207 1110
208 1200
209 1276
210 1331
211 1323
212 1328
213 1418
214 1453
215 1403
216 1538
217 1598
218 1550
219 1715
220 1724
221 1728
222 1808
223 1824
224 1934
225 1998
226 2077
227 2291
228 2497
229 2668
230 2847
231 2844
232 2939
233 2856
234 2849
235 2739
236 2680
237 2514
238 2581
239 2505
240 2335
241 2442
242 2420
243 2346
244 2492
245 2526
246 2501
247 2447
248 2396
249 2405
250 2406
251 2364
252 2506
253 2639
254 2676
255 2883
256 2836
257 3021
258 3058
259 3027
260 3054
261 3018
262 2985
263 2947
264 2750
265 2775
266 2653
267 2647
268 2498
269 2390
270 2323
271 2279
272 2332
273 2231
274 2151
275 2129
276 2063
277 1891
278 1910
279 1796
280 1718
281 1589
282 1576
283 1487
284 1469
285 1351
286 1324
287 1397
288 1297
289 1170
290 1193
291 1202
292 1024
293 1000
294 966
295 921
296 793
297 816
298 775
299 683
300 724
301 684
302 624
303 623
304 567
305 589
306 512
307 516
308 498
309 450
310 431
311 423
312 449
313 408
314 383
315 372
316 351
317 335
318 316
319 357
320 268
321 316
322 274
323 267
324 200
325 245
326 189
327 164
328 124
329 94
330 73
331 76
332 74
333 62
334 51
335 50
336 59
337 46
338 25
339 54
340 59
341 61
342 57
343 53
344 55
345 48
346 55
347 44
348 35
349 22
350 21
351 14
352 10
353 7
354 7
355 2
356 0
357 0
358 0
359 1
360 3
361 0
362 3
363 1
364 1
