0 0
1 0
2 0
3 0
4 0
5 0
6 0
7 0
8 0
9 0
10 0
11 0
12 1
13 0
14 0
15 0
16 0
17 0
18 0
19 0
20 0
21 0
22 0
23 0
24 0
25 0
26 0
27 0
28 0
29 0
30 0
31 0
32 0
33 0
34 0
35 0
36 0
37 0
38 0
39 0
40 0
41 0
42 0
43 0
44 0
45 0
46 0
47 0
48 0
49 0
50 0
51 0
52 0
53 0
54 0
55 0
56 0
57 0
58 0
59 0
60 0
61 0
62 0
63 0
64 0
65 0
66 0
67 0
68 0
69 0
70 0
71 0
72 0
73 1
74 0
75 0
76 0
77 0
78 0
79 0
80 0
81 0
82 0
83 0
84 0
85 0
86 0
87 0
88 0
89 0
90 0
91 0
92 0
93 0
94 0
95 0
96 0
97 0
98 0
99 0
100 0
101 0
102 0
103 0
104 0
105 0
106 0
107 0
108 0
109 0
110 2
111 0
112 1
113 1
114 1
115 4
116 9
117 5
118 7
119 5
120 5
121 4
122 3
123 5
124 5
125 10
126 10
127 10
128 12
129 9
130 12
131 14
132 27
133 40
134 31
135 36
136 60
137 49
138 47
139 84
140 74
141 74
142 133
143 102
144 120
145 98
146 133
147 138
148 182
149 146
150 236
151 197
152 227
153 243
154 262
155 219
156 265
157 240
158 272
159 280
160 300
161 320
162 375
163 372
164 478
165 473
166 462
167 564
168 633
169 616
170 645
171 696
172 801
173 767
174 871
175 847
176 836
177 853
178 883
179 897
180 945
181 846
182 931
183 987
184 1055
185 1069
186 1186
187 1100
188 1374
189 1430
190 1528
191 1668
192 1754
193 1836
194 1898
195 1851
196 1751
197 1719
198 1862
199 1965
200 2049
201 2185
202 2182
203 2393
204 2466
205 2447
206 2567
207 2582
208 2625
209 2544
210 2455
211 2453
212 2306
213 2437
214 2311
215 2205
216 2241
217 2247
218 2273
219 2302
220 2261
221 2367
222 2310
223 2264
224 2152
225 2240
226 2257
227 2276
228 2293
229 2291
230 2441
231 2457
232 2375
233 2449
234 2525
235 2649
236 2570
237 2492
238 2386
239 2528
240 2442
241 2522
242 2399
243 2289
244 2283
245 2427
246 2138
247 2213
248 2120
249 2026
250 2041
251 1863
252 1759
253 1567
254 1634
255 1563
256 1544
257 1569
258 1472
259 1536
260 1486
261 1503
262 1492
263 1438
264 1356
265 1306
266 1354
267 1239
268 1219
269 1193
270 1132
271 1147
272 1096
273 919
274 965
275 908
276 940
277 852
278 826
279 817
280 793
281 790
282 732
283 689
284 658
285 653
286 573
287 515
288 575
289 516
290 492
291 450
292 439
293 453
294 414
295 356
296 321
297 349
298 390
299 427
300 448
301 592
302 552
303 610
304 654
305 651
306 644
307 574
308 489
309 336
310 329
311 276
312 177
313 162
314 108
315 80
316 63
317 67
318 49
319 46
320 44
321 59
322 42
323 38
324 42
325 22
326 38
327 11
328 30
329 27
330 10
331 21
332 14
333 22
334 9
335 17
336 15
337 18
338 11
339 14
340 17
341 16
342 27
343 27
344 15
345 9
346 13
347 4
348 5
349 12
350 8
351 10
352 9
353 11
354 6
355 10
356 1
357 10
358 6
359 4
360 6
361 1
362 1
363 0
364 4
365 2
366 1
367 1
368 2
369 1
370 1
371 1
372 0
373 2
