0 0
1 0
2 0
3 0
4 0
5 0
6 0
7 0
8 0
9 0
10 0
11 0
12 0
13 0
14 0
15 0
16 0
17 0
18 0
19 0
20 0
21 0
22 0
23 0
24 2
25 1
26 0
27 0
28 0
29 0
30 0
31 0
32 0
33 0
34 1
35 0
36 1
37 0
38 0
39 0
40 0
41 0
42 0
43 0
44 0
45 0
46 0
47 0
48 0
49 0
50 0
51 0
52 0
53 0
54 0
55 0
56 0
57 0
58 0
59 0
60 0
61 0
62 0
63 0
64 0
65 0
66 0
67 0
68 0
69 0
70 0
71 0
72 0
73 0
74 0
75 0
76 0
77 0
78 0
79 1
80 0
81 0
82 0
83 0
84 0
85 0
86 0
87 0
88 0
89 0
90 0
91 0
92 0
93 0
94 0
95 0
96 1
97 0
98 1
99 0
100 0
101 0
102 0
103 2
104 0
105 1
106 0
107 0
108 0
109 0
110 0
111 0
112 2
113 0
114 1
115 0
116 0
117 0
118 2
119 1
120 0
121 0
122 3
123 0
124 7
125 7
126 2
127 2
128 0
129 2
130 0
131 4
132 11
133 6
134 10
135 28
136 28
137 27
138 39
139 50
140 31
141 57
142 79
143 119
144 91
145 131
146 130
147 159
148 153
149 170
150 172
151 187
152 174
153 221
154 318
155 303
156 322
157 406
158 425
159 486
160 475
161 497
162 606
163 702
164 638
165 837
166 894
167 1068
168 985
169 1031
170 976
171 988
172 948
173 941
174 892
175 922
176 803
177 906
178 849
179 928
180 922
181 1077
182 1059
183 1123
184 1119
185 1100
186 1252
187 1281
188 1335
189 1353
190 1419
191 1571
192 1586
193 1584
194 1632
195 1547
196 1679
197 1514
198 1596
199 1645
200 1677
201 1579
202 1624
203 1756
204 1594
205 1570
206 1765
207 1704
208 1696
209 1561
210 1551
211 1638
212 1546
213 1604
214 1686
215 1758
216 1724
217 1863
218 1885
219 1957
220 1900
221 2008
222 2048
223 1997
224 2254
225 2245
226 2263
227 2188
228 2351
229 2323
230 2213
231 2199
232 2183
233 2280
234 2122
235 2150
236 1909
237 2054
238 2062
239 1985
240 2036
241 1955
242 2069
243 2022
244 2020
245 1977
246 2082
247 2049
248 2093
249 2102
250 2066
251 2179
252 2171
253 2042
254 1988
255 2194
256 2189
257 2097
258 2145
259 1844
260 1723
261 1819
262 1732
263 1694
264 1625
265 1433
266 1436
267 1408
268 1387
269 1351
270 1296
271 1233
272 1332
273 1395
274 1289
275 1425
276 1362
277 1315
278 1312
279 1330
280 1239
281 1408
282 1369
283 1263
284 1278
285 1057
286 1046
287 945
288 888
289 1009
290 937
291 942
292 969
293 852
294 791
295 654
296 632
297 512
298 493
299 423
300 430
301 392
302 367
303 349
304 363
305 327
306 321
307 294
308 324
309 278
310 262
311 228
312 254
313 240
314 260
315 195
316 185
317 154
318 136
319 126
320 131
321 117
322 119
323 110
324 84
325 88
326 88
327 62
328 81
329 61
330 65
331 65
332 49
333 56
334 35
335 33
336 50
337 32
338 23
339 20
340 31
341 27
342 25
343 22
344 27
345 20
346 17
347 18
348 15
349 20
350 13
351 7
352 18
353 1
354 14
355 7
356 7
357 5
358 5
359 3
360 3
361 0
362 1
363 3
364 3
365 2
366 7
367 2
368 3
369 6
370 2
371 3
372 3
373 6
374 7
375 2
376 3
377 2
378 0
379 2
380 3
381 0
382 0
383 0
384 1
