0 0
1 0
2 0
3 0
4 0
5 0
6 0
7 0
8 0
9 0
10 0
11 0
12 0
13 0
14 0
15 0
16 0
17 0
18 0
19 0
20 0
21 0
22 0
23 0
24 0
25 0
26 0
27 0
28 0
29 0
30 0
31 0
32 0
33 0
34 0
35 0
36 0
37 0
38 0
39 0
40 0
41 0
42 0
43 0
44 0
45 0
46 0
47 0
48 0
49 0
50 0
51 0
52 0
53 0
54 0
55 0
56 0
57 0
58 0
59 0
60 0
61 0
62 0
63 0
64 0
65 0
66 0
67 0
68 0
69 0
70 0
71 0
72 0
73 0
74 0
75 0
76 0
77 0
78 0
79 0
80 0
81 0
82 0
83 0
84 0
85 0
86 0
87 0
88 0
89 0
90 0
91 0
92 0
93 0
94 0
95 0
96 0
97 0
98 0
99 0
100 0
101 0
102 0
103 0
104 0
105 0
106 0
107 0
108 1
109 0
110 0
111 0
112 0
113 1
114 1
115 1
116 1
117 1
118 4
119 3
120 2
121 2
122 2
123 4
124 4
125 2
126 0
127 2
128 3
129 2
130 4
131 10
132 3
133 3
134 2
135 14
136 11
137 17
138 22
139 18
140 25
141 25
142 30
143 33
144 37
145 51
146 66
147 93
148 121
149 176
150 174
151 183
152 277
153 275
154 341
155 354
156 391
157 427
158 484
159 449
160 529
161 545
162 538
163 644
164 692
165 701
166 737
167 746
168 830
169 863
170 917
171 985
172 1021
173 1207
174 1324
175 1398
176 1507
177 1524
178 1678
179 1795
180 1631
181 1627
182 1691
183 1586
184 1655
185 1685
186 1621
187 1657
188 1705
189 1742
190 1751
191 1840
192 1887
193 1924
194 1985
195 2164
196 2240
197 2340
198 2499
199 2596
200 2804
201 2906
202 3016
203 2938
204 2732
205 2762
206 2518
207 2451
208 2323
209 2352
210 2185
211 2199
212 2217
213 2088
214 2146
215 2063
216 1990
217 1954
218 1966
219 1969
220 1820
221 1823
222 1920
223 1956
224 1860
225 1875
226 1870
227 1898
228 1828
229 1791
230 1876
231 1830
232 1818
233 1902
234 1998
235 1849
236 1787
237 1732
238 1825
239 1682
240 1655
241 1633
242 1692
243 1774
244 1655
245 1826
246 1805
247 1800
248 1729
249 1750
250 1687
251 1735
252 1737
253 1697
254 1771
255 1918
256 1893
257 2000
258 1884
259 1897
260 1883
261 1822
262 1625
263 1473
264 1536
265 1455
266 1316
267 1273
268 1311
269 1143
270 1014
271 1101
272 1017
273 926
274 857
275 829
276 820
277 748
278 735
279 772
280 702
281 613
282 583
283 537
284 483
285 493
286 534
287 492
288 508
289 472
290 512
291 491
292 518
293 436
294 464
295 437
296 407
297 380
298 403
299 359
300 375
301 280
302 284
303 319
304 289
305 278
306 229
307 261
308 240
309 178
310 184
311 176
312 191
313 194
314 171
315 140
316 131
317 148
318 102
319 110
320 79
321 73
322 58
323 63
324 74
325 55
326 55
327 37
328 47
329 42
330 34
331 37
332 36
333 41
334 35
335 31
336 29
337 32
338 27
339 28
340 19
341 35
342 16
343 23
344 10
345 12
346 18
347 6
348 14
349 15
350 8
351 9
352 8
353 5
354 13
355 10
356 12
357 10
358 18
359 8
360 16
361 8
362 5
363 7
364 10
365 5
366 7
367 4
368 4
369 2
370 2
371 1
372 5
373 3
374 9
375 0
376 4
377 6
378 0
379 0
380 0
381 0
382 1
383 2
384 2
385 4
386 0
387 1
388 1
389 1
390 4
391 0
392 0
393 5
394 1
395 1
396 2
397 2
398 2
399 0
400 2
