0 0
1 0
2 0
3 0
4 0
5 0
6 0
7 0
8 0
9 0
10 0
11 0
12 0
13 0
14 0
15 0
16 0
17 0
18 0
19 0
20 0
21 0
22 0
23 0
24 0
25 0
26 0
27 0
28 0
29 0
30 0
31 0
32 0
33 0
34 0
35 0
36 0
37 0
38 0
39 0
40 0
41 0
42 0
43 0
44 0
45 0
46 0
47 0
48 0
49 0
50 0
51 0
52 0
53 0
54 0
55 0
56 0
57 0
58 0
59 0
60 0
61 0
62 0
63 0
64 0
65 0
66 0
67 0
68 0
69 0
70 0
71 0
72 0
73 0
74 0
75 0
76 0
77 0
78 0
79 0
80 0
81 0
82 0
83 0
84 0
85 1
86 0
87 0
88 0
89 2
90 1
91 1
92 0
93 1
94 2
95 4
96 5
97 3
98 5
99 4
100 2
101 2
102 5
103 4
104 6
105 3
106 3
107 9
108 9
109 6
110 4
111 12
112 11
113 16
114 10
115 15
116 14
117 12
118 20
119 21
120 25
121 38
122 28
123 65
124 62
125 95
126 144
127 153
128 172
129 134
130 166
131 170
132 191
133 163
134 186
135 228
136 221
137 205
138 236
139 250
140 277
141 266
142 274
143 307
144 302
145 263
146 300
147 334
148 294
149 329
150 314
151 365
152 378
153 339
154 374
155 401
156 460
157 505
158 467
159 574
160 598
161 616
162 661
163 707
164 738
165 739
166 750
167 787
168 838
169 817
170 956
171 880
172 956
173 924
174 978
175 960
176 982
177 999
178 1069
179 1249
180 1268
181 1205
182 1361
183 1439
184 1403
185 1473
186 1689
187 1788
188 2003
189 2088
190 2153
191 2083
192 2086
193 1972
194 2143
195 1822
196 1941
197 1895
198 1911
199 1863
200 1877
201 1889
202 1886
203 2029
204 2054
205 2124
206 2164
207 2422
208 2362
209 2444
210 2345
211 2422
212 2391
213 2268
214 2280
215 2366
216 2199
217 2248
218 2276
219 2351
220 2447
221 2391
222 2434
223 2471
224 2454
225 2544
226 2392
227 2410
228 2326
229 2326
230 2193
231 2296
232 2300
233 2347
234 2416
235 2370
236 2451
237 2449
238 2439
239 2356
240 2347
241 2235
242 2127
243 2095
244 2095
245 2046
246 1922
247 1759
248 1784
249 1731
250 1604
251 1529
252 1463
253 1430
254 1386
255 1294
256 1221
257 1182
258 1126
259 1105
260 1025
261 920
262 944
263 916
264 870
265 825
266 817
267 751
268 770
269 715
270 780
271 729
272 814
273 730
274 740
275 859
276 914
277 912
278 919
279 879
280 846
281 945
282 836
283 788
284 730
285 655
286 603
287 576
288 513
289 427
290 445
291 406
292 355
293 391
294 377
295 368
296 318
297 322
298 316
299 320
300 300
301 265
302 221
303 268
304 225
305 231
306 200
307 221
308 169
309 198
310 189
311 199
312 170
313 185
314 168
315 144
316 165
317 164
318 136
319 123
320 147
321 116
322 102
323 73
324 93
325 116
326 65
327 61
328 46
329 38
330 23
331 33
332 31
333 21
334 16
335 22
336 18
337 20
338 11
339 19
340 10
341 15
342 19
343 16
344 19
345 15
346 22
347 11
348 9
349 7
350 1
351 5
352 7
353 7
354 2
355 0
356 1
357 1
358 1
359 1
360 1
361 1
362 0
363 0
364 1
365 0
366 0
367 0
368 0
369 2
370 0
371 0
372 1
