0 1
1 0
2 0
3 0
4 0
5 0
6 0
7 0
8 0
9 0
10 0
11 0
12 0
13 0
14 0
15 0
16 0
17 0
18 0
19 0
20 0
21 0
22 0
23 0
24 0
25 0
26 0
27 0
28 0
29 0
30 0
31 0
32 0
33 0
34 0
35 0
36 0
37 0
38 0
39 0
40 0
41 0
42 0
43 0
44 0
45 0
46 0
47 0
48 0
49 2
50 0
51 0
52 0
53 0
54 0
55 0
56 0
57 0
58 0
59 0
60 0
61 0
62 0
63 2
64 1
65 0
66 0
67 0
68 0
69 0
70 0
71 0
72 0
73 0
74 0
75 0
76 0
77 0
78 0
79 0
80 0
81 0
82 0
83 0
84 0
85 0
86 0
87 0
88 0
89 0
90 0
91 0
92 0
93 0
94 0
95 0
96 0
97 0
98 0
99 0
100 0
101 0
102 0
103 0
104 0
105 0
106 0
107 0
108 0
109 2
110 0
111 0
112 0
113 0
114 0
115 0
116 0
117 2
118 2
119 5
120 6
121 3
122 8
123 10
124 14
125 9
126 10
127 9
128 17
129 13
130 12
131 10
132 10
133 12
134 9
135 12
136 9
137 11
138 15
139 11
140 17
141 22
142 24
143 25
144 33
145 22
146 40
147 38
148 42
149 32
150 58
151 84
152 71
153 101
154 141
155 164
156 190
157 256
158 342
159 321
160 436
161 529
162 518
163 563
164 586
165 656
166 691
167 729
168 683
169 644
170 622
171 682
172 698
173 701
174 722
175 758
176 611
177 614
178 642
179 649
180 687
181 677
182 720
183 656
184 750
185 837
186 861
187 869
188 1025
189 1020
190 993
191 1080
192 1108
193 1085
194 1157
195 1211
196 1320
197 1326
198 1386
199 1426
200 1432
201 1474
202 1414
203 1616
204 1576
205 1871
206 1778
207 1928
208 1981
209 2126
210 2241
211 2357
212 2426
213 2456
214 2568
215 2463
216 2571
217 2557
218 2541
219 2600
220 2476
221 2531
222 2673
223 2606
224 2695
225 2813
226 2791
227 2613
228 2836
229 2633
230 2783
231 2588
232 2660
233 2824
234 2817
235 2855
236 2981
237 2908
238 2904
239 2871
240 2802
241 2885
242 2871
243 2680
244 2876
245 2677
246 2735
247 2756
248 2501
249 2638
250 2358
251 2458
252 2372
253 2244
254 2280
255 2101
256 2023
257 2140
258 1938
259 2020
260 1949
261 1864
262 1814
263 1743
264 1748
265 1755
266 1707
267 1630
268 1545
269 1515
270 1368
271 1297
272 1293
273 1282
274 1114
275 1174
276 973
277 973
278 895
279 871
280 793
281 737
282 674
283 700
284 626
285 577
286 558
287 526
288 516
289 467
290 449
291 434
292 353
293 304
294 323
295 250
296 261
297 189
298 214
299 170
300 182
301 147
302 130
303 137
304 135
305 106
306 95
307 94
308 110
309 87
310 69
311 71
312 68
313 70
314 46
315 59
316 50
317 39
318 50
319 39
320 34
321 33
322 31
323 31
324 32
325 25
326 29
327 35
328 27
329 13
330 26
331 20
332 21
333 10
334 12
335 11
336 5
337 7
338 10
339 7
340 8
341 7
342 6
343 11
344 11
345 9
346 8
347 10
348 2
349 9
350 4
351 1
352 2
353 1
354 0
355 2
356 1
357 2
358 0
359 1
360 1
