0 0
1 0
2 0
3 0
4 0
5 0
6 0
7 0
8 0
9 0
10 0
11 0
12 0
13 0
14 0
15 0
16 0
17 0
18 0
19 0
20 0
21 0
22 0
23 0
24 0
25 0
26 0
27 0
28 0
29 0
30 0
31 0
32 0
33 0
34 0
35 0
36 0
37 0
38 0
39 0
40 0
41 0
42 0
43 0
44 0
45 0
46 0
47 0
48 0
49 0
50 0
51 0
52 0
53 0
54 0
55 0
56 0
57 0
58 0
59 0
60 0
61 0
62 0
63 0
64 0
65 0
66 0
67 0
68 0
69 0
70 0
71 0
72 0
73 0
74 0
75 0
76 0
77 0
78 0
79 0
80 0
81 0
82 0
83 0
84 0
85 0
86 0
87 0
88 0
89 0
90 0
91 0
92 0
93 0
94 0
95 0
96 0
97 0
98 0
99 0
100 0
101 0
102 0
103 0
104 0
105 0
106 0
107 0
108 0
109 2
110 0
111 0
112 0
113 2
114 2
115 2
116 4
117 3
118 9
119 10
120 13
121 10
122 19
123 16
124 16
125 19
126 18
127 21
128 17
129 14
130 9
131 9
132 16
133 12
134 19
135 14
136 30
137 26
138 35
139 32
140 39
141 30
142 41
143 51
144 49
145 76
146 104
147 89
148 116
149 141
150 133
151 137
152 161
153 187
154 233
155 250
156 243
157 209
158 333
159 344
160 384
161 439
162 453
163 551
164 585
165 563
166 558
167 640
168 617
169 616
170 607
171 760
172 757
173 660
174 665
175 793
176 791
177 866
178 1065
179 997
180 1083
181 1048
182 1063
183 1051
184 1041
185 1092
186 1058
187 1129
188 1025
189 1012
190 972
191 1023
192 960
193 1161
194 992
195 1128
196 995
197 1086
198 1089
199 1223
200 1203
201 1372
202 1305
203 1328
204 1387
205 1367
206 1358
207 1511
208 1577
209 1677
210 1785
211 1758
212 1819
213 1802
214 1830
215 1934
216 1928
217 1945
218 1898
219 1854
220 1819
221 1709
222 1721
223 1649
224 1727
225 1733
226 1831
227 1854
228 1944
229 1818
230 1941
231 1954
232 2141
233 2158
234 2114
235 2097
236 2214
237 2030
238 2239
239 2264
240 2250
241 2139
242 2148
243 2083
244 1997
245 1993
246 2090
247 1977
248 2075
249 2059
250 2099
251 2127
252 2069
253 2133
254 2146
255 2044
256 1952
257 1958
258 1937
259 1897
260 1934
261 2015
262 1746
263 1872
264 1865
265 1884
266 1557
267 1651
268 1613
269 1709
270 1652
271 1519
272 1566
273 1513
274 1464
275 1527
276 1513
277 1560
278 1538
279 1483
280 1513
281 1294
282 1434
283 1310
284 1178
285 1019
286 1096
287 1073
288 1074
289 953
290 984
291 1052
292 1031
293 1063
294 1061
295 1101
296 993
297 954
298 1007
299 856
300 948
301 860
302 837
303 744
304 671
305 630
306 624
307 608
308 538
309 499
310 430
311 449
312 422
313 362
314 403
315 398
316 357
317 348
318 366
319 365
320 315
321 303
322 320
323 312
324 297
325 262
326 268
327 225
328 223
329 159
330 146
331 154
332 145
333 131
334 98
335 110
336 95
337 89
338 69
339 70
340 54
341 48
342 46
343 41
344 47
345 31
346 23
347 37
348 33
349 12
350 33
351 22
352 22
353 32
354 17
355 15
356 31
357 15
358 14
359 11
360 10
361 8
362 7
363 3
364 3
365 1
366 0
367 1
368 0
369 1
370 0
371 0
372 1
373 1
374 0
375 0
376 0
377 0
378 0
379 0
380 0
381 0
382 0
383 0
384 0
385 0
386 0
387 1
