0 0
1 0
2 0
3 0
4 0
5 0
6 0
7 0
8 0
9 0
10 0
11 0
12 0
13 0
14 0
15 0
16 0
17 0
18 0
19 0
20 0
21 0
22 0
23 0
24 0
25 0
26 0
27 0
28 0
29 0
30 0
31 0
32 0
33 0
34 0
35 0
36 0
37 0
38 0
39 0
40 0
41 0
42 0
43 0
44 0
45 0
46 0
47 0
48 0
49 0
50 0
51 0
52 0
53 0
54 0
55 0
56 0
57 0
58 0
59 0
60 0
61 0
62 0
63 0
64 0
65 0
66 0
67 0
68 0
69 0
70 0
71 0
72 0
73 0
74 0
75 0
76 0
77 0
78 0
79 0
80 0
81 0
82 0
83 0
84 0
85 0
86 0
87 0
88 0
89 0
90 0
91 0
92 0
93 0
94 0
95 0
96 0
97 0
98 0
99 0
100 0
101 0
102 0
103 0
104 0
105 0
106 1
107 0
108 1
109 2
110 4
111 6
112 4
113 5
114 8
115 5
116 8
117 9
118 13
119 18
120 9
121 14
122 16
123 27
124 21
125 22
126 25
127 35
128 45
129 43
130 42
131 61
132 54
133 62
134 96
135 95
136 102
137 107
138 127
139 157
140 122
141 148
142 152
143 137
144 162
145 164
146 180
147 175
148 244
149 266
150 264
151 313
152 278
153 306
154 350
155 369
156 427
157 445
158 478
159 532
160 468
161 495
162 532
163 519
164 525
165 565
166 642
167 583
168 630
169 675
170 636
171 698
172 765
173 726
174 781
175 784
176 832
177 868
178 930
179 937
180 1038
181 1030
182 1043
183 1075
184 1234
185 1248
186 1399
187 1508
188 1674
189 1761
190 1801
191 1854
192 2112
193 2045
194 2065
195 2185
196 2228
197 1995
198 2139
199 2215
200 2138
201 2242
202 2167
203 2373
204 2433
205 2479
206 2635
207 2727
208 2822
209 2933
210 3030
211 3014
212 2962
213 3181
214 3123
215 3200
216 3072
217 2988
218 3049
219 2811
220 2915
221 2678
222 2875
223 2706
224 2682
225 2502
226 2674
227 2606
228 2603
229 2729
230 2606
231 2482
232 2442
233 2574
234 2507
235 2471
236 2296
237 2318
238 2076
239 2187
240 2049
241 2173
242 2063
243 2136
244 2037
245 2006
246 1899
247 1752
248 1903
249 1836
250 1592
251 1540
252 1570
253 1492
254 1431
255 1384
256 1263
257 1350
258 1250
259 1294
260 1282
261 1231
262 1051
263 1096
264 1124
265 1005
266 1002
267 965
268 820
269 908
270 824
271 872
272 809
273 836
274 819
275 778
276 692
277 668
278 572
279 594
280 538
281 517
282 491
283 417
284 438
285 366
286 366
287 340
288 265
289 342
290 354
291 262
292 259
293 245
294 210
295 204
296 218
297 212
298 207
299 185
300 183
301 154
302 167
303 143
304 133
305 130
306 119
307 88
308 106
309 91
310 82
311 90
312 82
313 96
314 77
315 80
316 74
317 85
318 64
319 56
320 57
321 59
322 56
323 35
324 41
325 50
326 37
327 30
328 26
329 13
330 21
331 14
332 14
333 15
334 6
335 1
336 5
337 1
338 4
339 1
340 1
341 1
342 2
343 2
344 0
345 0
346 0
347 1
