0 0
1 0
2 0
3 0
4 0
5 0
6 0
7 0
8 0
9 0
10 0
11 0
12 0
13 0
14 0
15 0
16 0
17 0
18 0
19 0
20 0
21 0
22 0
23 0
24 0
25 0
26 0
27 0
28 0
29 0
30 0
31 0
32 0
33 0
34 0
35 0
36 0
37 0
38 0
39 0
40 0
41 0
42 0
43 0
44 0
45 0
46 0
47 0
48 0
49 0
50 0
51 0
52 0
53 0
54 0
55 0
56 0
57 0
58 0
59 0
60 0
61 0
62 0
63 0
64 0
65 0
66 0
67 0
68 0
69 0
70 0
71 0
72 0
73 0
74 0
75 0
76 0
77 0
78 0
79 0
80 0
81 0
82 0
83 0
84 0
85 0
86 0
87 0
88 0
89 0
90 0
91 0
92 0
93 0
94 0
95 0
96 0
97 0
98 0
99 0
100 0
101 0
102 1
103 0
104 1
105 1
106 1
107 7
108 10
109 14
110 20
111 12
112 15
113 14
114 11
115 20
116 27
117 29
118 28
119 28
120 41
121 32
122 29
123 18
124 26
125 17
126 20
127 15
128 12
129 6
130 5
131 8
132 7
133 4
134 8
135 5
136 5
137 9
138 13
139 10
140 15
141 17
142 18
143 14
144 10
145 12
146 16
147 23
148 20
149 23
150 20
151 34
152 31
153 44
154 48
155 57
156 81
157 82
158 95
159 146
160 147
161 163
162 137
163 127
164 146
165 158
166 169
167 196
168 166
169 211
170 177
171 245
172 242
173 282
174 265
175 310
176 405
177 379
178 406
179 454
180 479
181 498
182 523
183 572
184 614
185 668
186 685
187 709
188 751
189 806
190 824
191 888
192 866
193 935
194 975
195 1041
196 1152
197 1132
198 1186
199 1182
200 1201
201 1210
202 1363
203 1281
204 1259
205 1383
206 1304
207 1352
208 1406
209 1370
210 1495
211 1486
212 1501
213 1584
214 1753
215 1628
216 1629
217 1863
218 1888
219 1792
220 1960
221 1808
222 1904
223 1925
224 2051
225 2263
226 2419
227 2589
228 2868
229 2912
230 2884
231 2932
232 2828
233 2758
234 2792
235 2735
236 2639
237 2656
238 2706
239 2823
240 2803
241 2750
242 2697
243 2678
244 2518
245 2457
246 2385
247 2295
248 2352
249 2381
250 2342
251 2369
252 2305
253 2442
254 2377
255 2518
256 2568
257 2529
258 2617
259 2502
260 2502
261 2487
262 2317
263 2237
264 2046
265 2080
266 1938
267 1764
268 1767
269 1914
270 1733
271 1926
272 1938
273 1885
274 2022
275 2050
276 1913
277 1917
278 1786
279 1809
280 1767
281 1409
282 1375
283 1176
284 1113
285 1022
286 975
287 944
288 792
289 787
290 734
291 660
292 702
293 647
294 679
295 630
296 595
297 614
298 611
299 587
300 486
301 492
302 481
303 412
304 438
305 397
306 297
307 326
308 396
309 265
310 291
311 350
312 342
313 369
314 330
315 335
316 321
317 290
318 291
319 337
320 248
321 222
322 215
323 240
324 195
325 194
326 183
327 163
328 150
329 139
330 129
331 141
332 117
333 92
334 87
335 65
336 70
337 48
338 70
339 52
340 51
341 30
342 24
343 24
344 20
345 18
346 15
347 16
348 7
349 8
350 9
351 5
352 8
353 5
354 6
355 6
356 5
357 2
358 6
359 5
360 4
361 2
362 4
363 16
364 6
365 3
366 0
367 3
368 2
369 2
370 0
371 0
372 0
373 0
374 0
375 0
376 0
377 0
378 0
379 2
380 0
381 0
382 0
383 0
384 0
385 0
386 0
387 0
388 0
389 0
390 0
391 1
392 0
393 0
394 0
395 0
396 0
397 0
398 1
399 0
400 0
401 0
402 1
