0 0
1 0
2 0
3 0
4 0
5 0
6 0
7 0
8 0
9 0
10 0
11 0
12 0
13 0
14 0
15 0
16 0
17 0
18 0
19 0
20 0
21 0
22 0
23 0
24 0
25 0
26 0
27 0
28 0
29 0
30 0
31 0
32 0
33 0
34 0
35 0
36 0
37 0
38 0
39 0
40 0
41 0
42 0
43 0
44 0
45 0
46 0
47 0
48 0
49 0
50 0
51 0
52 0
53 0
54 0
55 0
56 0
57 0
58 0
59 0
60 0
61 0
62 0
63 0
64 0
65 0
66 0
67 0
68 0
69 0
70 0
71 0
72 0
73 0
74 0
75 0
76 0
77 0
78 0
79 0
80 0
81 0
82 0
83 0
84 0
85 0
86 0
87 0
88 0
89 0
90 0
91 0
92 0
93 0
94 0
95 0
96 0
97 0
98 0
99 0
100 0
101 0
102 0
103 0
104 0
105 0
106 0
107 0
108 0
109 0
110 0
111 0
112 0
113 0
114 0
115 0
116 0
117 0
118 0
119 0
120 1
121 0
122 0
123 0
124 1
125 1
126 2
127 1
128 2
129 1
130 1
131 3
132 2
133 1
134 1
135 6
136 3
137 9
138 5
139 6
140 10
141 17
142 24
143 11
144 33
145 21
146 33
147 34
148 31
149 50
150 50
151 57
152 92
153 62
154 105
155 133
156 129
157 168
158 144
159 184
160 184
161 208
162 162
163 178
164 185
165 202
166 176
167 182
168 188
169 226
170 266
171 304
172 391
173 376
174 479
175 547
176 604
177 683
178 713
179 739
180 642
181 726
182 794
183 837
184 806
185 868
186 892
187 936
188 993
189 1101
190 1171
191 1169
192 1278
193 1283
194 1365
195 1451
196 1413
197 1535
198 1677
199 1835
200 1860
201 2147
202 2135
203 2278
204 2092
205 2216
206 2002
207 2132
208 2081
209 2156
210 2264
211 2294
212 2401
213 2546
214 2485
215 2602
216 2634
217 2667
218 2757
219 2779
220 2909
221 3054
222 3016
223 3034
224 2987
225 2993
226 3206
227 3157
228 2970
229 3011
230 2935
231 2774
232 2849
233 2783
234 2787
235 2745
236 2862
237 2659
238 2663
239 2628
240 2846
241 2747
242 2719
243 2663
244 2647
245 2584
246 2696
247 2532
248 2489
249 2460
250 2303
251 2381
252 2474
253 2296
254 2124
255 2062
256 2000
257 1940
258 1752
259 1665
260 1759
261 1751
262 1823
263 1651
264 1727
265 1793
266 1749
267 1658
268 1604
269 1475
270 1393
271 1320
272 1256
273 1191
274 1042
275 998
276 892
277 896
278 847
279 844
280 772
281 694
282 694
283 657
284 645
285 585
286 525
287 507
288 416
289 397
290 407
291 366
292 333
293 310
294 265
295 260
296 208
297 207
298 193
299 177
300 183
301 163
302 147
303 113
304 104
305 83
306 68
307 92
308 75
309 59
310 67
311 64
312 55
313 48
314 45
315 30
316 23
317 19
318 37
319 22
320 23
321 12
322 14
323 10
324 8
325 9
326 11
327 10
328 9
329 5
330 1
331 1
332 3
333 2
334 4
335 4
336 7
337 0
338 1
