0 0
1 0
2 0
3 0
4 0
5 0
6 0
7 0
8 0
9 0
10 0
11 0
12 0
13 0
14 0
15 0
16 0
17 0
18 0
19 0
20 0
21 0
22 0
23 0
24 1
25 0
26 0
27 0
28 0
29 0
30 0
31 0
32 0
33 0
34 0
35 0
36 0
37 0
38 0
39 0
40 0
41 0
42 0
43 0
44 0
45 0
46 0
47 0
48 0
49 0
50 0
51 0
52 0
53 0
54 0
55 0
56 0
57 0
58 0
59 0
60 0
61 0
62 0
63 0
64 0
65 0
66 0
67 0
68 0
69 0
70 0
71 0
72 0
73 0
74 0
75 0
76 0
77 0
78 0
79 0
80 0
81 0
82 0
83 0
84 1
85 0
86 0
87 0
88 0
89 0
90 0
91 0
92 0
93 0
94 0
95 0
96 0
97 0
98 0
99 0
100 0
101 0
102 1
103 0
104 1
105 0
106 0
107 0
108 0
109 0
110 1
111 0
112 0
113 0
114 0
115 0
116 0
117 0
118 0
119 0
120 2
121 5
122 3
123 0
124 2
125 5
126 8
127 8
128 5
129 15
130 22
131 41
132 41
133 47
134 49
135 58
136 67
137 66
138 57
139 57
140 55
141 66
142 89
143 76
144 92
145 103
146 111
147 158
148 207
149 215
150 288
151 360
152 365
153 352
154 334
155 280
156 251
157 212
158 210
159 191
160 193
161 218
162 193
163 232
164 250
165 227
166 241
167 273
168 287
169 324
170 345
171 391
172 420
173 411
174 433
175 460
176 515
177 616
178 600
179 649
180 677
181 710
182 681
183 781
184 818
185 888
186 970
187 933
188 989
189 1112
190 1122
191 1147
192 1222
193 1258
194 1283
195 1356
196 1353
197 1426
198 1377
199 1368
200 1468
201 1516
202 1584
203 1600
204 1823
205 1753
206 1638
207 1814
208 1655
209 1645
210 1621
211 1682
212 1621
213 1826
214 1764
215 1851
216 1738
217 1830
218 1826
219 1883
220 1895
221 2113
222 2329
223 2344
224 2330
225 2423
226 2446
227 2508
228 2501
229 2396
230 2353
231 2175
232 2264
233 2222
234 2098
235 2154
236 2149
237 2058
238 2026
239 1990
240 1937
241 1903
242 1871
243 1768
244 1786
245 1796
246 1879
247 1841
248 1951
249 1843
250 1979
251 2063
252 2278
253 2292
254 2416
255 2523
256 2579
257 2640
258 2662
259 2569
260 2546
261 2595
262 2344
263 2363
264 2259
265 2180
266 2063
267 2041
268 2009
269 1886
270 1884
271 1673
272 1654
273 1673
274 1498
275 1504
276 1435
277 1337
278 1291
279 1260
280 1255
281 1111
282 1151
283 1154
284 1008
285 1010
286 1060
287 992
288 1058
289 1093
290 1103
291 1138
292 1060
293 1065
294 1099
295 948
296 963
297 882
298 838
299 694
300 650
301 660
302 529
303 463
304 382
305 381
306 378
307 402
308 325
309 399
310 340
311 371
312 374
313 272
314 283
315 258
316 237
317 140
318 138
319 120
320 104
321 79
322 103
323 73
324 54
325 65
326 65
327 41
328 46
329 39
330 39
331 31
332 36
333 12
334 28
335 21
336 15
337 19
338 12
339 23
340 18
341 8
342 11
343 11
344 5
345 7
346 11
347 14
348 11
349 4
350 19
351 5
352 5
353 4
354 6
355 4
356 1
357 1
358 2
359 6
360 3
361 2
362 2
363 2
364 0
365 2
