0 0
1 0
2 0
3 0
4 0
5 0
6 0
7 0
8 0
9 0
10 0
11 0
12 0
13 0
14 0
15 0
16 0
17 0
18 0
19 0
20 0
21 0
22 0
23 0
24 1
25 0
26 0
27 0
28 0
29 0
30 0
31 0
32 0
33 1
34 0
35 0
36 0
37 0
38 0
39 0
40 0
41 0
42 0
43 0
44 0
45 1
46 0
47 0
48 0
49 0
50 0
51 0
52 0
53 0
54 0
55 0
56 0
57 0
58 0
59 0
60 0
61 2
62 0
63 0
64 0
65 0
66 0
67 0
68 0
69 0
70 0
71 0
72 2
73 0
74 2
75 1
76 0
77 0
78 0
79 0
80 0
81 1
82 0
83 0
84 0
85 0
86 0
87 0
88 0
89 0
90 0
91 0
92 0
93 0
94 2
95 0
96 0
97 0
98 1
99 0
100 3
101 0
102 2
103 0
104 0
105 1
106 0
107 0
108 0
109 0
110 2
111 1
112 0
113 0
114 1
115 1
116 1
117 1
118 0
119 0
120 1
121 0
122 0
123 2
124 4
125 1
126 0
127 0
128 1
129 0
130 2
131 0
132 0
133 2
134 0
135 1
136 1
137 0
138 3
139 4
140 3
141 7
142 2
143 4
144 4
145 3
146 7
147 13
148 10
149 5
150 13
151 12
152 9
153 21
154 7
155 17
156 17
157 16
158 17
159 18
160 43
161 22
162 33
163 20
164 35
165 37
166 45
167 61
168 66
169 74
170 64
171 97
172 90
173 124
174 144
175 174
176 243
177 202
178 290
179 303
180 327
181 309
182 353
183 327
184 353
185 351
186 439
187 450
188 447
189 500
190 575
191 569
192 658
193 720
194 746
195 816
196 975
197 864
198 995
199 953
200 979
201 1052
202 1095
203 1110
204 1163
205 1090
206 1161
207 1118
208 1209
209 1267
210 1317
211 1317
212 1416
213 1394
214 1410
215 1533
216 1645
217 1652
218 1758
219 1842
220 1821
221 1982
222 2144
223 2255
224 2420
225 2520
226 2661
227 2758
228 2752
229 2716
230 2843
231 2720
232 2785
233 2663
234 2624
235 2501
236 2479
237 2592
238 2450
239 2472
240 2356
241 2422
242 2289
243 2128
244 2153
245 2156
246 2048
247 1992
248 1943
249 1929
250 1859
251 1970
252 2020
253 1991
254 1999
255 2068
256 2084
257 2131
258 2252
259 2291
260 2176
261 2343
262 2460
263 2378
264 2322
265 2337
266 2266
267 2206
268 2148
269 2109
270 2105
271 2029
272 1810
273 1839
274 1769
275 1623
276 1581
277 1681
278 1578
279 1630
280 1606
281 1600
282 1644
283 1533
284 1524
285 1534
286 1449
287 1387
288 1335
289 1481
290 1278
291 1335
292 1350
293 1262
294 1290
295 1353
296 1501
297 1457
298 1405
299 1419
300 1311
301 1353
302 1215
303 1067
304 1106
305 1011
306 866
307 940
308 874
309 726
310 627
311 693
312 693
313 570
314 471
315 471
316 418
317 351
318 314
319 284
320 255
321 225
322 212
323 177
324 184
325 152
326 151
327 156
328 163
329 118
330 123
331 112
332 71
333 85
334 74
335 74
336 68
337 67
338 66
339 78
340 72
341 45
342 53
343 39
344 56
345 28
346 31
347 19
348 23
349 34
350 40
351 32
352 34
353 23
354 39
355 28
356 39
357 24
358 33
359 33
360 41
361 36
362 23
363 42
364 28
365 29
366 21
367 23
368 27
369 18
370 18
371 22
372 13
373 11
374 10
375 12
376 13
377 12
378 7
379 4
380 12
381 0
382 4
383 3
384 2
385 3
386 2
387 6
388 1
389 1
390 2
391 3
392 0
393 2
394 0
395 2
396 3
397 0
398 0
399 0
400 0
401 1
