0 0
1 0
2 0
3 0
4 0
5 0
6 0
7 0
8 0
9 0
10 0
11 0
12 0
13 0
14 1
15 0
16 0
17 0
18 1
19 0
20 0
21 0
22 0
23 0
24 0
25 0
26 0
27 0
28 0
29 1
30 1
31 0
32 0
33 0
34 0
35 0
36 0
37 0
38 0
39 1
40 0
41 0
42 3
43 1
44 0
45 1
46 0
47 2
48 2
49 1
50 0
51 0
52 2
53 2
54 0
55 0
56 0
57 0
58 0
59 0
60 0
61 0
62 0
63 1
64 1
65 0
66 2
67 1
68 1
69 0
70 0
71 0
72 0
73 0
74 0
75 0
76 1
77 0
78 0
79 0
80 0
81 0
82 0
83 0
84 0
85 0
86 0
87 0
88 0
89 0
90 0
91 0
92 0
93 0
94 0
95 0
96 0
97 0
98 0
99 0
100 0
101 0
102 0
103 1
104 1
105 0
106 2
107 0
108 2
109 2
110 4
111 4
112 6
113 8
114 10
115 16
116 24
117 26
118 39
119 24
120 35
121 37
122 35
123 51
124 41
125 40
126 32
127 31
128 28
129 14
130 29
131 27
132 26
133 29
134 49
135 31
136 42
137 69
138 62
139 75
140 78
141 106
142 118
143 147
144 147
145 208
146 227
147 258
148 272
149 316
150 317
151 340
152 334
153 354
154 328
155 368
156 367
157 401
158 388
159 402
160 400
161 368
162 364
163 384
164 319
165 337
166 371
167 392
168 368
169 394
170 452
171 526
172 590
173 622
174 599
175 562
176 698
177 695
178 723
179 712
180 779
181 754
182 791
183 815
184 776
185 809
186 901
187 804
188 892
189 879
190 819
191 884
192 945
193 992
194 1039
195 1028
196 1037
197 1068
198 1094
199 1143
200 1131
201 1209
202 1165
203 1141
204 1113
205 1245
206 1225
207 1230
208 1212
209 1231
210 1338
211 1248
212 1157
213 1202
214 1226
215 1229
216 1146
217 1300
218 1342
219 1523
220 1594
221 1534
222 1675
223 1615
224 1761
225 1732
226 1654
227 1722
228 1789
229 1790
230 1644
231 1696
232 1789
233 1808
234 1869
235 2010
236 1952
237 1884
238 2005
239 1892
240 1868
241 1811
242 1872
243 1814
244 1888
245 1817
246 1834
247 1898
248 1866
249 1778
250 1899
251 1663
252 1870
253 1772
254 1871
255 1737
256 1838
257 1990
258 1958
259 2018
260 2068
261 1995
262 2111
263 2244
264 2265
265 2346
266 2344
267 2169
268 2171
269 2363
270 2131
271 2026
272 1969
273 1932
274 1892
275 1863
276 1726
277 1793
278 1716
279 1793
280 1771
281 1771
282 1749
283 1664
284 1644
285 1728
286 1550
287 1563
288 1404
289 1386
290 1287
291 1224
292 1201
293 1109
294 1084
295 1147
296 1171
297 1277
298 1281
299 1233
300 1207
301 1292
302 1338
303 1216
304 1234
305 1126
306 997
307 915
308 889
309 748
310 709
311 605
312 585
313 563
314 553
315 481
316 414
317 401
318 423
319 400
320 391
321 313
322 313
323 307
324 282
325 316
326 229
327 240
328 262
329 221
330 199
331 178
332 171
333 158
334 130
335 85
336 97
337 74
338 53
339 43
340 40
341 46
342 27
343 21
344 25
345 25
346 9
347 15
348 13
349 7
350 3
351 7
352 3
353 0
354 2
355 1
356 7
357 3
358 3
359 1
360 0
361 0
362 0
363 1
