0 0
1 0
2 0
3 0
4 0
5 0
6 0
7 0
8 0
9 0
10 0
11 0
12 0
13 0
14 0
15 0
16 0
17 0
18 0
19 0
20 0
21 0
22 0
23 0
24 1
25 0
26 0
27 0
28 0
29 0
30 0
31 0
32 0
33 1
34 0
35 0
36 0
37 0
38 0
39 0
40 0
41 0
42 0
43 0
44 0
45 0
46 0
47 0
48 0
49 0
50 0
51 0
52 0
53 0
54 0
55 0
56 0
57 0
58 0
59 0
60 0
61 0
62 0
63 0
64 0
65 0
66 0
67 0
68 0
69 0
70 0
71 0
72 0
73 0
74 0
75 0
76 0
77 0
78 0
79 0
80 0
81 0
82 0
83 0
84 0
85 0
86 0
87 0
88 0
89 0
90 0
91 0
92 0
93 0
94 0
95 0
96 0
97 0
98 0
99 0
100 0
101 0
102 0
103 0
104 0
105 1
106 0
107 0
108 0
109 3
110 0
111 1
112 2
113 0
114 3
115 2
116 2
117 2
118 3
119 2
120 0
121 3
122 4
123 4
124 3
125 0
126 5
127 8
128 2
129 19
130 31
131 46
132 88
133 142
134 131
135 180
136 229
137 263
138 403
139 331
140 275
141 306
142 257
143 183
144 172
145 130
146 129
147 175
148 106
149 153
150 162
151 185
152 217
153 153
154 111
155 100
156 140
157 147
158 161
159 133
160 141
161 107
162 102
163 132
164 98
165 117
166 133
167 113
168 128
169 91
170 114
171 110
172 123
173 125
174 184
175 181
176 213
177 193
178 254
179 251
180 226
181 279
182 307
183 274
184 283
185 359
186 292
187 361
188 400
189 505
190 556
191 488
192 589
193 624
194 595
195 668
196 690
197 799
198 796
199 865
200 1021
201 938
202 1102
203 1133
204 1071
205 1120
206 1137
207 1139
208 1181
209 1164
210 1220
211 1291
212 1384
213 1355
214 1491
215 1610
216 1623
217 1756
218 1871
219 1874
220 2013
221 2125
222 2194
223 2268
224 2230
225 2388
226 2273
227 2393
228 2481
229 2521
230 2496
231 2466
232 2454
233 2676
234 2621
235 2656
236 2585
237 2726
238 2764
239 2784
240 2693
241 2676
242 2645
243 2580
244 2518
245 2413
246 2305
247 2341
248 2356
249 2452
250 2422
251 2641
252 2409
253 2611
254 2605
255 2711
256 2723
257 2616
258 2672
259 2507
260 2405
261 2555
262 2534
263 2477
264 2365
265 2301
266 2388
267 2204
268 2107
269 2016
270 2031
271 1928
272 1860
273 1738
274 1759
275 1674
276 1654
277 1553
278 1587
279 1416
280 1338
281 1353
282 1313
283 1208
284 1298
285 1231
286 1241
287 1213
288 1056
289 1141
290 1060
291 973
292 1018
293 876
294 890
295 861
296 750
297 728
298 728
299 686
300 683
301 686
302 621
303 576
304 602
305 565
306 530
307 603
308 595
309 612
310 602
311 601
312 584
313 573
314 497
315 464
316 414
317 401
318 412
319 400
320 378
321 347
322 349
323 269
324 290
325 277
326 289
327 204
328 238
329 201
330 196
331 176
332 144
333 124
334 106
335 92
336 60
337 42
338 42
339 29
340 13
341 24
342 35
343 24
344 17
345 19
346 25
347 18
348 10
349 9
350 13
351 4
352 6
353 4
354 2
355 1
356 8
357 7
358 2
359 2
360 0
361 0
362 1
