0 0
1 0
2 0
3 0
4 0
5 0
6 0
7 0
8 0
9 0
10 0
11 0
12 0
13 0
14 0
15 0
16 0
17 0
18 0
19 0
20 0
21 0
22 0
23 0
24 0
25 0
26 0
27 0
28 0
29 0
30 0
31 0
32 0
33 0
34 0
35 0
36 0
37 0
38 0
39 0
40 0
41 0
42 0
43 0
44 0
45 0
46 0
47 0
48 0
49 0
50 0
51 0
52 0
53 0
54 0
55 0
56 0
57 0
58 0
59 0
60 0
61 0
62 0
63 0
64 0
65 0
66 0
67 0
68 0
69 0
70 0
71 0
72 0
73 0
74 0
75 0
76 0
77 0
78 0
79 0
80 0
81 0
82 0
83 0
84 0
85 0
86 0
87 0
88 0
89 0
90 0
91 0
92 0
93 0
94 0
95 1
96 0
97 1
98 0
99 0
100 1
101 2
102 0
103 0
104 1
105 1
106 3
107 3
108 2
109 2
110 5
111 6
112 2
113 10
114 7
115 9
116 5
117 10
118 5
119 14
120 10
121 11
122 17
123 14
124 13
125 18
126 20
127 32
128 36
129 22
130 16
131 35
132 19
133 30
134 36
135 25
136 47
137 41
138 74
139 54
140 65
141 75
142 76
143 102
144 105
145 124
146 148
147 147
148 144
149 170
150 174
151 178
152 199
153 179
154 224
155 232
156 229
157 259
158 277
159 294
160 303
161 297
162 306
163 312
164 385
165 375
166 390
167 427
168 486
169 492
170 581
171 601
172 660
173 790
174 803
175 939
176 932
177 913
178 998
179 992
180 1029
181 1113
182 1155
183 1225
184 1282
185 1386
186 1468
187 1512
188 1652
189 1550
190 1739
191 1798
192 1698
193 1761
194 1842
195 1803
196 1826
197 1927
198 2026
199 2209
200 2143
201 2318
202 2298
203 2379
204 2588
205 2725
206 2810
207 2755
208 3040
209 2982
210 3044
211 3088
212 3092
213 3142
214 3080
215 2998
216 2801
217 2747
218 2563
219 2516
220 2406
221 2491
222 2314
223 2351
224 2436
225 2370
226 2379
227 2383
228 2321
229 2331
230 2359
231 2380
232 2246
233 2423
234 2498
235 2597
236 2667
237 2605
238 2758
239 2596
240 2509
241 2642
242 2483
243 2290
244 2297
245 2294
246 2195
247 2283
248 2321
249 2145
250 1895
251 1935
252 1893
253 1768
254 1628
255 1471
256 1451
257 1326
258 1315
259 1184
260 1152
261 1072
262 1079
263 981
264 958
265 877
266 886
267 854
268 854
269 821
270 794
271 790
272 810
273 754
274 729
275 712
276 667
277 606
278 630
279 666
280 644
281 608
282 628
283 533
284 567
285 591
286 530
287 528
288 439
289 501
290 453
291 409
292 490
293 436
294 441
295 399
296 379
297 392
298 400
299 350
300 356
301 315
302 292
303 298
304 258
305 232
306 188
307 160
308 184
309 126
310 124
311 100
312 103
313 61
314 63
315 59
316 42
317 53
318 41
319 34
320 26
321 32
322 29
323 20
324 14
325 13
326 17
327 10
328 19
329 14
330 12
331 6
332 7
333 13
334 2
335 5
336 7
337 3
338 5
339 3
340 5
341 7
342 5
343 6
344 6
345 4
346 4
347 4
348 4
349 3
350 4
351 10
352 6
353 7
354 5
355 3
356 3
357 8
358 2
359 5
360 6
361 7
362 3
363 12
364 1
365 2
366 2
367 2
368 3
369 2
370 2
371 1
372 3
373 2
374 0
375 1
376 0
377 1
378 0
379 1
380 0
381 0
382 0
383 1
384 0
385 0
386 0
387 2
388 0
389 0
390 0
391 1
