0 0
1 0
2 0
3 0
4 0
5 0
6 0
7 0
8 0
9 0
10 0
11 0
12 0
13 0
14 0
15 0
16 0
17 0
18 0
19 0
20 0
21 0
22 0
23 0
24 0
25 0
26 0
27 0
28 1
29 0
30 0
31 0
32 0
33 0
34 0
35 0
36 0
37 0
38 0
39 0
40 0
41 0
42 0
43 0
44 0
45 0
46 0
47 0
48 0
49 0
50 0
51 0
52 0
53 0
54 0
55 0
56 0
57 0
58 0
59 1
60 0
61 0
62 0
63 1
64 0
65 0
66 0
67 0
68 0
69 0
70 0
71 0
72 0
73 0
74 0
75 0
76 0
77 0
78 0
79 0
80 0
81 0
82 0
83 0
84 0
85 0
86 0
87 0
88 0
89 0
90 0
91 0
92 0
93 0
94 0
95 0
96 0
97 1
98 1
99 1
100 4
101 0
102 3
103 7
104 9
105 6
106 10
107 9
108 15
109 10
110 11
111 14
112 11
113 16
114 14
115 13
116 22
117 17
118 14
119 16
120 24
121 27
122 27
123 35
124 44
125 26
126 40
127 51
128 54
129 49
130 56
131 45
132 59
133 56
134 83
135 54
136 65
137 84
138 80
139 90
140 90
141 75
142 86
143 93
144 104
145 112
146 115
147 134
148 135
149 134
150 179
151 195
152 213
153 232
154 255
155 252
156 238
157 228
158 170
159 202
160 150
161 188
162 188
163 181
164 209
165 219
166 226
167 219
168 256
169 360
170 355
171 390
172 481
173 530
174 676
175 615
176 674
177 670
178 662
179 688
180 572
181 610
182 532
183 541
184 498
185 532
186 533
187 601
188 600
189 681
190 694
191 714
192 760
193 924
194 902
195 1036
196 1114
197 1085
198 1198
199 1282
200 1338
201 1357
202 1364
203 1462
204 1444
205 1481
206 1506
207 1412
208 1393
209 1481
210 1511
211 1492
212 1523
213 1645
214 1816
215 1678
216 1904
217 1774
218 1984
219 1940
220 1937
221 1892
222 1980
223 2009
224 1941
225 2023
226 1889
227 1861
228 1972
229 2007
230 2063
231 2095
232 2049
233 2207
234 2224
235 2240
236 2230
237 2265
238 2223
239 2232
240 2171
241 2245
242 2290
243 2381
244 2197
245 2175
246 2194
247 2174
248 2280
249 2260
250 2267
251 2265
252 2317
253 2433
254 2292
255 2339
256 2369
257 2346
258 2284
259 2316
260 2167
261 1916
262 2043
263 1919
264 1981
265 1995
266 1872
267 1790
268 1863
269 1912
270 1789
271 1729
272 1824
273 1800
274 1618
275 1747
276 1755
277 1622
278 1716
279 1501
280 1500
281 1539
282 1409
283 1274
284 1264
285 1226
286 1209
287 1219
288 1254
289 1234
290 1181
291 1199
292 1260
293 1234
294 1232
295 1259
296 1184
297 1097
298 1125
299 954
300 942
301 932
302 923
303 807
304 823
305 745
306 731
307 652
308 603
309 606
310 594
311 495
312 472
313 461
314 355
315 403
316 274
317 317
318 222
319 199
320 204
321 183
322 151
323 176
324 180
325 124
326 129
327 106
328 100
329 86
330 96
331 77
332 72
333 61
334 41
335 42
336 25
337 25
338 27
339 9
340 19
341 6
342 3
343 6
344 4
345 4
346 1
347 3
348 0
349 0
350 0
351 2
352 5
