0 0
1 0
2 0
3 0
4 0
5 0
6 0
7 0
8 0
9 0
10 0
11 0
12 0
13 0
14 0
15 0
16 0
17 0
18 0
19 0
20 0
21 0
22 0
23 0
24 0
25 0
26 0
27 0
28 0
29 0
30 0
31 0
32 0
33 0
34 0
35 0
36 0
37 0
38 0
39 0
40 0
41 0
42 0
43 1
44 0
45 0
46 0
47 0
48 0
49 0
50 0
51 0
52 0
53 0
54 0
55 0
56 1
57 0
58 0
59 0
60 0
61 0
62 0
63 0
64 0
65 0
66 0
67 0
68 0
69 0
70 1
71 1
72 1
73 0
74 1
75 2
76 0
77 0
78 0
79 0
80 1
81 1
82 0
83 0
84 0
85 0
86 0
87 0
88 0
89 1
90 1
91 0
92 0
93 0
94 0
95 0
96 0
97 0
98 0
99 0
100 0
101 0
102 5
103 0
104 8
105 3
106 14
107 16
108 29
109 10
110 36
111 45
112 55
113 59
114 62
115 63
116 81
117 78
118 108
119 169
120 131
121 166
122 148
123 200
124 197
125 249
126 215
127 238
128 243
129 237
130 255
131 260
132 268
133 308
134 288
135 340
136 340
137 475
138 428
139 507
140 516
141 522
142 685
143 663
144 695
145 879
146 788
147 837
148 1005
149 998
150 1070
151 1189
152 1321
153 1356
154 1216
155 1158
156 1091
157 1109
158 1099
159 1172
160 1187
161 1232
162 1283
163 1264
164 1455
165 1486
166 1409
167 1602
168 1513
169 1681
170 1720
171 1808
172 1888
173 1692
174 1717
175 1766
176 1739
177 1866
178 1794
179 1790
180 1874
181 1865
182 1844
183 1770
184 1732
185 1699
186 1795
187 1882
188 1893
189 1838
190 1910
191 2048
192 2056
193 2093
194 2069
195 1950
196 2094
197 2011
198 2084
199 2051
200 2068
201 2017
202 2088
203 2167
204 2294
205 2283
206 2434
207 2405
208 2361
209 2198
210 2134
211 1993
212 1950
213 1858
214 1812
215 1826
216 1792
217 1825
218 1815
219 1708
220 1684
221 1798
222 1761
223 1799
224 1821
225 1841
226 1858
227 2127
228 2041
229 2134
230 2045
231 1881
232 1903
233 1901
234 1864
235 1807
236 1704
237 1606
238 1503
239 1528
240 1411
241 1330
242 1404
243 1332
244 1206
245 1267
246 1262
247 1236
248 1213
249 1181
250 1087
251 1109
252 1158
253 1087
254 1081
255 1083
256 1081
257 971
258 920
259 785
260 850
261 820
262 767
263 727
264 689
265 597
266 655
267 712
268 651
269 656
270 702
271 723
272 730
273 796
274 687
275 671
276 704
277 726
278 738
279 849
280 813
281 827
282 742
283 698
284 696
285 655
286 631
287 474
288 465
289 383
290 389
291 332
292 258
293 236
294 212
295 181
296 179
297 180
298 137
299 108
300 104
301 106
302 85
303 85
304 80
305 54
306 60
307 42
308 39
309 24
310 21
311 33
312 26
313 35
314 30
315 23
316 35
317 35
318 26
319 30
320 19
321 24
322 14
323 25
324 13
325 18
326 16
327 20
328 19
329 12
330 21
331 7
332 15
333 3
334 6
335 3
336 12
337 2
338 4
339 2
340 3
341 4
342 3
343 0
344 3
345 0
346 1
347 0
348 0
349 1
350 0
351 0
352 0
353 0
354 0
355 0
356 0
357 3
358 0
359 0
360 0
361 0
362 1
363 1
