0 0
1 0
2 0
3 0
4 0
5 0
6 0
7 0
8 0
9 0
10 0
11 0
12 0
13 0
14 0
15 0
16 0
17 0
18 1
19 0
20 0
21 0
22 0
23 1
24 0
25 0
26 0
27 0
28 0
29 0
30 0
31 0
32 0
33 0
34 0
35 0
36 0
37 0
38 0
39 0
40 0
41 0
42 0
43 0
44 0
45 0
46 0
47 0
48 1
49 0
50 0
51 0
52 0
53 0
54 0
55 0
56 0
57 0
58 0
59 0
60 0
61 0
62 0
63 0
64 1
65 0
66 0
67 0
68 1
69 0
70 0
71 0
72 0
73 0
74 0
75 0
76 0
77 0
78 0
79 0
80 1
81 0
82 0
83 0
84 0
85 0
86 0
87 0
88 0
89 2
90 0
91 0
92 1
93 3
94 1
95 4
96 2
97 1
98 6
99 5
100 8
101 5
102 0
103 2
104 4
105 6
106 3
107 6
108 3
109 7
110 6
111 9
112 4
113 9
114 6
115 12
116 14
117 16
118 15
119 33
120 34
121 36
122 29
123 50
124 49
125 56
126 59
127 76
128 73
129 82
130 100
131 110
132 112
133 153
134 117
135 149
136 142
137 196
138 212
139 225
140 258
141 271
142 304
143 370
144 388
145 490
146 413
147 627
148 571
149 616
150 649
151 734
152 820
153 836
154 835
155 918
156 950
157 914
158 964
159 909
160 929
161 865
162 887
163 937
164 1007
165 928
166 1051
167 940
168 1057
169 1096
170 1116
171 1218
172 1390
173 1385
174 1497
175 1459
176 1500
177 1555
178 1657
179 1698
180 1831
181 1705
182 1867
183 2069
184 1968
185 2099
186 2064
187 2042
188 2074
189 2153
190 2020
191 2170
192 2155
193 2042
194 2070
195 2075
196 2074
197 2099
198 2105
199 1988
200 2173
201 2260
202 2182
203 2282
204 2266
205 2403
206 2379
207 2480
208 2335
209 2396
210 2362
211 2641
212 2625
213 2466
214 2436
215 2452
216 2316
217 2322
218 2279
219 2307
220 2165
221 2007
222 2156
223 1990
224 1912
225 1749
226 1674
227 1540
228 1606
229 1563
230 1548
231 1543
232 1607
233 1592
234 1601
235 1638
236 1699
237 1656
238 1824
239 1810
240 1876
241 1804
242 1658
243 1710
244 1524
245 1578
246 1418
247 1457
248 1421
249 1353
250 1418
251 1441
252 1402
253 1378
254 1428
255 1489
256 1389
257 1286
258 1405
259 1401
260 1388
261 1387
262 1327
263 1313
264 1358
265 1417
266 1329
267 1254
268 1155
269 1046
270 983
271 953
272 834
273 816
274 754
275 750
276 725
277 664
278 674
279 599
280 613
281 525
282 534
283 484
284 475
285 445
286 454
287 332
288 368
289 407
290 339
291 337
292 350
293 340
294 298
295 238
296 250
297 181
298 137
299 163
300 133
301 146
302 119
303 83
304 47
305 55
306 65
307 62
308 30
309 39
310 32
311 31
312 27
313 22
314 21
315 25
316 15
317 22
318 20
319 18
320 16
321 8
322 33
323 16
324 18
325 21
326 25
327 18
328 12
329 25
330 12
331 10
332 11
333 11
334 6
335 5
336 13
337 7
338 2
339 0
340 2
341 1
342 1
