0 0
1 0
2 0
3 0
4 0
5 0
6 1
7 0
8 0
9 0
10 0
11 0
12 1
13 0
14 1
15 1
16 0
17 0
18 0
19 3
20 1
21 2
22 4
23 1
24 4
25 1
26 2
27 5
28 0
29 5
30 2
31 2
32 6
33 4
34 6
35 3
36 3
37 4
38 6
39 2
40 2
41 3
42 2
43 4
44 2
45 5
46 1
47 5
48 6
49 5
50 1
51 4
52 2
53 5
54 5
55 3
56 0
57 2
58 1
59 2
60 0
61 1
62 2
63 3
64 4
65 0
66 5
67 1
68 1
69 2
70 2
71 1
72 2
73 1
74 1
75 5
76 6
77 5
78 7
79 4
80 1
81 6
82 4
83 2
84 2
85 0
86 1
87 3
88 0
89 2
90 1
91 0
92 0
93 1
94 1
95 2
96 0
97 2
98 2
99 1
100 3
101 2
102 1
103 3
104 2
105 1
106 1
107 2
108 1
109 1
110 1
111 0
112 0
113 0
114 0
115 0
116 0
117 1
118 1
119 0
120 1
121 0
122 2
123 3
124 1
125 2
126 1
127 0
128 2
129 4
130 5
131 2
132 2
133 1
134 5
135 6
136 3
137 5
138 11
139 4
140 12
141 6
142 16
143 22
144 26
145 25
146 45
147 52
148 49
149 50
150 77
151 68
152 83
153 71
154 84
155 90
156 73
157 87
158 85
159 91
160 106
161 102
162 98
163 139
164 136
165 153
166 209
167 232
168 295
169 315
170 356
171 374
172 382
173 414
174 430
175 458
176 477
177 559
178 625
179 733
180 772
181 836
182 889
183 997
184 1055
185 1344
186 1177
187 1212
188 1168
189 1184
190 1197
191 1238
192 1446
193 1472
194 1526
195 1640
196 1675
197 1821
198 1708
199 1754
200 1696
201 1724
202 1702
203 1776
204 1945
205 1819
206 1797
207 1801
208 1978
209 2029
210 2010
211 2021
212 2112
213 2352
214 2246
215 2281
216 2327
217 2507
218 2438
219 2591
220 2646
221 2576
222 2680
223 2810
224 2797
225 2889
226 2737
227 2832
228 2716
229 2612
230 2657
231 2628
232 2633
233 2566
234 2581
235 2533
236 2606
237 2491
238 2394
239 2492
240 2469
241 2509
242 2618
243 2455
244 2572
245 2504
246 2296
247 2225
248 2222
249 2121
250 2183
251 2050
252 2154
253 2071
254 2013
255 2048
256 2047
257 2001
258 1892
259 1671
260 1683
261 1740
262 1646
263 1589
264 1524
265 1439
266 1434
267 1321
268 1282
269 1221
270 1272
271 1156
272 1070
273 1041
274 1031
275 1006
276 907
277 924
278 864
279 845
280 804
281 815
282 808
283 804
284 753
285 775
286 718
287 669
288 612
289 654
290 579
291 602
292 715
293 608
294 666
295 676
296 754
297 718
298 779
299 848
300 797
301 780
302 766
303 690
304 700
305 613
306 574
307 524
308 418
309 407
310 320
311 265
312 216
313 174
314 218
315 126
316 102
317 84
318 45
319 57
320 71
321 50
322 42
323 45
324 54
325 45
326 60
327 47
328 43
329 45
330 44
331 55
332 49
333 54
334 65
335 35
336 47
337 45
338 48
339 41
340 29
341 44
342 35
343 37
344 28
345 31
346 30
347 28
348 26
349 25
350 22
351 30
352 18
353 13
354 13
355 20
356 8
357 8
358 7
359 6
360 7
361 1
362 5
363 4
364 6
365 2
366 1
367 1
368 1
369 0
370 3
371 2
372 1
373 1
374 2
375 0
376 0
377 2
378 0
379 0
380 1
381 2
382 1
383 0
384 1
