0 0
1 0
2 0
3 0
4 0
5 0
6 0
7 0
8 0
9 0
10 0
11 0
12 0
13 0
14 0
15 0
16 0
17 0
18 0
19 0
20 0
21 0
22 0
23 0
24 0
25 0
26 0
27 0
28 0
29 0
30 0
31 0
32 0
33 0
34 0
35 0
36 0
37 0
38 0
39 0
40 0
41 0
42 0
43 0
44 0
45 0
46 0
47 0
48 0
49 0
50 0
51 0
52 0
53 0
54 0
55 0
56 0
57 0
58 0
59 0
60 0
61 0
62 0
63 0
64 0
65 0
66 0
67 0
68 0
69 0
70 0
71 0
72 0
73 0
74 0
75 0
76 0
77 0
78 0
79 0
80 0
81 0
82 0
83 0
84 0
85 0
86 0
87 0
88 0
89 0
90 1
91 0
92 0
93 0
94 0
95 0
96 0
97 0
98 0
99 0
100 1
101 0
102 1
103 0
104 1
105 0
106 0
107 0
108 0
109 0
110 0
111 0
112 1
113 0
114 1
115 0
116 1
117 0
118 0
119 1
120 0
121 0
122 0
123 0
124 1
125 2
126 0
127 2
128 1
129 3
130 0
131 2
132 0
133 0
134 1
135 2
136 3
137 2
138 1
139 5
140 1
141 6
142 19
143 12
144 5
145 11
146 17
147 28
148 43
149 39
150 64
151 71
152 81
153 106
154 81
155 129
156 166
157 225
158 210
159 259
160 284
161 332
162 317
163 318
164 478
165 508
166 463
167 465
168 429
169 380
170 398
171 363
172 294
173 317
174 259
175 273
176 261
177 280
178 261
179 361
180 345
181 373
182 410
183 375
184 374
185 413
186 474
187 541
188 534
189 628
190 703
191 647
192 779
193 692
194 875
195 861
196 1000
197 890
198 1111
199 1032
200 1096
201 1130
202 1096
203 1317
204 1269
205 1533
206 1403
207 1536
208 1576
209 1738
210 1818
211 1824
212 1952
213 1954
214 2082
215 2235
216 2292
217 2438
218 2492
219 2360
220 2412
221 2755
222 2432
223 2395
224 2460
225 2355
226 2299
227 2323
228 2318
229 2230
230 2363
231 2531
232 2536
233 2537
234 2505
235 2534
236 2537
237 2756
238 2693
239 2681
240 2587
241 2500
242 2472
243 2440
244 2481
245 2555
246 2362
247 2344
248 2317
249 2373
250 2376
251 2386
252 2198
253 2100
254 2040
255 2073
256 1819
257 1820
258 1802
259 1729
260 1600
261 1553
262 1539
263 1628
264 1617
265 1631
266 1554
267 1598
268 1540
269 1648
270 1624
271 1638
272 1839
273 1748
274 1774
275 1842
276 1805
277 1676
278 1615
279 1405
280 1484
281 1294
282 1281
283 1257
284 1228
285 1062
286 1188
287 1130
288 1122
289 1208
290 1249
291 1209
292 1229
293 1178
294 1145
295 1080
296 1047
297 916
298 996
299 933
300 792
301 788
302 798
303 734
304 627
305 576
306 580
307 505
308 546
309 430
310 382
311 408
312 327
313 283
314 304
315 240
316 260
317 244
318 218
319 248
320 196
321 216
322 216
323 213
324 228
325 209
326 203
327 200
328 196
329 155
330 161
331 138
332 167
333 152
334 134
335 125
336 125
337 112
338 118
339 113
340 94
341 77
342 99
343 65
344 81
345 74
346 51
347 54
348 38
349 38
350 38
351 54
352 54
353 34
354 44
355 35
356 37
357 24
358 26
359 20
360 11
361 18
362 25
363 23
364 22
365 15
366 17
367 11
368 13
369 11
370 4
371 4
372 2
373 1
374 0
375 1
