0 0
1 0
2 0
3 0
4 0
5 0
6 0
7 0
8 0
9 0
10 0
11 0
12 0
13 0
14 0
15 0
16 0
17 0
18 0
19 0
20 0
21 0
22 0
23 0
24 0
25 0
26 0
27 0
28 0
29 0
30 0
31 0
32 0
33 0
34 0
35 0
36 0
37 0
38 0
39 0
40 0
41 0
42 0
43 0
44 0
45 0
46 0
47 0
48 0
49 0
50 0
51 0
52 0
53 0
54 0
55 0
56 0
57 0
58 0
59 0
60 0
61 0
62 0
63 0
64 0
65 0
66 0
67 0
68 0
69 0
70 0
71 0
72 0
73 0
74 0
75 0
76 0
77 0
78 0
79 0
80 0
81 0
82 0
83 0
84 0
85 0
86 0
87 0
88 0
89 0
90 0
91 0
92 0
93 0
94 0
95 0
96 1
97 0
98 1
99 1
100 2
101 1
102 1
103 1
104 0
105 1
106 2
107 2
108 1
109 3
110 0
111 2
112 0
113 1
114 5
115 4
116 6
117 4
118 9
119 5
120 14
121 11
122 14
123 11
124 9
125 15
126 21
127 18
128 21
129 26
130 33
131 26
132 18
133 36
134 39
135 30
136 46
137 53
138 55
139 62
140 53
141 60
142 57
143 74
144 94
145 106
146 124
147 127
148 151
149 140
150 141
151 173
152 181
153 191
154 204
155 222
156 278
157 270
158 276
159 251
160 301
161 322
162 332
163 371
164 334
165 400
166 380
167 466
168 521
169 492
170 524
171 600
172 533
173 570
174 623
175 552
176 688
177 793
178 845
179 812
180 882
181 943
182 1015
183 1076
184 1160
185 1118
186 1234
187 1197
188 1235
189 1313
190 1347
191 1373
192 1536
193 1560
194 1541
195 1701
196 1686
197 1905
198 1893
199 2097
200 2170
201 2430
202 2369
203 2613
204 2448
205 2718
206 2545
207 2534
208 2411
209 2168
210 2250
211 2246
212 2293
213 2266
214 2255
215 2332
216 2425
217 2549
218 2657
219 2551
220 2689
221 2599
222 2624
223 2707
224 2693
225 2670
226 2710
227 2589
228 2729
229 2657
230 2591
231 2743
232 2654
233 2607
234 2530
235 2549
236 2512
237 2367
238 2375
239 2415
240 2480
241 2536
242 2404
243 2373
244 2449
245 2305
246 2173
247 2032
248 2004
249 2061
250 2026
251 1895
252 1987
253 1884
254 1985
255 1998
256 1961
257 1900
258 1812
259 1911
260 1801
261 1710
262 1694
263 1700
264 1599
265 1515
266 1454
267 1382
268 1400
269 1333
270 1298
271 1216
272 1120
273 1048
274 1006
275 907
276 868
277 844
278 816
279 845
280 679
281 692
282 624
283 492
284 487
285 468
286 442
287 457
288 443
289 434
290 365
291 366
292 343
293 290
294 276
295 256
296 225
297 243
298 226
299 201
300 240
301 187
302 199
303 161
304 164
305 171
306 129
307 132
308 119
309 117
310 107
311 102
312 112
313 93
314 82
315 74
316 53
317 69
318 40
319 43
320 52
321 28
322 50
323 43
324 44
325 36
326 45
327 43
328 49
329 48
330 44
331 47
332 36
333 26
334 25
335 25
336 15
337 17
338 18
339 10
340 10
341 9
342 12
343 10
344 5
345 5
346 6
347 6
348 2
349 2
350 6
351 8
352 8
353 7
354 8
355 8
356 5
357 1
358 7
359 3
360 5
361 1
362 3
363 3
364 2
365 0
366 7
367 2
368 3
369 1
370 2
371 1
372 4
373 1
374 0
375 1
376 1
377 0
378 0
379 0
380 1
