0 1
1 0
2 0
3 0
4 0
5 0
6 0
7 0
8 0
9 0
10 0
11 0
12 0
13 0
14 1
15 0
16 0
17 1
18 0
19 0
20 0
21 0
22 0
23 0
24 0
25 0
26 0
27 0
28 0
29 0
30 0
31 0
32 0
33 1
34 1
35 0
36 0
37 1
38 0
39 0
40 2
41 1
42 1
43 1
44 1
45 0
46 0
47 0
48 0
49 0
50 0
51 0
52 0
53 0
54 0
55 0
56 0
57 0
58 0
59 0
60 0
61 0
62 0
63 0
64 0
65 0
66 0
67 0
68 0
69 0
70 0
71 0
72 0
73 0
74 0
75 0
76 0
77 0
78 0
79 0
80 0
81 0
82 0
83 0
84 0
85 0
86 0
87 0
88 0
89 0
90 0
91 0
92 0
93 0
94 0
95 0
96 0
97 0
98 0
99 0
100 0
101 0
102 1
103 1
104 1
105 1
106 3
107 3
108 4
109 3
110 3
111 7
112 12
113 15
114 26
115 30
116 22
117 35
118 70
119 81
120 98
121 96
122 93
123 144
124 152
125 169
126 191
127 269
128 227
129 232
130 258
131 269
132 225
133 199
134 238
135 182
136 172
137 202
138 193
139 157
140 118
141 141
142 138
143 141
144 167
145 188
146 201
147 211
148 233
149 213
150 171
151 211
152 248
153 237
154 199
155 199
156 210
157 225
158 255
159 260
160 249
161 258
162 234
163 229
164 230
165 212
166 266
167 259
168 315
169 278
170 294
171 313
172 300
173 376
174 391
175 409
176 423
177 420
178 478
179 488
180 527
181 578
182 549
183 590
184 578
185 687
186 553
187 582
188 599
189 598
190 605
191 621
192 646
193 737
194 692
195 694
196 738
197 718
198 687
199 852
200 877
201 898
202 954
203 993
204 1039
205 989
206 1206
207 1299
208 1501
209 1543
210 1597
211 1717
212 1861
213 1880
214 1866
215 1999
216 1935
217 2047
218 2203
219 2070
220 2078
221 1936
222 2069
223 2047
224 1988
225 1879
226 1944
227 1929
228 1980
229 1854
230 1983
231 1962
232 2074
233 2002
234 2104
235 2048
236 2105
237 2154
238 2109
239 2086
240 2032
241 2084
242 2058
243 2259
244 2323
245 2402
246 2516
247 2554
248 2454
249 2703
250 2694
251 2555
252 2678
253 2369
254 2369
255 2294
256 2285
257 2175
258 1977
259 1873
260 1873
261 1798
262 1724
263 1758
264 1796
265 1701
266 1608
267 1689
268 1602
269 1537
270 1518
271 1534
272 1554
273 1565
274 1521
275 1585
276 1523
277 1511
278 1611
279 1626
280 1519
281 1590
282 1447
283 1491
284 1357
285 1443
286 1294
287 1140
288 1051
289 1101
290 931
291 898
292 897
293 780
294 878
295 837
296 829
297 827
298 940
299 904
300 874
301 912
302 951
303 1071
304 1032
305 992
306 959
307 1044
308 1013
309 904
310 951
311 833
312 824
313 676
314 572
315 536
316 470
317 498
318 488
319 467
320 503
321 432
322 438
323 426
324 401
325 374
326 379
327 331
328 346
329 271
330 181
331 201
332 168
333 160
334 96
335 93
336 128
337 113
338 73
339 78
340 42
341 30
342 31
343 35
344 31
345 25
346 24
347 20
348 19
349 14
350 18
351 18
352 23
353 8
354 15
355 10
356 11
357 5
358 5
359 4
360 8
361 1
362 4
363 7
364 2
365 2
366 1
367 4
368 0
369 0
370 0
371 2
372 2
373 2
374 2
