0 0
1 0
2 0
3 0
4 0
5 0
6 0
7 0
8 0
9 0
10 0
11 0
12 0
13 0
14 0
15 0
16 0
17 0
18 0
19 0
20 0
21 0
22 0
23 0
24 0
25 0
26 0
27 0
28 0
29 0
30 0
31 0
32 0
33 0
34 0
35 0
36 0
37 0
38 0
39 0
40 0
41 0
42 0
43 0
44 0
45 0
46 0
47 0
48 0
49 0
50 0
51 0
52 0
53 0
54 0
55 0
56 0
57 0
58 0
59 0
60 0
61 0
62 0
63 0
64 0
65 0
66 0
67 0
68 0
69 0
70 0
71 0
72 0
73 0
74 0
75 0
76 0
77 0
78 0
79 0
80 0
81 0
82 0
83 0
84 0
85 0
86 0
87 0
88 0
89 0
90 0
91 0
92 0
93 0
94 0
95 0
96 0
97 0
98 0
99 0
100 0
101 0
102 0
103 0
104 3
105 0
106 1
107 1
108 6
109 1
110 7
111 12
112 20
113 12
114 14
115 11
116 12
117 13
118 13
119 13
120 15
121 12
122 10
123 10
124 12
125 29
126 17
127 16
128 25
129 27
130 22
131 19
132 28
133 35
134 42
135 57
136 53
137 57
138 53
139 95
140 100
141 141
142 165
143 210
144 248
145 241
146 261
147 286
148 254
149 305
150 337
151 318
152 369
153 382
154 385
155 424
156 457
157 513
158 548
159 623
160 643
161 682
162 685
163 671
164 697
165 823
166 817
167 794
168 920
169 948
170 1020
171 1066
172 1143
173 1255
174 1257
175 1131
176 1139
177 1068
178 1099
179 1243
180 1114
181 1127
182 1149
183 1014
184 1137
185 1115
186 1146
187 1318
188 1255
189 1361
190 1498
191 1555
192 1662
193 1605
194 1702
195 1711
196 1864
197 1901
198 1997
199 2015
200 2112
201 2042
202 2246
203 2309
204 2363
205 2636
206 2516
207 2577
208 2509
209 2433
210 2589
211 2545
212 2468
213 2572
214 2628
215 2434
216 2250
217 2427
218 2408
219 2563
220 2596
221 2604
222 2428
223 2240
224 2019
225 1985
226 1863
227 1702
228 1793
229 1757
230 1779
231 1861
232 1852
233 1768
234 1816
235 1791
236 1873
237 1909
238 1922
239 1923
240 2081
241 2106
242 2086
243 2071
244 2146
245 2199
246 2044
247 2000
248 1985
249 1994
250 1929
251 1900
252 1862
253 1878
254 1737
255 1778
256 1572
257 1522
258 1463
259 1483
260 1363
261 1415
262 1237
263 1249
264 1206
265 1230
266 1233
267 1186
268 1322
269 1234
270 1261
271 1217
272 1298
273 1185
274 1215
275 1229
276 1095
277 1075
278 1006
279 866
280 836
281 730
282 708
283 673
284 595
285 570
286 598
287 550
288 459
289 436
290 423
291 485
292 418
293 409
294 371
295 404
296 378
297 352
298 321
299 341
300 308
301 311
302 250
303 314
304 277
305 226
306 241
307 213
308 183
309 189
310 158
311 163
312 166
313 156
314 131
315 138
316 146
317 99
318 133
319 105
320 96
321 66
322 99
323 73
324 102
325 71
326 101
327 86
328 78
329 83
330 77
331 74
332 76
333 46
334 45
335 46
336 32
337 28
338 24
339 29
340 37
341 20
342 26
343 10
344 16
345 14
346 9
347 12
348 10
349 16
350 11
351 7
352 3
353 9
354 8
355 1
356 4
357 2
358 8
359 2
360 6
361 6
362 0
363 1
364 5
365 1
366 3
367 1
368 0
369 3
370 1
