0 0
1 0
2 0
3 0
4 0
5 0
6 0
7 0
8 0
9 0
10 0
11 0
12 0
13 0
14 0
15 0
16 0
17 0
18 0
19 0
20 0
21 0
22 0
23 0
24 0
25 0
26 0
27 0
28 0
29 0
30 0
31 0
32 0
33 0
34 0
35 0
36 0
37 0
38 0
39 0
40 0
41 0
42 0
43 0
44 0
45 0
46 0
47 0
48 0
49 0
50 0
51 0
52 0
53 0
54 0
55 0
56 0
57 0
58 0
59 0
60 1
61 1
62 0
63 0
64 0
65 0
66 0
67 0
68 0
69 0
70 0
71 0
72 0
73 0
74 0
75 0
76 0
77 0
78 0
79 0
80 0
81 0
82 0
83 0
84 0
85 0
86 0
87 0
88 0
89 0
90 0
91 0
92 1
93 0
94 1
95 0
96 0
97 0
98 0
99 0
100 0
101 0
102 0
103 0
104 0
105 0
106 0
107 0
108 1
109 0
110 0
111 0
112 0
113 0
114 0
115 0
116 0
117 0
118 0
119 0
120 0
121 0
122 1
123 0
124 0
125 0
126 1
127 0
128 0
129 0
130 0
131 0
132 0
133 0
134 0
135 0
136 0
137 0
138 0
139 0
140 0
141 0
142 0
143 0
144 0
145 0
146 1
147 3
148 1
149 2
150 5
151 8
152 6
153 16
154 12
155 19
156 20
157 16
158 14
159 20
160 20
161 25
162 38
163 42
164 43
165 42
166 40
167 57
168 66
169 88
170 117
171 103
172 140
173 152
174 180
175 193
176 221
177 284
178 303
179 363
180 412
181 445
182 470
183 543
184 500
185 480
186 502
187 580
188 565
189 692
190 724
191 761
192 910
193 940
194 1078
195 1142
196 1174
197 1305
198 1286
199 1326
200 1364
201 1391
202 1390
203 1489
204 1483
205 1481
206 1519
207 1639
208 1597
209 1609
210 1561
211 1699
212 1683
213 1852
214 1988
215 2114
216 2146
217 2338
218 2372
219 2506
220 2681
221 2819
222 2820
223 2864
224 2668
225 2664
226 2649
227 2394
228 2437
229 2485
230 2524
231 2503
232 2553
233 2299
234 2388
235 2376
236 2418
237 2521
238 2608
239 2545
240 2459
241 2518
242 2532
243 2481
244 2392
245 2442
246 2488
247 2547
248 2618
249 2610
250 2654
251 2481
252 2579
253 2461
254 2531
255 2655
256 2466
257 2482
258 2179
259 2334
260 2187
261 2084
262 2021
263 2035
264 1858
265 1815
266 1862
267 2001
268 2024
269 1911
270 1921
271 1994
272 1925
273 1879
274 1893
275 1661
276 1562
277 1469
278 1475
279 1273
280 1223
281 1202
282 1248
283 1131
284 1089
285 1067
286 997
287 1088
288 939
289 995
290 1066
291 929
292 930
293 883
294 973
295 846
296 865
297 843
298 806
299 712
300 687
301 688
302 719
303 607
304 541
305 497
306 457
307 450
308 391
309 355
310 314
311 310
312 232
313 214
314 185
315 174
316 180
317 140
318 149
319 116
320 130
321 118
322 119
323 93
324 114
325 109
326 113
327 86
328 97
329 73
330 68
331 54
332 39
333 42
334 32
335 35
336 45
337 35
338 29
339 28
340 20
341 23
342 18
343 24
344 22
345 30
346 20
347 25
348 23
349 25
350 31
351 21
352 37
353 29
354 26
355 29
356 24
357 32
358 24
359 17
360 17
361 21
362 27
363 30
364 29
365 32
366 27
367 24
368 41
369 26
370 25
371 14
372 13
373 11
374 7
375 6
376 0
377 3
378 3
379 1
