0 0
1 0
2 0
3 0
4 0
5 0
6 0
7 0
8 0
9 0
10 0
11 0
12 0
13 0
14 0
15 0
16 0
17 0
18 0
19 0
20 0
21 0
22 0
23 0
24 0
25 0
26 0
27 0
28 0
29 0
30 0
31 0
32 0
33 0
34 0
35 0
36 0
37 0
38 0
39 0
40 0
41 0
42 0
43 0
44 0
45 0
46 0
47 0
48 0
49 0
50 0
51 0
52 0
53 0
54 0
55 0
56 0
57 0
58 0
59 0
60 0
61 0
62 0
63 0
64 0
65 0
66 0
67 0
68 0
69 0
70 0
71 0
72 0
73 0
74 0
75 0
76 0
77 0
78 0
79 0
80 0
81 0
82 0
83 0
84 0
85 0
86 0
87 0
88 0
89 0
90 0
91 0
92 0
93 0
94 0
95 0
96 0
97 0
98 0
99 0
100 0
101 0
102 1
103 0
104 0
105 0
106 2
107 0
108 0
109 0
110 0
111 1
112 4
113 2
114 0
115 4
116 1
117 0
118 4
119 2
120 1
121 6
122 4
123 3
124 4
125 4
126 4
127 7
128 7
129 4
130 7
131 12
132 10
133 8
134 19
135 21
136 37
137 56
138 51
139 63
140 92
141 114
142 131
143 132
144 148
145 151
146 197
147 196
148 254
149 269
150 327
151 282
152 301
153 360
154 363
155 379
156 406
157 404
158 460
159 460
160 532
161 591
162 555
163 631
164 681
165 761
166 681
167 725
168 773
169 903
170 1014
171 1037
172 1051
173 1210
174 1241
175 1183
176 1208
177 1217
178 1314
179 1369
180 1386
181 1436
182 1539
183 1560
184 1631
185 1700
186 1759
187 1959
188 1840
189 2088
190 2185
191 2172
192 2330
193 2413
194 2507
195 2536
196 2620
197 2773
198 2672
199 2725
200 2807
201 2712
202 2765
203 2669
204 2691
205 2820
206 2726
207 2954
208 2818
209 2759
210 2900
211 2774
212 2807
213 2726
214 2717
215 2529
216 2495
217 2328
218 2484
219 2253
220 2373
221 2304
222 2332
223 2414
224 2251
225 2392
226 2156
227 2189
228 2193
229 2223
230 2158
231 2189
232 2262
233 2108
234 2280
235 2269
236 2244
237 2259
238 2213
239 2132
240 2064
241 2065
242 2097
243 2011
244 1851
245 1859
246 1851
247 1781
248 1686
249 1733
250 1681
251 1623
252 1611
253 1503
254 1541
255 1453
256 1324
257 1437
258 1197
259 1275
260 1284
261 1294
262 1139
263 1127
264 1057
265 946
266 876
267 862
268 767
269 809
270 763
271 771
272 741
273 701
274 709
275 607
276 638
277 548
278 517
279 437
280 470
281 417
282 388
283 412
284 306
285 359
286 330
287 376
288 305
289 285
290 290
291 241
292 216
293 197
294 191
295 154
296 159
297 117
298 126
299 98
300 100
301 68
302 70
303 53
304 40
305 36
306 37
307 22
308 25
309 22
310 14
311 16
312 12
313 26
314 17
315 18
316 10
317 15
318 13
319 10
320 10
321 3
322 10
323 6
324 5
325 3
326 2
327 2
328 1
329 1
330 0
331 1
332 0
333 1
334 1
