0 0
1 0
2 0
3 0
4 0
5 0
6 0
7 0
8 0
9 0
10 0
11 0
12 0
13 0
14 0
15 0
16 0
17 0
18 0
19 0
20 0
21 0
22 0
23 0
24 0
25 0
26 1
27 0
28 0
29 1
30 0
31 0
32 0
33 0
34 0
35 0
36 0
37 0
38 1
39 2
40 0
41 1
42 0
43 3
44 2
45 0
46 2
47 0
48 1
49 3
50 1
51 0
52 1
53 2
54 1
55 0
56 0
57 1
58 0
59 0
60 0
61 2
62 0
63 0
64 0
65 0
66 0
67 1
68 0
69 0
70 0
71 0
72 1
73 0
74 2
75 0
76 2
77 1
78 4
79 2
80 0
81 0
82 0
83 0
84 1
85 1
86 0
87 1
88 3
89 0
90 0
91 2
92 1
93 1
94 1
95 0
96 1
97 1
98 2
99 3
100 1
101 1
102 4
103 2
104 3
105 4
106 7
107 6
108 8
109 14
110 13
111 9
112 13
113 13
114 10
115 9
116 18
117 15
118 24
119 18
120 21
121 37
122 45
123 25
124 38
125 45
126 64
127 67
128 65
129 80
130 77
131 108
132 112
133 129
134 135
135 162
136 170
137 164
138 154
139 161
140 143
141 187
142 140
143 177
144 167
145 168
146 166
147 197
148 168
149 217
150 246
151 267
152 337
153 348
154 449
155 472
156 588
157 652
158 813
159 894
160 1014
161 1133
162 1391
163 1243
164 1313
165 1379
166 1470
167 1449
168 1512
169 1466
170 1408
171 1358
172 1415
173 1443
174 1445
175 1416
176 1476
177 1394
178 1389
179 1569
180 1424
181 1388
182 1418
183 1474
184 1512
185 1643
186 1687
187 1804
188 1846
189 1867
190 1938
191 2175
192 2220
193 2251
194 2459
195 2525
196 2547
197 2561
198 2430
199 2410
200 2304
201 2424
202 2233
203 2236
204 2204
205 2161
206 2307
207 2453
208 2397
209 2457
210 2467
211 2571
212 2378
213 2264
214 2320
215 2110
216 2224
217 2166
218 2051
219 2122
220 2119
221 2150
222 2213
223 2397
224 2283
225 2438
226 2476
227 2331
228 2397
229 2398
230 2249
231 2290
232 2258
233 2157
234 2078
235 2005
236 1929
237 1882
238 1965
239 1745
240 1783
241 1595
242 1511
243 1542
244 1463
245 1406
246 1327
247 1391
248 1341
249 1273
250 1306
251 1318
252 1412
253 1300
254 1353
255 1282
256 1254
257 1294
258 1271
259 1230
260 1168
261 1164
262 1110
263 1014
264 1085
265 962
266 993
267 829
268 863
269 885
270 714
271 756
272 774
273 743
274 676
275 693
276 674
277 667
278 640
279 553
280 553
281 535
282 558
283 500
284 532
285 481
286 454
287 432
288 428
289 441
290 380
291 359
292 343
293 307
294 323
295 276
296 239
297 227
298 228
299 215
300 219
301 191
302 150
303 152
304 161
305 129
306 118
307 124
308 87
309 100
310 104
311 69
312 61
313 63
314 60
315 41
316 57
317 46
318 51
319 46
320 46
321 42
322 38
323 44
324 36
325 29
326 32
327 24
328 33
329 35
330 28
331 36
332 22
333 22
334 29
335 22
336 9
337 18
338 22
339 22
340 13
341 22
342 22
343 18
344 17
345 10
346 14
347 16
348 10
349 13
350 12
351 25
352 4
353 10
354 5
355 11
356 7
357 7
358 4
359 11
360 4
361 2
362 6
363 1
364 2
365 1
366 2
367 2
368 1
369 0
370 2
