0 0
1 0
2 0
3 0
4 0
5 0
6 0
7 0
8 0
9 0
10 0
11 0
12 0
13 0
14 0
15 0
16 0
17 0
18 0
19 0
20 0
21 0
22 0
23 0
24 0
25 0
26 0
27 0
28 0
29 0
30 8
31 0
32 0
33 0
34 0
35 0
36 0
37 5
38 0
39 6
40 0
41 2
42 4
43 4
44 4
45 0
46 0
47 0
48 0
49 0
50 0
51 4
52 0
53 0
54 3
55 4
56 1
57 4
58 2
59 2
60 4
61 3
62 8
63 8
64 0
65 7
66 5
67 8
68 0
69 8
70 12
71 8
72 2
73 1
74 8
75 2
76 8
77 3
78 19
79 6
80 11
81 1
82 16
83 10
84 4
85 15
86 14
87 11
88 11
89 0
90 9
91 15
92 8
93 8
94 6
95 10
96 10
97 7
98 0
99 8
100 12
101 12
102 3
103 0
104 4
105 8
106 13
107 8
108 8
109 13
110 19
111 17
112 18
113 19
114 22
115 11
116 7
117 11
118 5
119 10
120 10
121 10
122 12
123 5
124 2
125 7
126 6
127 4
128 6
129 12
130 16
131 5
132 1
133 3
134 1
135 5
136 4
137 17
138 6
139 7
140 7
141 8
142 10
143 8
144 13
145 6
146 14
147 21
148 22
149 17
150 32
151 18
152 29
153 30
154 50
155 28
156 61
157 29
158 32
159 28
160 21
161 44
162 40
163 56
164 35
165 62
166 72
167 53
168 81
169 64
170 91
171 94
172 103
173 107
174 174
175 161
176 132
177 198
178 200
179 184
180 175
181 189
182 170
183 202
184 240
185 249
186 304
187 317
188 359
189 369
190 474
191 511
192 644
193 589
194 601
195 699
196 612
197 749
198 800
199 679
200 831
201 831
202 964
203 954
204 976
205 980
206 1007
207 1019
208 1001
209 1098
210 1116
211 1010
212 1112
213 1241
214 1319
215 1359
216 1326
217 1414
218 1443
219 1580
220 1611
221 1668
222 1731
223 1718
224 1848
225 1989
226 2083
227 2178
228 2232
229 2206
230 2250
231 2289
232 2240
233 2180
234 2128
235 2137
236 2257
237 2076
238 2292
239 2377
240 2511
241 2432
242 2471
243 2539
244 2775
245 2613
246 2683
247 2724
248 2737
249 2670
250 2608
251 2696
252 2693
253 2688
254 2867
255 2969
256 2926
257 3049
258 2875
259 2879
260 2827
261 2692
262 2531
263 2457
264 2215
265 2212
266 2159
267 2135
268 2048
269 2085
270 2014
271 2017
272 1869
273 1957
274 1943
275 2025
276 1836
277 1890
278 1773
279 1737
280 1791
281 1622
282 1674
283 1723
284 1643
285 1734
286 1602
287 1655
288 1628
289 1536
290 1609
291 1495
292 1544
293 1541
294 1522
295 1480
296 1403
297 1363
298 1325
299 1319
300 1339
301 1245
302 1114
303 1151
304 1044
305 920
306 825
307 828
308 744
309 674
310 567
311 568
312 577
313 460
314 443
315 396
316 354
317 282
318 239
319 195
320 176
321 163
322 138
323 112
324 108
325 135
326 108
327 64
328 104
329 66
330 70
331 63
332 71
333 40
334 53
335 24
336 28
337 28
338 14
339 17
340 11
341 16
342 12
343 11
344 19
345 11
346 11
347 3
348 8
349 2
350 4
351 1
352 3
353 0
354 0
355 1
356 1
357 0
358 0
359 0
360 0
361 0
362 0
363 0
364 1
365 0
366 0
367 1
368 2
