0 0
1 0
2 0
3 0
4 0
5 0
6 0
7 0
8 0
9 0
10 0
11 0
12 0
13 0
14 0
15 0
16 0
17 0
18 0
19 0
20 0
21 0
22 0
23 0
24 0
25 0
26 0
27 0
28 0
29 0
30 0
31 0
32 0
33 0
34 0
35 0
36 0
37 0
38 0
39 0
40 0
41 0
42 0
43 0
44 0
45 0
46 0
47 0
48 0
49 0
50 0
51 0
52 0
53 0
54 0
55 0
56 0
57 0
58 0
59 0
60 0
61 0
62 0
63 0
64 0
65 0
66 0
67 1
68 0
69 0
70 0
71 0
72 0
73 0
74 0
75 0
76 0
77 0
78 0
79 0
80 0
81 0
82 0
83 0
84 0
85 0
86 0
87 0
88 0
89 0
90 0
91 0
92 0
93 0
94 0
95 0
96 0
97 0
98 0
99 0
100 1
101 0
102 0
103 0
104 0
105 0
106 0
107 1
108 0
109 0
110 0
111 1
112 0
113 2
114 1
115 2
116 8
117 6
118 4
119 8
120 1
121 4
122 9
123 5
124 7
125 2
126 11
127 16
128 13
129 11
130 8
131 17
132 9
133 9
134 18
135 19
136 21
137 14
138 17
139 26
140 28
141 26
142 38
143 27
144 33
145 47
146 40
147 67
148 67
149 60
150 65
151 81
152 78
153 115
154 110
155 162
156 164
157 142
158 130
159 154
160 219
161 189
162 190
163 230
164 267
165 256
166 297
167 324
168 385
169 391
170 434
171 483
172 512
173 503
174 593
175 628
176 696
177 684
178 752
179 812
180 941
181 957
182 1071
183 1198
184 1128
185 1205
186 1223
187 1210
188 1309
189 1352
190 1587
191 1547
192 1636
193 1905
194 1978
195 1936
196 2160
197 1926
198 1996
199 1948
200 1902
201 1991
202 1958
203 1959
204 2032
205 1924
206 1926
207 1934
208 1982
209 1998
210 2192
211 2218
212 2210
213 2353
214 2558
215 2745
216 2793
217 2871
218 2734
219 2912
220 2892
221 3004
222 2792
223 2849
224 2910
225 2684
226 2726
227 2665
228 2641
229 2643
230 2492
231 2438
232 2531
233 2477
234 2278
235 2287
236 2182
237 2232
238 2137
239 2138
240 2080
241 2004
242 1995
243 2010
244 2221
245 2283
246 2180
247 2127
248 2140
249 2027
250 1995
251 1960
252 1902
253 1835
254 1757
255 1837
256 1842
257 1801
258 1721
259 1623
260 1624
261 1571
262 1490
263 1436
264 1418
265 1314
266 1375
267 1320
268 1342
269 1276
270 1244
271 1136
272 1083
273 957
274 960
275 968
276 921
277 959
278 893
279 909
280 897
281 885
282 854
283 924
284 918
285 877
286 792
287 855
288 733
289 758
290 626
291 617
292 634
293 611
294 588
295 547
296 576
297 546
298 562
299 514
300 498
301 477
302 451
303 369
304 418
305 393
306 346
307 363
308 278
309 286
310 224
311 218
312 178
313 205
314 162
315 150
316 157
317 131
318 121
319 105
320 98
321 75
322 70
323 65
324 58
325 62
326 39
327 31
328 38
329 26
330 23
331 25
332 21
333 10
334 11
335 14
336 14
337 5
338 19
339 7
340 5
341 10
342 3
343 7
344 2
345 6
346 6
347 1
348 2
349 1
350 4
351 3
352 3
353 3
354 0
355 1
