0 0
1 0
2 0
3 0
4 0
5 0
6 0
7 0
8 0
9 0
10 0
11 0
12 0
13 0
14 0
15 0
16 1
17 0
18 0
19 0
20 0
21 0
22 0
23 0
24 0
25 0
26 0
27 0
28 0
29 0
30 0
31 0
32 0
33 0
34 0
35 0
36 0
37 0
38 1
39 3
40 0
41 1
42 0
43 0
44 0
45 0
46 0
47 0
48 1
49 2
50 4
51 0
52 3
53 0
54 2
55 3
56 1
57 0
58 1
59 0
60 0
61 2
62 0
63 0
64 1
65 1
66 1
67 2
68 0
69 2
70 1
71 1
72 2
73 1
74 1
75 0
76 2
77 2
78 1
79 2
80 3
81 1
82 0
83 0
84 0
85 1
86 1
87 1
88 0
89 1
90 4
91 2
92 1
93 3
94 2
95 1
96 3
97 0
98 0
99 0
100 2
101 3
102 0
103 0
104 0
105 0
106 1
107 1
108 1
109 1
110 1
111 1
112 0
113 4
114 3
115 4
116 3
117 3
118 7
119 2
120 8
121 4
122 7
123 7
124 5
125 6
126 5
127 6
128 6
129 4
130 8
131 5
132 9
133 7
134 7
135 16
136 13
137 24
138 18
139 23
140 40
141 47
142 55
143 66
144 71
145 105
146 123
147 171
148 143
149 147
150 177
151 174
152 165
153 170
154 223
155 222
156 218
157 253
158 286
159 321
160 357
161 358
162 374
163 412
164 532
165 553
166 692
167 709
168 832
169 933
170 1025
171 1102
172 1223
173 1220
174 1232
175 1416
176 1398
177 1445
178 1434
179 1499
180 1477
181 1559
182 1563
183 1522
184 1613
185 1702
186 1632
187 1600
188 1584
189 1687
190 1687
191 1728
192 1834
193 1864
194 2022
195 2204
196 2395
197 2438
198 2743
199 2672
200 2886
201 2812
202 2552
203 2684
204 2496
205 2454
206 2493
207 2469
208 2588
209 2681
210 2683
211 2669
212 2841
213 2844
214 3128
215 3330
216 3217
217 3193
218 3188
219 3074
220 3077
221 2791
222 2738
223 2535
224 2318
225 2260
226 2089
227 2014
228 1955
229 1950
230 1762
231 1809
232 1738
233 1662
234 1624
235 1686
236 1638
237 1655
238 1609
239 1602
240 1518
241 1487
242 1522
243 1503
244 1458
245 1463
246 1530
247 1534
248 1538
249 1423
250 1595
251 1404
252 1339
253 1420
254 1329
255 1352
256 1263
257 1355
258 1438
259 1399
260 1349
261 1403
262 1422
263 1361
264 1313
265 1258
266 1182
267 1116
268 1069
269 986
270 997
271 875
272 908
273 776
274 778
275 713
276 756
277 797
278 797
279 766
280 810
281 798
282 822
283 893
284 734
285 679
286 672
287 765
288 708
289 730
290 588
291 649
292 631
293 533
294 527
295 487
296 435
297 357
298 306
299 243
300 203
301 224
302 168
303 157
304 131
305 109
306 100
307 94
308 81
309 59
310 63
311 66
312 44
313 41
314 45
315 49
316 44
317 40
318 43
319 45
320 33
321 32
322 30
323 48
324 47
325 44
326 44
327 61
328 66
329 53
330 37
331 33
332 48
333 44
334 39
335 27
336 19
337 17
338 24
339 12
340 15
341 10
342 7
343 1
344 3
345 4
346 4
347 0
348 0
349 0
350 1
351 2
352 0
353 0
354 3
355 0
356 0
357 0
358 1
359 1
360 0
361 0
362 0
363 1
364 1
