0 0
1 0
2 0
3 0
4 0
5 0
6 0
7 0
8 0
9 0
10 0
11 0
12 0
13 0
14 0
15 0
16 0
17 0
18 0
19 0
20 0
21 0
22 0
23 0
24 0
25 0
26 0
27 0
28 0
29 0
30 0
31 0
32 0
33 0
34 0
35 0
36 0
37 0
38 0
39 0
40 0
41 0
42 0
43 0
44 0
45 0
46 0
47 0
48 1
49 0
50 0
51 0
52 0
53 0
54 0
55 0
56 0
57 0
58 0
59 0
60 0
61 0
62 0
63 0
64 1
65 0
66 0
67 0
68 0
69 0
70 0
71 0
72 0
73 0
74 0
75 0
76 0
77 0
78 0
79 1
80 0
81 0
82 0
83 0
84 1
85 0
86 0
87 0
88 0
89 0
90 0
91 0
92 2
93 4
94 1
95 0
96 2
97 0
98 1
99 2
100 1
101 8
102 6
103 14
104 13
105 32
106 31
107 45
108 61
109 66
110 51
111 64
112 86
113 83
114 88
115 85
116 74
117 71
118 88
119 79
120 72
121 97
122 102
123 86
124 82
125 65
126 72
127 64
128 77
129 75
130 88
131 89
132 89
133 107
134 167
135 176
136 190
137 177
138 235
139 235
140 226
141 238
142 210
143 234
144 244
145 236
146 254
147 254
148 277
149 262
150 372
151 315
152 405
153 465
154 508
155 610
156 640
157 698
158 674
159 757
160 845
161 885
162 985
163 931
164 1020
165 1157
166 1120
167 1090
168 1140
169 1178
170 1211
171 1432
172 1433
173 1490
174 1569
175 1662
176 1629
177 1814
178 1852
179 2062
180 2046
181 2205
182 2246
183 2342
184 2217
185 2388
186 2276
187 2286
188 2224
189 2357
190 2352
191 2189
192 2269
193 2355
194 2262
195 2128
196 2206
197 2240
198 2243
199 2164
200 2250
201 2234
202 2323
203 2200
204 2231
205 2028
206 2226
207 2162
208 2262
209 2219
210 2274
211 2178
212 2228
213 2243
214 2135
215 2196
216 2349
217 2309
218 2425
219 2426
220 2605
221 2706
222 2558
223 2742
224 2618
225 2641
226 2608
227 2534
228 2527
229 2534
230 2396
231 2206
232 2238
233 2150
234 2080
235 2024
236 1873
237 1735
238 1734
239 1709
240 1781
241 1581
242 1585
243 1679
244 1659
245 1524
246 1393
247 1525
248 1313
249 1382
250 1171
251 1265
252 1034
253 1080
254 973
255 946
256 932
257 974
258 923
259 970
260 1025
261 994
262 1027
263 1002
264 1093
265 1047
266 1007
267 941
268 894
269 825
270 744
271 675
272 597
273 563
274 459
275 455
276 433
277 388
278 401
279 321
280 333
281 350
282 277
283 304
284 287
285 249
286 249
287 263
288 271
289 242
290 249
291 239
292 248
293 212
294 228
295 238
296 210
297 226
298 208
299 168
300 156
301 147
302 151
303 124
304 122
305 84
306 104
307 83
308 90
309 75
310 75
311 48
312 64
313 61
314 63
315 38
316 49
317 35
318 32
319 21
320 17
321 18
322 14
323 10
324 12
325 7
326 10
327 4
328 8
329 5
330 0
331 1
332 2
333 0
334 0
335 0
336 0
337 0
338 0
339 0
340 0
341 1
342 2
343 0
344 1
345 0
346 0
347 1
