0 0
1 0
2 0
3 0
4 0
5 0
6 0
7 0
8 0
9 0
10 0
11 0
12 0
13 0
14 0
15 0
16 0
17 0
18 0
19 0
20 0
21 0
22 0
23 0
24 0
25 0
26 0
27 0
28 0
29 0
30 0
31 0
32 0
33 0
34 0
35 0
36 0
37 0
38 0
39 1
40 0
41 0
42 0
43 0
44 0
45 0
46 0
47 0
48 0
49 0
50 0
51 0
52 0
53 0
54 0
55 0
56 0
57 0
58 1
59 0
60 0
61 0
62 0
63 0
64 0
65 0
66 0
67 0
68 0
69 0
70 0
71 0
72 0
73 0
74 0
75 0
76 0
77 0
78 0
79 0
80 0
81 0
82 0
83 0
84 0
85 0
86 0
87 0
88 0
89 0
90 0
91 0
92 0
93 0
94 0
95 0
96 0
97 0
98 0
99 0
100 0
101 0
102 0
103 0
104 0
105 0
106 1
107 0
108 0
109 0
110 1
111 0
112 0
113 1
114 0
115 1
116 0
117 3
118 0
119 0
120 2
121 3
122 0
123 1
124 1
125 1
126 4
127 0
128 0
129 0
130 0
131 0
132 0
133 2
134 3
135 4
136 1
137 4
138 7
139 9
140 8
141 9
142 14
143 12
144 7
145 9
146 18
147 10
148 17
149 10
150 19
151 24
152 21
153 16
154 26
155 27
156 40
157 46
158 63
159 57
160 64
161 104
162 97
163 115
164 94
165 148
166 181
167 212
168 211
169 276
170 380
171 376
172 471
173 527
174 654
175 814
176 971
177 998
178 1165
179 1028
180 985
181 922
182 856
183 775
184 829
185 749
186 791
187 781
188 829
189 811
190 815
191 853
192 905
193 928
194 910
195 997
196 1037
197 1089
198 1125
199 1074
200 1167
201 1145
202 1379
203 1389
204 1568
205 1654
206 1838
207 1859
208 2181
209 2283
210 2563
211 2515
212 2622
213 2721
214 2656
215 2799
216 2869
217 2769
218 2949
219 3024
220 2760
221 2650
222 2675
223 2696
224 2542
225 2601
226 2599
227 2556
228 2456
229 2536
230 2612
231 2650
232 2766
233 2824
234 2612
235 2662
236 2561
237 2603
238 2288
239 2496
240 2319
241 2270
242 2308
243 2315
244 2309
245 2224
246 2341
247 2344
248 2402
249 2398
250 2385
251 2331
252 2442
253 2504
254 2380
255 2312
256 2288
257 2220
258 2210
259 2117
260 2078
261 2034
262 1979
263 2027
264 1903
265 1987
266 1870
267 1794
268 1649
269 1569
270 1434
271 1291
272 1240
273 1209
274 1174
275 1126
276 1132
277 1172
278 1202
279 1147
280 1206
281 1145
282 1060
283 1065
284 1119
285 1047
286 1007
287 943
288 1002
289 883
290 712
291 772
292 623
293 685
294 559
295 477
296 470
297 483
298 406
299 390
300 350
301 326
302 299
303 293
304 277
305 266
306 273
307 205
308 230
309 190
310 182
311 193
312 159
313 150
314 141
315 95
316 71
317 71
318 67
319 54
320 60
321 53
322 23
323 35
324 25
325 29
326 18
327 20
328 10
329 16
330 12
331 3
332 12
333 8
334 3
335 5
336 4
337 5
338 3
339 5
340 3
341 1
342 5
343 1
344 2
345 0
346 1
347 0
348 2
349 0
350 0
351 0
352 0
353 0
354 0
355 0
356 0
357 0
358 0
359 1
