0 0
1 0
2 0
3 0
4 0
5 0
6 0
7 0
8 0
9 0
10 0
11 0
12 0
13 0
14 0
15 0
16 0
17 0
18 0
19 0
20 0
21 0
22 0
23 0
24 0
25 0
26 0
27 0
28 0
29 0
30 0
31 0
32 0
33 0
34 0
35 0
36 0
37 0
38 0
39 0
40 0
41 0
42 0
43 0
44 0
45 0
46 0
47 0
48 0
49 0
50 0
51 0
52 0
53 0
54 0
55 0
56 0
57 0
58 0
59 0
60 0
61 0
62 0
63 0
64 0
65 0
66 0
67 0
68 0
69 0
70 0
71 0
72 0
73 0
74 0
75 1
76 0
77 0
78 2
79 1
80 1
81 0
82 0
83 0
84 1
85 2
86 1
87 0
88 0
89 1
90 1
91 0
92 2
93 3
94 2
95 5
96 3
97 6
98 3
99 3
100 7
101 5
102 7
103 14
104 14
105 21
106 13
107 15
108 21
109 21
110 38
111 40
112 42
113 41
114 35
115 50
116 60
117 57
118 49
119 63
120 53
121 41
122 65
123 60
124 62
125 62
126 70
127 74
128 76
129 84
130 126
131 93
132 130
133 157
134 144
135 201
136 226
137 224
138 215
139 245
140 257
141 295
142 285
143 296
144 371
145 397
146 429
147 492
148 499
149 549
150 619
151 624
152 822
153 833
154 872
155 885
156 977
157 1052
158 1101
159 1103
160 1211
161 1311
162 1217
163 1321
164 1323
165 1213
166 1353
167 1296
168 1424
169 1409
170 1491
171 1504
172 1623
173 1552
174 1682
175 1689
176 1693
177 1608
178 1515
179 1748
180 1633
181 1717
182 1734
183 1803
184 1926
185 2020
186 2115
187 2215
188 2189
189 2439
190 2503
191 2453
192 2508
193 2327
194 2354
195 2234
196 2164
197 2074
198 2176
199 2228
200 2103
201 2147
202 2172
203 2207
204 2077
205 2074
206 2051
207 2139
208 2054
209 2084
210 2110
211 2183
212 2227
213 2258
214 2287
215 2403
216 2511
217 2505
218 2416
219 2392
220 2291
221 2272
222 2100
223 2145
224 2119
225 1924
226 1898
227 1917
228 1784
229 1793
230 1741
231 1719
232 1659
233 1687
234 1596
235 1547
236 1518
237 1509
238 1440
239 1384
240 1331
241 1322
242 1280
243 1212
244 1219
245 1274
246 1308
247 1235
248 1339
249 1287
250 1255
251 1271
252 1191
253 1234
254 1195
255 1142
256 1044
257 1085
258 1142
259 1046
260 1172
261 1141
262 1181
263 1167
264 1092
265 1110
266 1117
267 992
268 1007
269 968
270 981
271 831
272 907
273 798
274 748
275 798
276 820
277 759
278 788
279 778
280 644
281 669
282 632
283 508
284 532
285 395
286 410
287 373
288 338
289 307
290 299
291 284
292 289
293 218
294 201
295 206
296 184
297 148
298 135
299 157
300 110
301 132
302 130
303 139
304 144
305 148
306 112
307 126
308 150
309 148
310 105
311 102
312 101
313 93
314 98
315 90
316 100
317 73
318 58
319 45
320 26
321 48
322 38
323 28
324 15
325 16
326 13
327 33
328 20
329 18
330 9
331 18
332 5
333 7
334 6
335 6
336 13
337 5
338 4
339 3
340 3
341 1
342 1
343 1
344 1
345 7
346 0
347 0
348 0
349 1
