0 0
1 0
2 0
3 0
4 0
5 0
6 0
7 0
8 0
9 0
10 0
11 0
12 0
13 0
14 0
15 0
16 0
17 0
18 0
19 0
20 0
21 0
22 0
23 0
24 0
25 0
26 0
27 1
28 1
29 0
30 1
31 0
32 0
33 0
34 0
35 0
36 0
37 1
38 0
39 1
40 0
41 0
42 0
43 0
44 0
45 0
46 0
47 1
48 0
49 0
50 0
51 0
52 0
53 0
54 0
55 0
56 0
57 0
58 0
59 0
60 0
61 0
62 0
63 0
64 0
65 0
66 0
67 0
68 0
69 0
70 0
71 0
72 0
73 0
74 0
75 0
76 0
77 1
78 0
79 0
80 1
81 0
82 0
83 0
84 1
85 0
86 0
87 0
88 0
89 0
90 0
91 0
92 0
93 0
94 0
95 1
96 0
97 0
98 0
99 2
100 0
101 0
102 0
103 1
104 3
105 5
106 2
107 2
108 5
109 6
110 1
111 1
112 1
113 2
114 2
115 2
116 2
117 1
118 0
119 2
120 2
121 0
122 0
123 1
124 1
125 0
126 2
127 0
128 2
129 0
130 3
131 0
132 3
133 4
134 1
135 3
136 7
137 6
138 7
139 9
140 3
141 4
142 19
143 4
144 10
145 26
146 23
147 14
148 31
149 38
150 43
151 32
152 51
153 62
154 70
155 89
156 70
157 89
158 108
159 97
160 135
161 150
162 178
163 174
164 175
165 187
166 257
167 315
168 386
169 366
170 382
171 429
172 478
173 518
174 568
175 634
176 690
177 704
178 711
179 753
180 757
181 894
182 955
183 973
184 938
185 892
186 967
187 989
188 979
189 1112
190 1030
191 1144
192 1224
193 1185
194 1444
195 1418
196 1489
197 1653
198 1612
199 1682
200 1733
201 1712
202 1753
203 1770
204 1824
205 1868
206 1725
207 1986
208 1828
209 1937
210 1950
211 1970
212 2193
213 2222
214 2295
215 2610
216 2554
217 2528
218 2833
219 2589
220 2567
221 2594
222 2656
223 2620
224 2753
225 2804
226 2879
227 2875
228 2672
229 2908
230 2991
231 3121
232 2829
233 2741
234 2717
235 2769
236 2764
237 2788
238 2790
239 2910
240 2900
241 2803
242 2922
243 2749
244 2968
245 2860
246 2655
247 2558
248 2481
249 2386
250 2457
251 2451
252 2191
253 2228
254 2290
255 2233
256 2064
257 1950
258 1904
259 1817
260 1783
261 1727
262 1601
263 1592
264 1511
265 1492
266 1511
267 1428
268 1301
269 1170
270 1200
271 948
272 953
273 943
274 805
275 818
276 797
277 714
278 720
279 704
280 664
281 652
282 601
283 603
284 564
285 563
286 600
287 532
288 511
289 491
290 530
291 441
292 447
293 446
294 379
295 467
296 474
297 424
298 470
299 451
300 489
301 470
302 388
303 335
304 381
305 347
306 366
307 395
308 315
309 307
310 262
311 300
312 235
313 221
314 252
315 172
316 208
317 253
318 176
319 215
320 183
321 212
322 234
323 203
324 161
325 157
326 129
327 115
328 86
329 73
330 63
331 54
332 50
333 48
334 33
335 17
336 17
337 23
338 29
339 22
340 12
341 28
342 24
343 24
344 20
345 26
346 25
347 10
348 11
349 20
350 3
351 16
352 5
353 9
354 6
355 1
356 6
357 4
358 1
359 3
360 0
361 2
362 2
363 1
364 0
365 2
366 1
367 0
368 0
369 0
370 0
371 0
372 1
