0 0
1 0
2 0
3 0
4 0
5 0
6 0
7 0
8 0
9 0
10 0
11 4
12 0
13 0
14 0
15 0
16 0
17 0
18 0
19 0
20 0
21 0
22 0
23 0
24 4
25 0
26 0
27 0
28 0
29 0
30 0
31 0
32 0
33 0
34 0
35 0
36 0
37 0
38 0
39 0
40 0
41 4
42 0
43 4
44 3
45 0
46 3
47 0
48 0
49 0
50 0
51 0
52 0
53 0
54 0
55 0
56 0
57 0
58 0
59 0
60 4
61 0
62 0
63 0
64 3
65 0
66 0
67 0
68 4
69 0
70 2
71 0
72 0
73 4
74 4
75 5
76 0
77 0
78 5
79 4
80 3
81 3
82 0
83 0
84 0
85 1
86 0
87 2
88 1
89 7
90 1
91 4
92 0
93 0
94 0
95 7
96 0
97 2
98 6
99 6
100 1
101 7
102 3
103 3
104 2
105 0
106 0
107 6
108 7
109 4
110 7
111 9
112 10
113 2
114 7
115 9
116 8
117 3
118 1
119 3
120 3
121 0
122 11
123 3
124 7
125 0
126 8
127 14
128 1
129 5
130 16
131 7
132 8
133 25
134 18
135 8
136 12
137 7
138 42
139 24
140 19
141 16
142 24
143 40
144 33
145 37
146 54
147 70
148 68
149 94
150 85
151 101
152 100
153 97
154 105
155 130
156 105
157 76
158 88
159 98
160 90
161 94
162 91
163 102
164 75
165 103
166 107
167 111
168 113
169 73
170 98
171 100
172 104
173 101
174 100
175 86
176 104
177 115
178 115
179 125
180 134
181 140
182 201
183 140
184 187
185 158
186 171
187 186
188 196
189 200
190 225
191 252
192 279
193 270
194 306
195 298
196 325
197 369
198 445
199 380
200 494
201 445
202 493
203 554
204 570
205 713
206 727
207 782
208 832
209 867
210 1064
211 980
212 1145
213 1135
214 1226
215 1275
216 1300
217 1447
218 1226
219 1348
220 1412
221 1290
222 1383
223 1405
224 1506
225 1523
226 1550
227 1504
228 1519
229 1589
230 1656
231 1557
232 1540
233 1439
234 1597
235 1696
236 1645
237 1580
238 1688
239 1586
240 1605
241 1590
242 1639
243 1602
244 1595
245 1668
246 1682
247 1742
248 1739
249 1743
250 1820
251 1922
252 2089
253 2278
254 2373
255 2362
256 2576
257 2463
258 2551
259 2579
260 2666
261 2894
262 2727
263 2730
264 2660
265 2688
266 2721
267 2503
268 2464
269 2809
270 2648
271 2678
272 2617
273 2608
274 2516
275 2404
276 2340
277 2415
278 2417
279 2371
280 2283
281 2355
282 2352
283 2239
284 2142
285 2186
286 2149
287 2168
288 1996
289 2116
290 1944
291 1999
292 1910
293 1693
294 1794
295 1784
296 1723
297 1693
298 1585
299 1475
300 1542
301 1575
302 1393
303 1435
304 1309
305 1158
306 1081
307 1052
308 942
309 869
310 806
311 867
312 786
313 742
314 715
315 696
316 683
317 677
318 659
319 674
320 621
321 557
322 539
323 461
324 427
325 418
326 340
327 350
328 320
329 301
330 300
331 286
332 263
333 298
334 287
335 245
336 219
337 176
338 170
339 129
340 147
341 99
342 111
343 142
344 120
345 96
346 106
347 112
348 124
349 124
350 168
351 157
352 181
353 174
354 223
355 244
356 344
357 313
358 292
359 257
360 284
361 182
362 148
363 129
364 80
365 46
366 35
367 29
368 26
369 4
370 1
371 0
372 1
