0 0
1 0
2 0
3 0
4 0
5 0
6 0
7 0
8 0
9 0
10 0
11 0
12 0
13 0
14 0
15 0
16 0
17 0
18 0
19 0
20 0
21 0
22 0
23 0
24 0
25 0
26 0
27 0
28 0
29 0
30 0
31 0
32 0
33 0
34 0
35 0
36 0
37 0
38 0
39 0
40 0
41 0
42 0
43 0
44 0
45 0
46 0
47 0
48 0
49 0
50 0
51 0
52 0
53 0
54 0
55 0
56 0
57 0
58 0
59 0
60 0
61 0
62 0
63 0
64 0
65 0
66 0
67 0
68 0
69 0
70 0
71 0
72 0
73 0
74 0
75 0
76 0
77 0
78 0
79 0
80 0
81 0
82 0
83 0
84 0
85 0
86 0
87 0
88 0
89 0
90 0
91 0
92 0
93 0
94 0
95 0
96 0
97 0
98 0
99 0
100 0
101 0
102 0
103 0
104 0
105 0
106 0
107 0
108 0
109 0
110 0
111 0
112 0
113 0
114 0
115 0
116 0
117 0
118 0
119 0
120 0
121 0
122 0
123 0
124 0
125 0
126 0
127 0
128 0
129 0
130 0
131 0
132 0
133 0
134 0
135 0
136 0
137 0
138 0
139 4
140 0
141 0
142 8
143 2
144 2
145 5
146 13
147 14
148 19
149 53
150 59
151 56
152 59
153 89
154 97
155 83
156 107
157 93
158 106
159 89
160 111
161 131
162 152
163 162
164 166
165 218
166 250
167 198
168 263
169 323
170 330
171 358
172 399
173 453
174 522
175 550
176 606
177 683
178 790
179 984
180 1082
181 987
182 1020
183 1096
184 1007
185 1094
186 981
187 1077
188 1026
189 1096
190 1080
191 1043
192 1173
193 1054
194 1036
195 1211
196 1195
197 1202
198 1326
199 1432
200 1438
201 1528
202 1506
203 1716
204 1886
205 1986
206 2112
207 2403
208 2273
209 2468
210 2372
211 2490
212 2466
213 2443
214 2511
215 2417
216 2510
217 2452
218 2438
219 2383
220 2437
221 2121
222 2217
223 2190
224 2218
225 2043
226 2108
227 2182
228 2079
229 2151
230 2147
231 2089
232 2317
233 2409
234 2375
235 2490
236 2569
237 2569
238 2669
239 2577
240 2769
241 2528
242 2648
243 2409
244 2318
245 2432
246 2327
247 2332
248 2282
249 2393
250 2272
251 2264
252 2225
253 2178
254 2149
255 2043
256 1970
257 2016
258 1893
259 2049
260 1972
261 1804
262 1893
263 1950
264 1923
265 1776
266 1752
267 1815
268 1671
269 1710
270 1590
271 1568
272 1460
273 1528
274 1441
275 1411
276 1448
277 1279
278 1312
279 1213
280 1196
281 1127
282 959
283 990
284 854
285 860
286 859
287 904
288 799
289 842
290 773
291 705
292 676
293 648
294 603
295 520
296 560
297 493
298 463
299 392
300 405
301 335
302 381
303 313
304 290
305 298
306 230
307 245
308 246
309 227
310 212
311 202
312 195
313 137
314 132
315 160
316 126
317 135
318 151
319 111
320 110
321 120
322 93
323 78
324 125
325 112
326 97
327 68
328 87
329 96
330 104
331 94
332 115
333 112
334 84
335 98
336 91
337 85
338 93
339 109
340 93
341 110
342 80
343 81
344 101
345 78
346 61
347 45
348 69
349 67
350 44
351 32
352 23
353 25
354 16
355 12
356 9
357 9
358 3
359 1
360 0
361 0
362 3
