0 0
1 0
2 0
3 0
4 0
5 0
6 0
7 0
8 0
9 0
10 0
11 0
12 0
13 0
14 0
15 0
16 0
17 0
18 0
19 0
20 0
21 0
22 0
23 0
24 0
25 0
26 0
27 0
28 0
29 0
30 0
31 0
32 0
33 0
34 0
35 0
36 0
37 0
38 0
39 0
40 0
41 0
42 0
43 0
44 0
45 0
46 0
47 0
48 0
49 0
50 0
51 0
52 0
53 0
54 0
55 0
56 0
57 0
58 0
59 0
60 0
61 0
62 0
63 0
64 0
65 0
66 0
67 0
68 0
69 0
70 0
71 0
72 0
73 0
74 0
75 0
76 0
77 0
78 0
79 0
80 0
81 0
82 0
83 0
84 0
85 0
86 0
87 0
88 0
89 0
90 0
91 0
92 0
93 0
94 0
95 0
96 0
97 0
98 0
99 0
100 0
101 0
102 0
103 0
104 0
105 0
106 0
107 2
108 0
109 0
110 0
111 0
112 4
113 0
114 0
115 2
116 2
117 0
118 2
119 5
120 3
121 7
122 8
123 0
124 3
125 4
126 3
127 11
128 8
129 12
130 12
131 9
132 29
133 22
134 6
135 27
136 25
137 23
138 38
139 17
140 34
141 27
142 32
143 25
144 35
145 44
146 47
147 54
148 53
149 74
150 77
151 72
152 67
153 76
154 97
155 128
156 121
157 177
158 187
159 192
160 229
161 246
162 306
163 278
164 332
165 318
166 315
167 337
168 266
169 316
170 304
171 327
172 341
173 362
174 356
175 375
176 413
177 440
178 452
179 507
180 521
181 631
182 638
183 678
184 716
185 834
186 925
187 1032
188 1043
189 1074
190 1113
191 1252
192 1282
193 1465
194 1483
195 1408
196 1425
197 1374
198 1462
199 1374
200 1461
201 1619
202 1618
203 1835
204 1820
205 1835
206 1927
207 1939
208 2223
209 2262
210 2232
211 2349
212 2137
213 2274
214 2076
215 2028
216 2266
217 2173
218 2108
219 2255
220 2165
221 2339
222 2368
223 2395
224 2456
225 2654
226 2573
227 2625
228 2617
229 2559
230 2849
231 2723
232 2886
233 2843
234 2617
235 2598
236 2652
237 2719
238 2488
239 2486
240 2444
241 2348
242 2389
243 2358
244 2460
245 2406
246 2340
247 2516
248 2623
249 2644
250 2604
251 2775
252 2800
253 2743
254 2711
255 2731
256 2814
257 2688
258 2575
259 2300
260 2448
261 2187
262 2025
263 1963
264 1937
265 1983
266 1745
267 1833
268 1885
269 1684
270 1637
271 1556
272 1512
273 1381
274 1274
275 1168
276 1140
277 1070
278 1018
279 960
280 767
281 713
282 759
283 691
284 662
285 647
286 555
287 552
288 517
289 448
290 470
291 352
292 373
293 361
294 366
295 332
296 326
297 266
298 286
299 315
300 295
301 281
302 259
303 275
304 255
305 226
306 191
307 203
308 160
309 150
310 131
311 125
312 140
313 112
314 130
315 126
316 116
317 134
318 126
319 147
320 154
321 139
322 147
323 141
324 142
325 139
326 112
327 95
328 96
329 77
330 80
331 67
332 44
333 43
334 31
335 24
336 41
337 25
338 17
339 20
340 18
341 19
342 12
343 13
344 5
345 1
346 8
347 3
348 0
349 4
350 12
351 3
352 3
353 1
354 6
355 4
356 6
357 1
358 4
359 4
360 5
361 3
362 1
363 4
364 1
365 2
366 1
367 0
368 1
369 1
