0 0
1 0
2 0
3 0
4 0
5 0
6 0
7 0
8 0
9 0
10 0
11 0
12 0
13 0
14 0
15 0
16 0
17 0
18 0
19 0
20 0
21 0
22 0
23 0
24 0
25 0
26 0
27 0
28 0
29 0
30 0
31 0
32 0
33 0
34 0
35 0
36 0
37 0
38 0
39 0
40 0
41 0
42 0
43 0
44 0
45 0
46 0
47 0
48 0
49 0
50 0
51 0
52 0
53 0
54 0
55 0
56 0
57 0
58 0
59 0
60 0
61 0
62 0
63 0
64 0
65 0
66 0
67 0
68 0
69 0
70 0
71 0
72 0
73 0
74 0
75 0
76 0
77 0
78 0
79 0
80 0
81 0
82 0
83 0
84 0
85 0
86 0
87 0
88 0
89 0
90 0
91 0
92 0
93 0
94 0
95 2
96 0
97 0
98 0
99 3
100 0
101 9
102 7
103 7
104 4
105 5
106 11
107 7
108 6
109 9
110 6
111 3
112 9
113 4
114 6
115 6
116 2
117 10
118 7
119 9
120 4
121 9
122 12
123 11
124 12
125 5
126 8
127 10
128 8
129 16
130 13
131 9
132 12
133 10
134 15
135 14
136 17
137 20
138 8
139 26
140 18
141 23
142 21
143 18
144 14
145 18
146 19
147 31
148 41
149 41
150 30
151 48
152 56
153 48
154 45
155 53
156 42
157 73
158 62
159 91
160 80
161 125
162 149
163 211
164 235
165 226
166 298
167 268
168 264
169 289
170 291
171 288
172 267
173 271
174 287
175 259
176 202
177 279
178 278
179 369
180 391
181 441
182 422
183 501
184 503
185 519
186 537
187 704
188 691
189 745
190 981
191 919
192 920
193 1075
194 954
195 980
196 985
197 975
198 960
199 1021
200 1021
201 1124
202 1249
203 1313
204 1448
205 1530
206 1591
207 1636
208 1719
209 1743
210 1672
211 1899
212 1973
213 2148
214 2034
215 2278
216 2418
217 2424
218 2794
219 2776
220 3022
221 3037
222 3213
223 3249
224 3271
225 3402
226 3311
227 3139
228 3214
229 3318
230 3475
231 3578
232 3637
233 3758
234 3606
235 3506
236 3584
237 3403
238 3291
239 3172
240 2946
241 2784
242 2844
243 2851
244 2889
245 2762
246 2697
247 2722
248 2668
249 2714
250 2832
251 2648
252 2548
253 2399
254 2367
255 2140
256 2138
257 2009
258 1885
259 1979
260 1888
261 1804
262 1660
263 1612
264 1619
265 1534
266 1473
267 1372
268 1351
269 1440
270 1436
271 1380
272 1272
273 1228
274 1224
275 1057
276 1140
277 997
278 903
279 894
280 886
281 841
282 858
283 803
284 715
285 719
286 658
287 639
288 650
289 570
290 557
291 620
292 583
293 559
294 588
295 541
296 567
297 507
298 535
299 524
300 508
301 513
302 438
303 410
304 355
305 322
306 291
307 258
308 254
309 191
310 166
311 147
312 104
313 106
314 75
315 78
316 89
317 49
318 52
319 42
320 30
321 34
322 18
323 34
324 31
325 25
326 28
327 28
328 31
329 27
330 15
331 19
332 18
333 23
334 14
335 9
336 18
337 10
338 18
339 16
340 12
341 8
342 7
343 6
344 13
345 4
346 2
347 2
348 2
349 3
350 4
351 4
352 2
353 0
354 3
355 3
356 4
357 0
358 0
359 2
360 0
361 0
362 1
