0 0
1 0
2 0
3 0
4 0
5 0
6 0
7 0
8 0
9 0
10 0
11 0
12 0
13 0
14 0
15 0
16 0
17 0
18 0
19 0
20 0
21 0
22 0
23 0
24 0
25 0
26 0
27 0
28 0
29 0
30 0
31 0
32 0
33 0
34 0
35 0
36 0
37 0
38 0
39 0
40 0
41 0
42 0
43 0
44 0
45 0
46 0
47 0
48 0
49 0
50 0
51 0
52 0
53 0
54 0
55 0
56 0
57 0
58 0
59 0
60 0
61 0
62 0
63 0
64 0
65 0
66 0
67 0
68 0
69 0
70 0
71 0
72 0
73 0
74 0
75 0
76 0
77 0
78 0
79 0
80 0
81 0
82 0
83 0
84 0
85 2
86 0
87 2
88 1
89 3
90 0
91 0
92 0
93 3
94 0
95 2
96 0
97 2
98 8
99 4
100 13
101 9
102 7
103 10
104 7
105 8
106 20
107 24
108 9
109 24
110 23
111 24
112 39
113 27
114 29
115 31
116 45
117 43
118 49
119 67
120 100
121 83
122 85
123 129
124 131
125 196
126 223
127 217
128 228
129 326
130 310
131 414
132 408
133 469
134 643
135 684
136 674
137 756
138 747
139 716
140 603
141 587
142 550
143 564
144 541
145 558
146 544
147 584
148 590
149 614
150 634
151 694
152 738
153 657
154 681
155 741
156 699
157 714
158 785
159 822
160 814
161 811
162 801
163 868
164 913
165 934
166 983
167 1071
168 1057
169 1085
170 1095
171 1214
172 1381
173 1350
174 1468
175 1627
176 1629
177 1602
178 1749
179 1743
180 1902
181 1914
182 1993
183 2209
184 2190
185 2161
186 2247
187 2470
188 2349
189 2355
190 2414
191 2413
192 2312
193 2355
194 2284
195 2149
196 2244
197 2106
198 2011
199 2077
200 2174
201 1932
202 2233
203 2222
204 2270
205 2360
206 2363
207 2271
208 2348
209 2534
210 2381
211 2392
212 2495
213 2333
214 2292
215 2471
216 2468
217 2410
218 2448
219 2468
220 2520
221 2506
222 2468
223 2531
224 2411
225 2322
226 2149
227 2032
228 1977
229 1937
230 1789
231 1769
232 1767
233 1654
234 1681
235 1620
236 1564
237 1511
238 1445
239 1425
240 1447
241 1400
242 1338
243 1414
244 1350
245 1397
246 1378
247 1366
248 1379
249 1477
250 1486
251 1548
252 1519
253 1498
254 1618
255 1475
256 1322
257 1320
258 1223
259 1232
260 1227
261 1113
262 1063
263 1024
264 972
265 832
266 871
267 785
268 755
269 688
270 697
271 646
272 552
273 554
274 468
275 432
276 393
277 380
278 349
279 329
280 280
281 255
282 225
283 227
284 170
285 175
286 168
287 140
288 125
289 117
290 113
291 109
292 123
293 110
294 110
295 111
296 97
297 93
298 98
299 100
300 77
301 74
302 57
303 77
304 65
305 65
306 65
307 40
308 38
309 30
310 35
311 19
312 18
313 16
314 11
315 11
316 11
317 5
318 3
319 3
320 2
321 2
322 5
323 5
324 4
325 3
326 1
327 1
328 5
329 1
330 0
331 0
332 2
333 0
334 0
335 1
336 0
337 0
338 0
339 1
340 0
341 0
342 0
343 1
344 1
