0 0
1 0
2 0
3 0
4 0
5 0
6 0
7 0
8 0
9 0
10 0
11 0
12 0
13 0
14 2
15 0
16 0
17 0
18 0
19 0
20 0
21 0
22 0
23 0
24 4
25 0
26 0
27 0
28 4
29 0
30 0
31 0
32 0
33 0
34 0
35 0
36 0
37 0
38 0
39 0
40 0
41 0
42 0
43 0
44 0
45 0
46 2
47 2
48 0
49 0
50 0
51 0
52 0
53 0
54 0
55 1
56 4
57 3
58 0
59 0
60 6
61 4
62 0
63 1
64 2
65 2
66 0
67 1
68 5
69 0
70 4
71 0
72 0
73 2
74 2
75 0
76 0
77 0
78 4
79 1
80 2
81 1
82 1
83 3
84 4
85 6
86 0
87 15
88 2
89 4
90 3
91 9
92 3
93 10
94 2
95 2
96 11
97 9
98 2
99 3
100 0
101 0
102 4
103 4
104 10
105 0
106 5
107 14
108 8
109 12
110 4
111 0
112 0
113 0
114 2
115 6
116 5
117 3
118 11
119 1
120 6
121 3
122 6
123 14
124 2
125 7
126 13
127 15
128 2
129 16
130 17
131 4
132 18
133 8
134 15
135 13
136 6
137 7
138 17
139 4
140 5
141 12
142 36
143 7
144 24
145 6
146 14
147 12
148 19
149 28
150 26
151 39
152 19
153 26
154 28
155 32
156 28
157 39
158 68
159 58
160 57
161 52
162 71
163 75
164 71
165 61
166 59
167 30
168 45
169 58
170 50
171 44
172 51
173 57
174 74
175 65
176 52
177 59
178 81
179 80
180 92
181 140
182 126
183 122
184 136
185 154
186 160
187 182
188 184
189 202
190 193
191 250
192 254
193 240
194 223
195 251
196 267
197 312
198 302
199 318
200 280
201 370
202 321
203 386
204 394
205 409
206 399
207 421
208 458
209 469
210 469
211 581
212 565
213 660
214 691
215 826
216 861
217 1033
218 1047
219 1152
220 1182
221 1363
222 1305
223 1287
224 1235
225 1268
226 1380
227 1335
228 1364
229 1367
230 1371
231 1440
232 1458
233 1566
234 1706
235 1655
236 1716
237 1684
238 1769
239 1963
240 1916
241 1958
242 2130
243 2217
244 2172
245 2347
246 2325
247 2380
248 2445
249 2543
250 2459
251 2578
252 2602
253 2562
254 2675
255 2649
256 2509
257 2593
258 2603
259 2633
260 2672
261 2889
262 2905
263 2953
264 2852
265 2866
266 3025
267 3078
268 3088
269 3252
270 3207
271 3072
272 3071
273 2835
274 2784
275 2614
276 2605
277 2808
278 2660
279 2445
280 2507
281 2287
282 2240
283 2084
284 2078
285 2024
286 2006
287 1964
288 2002
289 1923
290 1929
291 1882
292 1836
293 1718
294 1664
295 1654
296 1541
297 1400
298 1609
299 1449
300 1491
301 1506
302 1445
303 1550
304 1441
305 1388
306 1307
307 1240
308 1135
309 932
310 955
311 791
312 773
313 653
314 640
315 531
316 501
317 491
318 463
319 409
320 383
321 415
322 316
323 307
324 353
325 299
326 281
327 303
328 330
329 306
330 291
331 279
332 327
333 287
334 316
335 333
336 349
337 314
338 256
339 199
340 214
341 202
342 152
343 209
344 148
345 113
346 111
347 93
348 100
349 83
350 79
351 67
352 85
353 121
354 72
355 76
356 80
357 75
358 45
359 73
360 62
361 52
362 68
363 46
364 27
365 31
366 32
367 37
368 14
369 23
370 8
371 8
372 5
373 13
374 3
375 1
376 0
377 1
