0 0
1 0
2 0
3 0
4 0
5 0
6 0
7 0
8 4
9 0
10 0
11 0
12 0
13 0
14 0
15 0
16 0
17 0
18 0
19 4
20 4
21 0
22 0
23 2
24 0
25 0
26 0
27 2
28 1
29 0
30 0
31 0
32 3
33 0
34 6
35 2
36 2
37 2
38 6
39 0
40 3
41 3
42 2
43 3
44 0
45 0
46 2
47 4
48 5
49 0
50 0
51 7
52 3
53 0
54 2
55 6
56 2
57 0
58 5
59 0
60 0
61 0
62 4
63 7
64 15
65 7
66 2
67 4
68 3
69 1
70 18
71 6
72 2
73 4
74 3
75 6
76 0
77 2
78 0
79 14
80 8
81 6
82 5
83 9
84 0
85 15
86 2
87 13
88 6
89 6
90 18
91 5
92 8
93 6
94 4
95 4
96 3
97 7
98 4
99 8
100 5
101 10
102 0
103 8
104 1
105 3
106 8
107 2
108 12
109 0
110 12
111 6
112 5
113 17
114 10
115 3
116 5
117 8
118 4
119 2
120 8
121 17
122 19
123 6
124 12
125 3
126 5
127 11
128 7
129 3
130 7
131 9
132 22
133 4
134 7
135 2
136 3
137 12
138 1
139 0
140 3
141 10
142 4
143 9
144 12
145 0
146 1
147 5
148 6
149 4
150 12
151 4
152 8
153 13
154 26
155 15
156 11
157 18
158 14
159 19
160 12
161 9
162 29
163 29
164 39
165 33
166 22
167 42
168 22
169 30
170 46
171 52
172 69
173 54
174 78
175 76
176 83
177 114
178 118
179 110
180 130
181 115
182 125
183 152
184 162
185 167
186 151
187 145
188 199
189 199
190 218
191 224
192 228
193 220
194 288
195 276
196 259
197 295
198 298
199 261
200 316
201 318
202 325
203 303
204 377
205 372
206 448
207 465
208 413
209 445
210 496
211 532
212 612
213 584
214 634
215 675
216 658
217 688
218 782
219 727
220 831
221 828
222 932
223 949
224 1015
225 1119
226 1141
227 1172
228 1256
229 1274
230 1326
231 1464
232 1503
233 1514
234 1689
235 1775
236 1703
237 1802
238 1825
239 1914
240 1952
241 1942
242 2047
243 2134
244 2111
245 2209
246 2289
247 2296
248 2271
249 2459
250 2610
251 2542
252 2687
253 2673
254 2684
255 2790
256 2746
257 2810
258 2881
259 2729
260 2735
261 2754
262 2843
263 2629
264 2631
265 2482
266 2461
267 2439
268 2289
269 2333
270 2282
271 2142
272 2069
273 2209
274 2163
275 2172
276 2231
277 2155
278 2082
279 2158
280 2297
281 2437
282 2289
283 2325
284 2404
285 2505
286 2570
287 2592
288 2522
289 2519
290 2556
291 2355
292 2249
293 2222
294 2079
295 1937
296 1705
297 1675
298 1559
299 1537
300 1555
301 1564
302 1557
303 1600
304 1549
305 1592
306 1477
307 1440
308 1361
309 1278
310 1187
311 1083
312 926
313 901
314 851
315 924
316 870
317 861
318 840
319 786
320 763
321 788
322 733
323 753
324 696
325 631
326 643
327 588
328 544
329 561
330 586
331 432
332 468
333 367
334 307
335 324
336 249
337 162
338 163
339 132
340 143
341 137
342 127
343 111
344 125
345 111
346 100
347 133
348 92
349 93
350 90
351 64
352 71
353 44
354 30
355 25
356 33
357 26
358 41
359 19
360 29
361 19
362 19
363 28
364 25
365 12
366 17
367 2
368 9
369 2
370 2
371 1
372 2
373 2
374 2
375 0
376 1
