0 0
1 0
2 0
3 0
4 0
5 0
6 0
7 0
8 0
9 0
10 0
11 0
12 0
13 0
14 0
15 0
16 0
17 0
18 0
19 0
20 0
21 0
22 0
23 0
24 0
25 0
26 0
27 0
28 0
29 0
30 0
31 0
32 0
33 0
34 0
35 0
36 0
37 0
38 0
39 0
40 0
41 0
42 0
43 0
44 0
45 0
46 0
47 0
48 0
49 0
50 0
51 0
52 0
53 0
54 0
55 0
56 0
57 0
58 0
59 0
60 0
61 0
62 0
63 0
64 0
65 0
66 0
67 0
68 0
69 0
70 0
71 0
72 0
73 0
74 0
75 0
76 0
77 0
78 0
79 0
80 0
81 0
82 0
83 0
84 0
85 0
86 0
87 0
88 0
89 0
90 0
91 0
92 0
93 0
94 0
95 0
96 0
97 0
98 0
99 0
100 0
101 0
102 0
103 0
104 0
105 0
106 0
107 0
108 0
109 0
110 0
111 0
112 0
113 0
114 0
115 0
116 0
117 0
118 0
119 0
120 6
121 0
122 2
123 1
124 5
125 3
126 6
127 5
128 13
129 22
130 15
131 13
132 23
133 18
134 30
135 31
136 29
137 42
138 27
139 29
140 35
141 29
142 47
143 30
144 39
145 51
146 62
147 64
148 68
149 60
150 85
151 75
152 97
153 123
154 124
155 119
156 126
157 143
158 151
159 194
160 203
161 264
162 257
163 259
164 364
165 413
166 518
167 544
168 710
169 726
170 737
171 903
172 960
173 1049
174 1039
175 1068
176 1058
177 1059
178 1089
179 1118
180 1113
181 1002
182 1148
183 1066
184 1102
185 1046
186 987
187 1029
188 1071
189 1057
190 1118
191 1211
192 1287
193 1425
194 1434
195 1440
196 1479
197 1533
198 1624
199 1498
200 1634
201 1534
202 1599
203 1783
204 1783
205 1879
206 1952
207 1996
208 2098
209 1932
210 2091
211 2177
212 2037
213 2184
214 2106
215 2107
216 2082
217 2066
218 2227
219 2280
220 2412
221 2551
222 2553
223 2591
224 2669
225 2658
226 2733
227 2673
228 2661
229 2691
230 2797
231 2616
232 2772
233 2749
234 2780
235 2873
236 2840
237 2909
238 2733
239 2954
240 2875
241 2891
242 2774
243 2643
244 2609
245 2423
246 2389
247 2344
248 2044
249 2077
250 1948
251 1926
252 2008
253 1818
254 1828
255 1821
256 1714
257 1792
258 1772
259 1965
260 1844
261 1770
262 1877
263 1888
264 1778
265 1871
266 1801
267 1649
268 1680
269 1614
270 1532
271 1476
272 1391
273 1336
274 1294
275 1254
276 1071
277 1047
278 1061
279 948
280 944
281 870
282 825
283 719
284 706
285 634
286 563
287 549
288 522
289 435
290 411
291 418
292 395
293 373
294 414
295 338
296 239
297 279
298 262
299 234
300 236
301 215
302 207
303 182
304 176
305 172
306 138
307 135
308 107
309 94
310 98
311 68
312 81
313 86
314 53
315 59
316 46
317 39
318 21
319 37
320 38
321 26
322 30
323 16
324 21
325 16
326 15
327 11
328 11
329 9
330 10
331 6
332 14
333 7
334 3
335 8
336 0
337 1
338 4
339 3
340 0
341 1
342 0
343 1
344 1
345 1
346 0
347 1
