0 0
1 0
2 0
3 0
4 0
5 0
6 0
7 0
8 0
9 0
10 0
11 0
12 0
13 0
14 0
15 0
16 0
17 0
18 0
19 0
20 0
21 0
22 0
23 0
24 0
25 0
26 0
27 0
28 0
29 0
30 0
31 0
32 0
33 0
34 0
35 0
36 0
37 0
38 0
39 0
40 0
41 0
42 0
43 0
44 0
45 0
46 0
47 0
48 0
49 0
50 0
51 0
52 0
53 0
54 0
55 0
56 0
57 0
58 0
59 0
60 0
61 0
62 0
63 0
64 0
65 0
66 0
67 0
68 0
69 0
70 0
71 0
72 0
73 0
74 0
75 0
76 0
77 0
78 0
79 0
80 0
81 0
82 0
83 0
84 0
85 0
86 0
87 0
88 0
89 0
90 0
91 0
92 0
93 0
94 0
95 0
96 0
97 0
98 0
99 0
100 0
101 0
102 0
103 0
104 0
105 0
106 0
107 0
108 1
109 1
110 1
111 0
112 1
113 1
114 1
115 2
116 0
117 0
118 1
119 0
120 1
121 1
122 1
123 0
124 2
125 2
126 2
127 1
128 4
129 4
130 2
131 6
132 5
133 5
134 13
135 9
136 11
137 5
138 11
139 12
140 9
141 14
142 25
143 32
144 24
145 41
146 38
147 55
148 56
149 77
150 105
151 102
152 115
153 132
154 154
155 194
156 221
157 197
158 193
159 231
160 219
161 269
162 335
163 302
164 329
165 433
166 445
167 479
168 480
169 439
170 529
171 499
172 558
173 546
174 539
175 543
176 551
177 629
178 581
179 579
180 659
181 666
182 607
183 692
184 705
185 778
186 748
187 767
188 919
189 902
190 891
191 1041
192 950
193 1042
194 1039
195 1179
196 1256
197 1288
198 1298
199 1422
200 1443
201 1642
202 1623
203 1765
204 1777
205 1911
206 1887
207 2022
208 1921
209 1859
210 1926
211 2006
212 1938
213 1995
214 2136
215 2337
216 2229
217 2283
218 2291
219 2529
220 2641
221 2552
222 2894
223 2726
224 2773
225 2798
226 2935
227 2910
228 2922
229 2850
230 2960
231 3095
232 3130
233 3035
234 3188
235 3102
236 3113
237 3198
238 3158
239 3215
240 3027
241 2901
242 2820
243 2547
244 2486
245 2264
246 2329
247 2161
248 2130
249 2183
250 2076
251 2055
252 2094
253 2034
254 1957
255 1952
256 1931
257 2006
258 1979
259 1959
260 1964
261 1789
262 1762
263 1785
264 1755
265 1732
266 1783
267 1754
268 1680
269 1569
270 1475
271 1487
272 1402
273 1359
274 1204
275 1172
276 1113
277 990
278 933
279 874
280 889
281 783
282 792
283 709
284 708
285 703
286 683
287 628
288 594
289 575
290 565
291 532
292 483
293 480
294 443
295 393
296 383
297 391
298 397
299 312
300 364
301 308
302 318
303 272
304 286
305 300
306 339
307 272
308 299
309 275
310 237
311 248
312 229
313 196
314 207
315 175
316 199
317 189
318 176
319 177
320 180
321 144
322 113
323 137
324 95
325 74
326 81
327 69
328 52
329 49
330 44
331 38
332 59
333 37
334 27
335 14
336 32
337 21
338 11
339 17
340 4
341 6
342 5
343 8
344 3
345 4
346 4
347 5
348 1
349 5
350 6
351 0
352 0
353 0
354 0
355 0
356 0
357 0
358 1
