0 0
1 0
2 0
3 0
4 0
5 0
6 0
7 0
8 0
9 0
10 0
11 0
12 0
13 0
14 0
15 0
16 0
17 0
18 0
19 0
20 0
21 0
22 0
23 0
24 0
25 0
26 0
27 0
28 0
29 0
30 0
31 0
32 0
33 0
34 0
35 0
36 0
37 0
38 0
39 0
40 0
41 0
42 0
43 0
44 0
45 0
46 0
47 0
48 0
49 0
50 0
51 0
52 0
53 0
54 0
55 0
56 0
57 0
58 0
59 0
60 0
61 0
62 0
63 0
64 0
65 0
66 0
67 0
68 0
69 0
70 0
71 0
72 0
73 0
74 0
75 0
76 0
77 0
78 0
79 0
80 0
81 0
82 0
83 0
84 0
85 0
86 0
87 0
88 0
89 0
90 0
91 0
92 0
93 0
94 0
95 0
96 0
97 0
98 0
99 0
100 0
101 0
102 0
103 1
104 0
105 0
106 0
107 1
108 0
109 0
110 0
111 1
112 0
113 0
114 1
115 0
116 0
117 1
118 1
119 1
120 0
121 1
122 1
123 4
124 1
125 1
126 1
127 3
128 1
129 1
130 5
131 5
132 5
133 11
134 6
135 15
136 22
137 45
138 39
139 40
140 49
141 54
142 74
143 74
144 65
145 91
146 71
147 87
148 81
149 74
150 86
151 66
152 65
153 80
154 95
155 73
156 82
157 71
158 93
159 115
160 119
161 170
162 147
163 167
164 160
165 172
166 150
167 160
168 149
169 150
170 182
171 165
172 150
173 146
174 216
175 241
176 272
177 244
178 239
179 317
180 343
181 362
182 456
183 446
184 489
185 547
186 548
187 554
188 625
189 659
190 701
191 704
192 780
193 705
194 716
195 738
196 748
197 821
198 943
199 947
200 976
201 1116
202 1057
203 1147
204 1105
205 1192
206 1239
207 1259
208 1268
209 1361
210 1358
211 1531
212 1481
213 1447
214 1617
215 1669
216 1756
217 1762
218 1801
219 1922
220 1967
221 1953
222 1994
223 1988
224 2029
225 2186
226 2286
227 2340
228 2390
229 2581
230 2738
231 2952
232 2895
233 2904
234 2898
235 2895
236 2827
237 2883
238 2935
239 2894
240 2785
241 2816
242 2983
243 2888
244 2744
245 2878
246 2790
247 2765
248 2783
249 2772
250 2916
251 3098
252 3072
253 2900
254 2954
255 2829
256 2856
257 2663
258 2590
259 2625
260 2395
261 2250
262 2250
263 2097
264 2190
265 2066
266 2079
267 1926
268 1871
269 1955
270 1760
271 1725
272 1703
273 1659
274 1567
275 1611
276 1496
277 1423
278 1443
279 1401
280 1455
281 1415
282 1455
283 1594
284 1525
285 1447
286 1452
287 1383
288 1234
289 1092
290 988
291 851
292 806
293 787
294 637
295 589
296 529
297 470
298 466
299 379
300 298
301 290
302 313
303 321
304 315
305 311
306 342
307 340
308 294
309 299
310 324
311 345
312 322
313 324
314 307
315 336
316 341
317 362
318 338
319 353
320 356
321 295
322 296
323 239
324 254
325 224
326 207
327 230
328 142
329 180
330 190
331 157
332 151
333 139
334 122
335 101
336 103
337 66
338 72
339 59
340 37
341 39
342 19
343 20
344 23
345 10
346 9
347 4
348 6
349 1
350 4
351 4
352 4
353 1
354 2
355 1
356 2
357 0
358 0
359 1
360 0
361 0
362 0
363 1
