0 0
1 0
2 0
3 0
4 0
5 0
6 0
7 0
8 0
9 0
10 0
11 0
12 0
13 0
14 0
15 0
16 0
17 0
18 0
19 0
20 0
21 0
22 0
23 0
24 0
25 0
26 0
27 0
28 0
29 0
30 0
31 0
32 0
33 0
34 0
35 0
36 0
37 0
38 0
39 0
40 0
41 0
42 0
43 0
44 0
45 0
46 0
47 0
48 0
49 0
50 0
51 0
52 0
53 0
54 0
55 0
56 0
57 0
58 0
59 0
60 0
61 0
62 0
63 0
64 0
65 0
66 0
67 0
68 0
69 0
70 0
71 0
72 0
73 0
74 0
75 0
76 0
77 0
78 0
79 0
80 0
81 0
82 0
83 0
84 0
85 0
86 0
87 0
88 0
89 0
90 0
91 0
92 0
93 0
94 0
95 0
96 0
97 0
98 0
99 0
100 0
101 0
102 0
103 0
104 0
105 0
106 0
107 0
108 0
109 0
110 1
111 1
112 3
113 10
114 7
115 10
116 18
117 15
118 35
119 24
120 40
121 40
122 34
123 28
124 39
125 37
126 36
127 46
128 27
129 54
130 45
131 53
132 73
133 89
134 68
135 100
136 105
137 120
138 146
139 134
140 137
141 201
142 231
143 205
144 266
145 268
146 273
147 275
148 318
149 338
150 297
151 310
152 321
153 337
154 369
155 375
156 437
157 480
158 550
159 499
160 500
161 545
162 581
163 618
164 689
165 755
166 822
167 808
168 924
169 876
170 939
171 1032
172 995
173 1144
174 1106
175 1162
176 1292
177 1293
178 1346
179 1406
180 1416
181 1487
182 1548
183 1594
184 1654
185 1718
186 1750
187 1792
188 1899
189 2026
190 2232
191 2171
192 2514
193 2730
194 2677
195 2715
196 2778
197 2679
198 2759
199 2850
200 2871
201 2691
202 2615
203 2394
204 2092
205 2120
206 2013
207 1943
208 1952
209 2022
210 1869
211 2038
212 2012
213 1969
214 2029
215 2062
216 2012
217 2049
218 2209
219 2014
220 2086
221 2095
222 2014
223 2056
224 2160
225 2017
226 2058
227 2089
228 2028
229 1947
230 1850
231 1931
232 2017
233 1909
234 1788
235 1822
236 1935
237 1873
238 1855
239 2013
240 1839
241 1912
242 1909
243 1952
244 1886
245 1833
246 1957
247 1843
248 1767
249 1778
250 1733
251 1762
252 1571
253 1605
254 1599
255 1499
256 1475
257 1415
258 1437
259 1414
260 1328
261 1325
262 1285
263 1240
264 1108
265 1106
266 1036
267 1014
268 1018
269 945
270 905
271 966
272 951
273 814
274 868
275 758
276 806
277 712
278 694
279 640
280 598
281 617
282 605
283 581
284 553
285 561
286 553
287 566
288 470
289 529
290 493
291 411
292 446
293 426
294 441
295 382
296 428
297 349
298 331
299 295
300 264
301 240
302 268
303 241
304 259
305 244
306 205
307 215
308 226
309 214
310 190
311 187
312 187
313 180
314 173
315 178
316 172
317 167
318 139
319 177
320 145
321 138
322 102
323 99
324 85
325 70
326 58
327 56
328 45
329 61
330 44
331 60
332 47
333 51
334 31
335 31
336 29
337 27
338 28
339 14
340 40
341 16
342 19
343 17
344 21
345 18
346 18
347 16
348 12
349 20
350 16
351 13
352 14
353 17
354 9
355 11
356 5
357 10
358 7
359 5
360 8
361 3
362 5
363 2
364 1
365 0
366 1
367 2
