0 0
1 0
2 0
3 0
4 0
5 0
6 0
7 0
8 0
9 0
10 0
11 0
12 0
13 0
14 0
15 0
16 0
17 0
18 0
19 0
20 0
21 0
22 0
23 0
24 0
25 0
26 0
27 0
28 0
29 0
30 0
31 0
32 0
33 0
34 0
35 0
36 0
37 0
38 0
39 0
40 0
41 0
42 0
43 0
44 0
45 0
46 0
47 0
48 0
49 0
50 0
51 0
52 0
53 0
54 0
55 0
56 0
57 0
58 0
59 0
60 0
61 0
62 0
63 0
64 0
65 0
66 0
67 0
68 0
69 0
70 0
71 0
72 0
73 0
74 0
75 0
76 0
77 0
78 0
79 0
80 0
81 0
82 0
83 0
84 0
85 0
86 0
87 0
88 0
89 0
90 0
91 0
92 0
93 0
94 0
95 0
96 0
97 0
98 0
99 0
100 0
101 0
102 0
103 0
104 0
105 0
106 0
107 0
108 0
109 0
110 0
111 0
112 0
113 0
114 3
115 0
116 0
117 0
118 3
119 0
120 7
121 5
122 1
123 15
124 12
125 6
126 6
127 8
128 45
129 28
130 30
131 47
132 74
133 56
134 79
135 88
136 87
137 93
138 122
139 161
140 154
141 156
142 167
143 224
144 199
145 210
146 241
147 238
148 179
149 318
150 270
151 328
152 321
153 348
154 417
155 421
156 471
157 508
158 447
159 512
160 516
161 552
162 551
163 658
164 675
165 748
166 777
167 821
168 864
169 960
170 1085
171 1277
172 1409
173 1639
174 1866
175 1877
176 1925
177 1880
178 1828
179 1654
180 1789
181 1850
182 1810
183 1818
184 1856
185 1907
186 2081
187 2105
188 2255
189 2114
190 2376
191 2341
192 2584
193 2593
194 2697
195 2773
196 2771
197 2865
198 2767
199 2762
200 2832
201 2729
202 2715
203 2778
204 2792
205 2936
206 2889
207 2779
208 2720
209 2723
210 2503
211 2636
212 2374
213 2443
214 2292
215 2420
216 2327
217 2272
218 2218
219 2154
220 2168
221 2235
222 2298
223 2262
224 2328
225 2272
226 2404
227 2194
228 2299
229 2229
230 2063
231 1972
232 1971
233 1812
234 1788
235 1688
236 1779
237 1645
238 1692
239 1684
240 1562
241 1539
242 1562
243 1507
244 1536
245 1590
246 1510
247 1443
248 1473
249 1424
250 1467
251 1402
252 1230
253 1167
254 1267
255 1232
256 1167
257 1029
258 1007
259 1048
260 985
261 970
262 899
263 846
264 822
265 828
266 676
267 795
268 762
269 704
270 747
271 693
272 661
273 669
274 627
275 623
276 643
277 591
278 504
279 516
280 518
281 486
282 455
283 455
284 506
285 426
286 404
287 473
288 417
289 489
290 431
291 376
292 353
293 366
294 316
295 277
296 301
297 239
298 270
299 241
300 237
301 200
302 189
303 155
304 145
305 140
306 146
307 98
308 88
309 71
310 60
311 70
312 54
313 49
314 46
315 61
316 43
317 30
318 47
319 40
320 35
321 37
322 35
323 50
324 46
325 28
326 13
327 32
328 27
329 23
330 27
331 32
332 13
333 25
334 12
335 29
336 10
337 14
338 12
339 11
340 14
341 6
342 6
343 4
344 2
345 2
346 0
347 0
348 0
349 0
350 0
351 1
