0 0
1 0
2 0
3 0
4 0
5 0
6 0
7 0
8 0
9 0
10 0
11 0
12 0
13 0
14 0
15 0
16 0
17 0
18 0
19 0
20 0
21 0
22 0
23 0
24 0
25 0
26 0
27 0
28 0
29 0
30 0
31 0
32 0
33 0
34 0
35 0
36 0
37 0
38 0
39 0
40 0
41 0
42 0
43 0
44 0
45 0
46 0
47 0
48 0
49 0
50 0
51 0
52 0
53 0
54 0
55 0
56 0
57 0
58 0
59 0
60 0
61 0
62 0
63 0
64 0
65 0
66 0
67 0
68 0
69 0
70 0
71 0
72 0
73 0
74 0
75 0
76 0
77 1
78 0
79 1
80 0
81 1
82 0
83 0
84 0
85 0
86 0
87 0
88 0
89 0
90 0
91 0
92 0
93 0
94 0
95 0
96 0
97 0
98 0
99 0
100 0
101 0
102 0
103 0
104 1
105 1
106 2
107 4
108 1
109 5
110 5
111 3
112 4
113 7
114 11
115 7
116 3
117 10
118 13
119 20
120 19
121 18
122 26
123 26
124 24
125 27
126 37
127 61
128 46
129 50
130 46
131 67
132 67
133 52
134 71
135 91
136 89
137 108
138 137
139 127
140 157
141 196
142 218
143 219
144 298
145 321
146 333
147 378
148 415
149 450
150 566
151 578
152 676
153 783
154 756
155 842
156 797
157 946
158 939
159 890
160 979
161 998
162 912
163 1066
164 1142
165 1171
166 1302
167 1358
168 1385
169 1358
170 1359
171 1453
172 1483
173 1451
174 1575
175 1587
176 1659
177 1721
178 1707
179 1632
180 1766
181 1741
182 1782
183 1817
184 1836
185 1918
186 1966
187 2016
188 1833
189 1892
190 1731
191 1851
192 1775
193 1848
194 1895
195 1999
196 2050
197 2246
198 2412
199 2420
200 2290
201 2342
202 2107
203 1988
204 2090
205 1926
206 2002
207 2028
208 1938
209 2136
210 2161
211 2143
212 2123
213 2025
214 2137
215 2018
216 2023
217 1947
218 1934
219 1951
220 1936
221 1925
222 1890
223 1768
224 1871
225 1896
226 1888
227 1860
228 1925
229 2032
230 2093
231 2112
232 2231
233 2096
234 2136
235 2164
236 2175
237 2151
238 2080
239 2183
240 2076
241 2071
242 2060
243 1930
244 1859
245 1926
246 1869
247 1786
248 1726
249 1912
250 1939
251 1783
252 1835
253 1778
254 1676
255 1694
256 1673
257 1622
258 1499
259 1532
260 1360
261 1285
262 1276
263 1131
264 973
265 870
266 873
267 827
268 844
269 729
270 690
271 647
272 572
273 611
274 598
275 537
276 552
277 546
278 560
279 582
280 590
281 545
282 506
283 494
284 420
285 421
286 416
287 348
288 386
289 341
290 309
291 291
292 265
293 250
294 210
295 228
296 208
297 197
298 224
299 181
300 174
301 177
302 149
303 116
304 120
305 108
306 87
307 101
308 67
309 62
310 71
311 57
312 59
313 59
314 55
315 70
316 45
317 37
318 46
319 46
320 43
321 32
322 46
323 36
324 29
325 28
326 28
327 39
328 24
329 20
330 25
331 24
332 22
333 15
334 8
335 7
336 9
337 10
338 10
339 12
340 8
341 8
342 3
343 4
344 11
345 9
346 7
347 7
348 7
349 6
350 6
351 2
352 4
353 1
354 4
355 0
356 1
357 1
358 2
359 2
360 0
361 0
362 1
363 0
364 1
365 0
366 0
367 2
