0 0
1 0
2 0
3 0
4 0
5 0
6 0
7 0
8 0
9 0
10 0
11 0
12 0
13 0
14 0
15 0
16 0
17 0
18 0
19 1
20 0
21 0
22 0
23 0
24 0
25 0
26 0
27 0
28 0
29 1
30 0
31 0
32 0
33 0
34 0
35 0
36 0
37 0
38 0
39 0
40 0
41 0
42 0
43 1
44 0
45 0
46 0
47 1
48 0
49 0
50 0
51 0
52 0
53 0
54 0
55 0
56 0
57 2
58 1
59 0
60 0
61 0
62 0
63 1
64 0
65 0
66 0
67 0
68 0
69 0
70 1
71 0
72 0
73 1
74 0
75 0
76 0
77 0
78 1
79 0
80 0
81 0
82 0
83 0
84 0
85 0
86 0
87 0
88 0
89 1
90 0
91 0
92 0
93 0
94 0
95 0
96 0
97 0
98 0
99 0
100 0
101 0
102 0
103 0
104 0
105 1
106 0
107 0
108 0
109 0
110 0
111 2
112 2
113 3
114 6
115 2
116 3
117 10
118 6
119 12
120 16
121 12
122 8
123 15
124 16
125 18
126 23
127 32
128 22
129 24
130 27
131 22
132 24
133 32
134 29
135 20
136 33
137 26
138 36
139 41
140 41
141 66
142 80
143 65
144 74
145 94
146 75
147 106
148 90
149 110
150 95
151 120
152 149
153 196
154 212
155 264
156 261
157 351
158 295
159 345
160 350
161 379
162 378
163 371
164 456
165 383
166 458
167 546
168 768
169 885
170 1075
171 1178
172 1223
173 1150
174 1222
175 1123
176 1134
177 1156
178 1160
179 1096
180 1219
181 1195
182 1160
183 1314
184 1301
185 1296
186 1410
187 1460
188 1354
189 1380
190 1491
191 1368
192 1484
193 1513
194 1650
195 1626
196 1702
197 1689
198 1760
199 1898
200 1810
201 1869
202 1993
203 1980
204 2016
205 1969
206 2080
207 2053
208 2058
209 2100
210 2063
211 2054
212 2161
213 2116
214 2099
215 2144
216 2184
217 2047
218 2163
219 2208
220 2252
221 2156
222 2291
223 2214
224 2226
225 2270
226 2184
227 2238
228 2322
229 2281
230 2116
231 2249
232 2229
233 2236
234 2223
235 2200
236 2279
237 2204
238 2302
239 2263
240 2137
241 2189
242 2190
243 2080
244 2064
245 2164
246 2137
247 2113
248 2038
249 2100
250 2042
251 2120
252 2008
253 1949
254 1827
255 1909
256 1935
257 1899
258 1951
259 1882
260 1790
261 1682
262 1693
263 1472
264 1585
265 1385
266 1413
267 1402
268 1335
269 1347
270 1265
271 1338
272 1275
273 1314
274 1503
275 1446
276 1345
277 1369
278 1350
279 1294
280 1293
281 1270
282 1031
283 1145
284 1017
285 1038
286 971
287 864
288 791
289 740
290 620
291 582
292 477
293 436
294 411
295 374
296 287
297 291
298 259
299 255
300 217
301 203
302 151
303 152
304 114
305 123
306 91
307 91
308 87
309 85
310 90
311 106
312 69
313 53
314 56
315 79
316 49
317 54
318 47
319 56
320 40
321 49
322 39
323 23
324 32
325 29
326 25
327 31
328 23
329 13
330 27
331 12
332 15
333 19
334 17
335 15
336 20
337 8
338 12
339 13
340 16
341 16
342 10
343 8
344 6
345 3
346 1
347 2
348 1
349 2
350 3
351 2
352 0
353 2
354 1
355 0
356 0
357 1
358 0
359 1
360 0
361 1
362 0
363 0
364 0
365 1
366 0
367 0
368 0
369 0
370 0
371 0
372 0
373 0
374 0
375 0
376 0
377 1
