0 0
1 0
2 0
3 0
4 0
5 0
6 0
7 0
8 0
9 0
10 0
11 0
12 0
13 0
14 0
15 0
16 0
17 0
18 0
19 0
20 0
21 0
22 0
23 0
24 0
25 0
26 0
27 0
28 0
29 1
30 0
31 0
32 0
33 0
34 0
35 0
36 0
37 0
38 0
39 0
40 0
41 0
42 0
43 1
44 0
45 0
46 0
47 1
48 0
49 0
50 0
51 1
52 0
53 1
54 0
55 1
56 0
57 0
58 0
59 0
60 0
61 0
62 0
63 0
64 0
65 0
66 0
67 1
68 0
69 0
70 0
71 0
72 1
73 0
74 0
75 0
76 0
77 0
78 0
79 0
80 1
81 0
82 0
83 0
84 0
85 2
86 0
87 1
88 0
89 0
90 0
91 0
92 1
93 2
94 1
95 4
96 3
97 4
98 5
99 9
100 7
101 12
102 6
103 11
104 14
105 8
106 13
107 10
108 17
109 16
110 10
111 15
112 17
113 8
114 12
115 15
116 12
117 8
118 6
119 11
120 8
121 12
122 10
123 6
124 6
125 6
126 9
127 11
128 7
129 13
130 11
131 13
132 7
133 13
134 11
135 19
136 17
137 22
138 24
139 30
140 28
141 51
142 55
143 47
144 51
145 52
146 62
147 69
148 80
149 94
150 130
151 96
152 159
153 165
154 181
155 221
156 232
157 248
158 278
159 349
160 336
161 373
162 339
163 392
164 445
165 437
166 437
167 492
168 490
169 483
170 533
171 611
172 647
173 802
174 981
175 1126
176 1161
177 1393
178 1464
179 1474
180 1647
181 1610
182 1718
183 1653
184 1599
185 1615
186 1778
187 1666
188 1811
189 1632
190 1663
191 1543
192 1506
193 1566
194 1629
195 1464
196 1480
197 1639
198 1733
199 1853
200 1946
201 1990
202 2067
203 1942
204 1952
205 1928
206 1946
207 1976
208 2028
209 2014
210 2066
211 2106
212 2148
213 2042
214 2194
215 2175
216 2228
217 2176
218 2175
219 2229
220 2295
221 2320
222 2428
223 2391
224 2441
225 2359
226 2442
227 2450
228 2370
229 2418
230 2280
231 2347
232 2204
233 2199
234 2176
235 2020
236 2019
237 2110
238 2082
239 1986
240 1861
241 1934
242 1908
243 1888
244 1768
245 1935
246 1868
247 1978
248 1885
249 1945
250 1970
251 2093
252 2021
253 2161
254 2212
255 2170
256 2054
257 1901
258 2000
259 1874
260 1872
261 1852
262 1760
263 1615
264 1753
265 1714
266 1793
267 1646
268 1557
269 1514
270 1439
271 1329
272 1271
273 1238
274 1150
275 1065
276 1054
277 1032
278 1129
279 1173
280 1065
281 1121
282 1067
283 1060
284 993
285 913
286 788
287 729
288 619
289 553
290 546
291 524
292 431
293 478
294 409
295 369
296 404
297 351
298 285
299 302
300 260
301 255
302 228
303 190
304 171
305 191
306 138
307 134
308 93
309 101
310 84
311 92
312 67
313 62
314 36
315 41
316 38
317 25
318 27
319 33
320 36
321 46
322 26
323 39
324 33
325 27
326 11
327 25
328 31
329 23
330 24
331 18
332 20
333 17
334 19
335 28
336 24
337 19
338 19
339 8
340 11
341 4
342 6
343 6
344 3
345 5
346 4
347 6
348 5
349 3
350 0
351 6
352 4
353 2
354 1
355 5
356 3
357 1
358 1
359 2
360 0
361 1
362 0
363 0
364 0
365 2
366 0
367 1
368 0
369 0
370 0
371 1
