0 0
1 0
2 0
3 0
4 0
5 0
6 0
7 0
8 0
9 0
10 0
11 0
12 0
13 0
14 0
15 0
16 0
17 0
18 0
19 0
20 0
21 0
22 0
23 0
24 0
25 0
26 0
27 0
28 0
29 0
30 0
31 0
32 0
33 0
34 0
35 0
36 0
37 0
38 0
39 0
40 0
41 0
42 0
43 0
44 0
45 0
46 0
47 0
48 0
49 0
50 0
51 0
52 0
53 0
54 0
55 0
56 0
57 0
58 0
59 0
60 0
61 0
62 0
63 0
64 0
65 0
66 0
67 0
68 0
69 0
70 0
71 0
72 0
73 0
74 0
75 0
76 0
77 0
78 0
79 0
80 0
81 0
82 0
83 0
84 0
85 0
86 0
87 0
88 0
89 0
90 0
91 0
92 0
93 0
94 0
95 0
96 0
97 0
98 0
99 0
100 0
101 0
102 0
103 0
104 0
105 0
106 0
107 0
108 0
109 0
110 0
111 0
112 0
113 0
114 0
115 0
116 0
117 0
118 0
119 0
120 0
121 0
122 0
123 1
124 0
125 1
126 2
127 1
128 2
129 3
130 3
131 1
132 4
133 3
134 6
135 3
136 5
137 3
138 7
139 5
140 1
141 7
142 5
143 9
144 13
145 9
146 8
147 8
148 6
149 10
150 10
151 8
152 11
153 8
154 20
155 12
156 16
157 27
158 21
159 23
160 29
161 38
162 40
163 27
164 42
165 35
166 47
167 57
168 68
169 75
170 89
171 88
172 87
173 96
174 91
175 94
176 95
177 157
178 163
179 166
180 184
181 262
182 336
183 329
184 393
185 402
186 377
187 442
188 488
189 468
190 615
191 496
192 590
193 542
194 475
195 480
196 407
197 421
198 397
199 463
200 389
201 402
202 426
203 574
204 515
205 503
206 545
207 521
208 587
209 616
210 550
211 602
212 564
213 563
214 625
215 515
216 647
217 581
218 685
219 703
220 704
221 705
222 636
223 757
224 682
225 700
226 721
227 773
228 740
229 824
230 874
231 906
232 922
233 963
234 867
235 924
236 978
237 988
238 928
239 954
240 931
241 1041
242 1124
243 1152
244 1208
245 1197
246 1283
247 1190
248 1249
249 1374
250 1412
251 1416
252 1445
253 1518
254 1594
255 1622
256 1656
257 1733
258 1913
259 1793
260 1925
261 1908
262 2042
263 2032
264 2135
265 2063
266 2041
267 2044
268 2108
269 2145
270 2246
271 2267
272 2326
273 2386
274 2375
275 2325
276 2420
277 2451
278 2400
279 2562
280 2564
281 2660
282 2567
283 2630
284 2645
285 2619
286 2394
287 2521
288 2547
289 2590
290 2596
291 2661
292 2579
293 2775
294 2715
295 2827
296 2806
297 2709
298 2445
299 2408
300 2201
301 2113
302 2072
303 1985
304 2010
305 1842
306 1945
307 1809
308 1851
309 1807
310 1850
311 1903
312 1859
313 1880
314 1700
315 1635
316 1668
317 1516
318 1543
319 1400
320 1330
321 1180
322 1182
323 1159
324 1108
325 1114
326 956
327 956
328 920
329 863
330 760
331 743
332 758
333 654
334 608
335 623
336 565
337 601
338 436
339 478
340 440
341 376
342 407
343 296
344 291
345 293
346 281
347 224
348 204
349 248
350 205
351 191
352 139
353 156
354 120
355 96
356 94
357 102
358 70
359 85
360 84
361 52
362 75
363 62
364 60
365 64
366 87
367 61
368 84
369 76
370 56
371 50
372 39
373 22
374 25
375 8
376 11
377 6
378 8
379 9
380 6
381 8
382 7
383 5
384 6
385 3
386 9
387 0
388 3
389 0
390 5
391 0
392 0
393 2
394 0
395 0
396 0
397 0
398 2
399 2
400 0
401 1
