0 0
1 0
2 0
3 0
4 0
5 0
6 0
7 0
8 0
9 0
10 0
11 0
12 0
13 0
14 0
15 0
16 0
17 0
18 0
19 0
20 0
21 0
22 0
23 0
24 0
25 0
26 0
27 0
28 0
29 0
30 0
31 0
32 0
33 0
34 0
35 0
36 0
37 0
38 0
39 0
40 0
41 0
42 0
43 0
44 0
45 0
46 0
47 0
48 0
49 0
50 0
51 0
52 0
53 0
54 0
55 0
56 0
57 0
58 0
59 0
60 0
61 0
62 0
63 0
64 0
65 0
66 0
67 0
68 0
69 0
70 0
71 0
72 0
73 0
74 0
75 0
76 0
77 0
78 0
79 0
80 0
81 0
82 0
83 0
84 0
85 0
86 0
87 0
88 0
89 0
90 0
91 0
92 0
93 1
94 0
95 0
96 0
97 0
98 1
99 0
100 1
101 0
102 0
103 0
104 0
105 0
106 2
107 2
108 1
109 1
110 2
111 0
112 0
113 4
114 1
115 2
116 0
117 10
118 7
119 7
120 5
121 9
122 11
123 5
124 9
125 16
126 14
127 10
128 11
129 11
130 13
131 12
132 13
133 13
134 15
135 17
136 32
137 31
138 24
139 18
140 36
141 27
142 21
143 42
144 41
145 48
146 49
147 60
148 83
149 85
150 94
151 115
152 123
153 121
154 142
155 144
156 152
157 174
158 134
159 176
160 191
161 192
162 214
163 239
164 268
165 312
166 324
167 385
168 421
169 411
170 464
171 473
172 521
173 559
174 583
175 545
176 571
177 612
178 581
179 572
180 681
181 719
182 751
183 839
184 841
185 904
186 935
187 1126
188 1129
189 1153
190 1234
191 1371
192 1371
193 1401
194 1393
195 1540
196 1657
197 1554
198 1695
199 1687
200 1788
201 1734
202 1744
203 1666
204 1600
205 1572
206 1582
207 1738
208 1913
209 1809
210 1880
211 2084
212 2197
213 2364
214 2390
215 2501
216 2611
217 2607
218 2769
219 2715
220 2687
221 2698
222 2664
223 2641
224 2722
225 2714
226 2668
227 2723
228 2735
229 2706
230 2650
231 2524
232 2756
233 2688
234 2723
235 2927
236 2893
237 2879
238 2888
239 2787
240 2808
241 2617
242 2667
243 2542
244 2448
245 2520
246 2407
247 2483
248 2272
249 2366
250 2337
251 2310
252 2193
253 2168
254 2041
255 1934
256 1827
257 1708
258 1626
259 1616
260 1547
261 1476
262 1433
263 1384
264 1372
265 1467
266 1289
267 1341
268 1395
269 1311
270 1290
271 1350
272 1269
273 1264
274 1273
275 1240
276 1309
277 1171
278 1249
279 1044
280 1037
281 1055
282 995
283 920
284 763
285 777
286 780
287 736
288 706
289 662
290 674
291 618
292 597
293 548
294 545
295 487
296 410
297 398
298 370
299 316
300 326
301 299
302 327
303 288
304 281
305 323
306 302
307 306
308 222
309 244
310 236
311 221
312 166
313 149
314 160
315 143
316 117
317 149
318 126
319 106
320 122
321 98
322 106
323 116
324 110
325 84
326 92
327 59
328 75
329 64
330 52
331 35
332 42
333 39
334 37
335 37
336 46
337 38
338 27
339 30
340 18
341 20
342 31
343 11
344 16
345 9
346 13
347 7
348 8
349 5
350 6
351 6
352 2
353 2
354 2
355 2
356 0
357 0
358 4
359 3
360 0
361 1
362 0
363 0
364 5
365 7
366 0
367 0
368 0
369 1
370 0
371 1
372 0
373 0
374 0
375 0
376 0
377 0
378 0
379 1
