0 0
1 0
2 0
3 0
4 0
5 0
6 0
7 0
8 0
9 0
10 0
11 0
12 0
13 0
14 0
15 0
16 0
17 0
18 0
19 0
20 0
21 0
22 0
23 0
24 0
25 0
26 0
27 0
28 0
29 0
30 0
31 0
32 0
33 0
34 0
35 0
36 0
37 0
38 0
39 0
40 0
41 0
42 0
43 0
44 0
45 0
46 0
47 0
48 0
49 0
50 0
51 0
52 0
53 0
54 0
55 0
56 0
57 0
58 0
59 0
60 0
61 0
62 0
63 0
64 0
65 0
66 0
67 0
68 0
69 0
70 0
71 0
72 0
73 0
74 0
75 0
76 0
77 0
78 0
79 0
80 0
81 0
82 0
83 0
84 0
85 0
86 0
87 0
88 0
89 0
90 0
91 0
92 0
93 0
94 0
95 3
96 1
97 4
98 1
99 5
100 1
101 4
102 7
103 8
104 9
105 3
106 8
107 10
108 7
109 7
110 8
111 3
112 8
113 7
114 12
115 11
116 14
117 9
118 11
119 5
120 9
121 10
122 8
123 9
124 7
125 8
126 13
127 9
128 16
129 9
130 12
131 2
132 10
133 10
134 9
135 11
136 20
137 6
138 16
139 11
140 22
141 5
142 12
143 27
144 11
145 12
146 17
147 41
148 42
149 33
150 62
151 62
152 102
153 100
154 110
155 133
156 181
157 179
158 228
159 148
160 200
161 215
162 200
163 262
164 246
165 220
166 291
167 302
168 318
169 327
170 356
171 368
172 367
173 327
174 372
175 373
176 415
177 367
178 368
179 464
180 438
181 490
182 491
183 557
184 623
185 639
186 574
187 652
188 703
189 740
190 659
191 777
192 843
193 837
194 931
195 882
196 946
197 890
198 976
199 1024
200 977
201 1007
202 1058
203 1050
204 1202
205 1325
206 1263
207 1337
208 1320
209 1406
210 1356
211 1503
212 1565
213 1740
214 1753
215 1755
216 1844
217 1845
218 1963
219 1951
220 1835
221 2021
222 2104
223 2059
224 2231
225 2264
226 2440
227 2392
228 2546
229 2688
230 2676
231 2601
232 2579
233 2703
234 2647
235 2776
236 2767
237 2857
238 2937
239 2933
240 3054
241 2985
242 2971
243 2991
244 2927
245 3265
246 3183
247 3142
248 3149
249 3251
250 3136
251 3073
252 3120
253 2968
254 3046
255 2777
256 2769
257 2598
258 2585
259 2502
260 2531
261 2408
262 2360
263 2478
264 2417
265 2274
266 2231
267 2161
268 2044
269 2135
270 2013
271 1987
272 1757
273 1614
274 1621
275 1541
276 1333
277 1434
278 1287
279 1219
280 1182
281 1123
282 1023
283 1020
284 941
285 787
286 892
287 888
288 781
289 765
290 783
291 722
292 640
293 598
294 600
295 583
296 527
297 510
298 472
299 487
300 445
301 385
302 409
303 343
304 314
305 278
306 220
307 211
308 169
309 171
310 142
311 148
312 137
313 137
314 121
315 107
316 115
317 99
318 95
319 121
320 104
321 89
322 94
323 64
324 69
325 75
326 77
327 74
328 58
329 66
330 62
331 73
332 52
333 54
334 41
335 36
336 34
337 23
338 27
339 15
340 8
341 12
342 6
343 9
344 7
345 1
346 2
347 2
348 3
349 2
350 2
351 2
352 1
353 0
354 0
355 0
356 0
357 3
358 0
359 1
360 0
361 1
362 1
363 3
