0 0
1 0
2 0
3 0
4 0
5 0
6 0
7 0
8 0
9 0
10 0
11 0
12 0
13 0
14 0
15 0
16 0
17 0
18 0
19 0
20 0
21 0
22 0
23 0
24 0
25 0
26 0
27 0
28 0
29 0
30 0
31 0
32 0
33 0
34 0
35 0
36 0
37 0
38 0
39 0
40 0
41 0
42 0
43 0
44 0
45 0
46 0
47 0
48 0
49 0
50 0
51 0
52 0
53 0
54 0
55 0
56 0
57 0
58 0
59 0
60 0
61 0
62 0
63 0
64 0
65 0
66 0
67 0
68 0
69 0
70 0
71 0
72 0
73 0
74 0
75 0
76 0
77 0
78 0
79 1
80 1
81 3
82 1
83 0
84 0
85 4
86 0
87 0
88 1
89 2
90 1
91 0
92 0
93 0
94 4
95 6
96 3
97 9
98 3
99 9
100 3
101 3
102 20
103 18
104 25
105 23
106 22
107 33
108 20
109 33
110 22
111 29
112 32
113 54
114 43
115 37
116 60
117 45
118 65
119 58
120 55
121 57
122 39
123 65
124 72
125 67
126 48
127 52
128 73
129 56
130 81
131 62
132 55
133 97
134 79
135 81
136 90
137 110
138 111
139 131
140 119
141 132
142 142
143 218
144 179
145 198
146 242
147 337
148 335
149 409
150 432
151 404
152 441
153 507
154 471
155 566
156 542
157 602
158 688
159 711
160 777
161 842
162 877
163 944
164 961
165 1105
166 1170
167 1159
168 1182
169 1168
170 1132
171 1006
172 1044
173 1073
174 950
175 1022
176 992
177 1025
178 904
179 934
180 1004
181 1043
182 1107
183 1210
184 1216
185 1336
186 1335
187 1426
188 1495
189 1450
190 1472
191 1684
192 1642
193 1616
194 1753
195 1855
196 1834
197 1943
198 2007
199 2034
200 2279
201 2356
202 2288
203 2365
204 2125
205 2200
206 2005
207 1903
208 1896
209 1886
210 1876
211 2019
212 1988
213 2006
214 1963
215 2031
216 2098
217 2018
218 2026
219 2066
220 2111
221 2000
222 1970
223 2067
224 2170
225 2238
226 2240
227 2180
228 2241
229 2335
230 2345
231 2098
232 2272
233 1973
234 2009
235 2160
236 2129
237 2034
238 2165
239 2039
240 2130
241 1979
242 2055
243 2128
244 2180
245 2171
246 2118
247 2116
248 2018
249 2032
250 2028
251 1939
252 1858
253 2004
254 1910
255 2006
256 1955
257 1821
258 1687
259 1641
260 1551
261 1462
262 1321
263 1327
264 1294
265 1190
266 1135
267 1137
268 1117
269 1037
270 1174
271 1028
272 1091
273 929
274 907
275 915
276 849
277 814
278 820
279 837
280 775
281 789
282 774
283 699
284 714
285 567
286 515
287 463
288 433
289 446
290 426
291 370
292 343
293 277
294 286
295 260
296 268
297 292
298 254
299 224
300 202
301 246
302 268
303 244
304 221
305 211
306 239
307 212
308 238
309 227
310 224
311 241
312 221
313 235
314 189
315 160
316 191
317 130
318 135
319 103
320 126
321 112
322 79
323 93
324 60
325 67
326 43
327 48
328 40
329 47
330 44
331 40
332 35
333 24
334 39
335 23
336 29
337 24
338 27
339 26
340 31
341 39
342 28
343 16
344 24
345 22
346 14
347 17
348 15
349 20
350 24
351 12
352 20
353 19
354 17
355 14
356 18
357 17
358 23
359 15
360 12
361 13
362 7
363 9
364 5
365 9
366 7
367 3
368 7
369 7
370 0
371 5
372 2
373 1
374 4
375 1
376 0
377 0
378 0
379 1
380 0
381 0
382 0
383 0
384 0
385 0
386 0
387 0
388 2
