0 0
1 0
2 0
3 0
4 0
5 0
6 0
7 0
8 0
9 0
10 0
11 0
12 0
13 0
14 0
15 0
16 0
17 0
18 0
19 0
20 0
21 0
22 0
23 0
24 0
25 0
26 0
27 1
28 1
29 3
30 1
31 1
32 2
33 1
34 3
35 4
36 2
37 2
38 2
39 2
40 2
41 5
42 1
43 6
44 0
45 6
46 3
47 3
48 3
49 1
50 2
51 4
52 3
53 3
54 5
55 4
56 0
57 2
58 2
59 0
60 2
61 3
62 0
63 1
64 3
65 2
66 1
67 1
68 1
69 2
70 0
71 0
72 1
73 2
74 1
75 6
76 0
77 3
78 6
79 8
80 4
81 1
82 3
83 4
84 2
85 3
86 7
87 8
88 4
89 5
90 7
91 10
92 3
93 5
94 5
95 2
96 6
97 3
98 10
99 9
100 4
101 3
102 9
103 3
104 6
105 5
106 3
107 0
108 4
109 3
110 1
111 1
112 5
113 3
114 4
115 3
116 2
117 7
118 2
119 3
120 3
121 8
122 7
123 2
124 5
125 2
126 6
127 7
128 5
129 1
130 4
131 6
132 5
133 1
134 1
135 5
136 15
137 10
138 16
139 22
140 22
141 21
142 47
143 50
144 57
145 53
146 66
147 58
148 61
149 50
150 58
151 61
152 62
153 70
154 78
155 82
156 88
157 100
158 105
159 120
160 170
161 161
162 230
163 237
164 296
165 371
166 437
167 478
168 502
169 524
170 587
171 535
172 532
173 496
174 463
175 388
176 431
177 442
178 456
179 480
180 512
181 577
182 597
183 673
184 722
185 725
186 745
187 805
188 862
189 964
190 1064
191 1074
192 1094
193 1153
194 1162
195 1227
196 1173
197 1262
198 1325
199 1246
200 1369
201 1303
202 1357
203 1396
204 1516
205 1517
206 1663
207 1701
208 1715
209 1775
210 1890
211 1837
212 1879
213 1852
214 1937
215 1945
216 2056
217 2030
218 1992
219 2093
220 1969
221 1897
222 2020
223 1996
224 2107
225 2191
226 2150
227 2285
228 2273
229 2371
230 2309
231 2579
232 2404
233 2357
234 2422
235 2287
236 2285
237 2299
238 2289
239 2244
240 2214
241 2037
242 2072
243 2278
244 2208
245 2118
246 2118
247 1959
248 1931
249 2108
250 2155
251 2219
252 2297
253 2370
254 2303
255 2469
256 2533
257 2451
258 2520
259 2489
260 2369
261 2272
262 2225
263 2200
264 2074
265 1882
266 1867
267 1683
268 1764
269 1652
270 1596
271 1505
272 1563
273 1497
274 1373
275 1324
276 1382
277 1310
278 1294
279 1281
280 1103
281 1121
282 1003
283 1107
284 1016
285 954
286 1003
287 902
288 958
289 890
290 846
291 787
292 808
293 763
294 735
295 743
296 720
297 765
298 594
299 670
300 631
301 660
302 709
303 674
304 592
305 627
306 600
307 613
308 618
309 511
310 504
311 515
312 483
313 467
314 442
315 493
316 394
317 398
318 418
319 369
320 316
321 281
322 280
323 269
324 266
325 244
326 219
327 234
328 220
329 192
330 158
331 163
332 134
333 137
334 129
335 124
336 134
337 123
338 95
339 91
340 78
341 93
342 78
343 75
344 88
345 89
346 76
347 61
348 75
349 62
350 55
351 58
352 60
353 60
354 60
355 55
356 53
357 52
358 43
359 49
360 25
361 21
362 22
363 8
364 15
365 12
366 6
367 10
368 10
369 5
370 9
371 3
372 0
373 4
374 5
375 1
376 4
377 1
378 0
379 0
380 1
381 0
382 0
383 0
384 0
385 0
386 0
387 2
