0 0
1 0
2 0
3 0
4 0
5 0
6 0
7 0
8 0
9 0
10 0
11 0
12 0
13 0
14 0
15 0
16 0
17 0
18 0
19 0
20 0
21 0
22 0
23 0
24 0
25 0
26 0
27 0
28 0
29 0
30 0
31 0
32 0
33 0
34 0
35 0
36 0
37 0
38 0
39 0
40 0
41 0
42 0
43 0
44 0
45 0
46 1
47 0
48 0
49 0
50 0
51 0
52 0
53 0
54 0
55 0
56 0
57 0
58 0
59 0
60 0
61 0
62 0
63 1
64 0
65 0
66 0
67 0
68 1
69 0
70 0
71 0
72 1
73 0
74 0
75 0
76 0
77 0
78 0
79 0
80 0
81 0
82 1
83 0
84 0
85 0
86 0
87 0
88 1
89 0
90 0
91 0
92 0
93 0
94 0
95 0
96 0
97 0
98 0
99 0
100 0
101 0
102 0
103 4
104 0
105 0
106 0
107 2
108 0
109 0
110 5
111 4
112 6
113 10
114 3
115 3
116 6
117 5
118 4
119 5
120 5
121 18
122 27
123 15
124 19
125 25
126 17
127 24
128 20
129 16
130 22
131 17
132 17
133 27
134 21
135 26
136 38
137 30
138 49
139 61
140 61
141 68
142 64
143 85
144 70
145 89
146 95
147 95
148 104
149 122
150 124
151 130
152 151
153 147
154 150
155 186
156 198
157 227
158 242
159 305
160 281
161 275
162 302
163 301
164 358
165 349
166 388
167 365
168 416
169 365
170 361
171 419
172 453
173 419
174 448
175 481
176 517
177 540
178 457
179 603
180 617
181 589
182 691
183 731
184 790
185 859
186 964
187 1128
188 1287
189 1295
190 1539
191 1621
192 1786
193 1818
194 2053
195 1967
196 2125
197 2188
198 2269
199 2391
200 2277
201 2390
202 2363
203 2275
204 2271
205 2210
206 2273
207 2114
208 2079
209 2279
210 2183
211 2246
212 2277
213 2264
214 2159
215 2088
216 2295
217 2215
218 2201
219 2235
220 2172
221 2423
222 2423
223 2467
224 2549
225 2640
226 2922
227 2797
228 2894
229 2835
230 2739
231 2888
232 2689
233 2725
234 2568
235 2630
236 2612
237 2651
238 2627
239 2512
240 2556
241 2585
242 2536
243 2607
244 2411
245 2590
246 2550
247 2461
248 2468
249 2470
250 2384
251 2266
252 2211
253 2172
254 2179
255 2026
256 2165
257 2144
258 2022
259 1951
260 1950
261 1860
262 1829
263 1601
264 1593
265 1526
266 1474
267 1452
268 1341
269 1330
270 1378
271 1385
272 1221
273 1232
274 1293
275 1176
276 1102
277 1037
278 915
279 728
280 643
281 551
282 522
283 519
284 466
285 410
286 397
287 352
288 324
289 308
290 313
291 265
292 261
293 243
294 213
295 209
296 198
297 201
298 177
299 177
300 175
301 190
302 152
303 126
304 141
305 105
306 119
307 101
308 86
309 116
310 90
311 106
312 50
313 72
314 93
315 63
316 66
317 55
318 49
319 56
320 50
321 48
322 37
323 41
324 33
325 26
326 27
327 18
328 18
329 16
330 10
331 26
332 9
333 11
334 17
335 14
336 14
337 7
338 5
339 9
340 5
341 13
342 3
343 7
344 11
345 6
346 4
347 6
348 9
349 6
350 7
351 4
352 10
353 10
354 4
355 11
356 9
357 13
358 14
359 10
360 10
361 5
362 7
363 5
364 11
365 9
366 8
367 10
368 16
369 9
370 10
371 10
372 5
373 9
374 7
375 4
376 5
377 4
378 4
379 2
380 4
381 2
382 0
383 2
384 0
385 1
386 1
387 1
