0 0
1 0
2 0
3 0
4 0
5 0
6 0
7 0
8 0
9 0
10 0
11 0
12 0
13 0
14 0
15 0
16 0
17 0
18 0
19 0
20 0
21 0
22 0
23 0
24 0
25 0
26 0
27 0
28 0
29 0
30 0
31 0
32 0
33 0
34 0
35 0
36 0
37 0
38 0
39 0
40 0
41 0
42 0
43 0
44 0
45 0
46 0
47 0
48 0
49 0
50 0
51 0
52 0
53 0
54 0
55 0
56 0
57 0
58 0
59 0
60 0
61 0
62 0
63 0
64 0
65 0
66 0
67 0
68 0
69 0
70 0
71 0
72 0
73 0
74 0
75 0
76 0
77 0
78 0
79 0
80 0
81 0
82 0
83 0
84 0
85 0
86 0
87 0
88 0
89 0
90 0
91 0
92 0
93 0
94 0
95 0
96 0
97 0
98 0
99 0
100 0
101 0
102 0
103 0
104 0
105 0
106 0
107 0
108 0
109 0
110 0
111 0
112 0
113 0
114 0
115 0
116 0
117 0
118 0
119 0
120 0
121 0
122 0
123 0
124 0
125 0
126 0
127 0
128 0
129 0
130 2
131 0
132 0
133 0
134 1
135 1
136 0
137 1
138 0
139 0
140 2
141 1
142 4
143 1
144 0
145 2
146 2
147 6
148 3
149 2
150 5
151 7
152 17
153 9
154 22
155 25
156 21
157 38
158 33
159 40
160 35
161 36
162 72
163 58
164 54
165 63
166 73
167 103
168 88
169 109
170 127
171 141
172 170
173 198
174 216
175 198
176 206
177 195
178 211
179 230
180 253
181 317
182 255
183 283
184 334
185 370
186 357
187 412
188 382
189 441
190 543
191 559
192 618
193 615
194 587
195 673
196 706
197 698
198 755
199 838
200 804
201 781
202 884
203 874
204 937
205 981
206 1033
207 1055
208 1087
209 1177
210 1259
211 1382
212 1464
213 1517
214 1737
215 1691
216 1973
217 1991
218 2006
219 1956
220 2002
221 2001
222 2222
223 2333
224 2403
225 2731
226 2809
227 2749
228 2796
229 2976
230 2703
231 2866
232 2780
233 2631
234 2563
235 2541
236 2536
237 2504
238 2491
239 2479
240 2583
241 2616
242 2660
243 2470
244 2520
245 2485
246 2432
247 2408
248 2403
249 2543
250 2354
251 2310
252 2436
253 2324
254 2293
255 2357
256 2316
257 2173
258 2318
259 2326
260 2183
261 2193
262 2253
263 2123
264 2147
265 2274
266 2199
267 2206
268 2064
269 2131
270 2004
271 2080
272 2057
273 2098
274 2128
275 2065
276 2097
277 2083
278 2036
279 2021
280 1970
281 1905
282 2001
283 1995
284 1795
285 1751
286 1742
287 1729
288 1718
289 1591
290 1505
291 1323
292 1270
293 1237
294 1254
295 1157
296 1138
297 1152
298 1084
299 1010
300 903
301 812
302 804
303 706
304 638
305 607
306 548
307 500
308 445
309 396
310 363
311 279
312 302
313 229
314 190
315 170
316 128
317 127
318 101
319 93
320 95
321 102
322 67
323 74
324 96
325 67
326 76
327 55
328 54
329 62
330 63
331 36
332 50
333 52
334 40
335 43
336 26
337 33
338 23
339 9
340 21
341 19
342 29
343 9
344 6
345 5
346 14
347 10
348 3
349 5
350 6
351 4
352 9
353 5
354 4
355 17
356 6
357 7
358 8
359 0
360 5
361 0
362 1
