0 0
1 0
2 0
3 0
4 0
5 0
6 0
7 0
8 0
9 0
10 0
11 0
12 0
13 0
14 0
15 0
16 0
17 0
18 0
19 0
20 0
21 0
22 0
23 0
24 0
25 0
26 0
27 0
28 0
29 0
30 0
31 0
32 0
33 0
34 0
35 0
36 0
37 0
38 0
39 0
40 0
41 0
42 0
43 0
44 0
45 0
46 0
47 0
48 0
49 0
50 0
51 0
52 0
53 0
54 0
55 0
56 0
57 0
58 0
59 0
60 0
61 0
62 0
63 0
64 0
65 0
66 0
67 0
68 0
69 0
70 0
71 0
72 0
73 0
74 0
75 0
76 0
77 0
78 0
79 0
80 0
81 0
82 0
83 0
84 0
85 0
86 0
87 0
88 0
89 0
90 0
91 0
92 0
93 0
94 0
95 0
96 0
97 0
98 0
99 0
100 0
101 0
102 0
103 0
104 0
105 0
106 0
107 0
108 0
109 0
110 0
111 0
112 0
113 0
114 0
115 0
116 0
117 0
118 0
119 0
120 0
121 0
122 0
123 0
124 0
125 1
126 0
127 0
128 0
129 0
130 0
131 3
132 4
133 7
134 3
135 7
136 11
137 3
138 3
139 5
140 4
141 12
142 6
143 6
144 19
145 22
146 23
147 22
148 33
149 32
150 36
151 43
152 53
153 52
154 35
155 51
156 57
157 60
158 93
159 69
160 76
161 66
162 96
163 77
164 105
165 111
166 175
167 179
168 279
169 296
170 319
171 370
172 377
173 355
174 380
175 438
176 397
177 437
178 488
179 498
180 566
181 575
182 641
183 706
184 818
185 859
186 921
187 1012
188 1078
189 1181
190 1260
191 1578
192 1653
193 1638
194 1641
195 1579
196 1535
197 1622
198 1437
199 1426
200 1493
201 1493
202 1714
203 1639
204 1841
205 1726
206 1782
207 1756
208 1777
209 1801
210 1899
211 1847
212 2046
213 2001
214 2007
215 2070
216 2152
217 2284
218 2120
219 2163
220 2195
221 2204
222 2401
223 2360
224 2521
225 2570
226 2540
227 2694
228 2608
229 2565
230 2646
231 2666
232 2393
233 2374
234 2380
235 2309
236 2217
237 2360
238 2260
239 2289
240 2339
241 2352
242 2414
243 2388
244 2368
245 2265
246 2374
247 2271
248 2240
249 2245
250 2168
251 2123
252 2008
253 2154
254 2160
255 2171
256 2110
257 2111
258 2094
259 2024
260 1917
261 1838
262 1720
263 1704
264 1664
265 1698
266 1825
267 1826
268 1732
269 1851
270 1747
271 1813
272 1810
273 1644
274 1507
275 1414
276 1402
277 1235
278 1084
279 1062
280 1038
281 912
282 895
283 864
284 867
285 844
286 873
287 904
288 877
289 855
290 818
291 859
292 839
293 899
294 837
295 842
296 801
297 721
298 717
299 668
300 596
301 613
302 544
303 473
304 563
305 512
306 466
307 462
308 432
309 432
310 390
311 329
312 324
313 300
314 309
315 248
316 238
317 289
318 287
319 243
320 231
321 242
322 234
323 185
324 196
325 166
326 206
327 205
328 185
329 227
330 176
331 162
332 131
333 100
334 91
335 67
336 68
337 44
338 53
339 23
340 29
341 17
342 21
343 17
344 16
345 16
346 17
347 13
348 16
349 13
350 6
351 6
352 5
353 5
354 8
355 3
356 7
357 5
358 11
359 8
360 4
361 4
362 1
363 3
364 4
365 3
366 3
367 0
368 0
369 1
370 2
371 0
372 0
373 2
374 1
375 0
376 0
377 1
378 0
379 1
380 0
381 1
