0 0
1 0
2 0
3 0
4 0
5 0
6 0
7 0
8 0
9 0
10 0
11 0
12 0
13 0
14 0
15 0
16 0
17 0
18 0
19 0
20 0
21 0
22 0
23 0
24 0
25 0
26 0
27 0
28 0
29 0
30 0
31 0
32 0
33 0
34 0
35 0
36 0
37 0
38 0
39 0
40 0
41 0
42 0
43 0
44 0
45 0
46 0
47 0
48 0
49 0
50 0
51 0
52 0
53 0
54 0
55 0
56 0
57 0
58 0
59 0
60 0
61 0
62 0
63 0
64 0
65 0
66 0
67 0
68 0
69 0
70 0
71 0
72 0
73 0
74 0
75 0
76 0
77 1
78 0
79 0
80 0
81 0
82 0
83 0
84 2
85 0
86 1
87 1
88 2
89 3
90 2
91 0
92 7
93 0
94 4
95 3
96 0
97 0
98 0
99 0
100 1
101 1
102 1
103 2
104 2
105 0
106 1
107 1
108 4
109 2
110 1
111 0
112 6
113 7
114 5
115 4
116 11
117 3
118 7
119 10
120 11
121 14
122 23
123 21
124 31
125 10
126 44
127 25
128 32
129 30
130 46
131 41
132 42
133 60
134 47
135 61
136 88
137 81
138 76
139 101
140 112
141 138
142 129
143 125
144 133
145 155
146 162
147 142
148 178
149 143
150 150
151 153
152 139
153 163
154 150
155 165
156 168
157 197
158 239
159 155
160 209
161 216
162 273
163 273
164 282
165 302
166 337
167 328
168 375
169 395
170 402
171 409
172 452
173 486
174 488
175 531
176 630
177 638
178 578
179 622
180 691
181 632
182 733
183 777
184 741
185 730
186 764
187 769
188 799
189 751
190 809
191 938
192 974
193 1100
194 1163
195 1190
196 1361
197 1352
198 1435
199 1507
200 1562
201 1775
202 1720
203 1725
204 1953
205 1742
206 1855
207 1925
208 1989
209 1850
210 1966
211 1972
212 1940
213 2017
214 2177
215 2107
216 2206
217 2337
218 2252
219 2393
220 2355
221 2446
222 2500
223 2524
224 2475
225 2387
226 2547
227 2618
228 2590
229 2522
230 2415
231 2506
232 2454
233 2525
234 2369
235 2323
236 2443
237 2537
238 2381
239 2552
240 2629
241 2681
242 2743
243 2695
244 2600
245 2480
246 2430
247 2276
248 2232
249 2206
250 2151
251 2063
252 2091
253 2039
254 1977
255 1953
256 1750
257 1994
258 1850
259 1779
260 1737
261 1647
262 1711
263 1660
264 1593
265 1453
266 1554
267 1454
268 1395
269 1360
270 1356
271 1385
272 1260
273 1247
274 1086
275 1084
276 1034
277 1008
278 987
279 912
280 823
281 901
282 884
283 807
284 746
285 795
286 732
287 696
288 725
289 704
290 624
291 606
292 564
293 551
294 511
295 557
296 611
297 545
298 617
299 620
300 644
301 642
302 618
303 690
304 596
305 628
306 757
307 689
308 879
309 785
310 689
311 656
312 684
313 681
314 586
315 541
316 409
317 333
318 286
319 240
320 180
321 145
322 111
323 131
324 120
325 109
326 87
327 78
328 74
329 64
330 69
331 53
332 50
333 32
334 35
335 35
336 47
337 34
338 45
339 45
340 43
341 44
342 37
343 34
344 34
345 26
346 37
347 29
348 53
349 48
350 50
351 70
352 60
353 63
354 65
355 48
356 55
357 81
358 58
359 77
360 61
361 78
362 83
363 64
364 63
365 66
366 82
367 59
368 57
369 55
370 40
371 9
372 18
373 31
374 17
375 22
376 28
377 31
378 29
379 35
380 29
381 29
382 28
383 23
384 9
385 7
386 13
387 12
388 6
389 9
390 6
391 1
392 0
393 0
394 0
395 1
396 0
397 0
398 0
399 1
