0 0
1 0
2 0
3 0
4 0
5 0
6 0
7 0
8 0
9 0
10 0
11 0
12 0
13 0
14 0
15 0
16 0
17 0
18 0
19 0
20 0
21 0
22 0
23 0
24 0
25 0
26 0
27 0
28 0
29 0
30 0
31 1
32 0
33 0
34 0
35 0
36 0
37 0
38 0
39 0
40 0
41 0
42 0
43 0
44 0
45 0
46 0
47 1
48 0
49 0
50 0
51 0
52 0
53 0
54 0
55 2
56 0
57 0
58 0
59 0
60 0
61 0
62 0
63 0
64 0
65 0
66 0
67 0
68 0
69 0
70 0
71 0
72 0
73 0
74 0
75 4
76 0
77 2
78 2
79 2
80 0
81 0
82 0
83 0
84 0
85 0
86 0
87 0
88 0
89 2
90 0
91 2
92 4
93 3
94 18
95 4
96 7
97 12
98 9
99 25
100 5
101 10
102 12
103 10
104 18
105 12
106 23
107 16
108 23
109 26
110 36
111 20
112 37
113 46
114 36
115 46
116 67
117 57
118 105
119 76
120 122
121 129
122 146
123 153
124 142
125 141
126 185
127 176
128 168
129 150
130 166
131 152
132 178
133 160
134 183
135 164
136 211
137 182
138 219
139 214
140 225
141 238
142 243
143 323
144 307
145 341
146 331
147 386
148 406
149 448
150 441
151 448
152 438
153 412
154 532
155 494
156 558
157 566
158 648
159 729
160 720
161 721
162 800
163 846
164 997
165 1012
166 963
167 1119
168 1161
169 1167
170 1267
171 1234
172 1375
173 1434
174 1556
175 1810
176 1807
177 1855
178 2084
179 1980
180 2055
181 2038
182 1998
183 1975
184 2064
185 1926
186 2037
187 1978
188 1825
189 2001
190 1833
191 1895
192 1842
193 1718
194 1734
195 1780
196 1804
197 1913
198 1890
199 1983
200 2056
201 2077
202 2149
203 2047
204 2175
205 2166
206 2215
207 2309
208 2249
209 2231
210 2260
211 2301
212 2238
213 2233
214 2127
215 2328
216 2289
217 2366
218 2467
219 2481
220 2523
221 2779
222 2839
223 2812
224 2852
225 2959
226 2980
227 2707
228 2682
229 2489
230 2254
231 2323
232 2159
233 2105
234 1948
235 1918
236 1926
237 1887
238 1824
239 1938
240 1987
241 2142
242 2308
243 2351
244 2417
245 2163
246 2193
247 2149
248 1858
249 1703
250 1564
251 1552
252 1518
253 1326
254 1278
255 1200
256 1187
257 1085
258 1086
259 1061
260 1066
261 969
262 851
263 879
264 810
265 726
266 724
267 610
268 567
269 485
270 495
271 517
272 458
273 411
274 375
275 398
276 397
277 363
278 327
279 323
280 338
281 311
282 313
283 257
284 242
285 259
286 227
287 241
288 178
289 181
290 181
291 184
292 151
293 168
294 136
295 152
296 126
297 131
298 113
299 158
300 112
301 103
302 125
303 113
304 96
305 91
306 87
307 98
308 89
309 81
310 84
311 82
312 63
313 57
314 71
315 49
316 28
317 36
318 25
319 18
320 27
321 11
322 13
323 7
324 18
325 9
326 16
327 16
328 10
329 7
330 20
331 17
332 18
333 14
334 18
335 18
336 9
337 9
338 7
339 9
340 5
341 6
342 19
343 3
344 2
345 4
346 4
347 2
348 3
349 0
350 0
351 4
