0 0
1 0
2 0
3 0
4 0
5 0
6 0
7 0
8 0
9 0
10 0
11 0
12 0
13 0
14 0
15 0
16 0
17 0
18 0
19 0
20 0
21 0
22 0
23 0
24 0
25 0
26 0
27 0
28 0
29 0
30 0
31 0
32 0
33 0
34 0
35 0
36 0
37 0
38 0
39 0
40 0
41 0
42 0
43 0
44 0
45 0
46 0
47 0
48 0
49 0
50 0
51 0
52 0
53 0
54 0
55 0
56 0
57 0
58 0
59 0
60 0
61 0
62 0
63 0
64 0
65 0
66 0
67 0
68 0
69 0
70 0
71 0
72 0
73 0
74 0
75 0
76 0
77 0
78 0
79 0
80 0
81 0
82 0
83 0
84 0
85 0
86 0
87 0
88 0
89 0
90 0
91 0
92 0
93 0
94 0
95 0
96 0
97 0
98 0
99 0
100 0
101 0
102 0
103 0
104 0
105 0
106 1
107 0
108 0
109 0
110 0
111 0
112 3
113 1
114 1
115 0
116 0
117 1
118 4
119 0
120 2
121 2
122 0
123 3
124 2
125 1
126 2
127 4
128 10
129 3
130 4
131 4
132 9
133 4
134 12
135 15
136 15
137 26
138 20
139 31
140 34
141 29
142 37
143 40
144 44
145 33
146 33
147 36
148 35
149 45
150 35
151 37
152 45
153 34
154 54
155 38
156 64
157 44
158 50
159 64
160 43
161 83
162 89
163 92
164 97
165 127
166 141
167 150
168 185
169 226
170 252
171 317
172 328
173 313
174 416
175 422
176 493
177 536
178 497
179 624
180 617
181 767
182 769
183 867
184 902
185 954
186 1006
187 1049
188 1092
189 1096
190 1078
191 1067
192 1068
193 1172
194 1158
195 1129
196 1089
197 1177
198 1250
199 1234
200 1371
201 1498
202 1573
203 1733
204 1821
205 1957
206 1927
207 1922
208 2024
209 1981
210 2051
211 2157
212 2237
213 2270
214 2372
215 2354
216 2358
217 2353
218 2499
219 2458
220 2501
221 2394
222 2593
223 2748
224 2694
225 2692
226 2833
227 2784
228 2561
229 2735
230 2687
231 2711
232 2693
233 2642
234 2636
235 2717
236 2629
237 2561
238 2577
239 2679
240 2714
241 2673
242 2645
243 2516
244 2605
245 2651
246 2698
247 2717
248 2964
249 2794
250 2827
251 2842
252 2557
253 2508
254 2353
255 2285
256 2120
257 2055
258 1868
259 1881
260 1715
261 1640
262 1657
263 1538
264 1523
265 1526
266 1610
267 1623
268 1536
269 1710
270 1633
271 1709
272 1679
273 1612
274 1752
275 1568
276 1627
277 1623
278 1388
279 1414
280 1317
281 1134
282 1116
283 1025
284 809
285 716
286 704
287 631
288 615
289 547
290 521
291 418
292 462
293 438
294 369
295 354
296 382
297 307
298 359
299 340
300 340
301 316
302 238
303 233
304 248
305 227
306 180
307 202
308 175
309 167
310 131
311 143
312 116
313 107
314 97
315 123
316 103
317 109
318 110
319 124
320 109
321 111
322 95
323 91
324 80
325 79
326 57
327 81
328 60
329 45
330 64
331 51
332 48
333 62
334 59
335 53
336 55
337 40
338 34
339 43
340 34
341 50
342 46
343 31
344 21
345 18
346 22
347 13
348 14
349 7
350 22
351 6
352 8
353 10
354 6
355 5
356 8
357 11
358 12
359 7
360 12
361 11
362 8
363 9
364 7
365 6
366 9
367 13
368 17
369 10
370 7
371 10
372 9
373 8
374 7
375 9
376 8
377 13
378 7
379 9
380 9
381 10
382 6
383 6
384 8
385 5
386 9
387 8
388 3
389 3
390 1
391 0
392 1
