0 0
1 0
2 0
3 0
4 0
5 0
6 0
7 0
8 0
9 0
10 0
11 0
12 0
13 0
14 0
15 0
16 0
17 0
18 0
19 0
20 0
21 0
22 0
23 0
24 0
25 0
26 0
27 0
28 0
29 0
30 0
31 0
32 0
33 0
34 0
35 0
36 0
37 0
38 0
39 0
40 0
41 0
42 0
43 0
44 0
45 0
46 0
47 0
48 0
49 0
50 0
51 0
52 0
53 0
54 0
55 0
56 0
57 0
58 0
59 0
60 0
61 2
62 0
63 0
64 0
65 0
66 2
67 0
68 0
69 1
70 0
71 0
72 0
73 0
74 1
75 3
76 0
77 2
78 0
79 1
80 2
81 0
82 2
83 2
84 4
85 5
86 2
87 2
88 3
89 12
90 5
91 4
92 5
93 5
94 6
95 4
96 10
97 6
98 10
99 10
100 10
101 17
102 15
103 12
104 17
105 26
106 11
107 14
108 23
109 26
110 26
111 26
112 44
113 53
114 44
115 47
116 50
117 63
118 68
119 58
120 67
121 69
122 63
123 90
124 108
125 118
126 103
127 119
128 130
129 149
130 152
131 166
132 210
133 191
134 183
135 191
136 212
137 271
138 273
139 316
140 335
141 334
142 361
143 367
144 398
145 417
146 451
147 498
148 487
149 549
150 561
151 582
152 557
153 671
154 600
155 565
156 614
157 574
158 700
159 725
160 798
161 979
162 1001
163 1189
164 1078
165 1012
166 975
167 988
168 915
169 908
170 980
171 979
172 1032
173 1025
174 1073
175 1139
176 1224
177 1258
178 1299
179 1303
180 1363
181 1422
182 1459
183 1384
184 1459
185 1568
186 1548
187 1503
188 1564
189 1579
190 1577
191 1685
192 1633
193 1585
194 1621
195 1706
196 1689
197 1848
198 1833
199 1872
200 2012
201 2008
202 2262
203 2280
204 2370
205 2526
206 2493
207 2621
208 2605
209 2625
210 2612
211 2742
212 2615
213 2562
214 2613
215 2525
216 2438
217 2350
218 2253
219 2243
220 2282
221 2180
222 2124
223 2056
224 2046
225 1968
226 2103
227 2121
228 1976
229 1924
230 2011
231 2012
232 1857
233 1803
234 1803
235 1745
236 1712
237 1544
238 1634
239 1598
240 1667
241 1602
242 1508
243 1587
244 1588
245 1666
246 1673
247 1682
248 1651
249 1582
250 1404
251 1562
252 1474
253 1329
254 1324
255 1346
256 1256
257 1143
258 1232
259 1165
260 1166
261 1014
262 1049
263 886
264 915
265 927
266 811
267 815
268 772
269 895
270 801
271 782
272 774
273 735
274 808
275 836
276 802
277 716
278 732
279 736
280 666
281 702
282 688
283 629
284 653
285 612
286 559
287 582
288 582
289 558
290 521
291 570
292 598
293 577
294 489
295 514
296 535
297 489
298 482
299 461
300 405
301 387
302 380
303 382
304 356
305 328
306 359
307 351
308 323
309 341
310 267
311 268
312 236
313 199
314 210
315 192
316 200
317 221
318 214
319 187
320 197
321 190
322 153
323 143
324 160
325 138
326 127
327 123
328 103
329 116
330 108
331 91
332 83
333 76
334 68
335 66
336 55
337 53
338 31
339 35
340 59
341 51
342 41
343 34
344 31
345 39
346 34
347 24
348 39
349 25
350 26
351 22
352 24
353 23
354 18
355 14
356 18
357 16
358 21
359 19
360 14
361 11
362 13
363 22
364 17
365 21
366 10
367 12
368 9
369 7
370 8
371 2
372 5
373 7
374 7
375 3
376 9
377 6
378 8
379 4
380 1
381 0
382 3
383 2
384 5
385 2
386 4
387 1
388 6
389 5
390 0
391 0
392 2
393 1
394 2
395 0
396 2
397 1
398 0
399 3
400 2
401 1
402 0
403 1
404 1
