0 0
1 0
2 0
3 0
4 0
5 0
6 0
7 0
8 0
9 0
10 0
11 0
12 0
13 0
14 0
15 0
16 0
17 0
18 0
19 0
20 0
21 0
22 0
23 0
24 1
25 0
26 0
27 0
28 0
29 0
30 0
31 0
32 0
33 0
34 0
35 0
36 0
37 0
38 0
39 0
40 0
41 0
42 0
43 0
44 0
45 1
46 0
47 0
48 0
49 0
50 0
51 0
52 0
53 0
54 0
55 0
56 0
57 0
58 0
59 0
60 2
61 0
62 2
63 0
64 0
65 0
66 0
67 1
68 0
69 0
70 3
71 4
72 0
73 0
74 0
75 1
76 3
77 3
78 0
79 3
80 0
81 3
82 4
83 1
84 5
85 5
86 2
87 7
88 3
89 3
90 2
91 3
92 6
93 8
94 5
95 8
96 2
97 6
98 8
99 6
100 17
101 6
102 13
103 11
104 10
105 14
106 13
107 22
108 14
109 17
110 27
111 13
112 34
113 35
114 37
115 41
116 59
117 50
118 49
119 67
120 61
121 81
122 83
123 76
124 83
125 116
126 90
127 97
128 82
129 102
130 97
131 106
132 97
133 90
134 110
135 106
136 120
137 130
138 177
139 170
140 163
141 165
142 200
143 183
144 207
145 205
146 236
147 248
148 240
149 328
150 353
151 483
152 489
153 567
154 687
155 859
156 871
157 1006
158 1111
159 1176
160 1328
161 1438
162 1445
163 1530
164 1318
165 1349
166 1247
167 1171
168 1088
169 1131
170 1111
171 1055
172 1134
173 1145
174 1275
175 1246
176 1335
177 1458
178 1456
179 1402
180 1549
181 1777
182 1758
183 1849
184 1998
185 2154
186 2312
187 2286
188 2197
189 2375
190 2276
191 2271
192 2283
193 2378
194 2333
195 2305
196 2384
197 2406
198 2461
199 2433
200 2482
201 2413
202 2485
203 2294
204 2360
205 2386
206 2344
207 2335
208 2211
209 2336
210 2552
211 2464
212 2357
213 2204
214 1977
215 2036
216 2004
217 1823
218 1835
219 1759
220 1894
221 1819
222 1864
223 1903
224 1865
225 1798
226 1888
227 1970
228 1735
229 1740
230 1775
231 1768
232 1706
233 1791
234 1790
235 1734
236 1727
237 1739
238 1601
239 1556
240 1623
241 1534
242 1560
243 1574
244 1495
245 1375
246 1279
247 1229
248 1263
249 1232
250 1194
251 1109
252 1206
253 1089
254 1158
255 1066
256 1042
257 1049
258 873
259 1049
260 984
261 985
262 967
263 864
264 892
265 836
266 900
267 835
268 774
269 757
270 723
271 728
272 730
273 765
274 756
275 691
276 736
277 758
278 608
279 621
280 598
281 587
282 670
283 545
284 529
285 526
286 568
287 624
288 536
289 607
290 587
291 583
292 526
293 589
294 500
295 505
296 481
297 495
298 471
299 468
300 448
301 472
302 413
303 395
304 467
305 361
306 292
307 279
308 265
309 226
310 246
311 250
312 190
313 175
314 170
315 135
316 146
317 119
318 106
319 110
320 107
321 88
322 99
323 82
324 91
325 79
326 73
327 84
328 53
329 58
330 61
331 52
332 58
333 47
334 35
335 48
336 41
337 42
338 37
339 30
340 29
341 29
342 25
343 30
344 30
345 13
346 19
347 14
348 30
349 11
350 19
351 12
352 16
353 14
354 6
355 16
356 10
357 18
358 20
359 17
360 6
361 2
362 17
363 9
364 11
365 11
366 4
367 2
368 5
369 4
370 7
371 9
372 4
373 8
374 7
375 5
376 5
377 3
378 3
379 8
380 9
381 3
382 5
383 3
384 2
385 5
386 7
387 4
388 5
389 1
390 2
391 2
392 4
393 1
394 5
395 1
396 2
397 1
398 0
399 2
400 1
401 1
402 1
403 2
