0 0
1 0
2 0
3 0
4 0
5 0
6 0
7 0
8 0
9 0
10 0
11 0
12 0
13 0
14 0
15 0
16 0
17 0
18 0
19 0
20 0
21 0
22 0
23 0
24 0
25 0
26 0
27 0
28 0
29 0
30 0
31 0
32 0
33 0
34 0
35 0
36 0
37 0
38 0
39 0
40 0
41 0
42 0
43 0
44 0
45 0
46 0
47 0
48 0
49 0
50 0
51 0
52 0
53 0
54 0
55 0
56 0
57 0
58 0
59 0
60 0
61 0
62 0
63 0
64 0
65 0
66 0
67 0
68 0
69 0
70 0
71 0
72 0
73 0
74 0
75 0
76 0
77 0
78 0
79 0
80 0
81 0
82 1
83 0
84 1
85 0
86 0
87 0
88 1
89 0
90 0
91 0
92 2
93 1
94 1
95 0
96 2
97 0
98 3
99 5
100 3
101 4
102 8
103 4
104 7
105 7
106 7
107 7
108 9
109 11
110 14
111 15
112 12
113 19
114 31
115 34
116 26
117 27
118 33
119 50
120 49
121 28
122 42
123 45
124 42
125 39
126 61
127 52
128 64
129 69
130 74
131 90
132 114
133 127
134 121
135 136
136 140
137 142
138 166
139 153
140 177
141 168
142 207
143 232
144 202
145 231
146 207
147 240
148 243
149 282
150 257
151 299
152 316
153 327
154 330
155 372
156 435
157 441
158 547
159 527
160 590
161 658
162 700
163 815
164 931
165 983
166 1008
167 1286
168 1551
169 1555
170 1717
171 1642
172 1729
173 1744
174 1808
175 1840
176 1811
177 1838
178 1975
179 2004
180 1914
181 1958
182 2173
183 2076
184 2119
185 2240
186 2209
187 2266
188 2097
189 2116
190 2045
191 2019
192 1966
193 2092
194 2068
195 2124
196 2293
197 2440
198 2536
199 2701
200 2781
201 2737
202 2780
203 2873
204 2890
205 2873
206 2808
207 2718
208 2637
209 2531
210 2388
211 2379
212 2316
213 2297
214 2356
215 2191
216 2192
217 2181
218 2144
219 2081
220 2102
221 2086
222 2042
223 2100
224 1897
225 1892
226 1746
227 1801
228 1757
229 1722
230 1663
231 1600
232 1599
233 1576
234 1634
235 1568
236 1572
237 1587
238 1571
239 1503
240 1588
241 1393
242 1491
243 1482
244 1379
245 1278
246 1325
247 1269
248 1269
249 1388
250 1306
251 1321
252 1274
253 1276
254 1319
255 1257
256 1282
257 1209
258 1248
259 1187
260 1224
261 1155
262 1061
263 1061
264 928
265 931
266 897
267 922
268 910
269 873
270 822
271 909
272 917
273 789
274 722
275 796
276 805
277 710
278 726
279 665
280 637
281 633
282 594
283 575
284 593
285 570
286 547
287 489
288 470
289 454
290 504
291 408
292 361
293 383
294 335
295 300
296 309
297 275
298 229
299 200
300 185
301 170
302 158
303 144
304 123
305 98
306 96
307 126
308 88
309 111
310 83
311 104
312 86
313 86
314 98
315 77
316 90
317 76
318 85
319 63
320 59
321 54
322 66
323 60
324 34
325 43
326 42
327 34
328 42
329 42
330 39
331 24
332 25
333 24
334 22
335 17
336 20
337 19
338 20
339 19
340 18
341 15
342 9
343 9
344 15
345 6
346 13
347 6
348 5
349 15
350 4
351 9
352 6
353 9
354 11
355 7
356 7
357 8
358 9
359 7
360 2
361 7
362 2
363 10
364 3
365 5
366 0
367 3
368 4
369 4
370 1
371 1
372 1
373 1
374 1
375 1
376 0
377 1
378 3
379 2
380 1
381 1
382 1
383 3
384 0
385 0
386 1
387 1
