0 0
1 0
2 0
3 0
4 0
5 0
6 0
7 0
8 0
9 0
10 0
11 0
12 0
13 0
14 0
15 0
16 0
17 0
18 0
19 0
20 0
21 0
22 0
23 0
24 0
25 0
26 0
27 0
28 0
29 0
30 0
31 0
32 0
33 0
34 0
35 0
36 0
37 0
38 0
39 0
40 0
41 0
42 0
43 0
44 0
45 0
46 0
47 0
48 0
49 0
50 0
51 0
52 0
53 0
54 0
55 0
56 0
57 0
58 0
59 0
60 0
61 0
62 0
63 0
64 0
65 0
66 0
67 0
68 0
69 0
70 0
71 0
72 1
73 0
74 0
75 0
76 0
77 0
78 1
79 3
80 0
81 1
82 2
83 2
84 2
85 1
86 5
87 3
88 0
89 0
90 5
91 5
92 5
93 11
94 12
95 6
96 10
97 7
98 4
99 11
100 17
101 15
102 11
103 23
104 8
105 17
106 23
107 21
108 26
109 18
110 27
111 16
112 26
113 16
114 16
115 24
116 19
117 29
118 25
119 28
120 21
121 32
122 26
123 37
124 29
125 28
126 24
127 20
128 43
129 44
130 43
131 41
132 76
133 76
134 61
135 78
136 100
137 119
138 108
139 115
140 107
141 116
142 145
143 138
144 159
145 156
146 168
147 190
148 185
149 215
150 208
151 221
152 267
153 278
154 336
155 371
156 484
157 654
158 742
159 1002
160 1012
161 1152
162 1191
163 1126
164 1111
165 1104
166 1033
167 1128
168 1259
169 1158
170 1242
171 1314
172 1428
173 1366
174 1461
175 1438
176 1522
177 1667
178 1648
179 1711
180 1782
181 1867
182 1891
183 1987
184 2062
185 2115
186 2133
187 1990
188 2057
189 2253
190 2214
191 2113
192 2106
193 2232
194 2222
195 2197
196 2407
197 2327
198 2341
199 2569
200 2460
201 2547
202 2596
203 2573
204 2566
205 2540
206 2510
207 2326
208 2371
209 2307
210 2171
211 2292
212 2139
213 2178
214 2256
215 2217
216 2297
217 2273
218 2299
219 2230
220 2275
221 2292
222 2119
223 2179
224 2216
225 2101
226 2172
227 2159
228 2194
229 2036
230 2017
231 1783
232 1709
233 1792
234 1765
235 1673
236 1547
237 1712
238 1542
239 1608
240 1647
241 1524
242 1594
243 1530
244 1496
245 1445
246 1439
247 1351
248 1384
249 1350
250 1240
251 1280
252 1187
253 1161
254 1016
255 1058
256 1091
257 1075
258 1037
259 1049
260 964
261 1014
262 886
263 883
264 993
265 901
266 957
267 863
268 956
269 1098
270 1031
271 1020
272 1071
273 936
274 949
275 885
276 750
277 839
278 686
279 709
280 676
281 695
282 632
283 561
284 588
285 607
286 532
287 587
288 564
289 507
290 466
291 446
292 420
293 447
294 401
295 358
296 380
297 369
298 366
299 318
300 315
301 270
302 245
303 215
304 184
305 188
306 202
307 155
308 133
309 110
310 125
311 110
312 107
313 88
314 83
315 90
316 71
317 85
318 81
319 80
320 73
321 77
322 49
323 61
324 50
325 47
326 47
327 40
328 40
329 34
330 36
331 38
332 32
333 13
334 22
335 27
336 31
337 29
338 20
339 21
340 18
341 14
342 17
343 16
344 9
345 14
346 23
347 15
348 19
349 18
350 25
351 10
352 20
353 18
354 19
355 15
356 14
357 18
358 26
359 16
360 9
361 16
362 16
363 12
364 6
365 7
366 11
367 10
368 3
369 7
370 7
371 6
372 8
373 6
374 0
375 6
376 8
377 3
378 3
379 4
380 5
381 2
382 5
383 6
384 6
385 6
386 3
387 2
388 3
389 5
390 5
391 3
392 4
393 2
394 2
395 2
396 4
397 1
398 2
399 1
400 1
401 1
402 0
403 0
404 0
405 1
