0 0
1 0
2 0
3 0
4 0
5 0
6 0
7 0
8 0
9 0
10 0
11 0
12 0
13 0
14 0
15 0
16 0
17 0
18 0
19 0
20 0
21 0
22 0
23 0
24 0
25 1
26 0
27 1
28 0
29 0
30 0
31 2
32 1
33 2
34 0
35 0
36 1
37 1
38 1
39 1
40 0
41 0
42 1
43 0
44 0
45 0
46 0
47 0
48 0
49 0
50 0
51 0
52 0
53 0
54 0
55 1
56 0
57 1
58 0
59 0
60 0
61 0
62 0
63 0
64 1
65 0
66 1
67 1
68 0
69 1
70 0
71 0
72 0
73 0
74 0
75 0
76 0
77 0
78 0
79 0
80 0
81 0
82 0
83 0
84 1
85 1
86 0
87 1
88 0
89 2
90 0
91 0
92 1
93 1
94 0
95 1
96 3
97 0
98 0
99 0
100 0
101 2
102 4
103 2
104 0
105 1
106 4
107 1
108 7
109 0
110 11
111 15
112 29
113 22
114 36
115 51
116 63
117 80
118 82
119 69
120 89
121 80
122 104
123 148
124 162
125 125
126 179
127 206
128 242
129 225
130 176
131 222
132 197
133 246
134 224
135 264
136 242
137 246
138 269
139 306
140 356
141 379
142 465
143 426
144 476
145 468
146 524
147 504
148 589
149 572
150 642
151 648
152 723
153 700
154 694
155 752
156 720
157 677
158 852
159 804
160 836
161 801
162 995
163 919
164 978
165 987
166 1056
167 1102
168 1242
169 1250
170 1245
171 1393
172 1310
173 1456
174 1411
175 1531
176 1548
177 1663
178 1738
179 1771
180 1777
181 1816
182 1758
183 1926
184 1820
185 1770
186 1874
187 1809
188 1869
189 1879
190 1855
191 1852
192 1748
193 1875
194 1791
195 1901
196 1891
197 1858
198 1926
199 2013
200 2084
201 2244
202 2353
203 2397
204 2620
205 2569
206 2663
207 2699
208 2645
209 2656
210 2515
211 2613
212 2631
213 2652
214 2702
215 2652
216 2672
217 2653
218 2557
219 2567
220 2458
221 2369
222 2387
223 2231
224 2343
225 2183
226 2221
227 2044
228 2156
229 2133
230 2013
231 1969
232 2014
233 1940
234 1951
235 1959
236 1988
237 1890
238 1766
239 1937
240 1828
241 1927
242 1931
243 1816
244 1753
245 1857
246 1697
247 1529
248 1441
249 1401
250 1320
251 1356
252 1278
253 1222
254 1276
255 1181
256 1212
257 1143
258 1107
259 1118
260 1106
261 1138
262 1130
263 1144
264 1194
265 1186
266 1136
267 913
268 880
269 859
270 785
271 677
272 577
273 577
274 470
275 452
276 391
277 332
278 320
279 309
280 286
281 269
282 233
283 260
284 262
285 256
286 194
287 176
288 194
289 192
290 175
291 148
292 141
293 113
294 95
295 105
296 100
297 67
298 81
299 62
300 69
301 78
302 68
303 53
304 51
305 58
306 54
307 68
308 52
309 66
310 53
311 55
312 65
313 54
314 36
315 31
316 29
317 35
318 17
319 25
320 18
321 17
322 16
323 3
324 2
325 1
326 5
327 3
328 0
329 4
330 2
331 2
332 1
333 3
334 1
335 1
336 0
337 2
338 0
339 1
340 0
341 2
