0 0
1 0
2 0
3 0
4 0
5 0
6 0
7 0
8 0
9 0
10 0
11 0
12 0
13 0
14 0
15 0
16 0
17 0
18 0
19 0
20 0
21 0
22 0
23 0
24 0
25 0
26 0
27 0
28 1
29 0
30 0
31 0
32 0
33 0
34 0
35 0
36 0
37 0
38 0
39 0
40 0
41 0
42 0
43 0
44 0
45 0
46 1
47 0
48 0
49 0
50 0
51 0
52 0
53 0
54 0
55 0
56 0
57 0
58 0
59 1
60 0
61 0
62 0
63 0
64 0
65 0
66 1
67 0
68 0
69 0
70 0
71 0
72 0
73 0
74 0
75 0
76 0
77 0
78 1
79 0
80 0
81 0
82 0
83 1
84 0
85 0
86 0
87 0
88 1
89 1
90 0
91 0
92 0
93 0
94 0
95 0
96 0
97 0
98 0
99 0
100 0
101 0
102 0
103 0
104 0
105 0
106 0
107 0
108 0
109 0
110 0
111 0
112 0
113 0
114 0
115 1
116 0
117 2
118 3
119 3
120 2
121 6
122 5
123 5
124 5
125 10
126 9
127 7
128 14
129 13
130 4
131 9
132 14
133 13
134 17
135 18
136 23
137 26
138 23
139 47
140 40
141 48
142 38
143 59
144 75
145 92
146 100
147 128
148 165
149 177
150 257
151 255
152 319
153 356
154 414
155 450
156 516
157 507
158 599
159 583
160 635
161 668
162 734
163 697
164 785
165 798
166 963
167 1044
168 1146
169 1189
170 1052
171 1155
172 1307
173 1254
174 1440
175 1415
176 1512
177 1629
178 1677
179 1657
180 1632
181 1765
182 2000
183 1957
184 2061
185 2031
186 2046
187 2093
188 2212
189 2144
190 2275
191 2149
192 2204
193 2338
194 2218
195 2173
196 2137
197 2051
198 2187
199 2052
200 2130
201 2121
202 2126
203 2117
204 2015
205 1982
206 1898
207 2001
208 1881
209 1969
210 1892
211 1866
212 1828
213 1924
214 1881
215 2037
216 1900
217 1963
218 1984
219 1897
220 1887
221 1904
222 1785
223 1808
224 1683
225 1711
226 1568
227 1609
228 1771
229 1641
230 1593
231 1579
232 1567
233 1599
234 1626
235 1540
236 1575
237 1621
238 1582
239 1547
240 1502
241 1563
242 1596
243 1630
244 1619
245 1516
246 1507
247 1592
248 1687
249 1592
250 1526
251 1644
252 1687
253 1926
254 1956
255 2087
256 2079
257 1891
258 1810
259 1826
260 1780
261 1677
262 1592
263 1569
264 1425
265 1330
266 1263
267 1130
268 1088
269 1063
270 1070
271 1021
272 1001
273 1023
274 981
275 960
276 941
277 926
278 854
279 928
280 844
281 767
282 764
283 800
284 756
285 672
286 717
287 562
288 534
289 477
290 506
291 453
292 456
293 474
294 460
295 438
296 464
297 404
298 424
299 345
300 328
301 309
302 333
303 326
304 367
305 368
306 350
307 356
308 352
309 335
310 361
311 289
312 308
313 337
314 297
315 300
316 243
317 276
318 308
319 274
320 223
321 216
322 203
323 205
324 156
325 176
326 124
327 145
328 124
329 143
330 116
331 125
332 104
333 105
334 74
335 76
336 62
337 80
338 58
339 80
340 65
341 48
342 56
343 52
344 40
345 35
346 28
347 24
348 30
349 19
350 13
351 13
352 6
353 9
354 9
355 11
356 7
357 5
358 4
359 3
360 5
361 6
362 6
363 4
364 4
365 2
366 1
367 2
368 1
369 0
370 2
371 0
372 0
373 1
374 0
375 0
376 1
377 0
378 0
379 0
380 1
