0 0
1 0
2 0
3 0
4 0
5 0
6 0
7 0
8 0
9 0
10 0
11 0
12 0
13 0
14 0
15 0
16 0
17 0
18 0
19 0
20 0
21 0
22 0
23 0
24 0
25 0
26 0
27 0
28 0
29 1
30 0
31 0
32 0
33 0
34 1
35 0
36 0
37 0
38 0
39 1
40 0
41 0
42 1
43 0
44 0
45 0
46 2
47 0
48 0
49 1
50 0
51 0
52 0
53 0
54 0
55 1
56 0
57 0
58 0
59 0
60 0
61 0
62 0
63 0
64 0
65 1
66 0
67 0
68 1
69 0
70 0
71 0
72 0
73 0
74 0
75 0
76 1
77 0
78 1
79 1
80 1
81 0
82 1
83 0
84 1
85 0
86 1
87 0
88 0
89 0
90 0
91 0
92 0
93 0
94 0
95 0
96 3
97 1
98 3
99 0
100 0
101 0
102 0
103 0
104 0
105 1
106 1
107 3
108 2
109 1
110 3
111 0
112 2
113 3
114 0
115 1
116 9
117 0
118 2
119 9
120 13
121 3
122 17
123 12
124 12
125 21
126 23
127 22
128 29
129 26
130 7
131 14
132 10
133 7
134 16
135 9
136 17
137 26
138 39
139 30
140 51
141 42
142 40
143 43
144 72
145 45
146 67
147 84
148 76
149 71
150 70
151 98
152 123
153 101
154 122
155 117
156 163
157 146
158 174
159 209
160 208
161 211
162 215
163 236
164 286
165 251
166 289
167 315
168 372
169 456
170 455
171 407
172 500
173 603
174 548
175 613
176 600
177 700
178 791
179 723
180 735
181 778
182 876
183 816
184 933
185 956
186 1084
187 1172
188 1167
189 1259
190 1463
191 1461
192 1698
193 1754
194 1781
195 1738
196 1845
197 1742
198 1744
199 1690
200 1686
201 1701
202 1716
203 1810
204 1664
205 1822
206 1773
207 1838
208 1835
209 2007
210 2020
211 2046
212 2135
213 2119
214 2280
215 2365
216 2601
217 2515
218 2620
219 2842
220 2971
221 2904
222 2963
223 2922
224 2732
225 2620
226 2625
227 2567
228 2358
229 2390
230 2441
231 2440
232 2187
233 2365
234 2261
235 2282
236 2221
237 2281
238 2259
239 2445
240 2402
241 2299
242 2183
243 2221
244 2190
245 2229
246 2223
247 2122
248 2044
249 2085
250 2051
251 2005
252 1937
253 1949
254 1838
255 1887
256 1959
257 1971
258 1955
259 1791
260 1802
261 1697
262 1742
263 1649
264 1670
265 1643
266 1503
267 1632
268 1406
269 1395
270 1402
271 1320
272 1255
273 1221
274 1232
275 1241
276 1226
277 1231
278 1115
279 1025
280 1076
281 947
282 961
283 921
284 960
285 876
286 936
287 752
288 868
289 797
290 716
291 785
292 808
293 680
294 759
295 693
296 585
297 644
298 473
299 559
300 512
301 412
302 438
303 394
304 391
305 351
306 312
307 279
308 275
309 226
310 233
311 200
312 159
313 161
314 163
315 116
316 128
317 96
318 98
319 93
320 87
321 82
322 65
323 98
324 84
325 76
326 60
327 45
328 57
329 41
330 31
331 31
332 28
333 44
334 19
335 24
336 17
337 38
338 22
339 17
340 26
341 19
342 11
343 25
344 16
345 4
346 10
347 6
348 1
349 0
350 2
351 2
352 1
353 2
354 5
355 0
356 0
357 0
358 0
359 0
360 0
361 0
362 1
