0 1
1 0
2 0
3 0
4 0
5 0
6 0
7 0
8 0
9 0
10 0
11 0
12 0
13 0
14 0
15 0
16 0
17 0
18 0
19 0
20 0
21 0
22 0
23 0
24 0
25 0
26 0
27 1
28 1
29 1
30 2
31 0
32 2
33 0
34 0
35 2
36 2
37 2
38 5
39 4
40 1
41 3
42 2
43 1
44 0
45 1
46 1
47 2
48 5
49 1
50 3
51 1
52 1
53 2
54 1
55 3
56 0
57 3
58 3
59 2
60 1
61 2
62 2
63 1
64 3
65 0
66 4
67 2
68 5
69 2
70 2
71 1
72 4
73 2
74 0
75 2
76 3
77 4
78 1
79 4
80 1
81 6
82 0
83 8
84 6
85 4
86 4
87 4
88 3
89 8
90 8
91 7
92 4
93 7
94 3
95 4
96 9
97 4
98 6
99 8
100 1
101 6
102 8
103 6
104 8
105 8
106 8
107 5
108 6
109 8
110 12
111 10
112 13
113 15
114 3
115 9
116 12
117 15
118 10
119 17
120 18
121 19
122 18
123 10
124 15
125 20
126 24
127 26
128 26
129 17
130 25
131 23
132 23
133 21
134 23
135 12
136 22
137 18
138 25
139 25
140 36
141 33
142 35
143 35
144 47
145 36
146 53
147 50
148 57
149 53
150 102
151 107
152 132
153 162
154 203
155 259
156 292
157 342
158 425
159 528
160 518
161 578
162 597
163 669
164 592
165 635
166 542
167 515
168 434
169 501
170 456
171 406
172 423
173 344
174 375
175 448
176 476
177 481
178 488
179 501
180 648
181 657
182 688
183 726
184 758
185 754
186 891
187 852
188 922
189 880
190 1006
191 1036
192 1073
193 1186
194 1262
195 1348
196 1369
197 1404
198 1524
199 1574
200 1704
201 1797
202 1827
203 1765
204 1928
205 2072
206 2012
207 1996
208 2054
209 1980
210 1985
211 1960
212 2069
213 2216
214 2187
215 2138
216 2154
217 2264
218 2093
219 2231
220 2208
221 2276
222 2302
223 2444
224 2353
225 2343
226 2468
227 2391
228 2280
229 2355
230 2325
231 2399
232 2443
233 2341
234 2436
235 2469
236 2564
237 2385
238 2470
239 2448
240 2385
241 2259
242 2200
243 2300
244 2206
245 2141
246 2046
247 2049
248 1955
249 2068
250 1937
251 1945
252 2055
253 2035
254 2047
255 1947
256 1865
257 1842
258 1756
259 1730
260 1568
261 1598
262 1523
263 1505
264 1408
265 1391
266 1331
267 1456
268 1455
269 1372
270 1424
271 1252
272 1276
273 1250
274 1122
275 1038
276 1015
277 1007
278 982
279 918
280 921
281 948
282 866
283 949
284 989
285 964
286 932
287 946
288 934
289 857
290 729
291 693
292 677
293 601
294 660
295 584
296 564
297 523
298 526
299 507
300 541
301 557
302 550
303 597
304 622
305 652
306 803
307 799
308 736
309 660
310 670
311 666
312 537
313 549
314 474
315 503
316 412
317 369
318 390
319 299
320 321
321 300
322 243
323 193
324 197
325 177
326 169
327 179
328 157
329 155
330 149
331 157
332 149
333 140
334 116
335 158
336 111
337 106
338 126
339 114
340 102
341 109
342 106
343 75
344 129
345 99
346 114
347 59
348 61
349 88
350 81
351 91
352 52
353 67
354 67
355 61
356 59
357 34
358 38
359 35
360 31
361 34
362 22
363 24
364 11
365 5
366 13
367 14
368 5
369 0
370 1
371 0
372 1
373 0
374 0
375 3
