0 0
1 0
2 0
3 0
4 0
5 0
6 0
7 0
8 0
9 0
10 0
11 0
12 0
13 0
14 0
15 0
16 0
17 0
18 0
19 0
20 0
21 0
22 0
23 0
24 0
25 0
26 0
27 0
28 0
29 0
30 0
31 0
32 0
33 0
34 0
35 0
36 0
37 0
38 0
39 0
40 0
41 0
42 0
43 0
44 0
45 0
46 0
47 0
48 0
49 0
50 0
51 0
52 0
53 0
54 0
55 0
56 0
57 0
58 0
59 0
60 0
61 0
62 0
63 0
64 0
65 0
66 0
67 0
68 0
69 0
70 0
71 0
72 0
73 0
74 0
75 0
76 0
77 0
78 0
79 0
80 0
81 0
82 0
83 0
84 0
85 0
86 0
87 0
88 0
89 0
90 0
91 0
92 0
93 0
94 0
95 0
96 0
97 0
98 0
99 0
100 0
101 0
102 0
103 0
104 0
105 0
106 0
107 0
108 0
109 1
110 0
111 0
112 0
113 0
114 0
115 0
116 0
117 0
118 0
119 2
120 0
121 6
122 4
123 3
124 4
125 9
126 9
127 11
128 12
129 17
130 16
131 15
132 25
133 26
134 34
135 27
136 38
137 58
138 50
139 65
140 85
141 74
142 81
143 67
144 79
145 109
146 111
147 103
148 111
149 140
150 150
151 143
152 168
153 198
154 193
155 236
156 277
157 248
158 279
159 324
160 349
161 275
162 322
163 312
164 363
165 379
166 401
167 442
168 401
169 429
170 448
171 565
172 576
173 594
174 671
175 747
176 752
177 820
178 897
179 1013
180 1035
181 1178
182 1206
183 1227
184 1313
185 1440
186 1396
187 1513
188 1524
189 1616
190 1546
191 1734
192 1692
193 1613
194 1820
195 1938
196 1973
197 2032
198 2012
199 2301
200 2109
201 2128
202 2035
203 2162
204 2151
205 2126
206 2171
207 2102
208 2250
209 2442
210 2329
211 2429
212 2625
213 2473
214 2581
215 2454
216 2561
217 2506
218 2591
219 2519
220 2394
221 2199
222 2178
223 2014
224 1995
225 1999
226 1787
227 1837
228 1814
229 1762
230 1871
231 1860
232 1795
233 1839
234 1859
235 1891
236 1775
237 1752
238 1779
239 1654
240 1720
241 1761
242 1739
243 1732
244 1843
245 1770
246 1810
247 1823
248 1802
249 1740
250 1696
251 1702
252 1662
253 1755
254 1780
255 1601
256 1725
257 1838
258 1773
259 1830
260 1830
261 1831
262 1791
263 1646
264 1647
265 1644
266 1581
267 1624
268 1674
269 1708
270 1649
271 1746
272 1781
273 1723
274 1753
275 1785
276 1717
277 1657
278 1603
279 1503
280 1427
281 1384
282 1243
283 1057
284 978
285 848
286 834
287 767
288 662
289 839
290 656
291 584
292 541
293 496
294 456
295 436
296 429
297 372
298 414
299 329
300 361
301 289
302 307
303 257
304 227
305 206
306 170
307 215
308 198
309 189
310 177
311 153
312 129
313 139
314 151
315 123
316 108
317 136
318 116
319 121
320 130
321 117
322 135
323 109
324 138
325 100
326 125
327 117
328 116
329 132
330 104
331 126
332 85
333 74
334 82
335 60
336 72
337 57
338 64
339 44
340 59
341 45
342 29
343 33
344 40
345 30
346 21
347 21
348 28
349 25
350 24
351 29
352 15
353 12
354 23
355 5
356 6
357 5
358 7
359 6
360 8
361 3
362 3
363 6
364 3
365 5
366 5
367 3
368 2
369 1
370 3
371 0
372 0
373 0
374 0
375 1
376 0
377 1
378 0
379 0
380 0
381 1
