0 0
1 0
2 0
3 0
4 0
5 0
6 0
7 0
8 0
9 0
10 0
11 0
12 0
13 0
14 0
15 0
16 0
17 0
18 0
19 0
20 0
21 0
22 0
23 0
24 0
25 0
26 0
27 0
28 0
29 0
30 0
31 0
32 0
33 0
34 0
35 0
36 0
37 0
38 0
39 0
40 0
41 0
42 0
43 0
44 0
45 0
46 0
47 0
48 0
49 0
50 0
51 0
52 0
53 0
54 0
55 0
56 0
57 0
58 1
59 1
60 0
61 0
62 0
63 0
64 1
65 0
66 3
67 2
68 1
69 0
70 2
71 0
72 1
73 1
74 4
75 2
76 1
77 4
78 5
79 4
80 5
81 3
82 5
83 1
84 4
85 2
86 2
87 2
88 1
89 9
90 4
91 3
92 3
93 3
94 6
95 16
96 5
97 3
98 11
99 9
100 7
101 3
102 5
103 4
104 5
105 7
106 7
107 9
108 5
109 4
110 6
111 4
112 13
113 5
114 9
115 8
116 7
117 4
118 1
119 1
120 5
121 6
122 7
123 5
124 3
125 8
126 2
127 11
128 8
129 9
130 12
131 14
132 10
133 22
134 6
135 15
136 24
137 4
138 28
139 29
140 49
141 27
142 46
143 52
144 48
145 71
146 74
147 100
148 84
149 76
150 92
151 78
152 110
153 107
154 99
155 126
156 113
157 129
158 127
159 160
160 156
161 165
162 187
163 196
164 221
165 221
166 218
167 273
168 261
169 276
170 330
171 352
172 419
173 427
174 457
175 516
176 520
177 576
178 671
179 644
180 824
181 894
182 930
183 929
184 952
185 952
186 1013
187 983
188 1053
189 1017
190 1157
191 1141
192 1189
193 1281
194 1472
195 1503
196 1523
197 1401
198 1558
199 1640
200 1860
201 1941
202 1946
203 2128
204 2272
205 2277
206 2435
207 2544
208 2694
209 2677
210 2588
211 2552
212 2620
213 2511
214 2550
215 2505
216 2559
217 2523
218 2480
219 2599
220 2556
221 2717
222 2653
223 2797
224 2649
225 2730
226 2696
227 2611
228 2446
229 2435
230 2566
231 2472
232 2527
233 2631
234 2668
235 2546
236 2353
237 2436
238 2436
239 2284
240 2415
241 2402
242 2486
243 2370
244 2468
245 2513
246 2556
247 2420
248 2362
249 2429
250 2176
251 2319
252 2093
253 2066
254 2061
255 1963
256 1769
257 1803
258 1592
259 1639
260 1459
261 1493
262 1437
263 1435
264 1330
265 1384
266 1341
267 1315
268 1314
269 1246
270 1284
271 1187
272 1288
273 1261
274 1214
275 1120
276 1097
277 1022
278 1021
279 962
280 983
281 918
282 896
283 880
284 807
285 813
286 775
287 773
288 733
289 679
290 815
291 735
292 802
293 727
294 720
295 639
296 636
297 631
298 557
299 561
300 433
301 457
302 356
303 395
304 334
305 342
306 315
307 296
308 256
309 216
310 188
311 129
312 111
313 82
314 66
315 52
316 36
317 42
318 41
319 28
320 24
321 33
322 37
323 21
324 26
325 21
326 11
327 9
328 5
329 4
330 1
331 3
332 1
333 2
334 1
335 0
336 0
337 0
338 0
339 0
340 0
341 1
342 0
343 1
344 2
