0 1
1 0
2 0
3 0
4 0
5 0
6 0
7 0
8 0
9 0
10 1
11 0
12 0
13 0
14 0
15 0
16 2
17 0
18 0
19 0
20 0
21 0
22 0
23 0
24 1
25 1
26 1
27 2
28 0
29 0
30 0
31 2
32 1
33 0
34 0
35 0
36 0
37 0
38 0
39 0
40 0
41 1
42 0
43 1
44 0
45 0
46 0
47 0
48 0
49 0
50 0
51 0
52 0
53 0
54 0
55 0
56 0
57 0
58 0
59 0
60 0
61 0
62 0
63 0
64 0
65 0
66 0
67 0
68 0
69 0
70 0
71 0
72 0
73 0
74 0
75 0
76 0
77 0
78 0
79 0
80 0
81 1
82 0
83 0
84 0
85 0
86 0
87 0
88 1
89 0
90 0
91 0
92 0
93 2
94 0
95 1
96 0
97 2
98 0
99 0
100 3
101 0
102 2
103 0
104 1
105 0
106 0
107 0
108 0
109 0
110 3
111 1
112 1
113 1
114 1
115 0
116 1
117 1
118 5
119 2
120 10
121 15
122 14
123 14
124 13
125 15
126 12
127 11
128 15
129 10
130 15
131 29
132 30
133 25
134 27
135 37
136 29
137 24
138 45
139 47
140 38
141 50
142 48
143 48
144 41
145 49
146 73
147 56
148 73
149 69
150 108
151 105
152 134
153 152
154 171
155 171
156 208
157 219
158 217
159 230
160 261
161 282
162 309
163 318
164 347
165 409
166 410
167 431
168 483
169 480
170 432
171 491
172 526
173 514
174 585
175 641
176 659
177 786
178 784
179 756
180 951
181 920
182 943
183 954
184 896
185 1041
186 1169
187 1293
188 1263
189 1281
190 1297
191 1438
192 1479
193 1490
194 1603
195 1771
196 1886
197 1989
198 1936
199 1943
200 2096
201 2009
202 2133
203 2162
204 2416
205 2403
206 2285
207 2394
208 2449
209 2366
210 2289
211 2326
212 2487
213 2462
214 2461
215 2291
216 2358
217 2397
218 2405
219 2249
220 2433
221 2379
222 2385
223 2288
224 2448
225 2404
226 2449
227 2508
228 2334
229 2338
230 2439
231 2235
232 2319
233 2254
234 2143
235 2227
236 2143
237 2043
238 2108
239 2110
240 2046
241 2231
242 1984
243 2053
244 1973
245 2018
246 1901
247 2015
248 1917
249 2014
250 1842
251 1900
252 1911
253 1926
254 1861
255 1805
256 1739
257 1733
258 1571
259 1631
260 1564
261 1540
262 1564
263 1549
264 1566
265 1460
266 1422
267 1296
268 1277
269 1317
270 1265
271 1356
272 1260
273 1236
274 1156
275 1214
276 1189
277 1234
278 1251
279 1136
280 1140
281 1191
282 1088
283 1066
284 1028
285 976
286 864
287 815
288 763
289 703
290 704
291 690
292 629
293 602
294 588
295 592
296 529
297 489
298 484
299 491
300 458
301 437
302 413
303 369
304 336
305 357
306 359
307 268
308 306
309 318
310 241
311 226
312 227
313 226
314 201
315 165
316 156
317 128
318 193
319 161
320 127
321 120
322 138
323 111
324 131
325 104
326 125
327 86
328 83
329 102
330 84
331 67
332 61
333 77
334 67
335 63
336 58
337 58
338 39
339 44
340 47
341 38
342 33
343 40
344 26
345 38
346 32
347 22
348 27
349 29
350 36
351 28
352 36
353 24
354 24
355 18
356 19
357 22
358 14
359 21
360 13
361 18
362 19
363 22
364 13
365 16
366 23
367 7
368 18
369 16
370 18
371 14
372 10
373 14
374 14
375 11
376 8
377 8
378 9
379 3
380 8
381 5
382 4
383 2
384 5
385 3
386 4
387 1
388 3
389 2
390 4
391 2
392 3
393 3
394 3
395 3
396 5
397 5
398 4
399 3
400 4
401 1
