0 0
1 0
2 0
3 0
4 0
5 0
6 0
7 0
8 0
9 0
10 0
11 0
12 0
13 0
14 0
15 0
16 0
17 0
18 0
19 0
20 0
21 1
22 0
23 0
24 2
25 1
26 0
27 1
28 1
29 0
30 0
31 2
32 1
33 2
34 3
35 2
36 0
37 0
38 0
39 1
40 3
41 8
42 2
43 1
44 5
45 1
46 1
47 1
48 2
49 0
50 3
51 0
52 0
53 0
54 0
55 0
56 1
57 0
58 4
59 2
60 1
61 0
62 2
63 1
64 1
65 0
66 0
67 1
68 0
69 1
70 3
71 0
72 1
73 2
74 2
75 1
76 2
77 2
78 2
79 0
80 1
81 1
82 0
83 1
84 0
85 1
86 0
87 0
88 0
89 2
90 1
91 0
92 0
93 1
94 1
95 0
96 2
97 0
98 2
99 2
100 2
101 1
102 1
103 0
104 2
105 0
106 4
107 2
108 0
109 0
110 0
111 2
112 3
113 2
114 5
115 8
116 2
117 6
118 13
119 21
120 19
121 28
122 37
123 35
124 37
125 36
126 42
127 30
128 41
129 27
130 33
131 39
132 38
133 24
134 28
135 32
136 33
137 30
138 36
139 27
140 44
141 29
142 26
143 46
144 38
145 54
146 64
147 74
148 63
149 101
150 85
151 119
152 122
153 108
154 145
155 126
156 140
157 193
158 236
159 244
160 274
161 315
162 317
163 330
164 387
165 417
166 419
167 469
168 474
169 520
170 477
171 451
172 464
173 489
174 486
175 454
176 485
177 515
178 558
179 584
180 635
181 645
182 610
183 561
184 674
185 675
186 676
187 728
188 773
189 695
190 769
191 797
192 815
193 770
194 778
195 849
196 812
197 753
198 848
199 909
200 923
201 1067
202 1224
203 1101
204 1250
205 1369
206 1417
207 1349
208 1319
209 1256
210 1395
211 1389
212 1394
213 1411
214 1463
215 1533
216 1608
217 1522
218 1624
219 1688
220 1822
221 1814
222 1764
223 1842
224 1832
225 1761
226 1914
227 1905
228 2118
229 1976
230 2099
231 2282
232 2378
233 2553
234 2719
235 2629
236 2833
237 2814
238 2784
239 2929
240 2878
241 2718
242 2709
243 2648
244 2554
245 2499
246 2306
247 2352
248 2179
249 2534
250 2198
251 2313
252 2231
253 2152
254 2073
255 2075
256 1937
257 2008
258 1917
259 1828
260 1868
261 1842
262 1925
263 1815
264 1800
265 1903
266 1785
267 1892
268 1870
269 1771
270 1793
271 1849
272 1833
273 1799
274 1707
275 1771
276 1742
277 1564
278 1686
279 1560
280 1545
281 1487
282 1441
283 1354
284 1382
285 1338
286 1322
287 1285
288 1240
289 1146
290 1149
291 1176
292 1065
293 1060
294 1089
295 1066
296 1027
297 1074
298 959
299 892
300 887
301 832
302 832
303 753
304 698
305 651
306 546
307 489
308 472
309 471
310 442
311 417
312 382
313 400
314 416
315 376
316 414
317 378
318 380
319 443
320 370
321 398
322 438
323 381
324 367
325 378
326 222
327 230
328 224
329 210
330 220
331 197
332 176
333 149
334 133
335 113
336 97
337 93
338 52
339 80
340 56
341 52
342 49
343 30
344 28
345 47
346 36
347 28
348 32
349 21
350 16
351 22
352 16
353 16
354 10
355 6
356 17
357 11
358 9
359 15
360 13
361 9
362 8
363 15
364 9
365 3
366 8
367 3
368 3
369 3
370 0
371 2
372 3
373 2
374 0
375 1
