0 0
1 0
2 0
3 0
4 0
5 0
6 0
7 0
8 0
9 0
10 0
11 0
12 0
13 0
14 0
15 0
16 0
17 0
18 0
19 0
20 0
21 0
22 0
23 0
24 0
25 0
26 0
27 0
28 0
29 0
30 0
31 0
32 0
33 0
34 0
35 0
36 0
37 0
38 0
39 0
40 0
41 0
42 0
43 0
44 0
45 0
46 0
47 0
48 0
49 0
50 0
51 0
52 0
53 0
54 0
55 0
56 0
57 0
58 0
59 0
60 0
61 0
62 0
63 0
64 0
65 0
66 0
67 0
68 0
69 0
70 0
71 0
72 0
73 0
74 0
75 0
76 0
77 0
78 0
79 0
80 0
81 0
82 0
83 0
84 0
85 0
86 0
87 0
88 0
89 0
90 0
91 0
92 0
93 0
94 0
95 0
96 0
97 0
98 0
99 0
100 0
101 0
102 0
103 0
104 0
105 0
106 0
107 0
108 0
109 0
110 0
111 0
112 0
113 0
114 0
115 0
116 0
117 0
118 0
119 0
120 0
121 0
122 8
123 1
124 1
125 13
126 7
127 11
128 14
129 9
130 22
131 6
132 7
133 17
134 15
135 28
136 41
137 35
138 27
139 31
140 35
141 23
142 30
143 33
144 33
145 48
146 52
147 35
148 42
149 42
150 46
151 54
152 56
153 81
154 99
155 91
156 138
157 203
158 219
159 260
160 273
161 272
162 241
163 245
164 196
165 162
166 156
167 179
168 178
169 197
170 182
171 198
172 206
173 218
174 194
175 224
176 259
177 238
178 264
179 237
180 273
181 283
182 343
183 338
184 401
185 401
186 463
187 433
188 422
189 444
190 460
191 520
192 516
193 551
194 619
195 586
196 500
197 595
198 593
199 660
200 665
201 740
202 762
203 820
204 840
205 967
206 937
207 1084
208 1100
209 1162
210 1219
211 1243
212 1217
213 1204
214 1272
215 1188
216 1146
217 1291
218 1229
219 1239
220 1228
221 1159
222 1045
223 1132
224 1152
225 1101
226 1173
227 1214
228 1267
229 1268
230 1349
231 1440
232 1396
233 1516
234 1433
235 1628
236 1660
237 1684
238 1936
239 1879
240 1919
241 2040
242 2089
243 2280
244 2196
245 2246
246 2242
247 2137
248 2299
249 2278
250 2293
251 2220
252 2291
253 2187
254 2246
255 2172
256 2198
257 2066
258 2131
259 2153
260 2210
261 2289
262 2394
263 2469
264 2609
265 2775
266 2702
267 2798
268 2832
269 2946
270 2833
271 2525
272 2695
273 2476
274 2806
275 2635
276 2562
277 2714
278 2644
279 2575
280 2578
281 2554
282 2492
283 2490
284 2456
285 2412
286 2127
287 2031
288 2013
289 2041
290 1838
291 1821
292 1836
293 1713
294 1591
295 1555
296 1484
297 1330
298 1249
299 1187
300 1071
301 1025
302 1006
303 866
304 814
305 819
306 700
307 686
308 618
309 653
310 585
311 597
312 561
313 674
314 695
315 664
316 591
317 524
318 516
319 450
320 417
321 452
322 411
323 337
324 328
325 355
326 346
327 335
328 319
329 278
330 280
331 279
332 280
333 214
334 236
335 227
336 239
337 234
338 235
339 219
340 195
341 196
342 126
343 120
344 97
345 104
346 91
347 90
348 58
349 66
350 46
351 33
352 31
353 24
354 23
355 10
356 9
357 9
358 3
359 4
360 1
361 0
362 3
363 2
364 2
365 1
366 0
367 0
368 0
369 1
370 2
