0 0
1 0
2 0
3 0
4 0
5 0
6 0
7 0
8 0
9 0
10 0
11 0
12 0
13 0
14 0
15 0
16 1
17 0
18 0
19 2
20 1
21 2
22 2
23 4
24 2
25 6
26 10
27 5
28 10
29 7
30 12
31 7
32 9
33 6
34 8
35 5
36 3
37 7
38 9
39 11
40 4
41 6
42 13
43 8
44 11
45 12
46 12
47 5
48 9
49 6
50 4
51 9
52 5
53 6
54 4
55 7
56 9
57 8
58 8
59 4
60 7
61 11
62 3
63 5
64 9
65 9
66 9
67 11
68 3
69 5
70 2
71 8
72 2
73 6
74 3
75 2
76 5
77 3
78 4
79 6
80 5
81 2
82 2
83 5
84 8
85 3
86 3
87 6
88 12
89 6
90 6
91 2
92 11
93 11
94 8
95 10
96 8
97 9
98 6
99 9
100 6
101 10
102 7
103 4
104 6
105 5
106 6
107 8
108 0
109 5
110 5
111 5
112 5
113 3
114 7
115 4
116 3
117 8
118 4
119 6
120 1
121 3
122 5
123 12
124 10
125 6
126 8
127 11
128 4
129 11
130 12
131 13
132 20
133 28
134 31
135 22
136 48
137 37
138 72
139 47
140 96
141 103
142 174
143 192
144 208
145 204
146 227
147 269
148 230
149 236
150 209
151 230
152 287
153 252
154 270
155 250
156 274
157 290
158 339
159 431
160 549
161 609
162 530
163 516
164 501
165 532
166 637
167 630
168 688
169 800
170 833
171 1020
172 1047
173 1205
174 1366
175 1294
176 1532
177 1610
178 1665
179 1720
180 1744
181 1911
182 1904
183 2114
184 2165
185 2298
186 2448
187 2471
188 2728
189 2625
190 2845
191 2571
192 2731
193 2626
194 2614
195 2521
196 2683
197 2830
198 2572
199 2759
200 2901
201 2822
202 2713
203 2825
204 2793
205 2850
206 2619
207 2559
208 2425
209 2398
210 2305
211 2202
212 2259
213 2238
214 2302
215 2214
216 2113
217 2109
218 1999
219 1848
220 1857
221 1864
222 1662
223 1696
224 1690
225 1617
226 1552
227 1526
228 1445
229 1469
230 1361
231 1424
232 1429
233 1359
234 1423
235 1532
236 1449
237 1593
238 1459
239 1495
240 1579
241 1527
242 1628
243 1420
244 1493
245 1384
246 1460
247 1333
248 1389
249 1344
250 1191
251 1342
252 1251
253 1387
254 1400
255 1369
256 1276
257 1183
258 1227
259 1306
260 1271
261 1276
262 1261
263 1252
264 1272
265 1157
266 1226
267 1159
268 1195
269 1159
270 1162
271 1138
272 1150
273 1123
274 1125
275 1061
276 1022
277 1005
278 948
279 825
280 798
281 765
282 820
283 745
284 715
285 753
286 700
287 647
288 600
289 552
290 554
291 634
292 561
293 531
294 472
295 392
296 326
297 343
298 302
299 266
300 245
301 253
302 226
303 217
304 175
305 186
306 178
307 177
308 126
309 139
310 130
311 131
312 121
313 116
314 101
315 130
316 119
317 111
318 88
319 93
320 116
321 91
322 70
323 100
324 100
325 84
326 89
327 79
328 91
329 75
330 68
331 91
332 83
333 66
334 80
335 63
336 82
337 51
338 54
339 54
340 46
341 42
342 35
343 34
344 38
345 49
346 29
347 31
348 21
349 18
350 26
351 10
352 7
353 9
354 15
355 14
356 12
357 10
358 9
359 10
360 5
361 9
362 3
363 3
364 5
365 2
366 3
367 2
368 1
369 3
370 0
371 1
372 1
373 1
374 1
375 1
376 0
377 0
378 1
379 2
