0 0
1 0
2 0
3 0
4 0
5 0
6 0
7 0
8 0
9 0
10 0
11 0
12 0
13 0
14 0
15 0
16 0
17 0
18 0
19 0
20 0
21 0
22 0
23 0
24 0
25 0
26 0
27 0
28 0
29 0
30 0
31 0
32 0
33 0
34 0
35 0
36 0
37 0
38 0
39 0
40 0
41 0
42 0
43 0
44 0
45 0
46 0
47 0
48 0
49 0
50 0
51 0
52 0
53 0
54 0
55 0
56 0
57 0
58 0
59 0
60 0
61 0
62 0
63 0
64 0
65 0
66 0
67 0
68 0
69 1
70 0
71 0
72 0
73 0
74 0
75 0
76 0
77 0
78 0
79 0
80 1
81 0
82 0
83 0
84 0
85 0
86 0
87 1
88 0
89 0
90 0
91 0
92 1
93 0
94 0
95 0
96 0
97 0
98 2
99 3
100 2
101 2
102 8
103 6
104 26
105 19
106 24
107 21
108 24
109 25
110 14
111 21
112 11
113 10
114 14
115 15
116 15
117 6
118 9
119 9
120 4
121 10
122 10
123 10
124 12
125 15
126 16
127 15
128 16
129 6
130 22
131 10
132 22
133 20
134 26
135 23
136 26
137 21
138 18
139 21
140 28
141 29
142 29
143 23
144 36
145 29
146 34
147 45
148 44
149 70
150 48
151 65
152 69
153 105
154 103
155 112
156 105
157 131
158 173
159 156
160 161
161 198
162 235
163 349
164 311
165 423
166 490
167 538
168 531
169 667
170 761
171 705
172 790
173 869
174 841
175 928
176 863
177 940
178 970
179 1060
180 1072
181 1132
182 1160
183 1066
184 1237
185 1199
186 1275
187 1202
188 1139
189 1231
190 1439
191 1472
192 1433
193 1484
194 1496
195 1607
196 1577
197 1586
198 1667
199 1752
200 1649
201 1840
202 1722
203 1909
204 1707
205 1834
206 2002
207 2031
208 2042
209 2130
210 2307
211 2208
212 2452
213 2467
214 2519
215 2508
216 2476
217 2416
218 2355
219 2374
220 2379
221 2328
222 2391
223 2367
224 2409
225 2243
226 2306
227 2151
228 2278
229 2294
230 2345
231 2305
232 2388
233 2341
234 2372
235 2546
236 2541
237 2561
238 2614
239 2489
240 2472
241 2427
242 2540
243 2595
244 2646
245 2584
246 2591
247 2636
248 2728
249 2513
250 2445
251 2221
252 2003
253 2072
254 1945
255 1823
256 1741
257 1767
258 1617
259 1604
260 1481
261 1674
262 1564
263 1439
264 1429
265 1374
266 1363
267 1361
268 1301
269 1172
270 1191
271 1132
272 1132
273 1128
274 1097
275 1160
276 1104
277 978
278 1018
279 1013
280 1040
281 996
282 920
283 885
284 878
285 892
286 837
287 776
288 725
289 682
290 696
291 666
292 604
293 558
294 485
295 517
296 438
297 435
298 402
299 360
300 378
301 330
302 342
303 320
304 331
305 276
306 259
307 245
308 215
309 213
310 206
311 206
312 180
313 137
314 126
315 109
316 110
317 79
318 99
319 61
320 51
321 52
322 56
323 43
324 27
325 25
326 20
327 14
328 18
329 12
330 12
331 9
332 4
333 9
334 14
335 5
336 5
337 10
338 6
339 7
340 8
341 13
342 5
343 4
344 9
345 3
346 4
347 1
348 2
349 0
350 3
351 2
352 0
353 6
