0 0
1 0
2 0
3 0
4 0
5 0
6 0
7 0
8 0
9 0
10 0
11 0
12 0
13 0
14 0
15 0
16 0
17 0
18 0
19 0
20 0
21 0
22 0
23 0
24 0
25 0
26 0
27 0
28 0
29 0
30 0
31 0
32 0
33 0
34 0
35 0
36 0
37 0
38 0
39 0
40 0
41 0
42 0
43 0
44 0
45 0
46 0
47 0
48 0
49 0
50 0
51 0
52 0
53 0
54 0
55 0
56 0
57 0
58 0
59 0
60 0
61 0
62 0
63 0
64 0
65 0
66 0
67 0
68 0
69 0
70 0
71 0
72 0
73 0
74 0
75 0
76 0
77 0
78 0
79 0
80 0
81 0
82 0
83 0
84 0
85 0
86 0
87 0
88 0
89 0
90 0
91 0
92 0
93 0
94 1
95 0
96 0
97 0
98 0
99 0
100 0
101 0
102 0
103 0
104 0
105 0
106 0
107 1
108 0
109 0
110 0
111 1
112 0
113 0
114 0
115 1
116 0
117 1
118 1
119 1
120 3
121 1
122 2
123 1
124 3
125 0
126 2
127 2
128 3
129 18
130 16
131 23
132 36
133 25
134 36
135 37
136 48
137 63
138 65
139 101
140 73
141 84
142 69
143 82
144 89
145 68
146 105
147 79
148 101
149 100
150 91
151 94
152 110
153 103
154 106
155 129
156 110
157 108
158 158
159 114
160 134
161 150
162 125
163 124
164 145
165 175
166 179
167 179
168 175
169 244
170 248
171 209
172 281
173 272
174 274
175 292
176 312
177 386
178 352
179 426
180 529
181 519
182 593
183 614
184 668
185 742
186 771
187 905
188 972
189 998
190 1135
191 1084
192 1125
193 1045
194 1058
195 1088
196 1069
197 1203
198 1162
199 1238
200 1330
201 1208
202 1256
203 1382
204 1358
205 1472
206 1705
207 1702
208 1761
209 2012
210 1993
211 1996
212 1912
213 1811
214 1858
215 1896
216 1971
217 1965
218 1917
219 2117
220 2265
221 2203
222 2174
223 2245
224 2312
225 2425
226 2499
227 2535
228 2719
229 2793
230 2804
231 2886
232 2929
233 2995
234 3132
235 3157
236 3166
237 3188
238 3285
239 3252
240 3270
241 3243
242 3149
243 3026
244 2915
245 2976
246 2839
247 2675
248 2662
249 2463
250 2364
251 2342
252 2368
253 2365
254 2270
255 2285
256 2189
257 2137
258 2009
259 2142
260 2174
261 2103
262 2248
263 2109
264 2070
265 2005
266 1959
267 1772
268 1762
269 1632
270 1601
271 1640
272 1363
273 1431
274 1397
275 1262
276 1360
277 1194
278 1231
279 1198
280 1158
281 1146
282 1092
283 1088
284 1042
285 1037
286 921
287 960
288 928
289 864
290 734
291 700
292 601
293 592
294 615
295 592
296 523
297 566
298 438
299 425
300 427
301 360
302 257
303 286
304 247
305 282
306 251
307 232
308 251
309 251
310 211
311 235
312 178
313 202
314 161
315 149
316 113
317 94
318 86
319 77
320 55
321 51
322 47
323 31
324 20
325 18
326 16
327 33
328 20
329 22
330 8
331 13
332 8
333 11
334 10
335 9
336 10
337 5
338 6
339 4
340 10
341 3
342 6
343 2
344 11
345 3
346 4
347 4
348 3
349 0
350 0
351 2
352 3
353 2
354 4
355 4
356 4
357 2
358 1
359 1
