0 0
1 0
2 0
3 0
4 0
5 0
6 0
7 0
8 0
9 0
10 0
11 0
12 0
13 0
14 0
15 0
16 0
17 0
18 0
19 0
20 0
21 0
22 0
23 0
24 0
25 0
26 0
27 0
28 0
29 0
30 0
31 0
32 0
33 0
34 0
35 0
36 0
37 0
38 0
39 0
40 0
41 0
42 0
43 0
44 0
45 0
46 0
47 0
48 0
49 0
50 0
51 0
52 0
53 0
54 0
55 0
56 0
57 0
58 0
59 0
60 0
61 0
62 0
63 0
64 0
65 0
66 0
67 0
68 0
69 0
70 0
71 0
72 0
73 0
74 0
75 0
76 0
77 0
78 0
79 0
80 0
81 0
82 0
83 0
84 0
85 0
86 0
87 0
88 0
89 0
90 0
91 0
92 0
93 0
94 0
95 0
96 0
97 0
98 0
99 0
100 0
101 0
102 0
103 0
104 0
105 0
106 0
107 0
108 0
109 0
110 0
111 0
112 0
113 0
114 0
115 0
116 0
117 0
118 0
119 0
120 0
121 0
122 0
123 0
124 1
125 1
126 2
127 4
128 8
129 2
130 14
131 5
132 17
133 13
134 16
135 10
136 4
137 10
138 10
139 4
140 7
141 8
142 6
143 8
144 10
145 8
146 18
147 14
148 12
149 19
150 32
151 17
152 38
153 24
154 45
155 52
156 56
157 72
158 122
159 101
160 119
161 131
162 95
163 115
164 156
165 133
166 172
167 217
168 235
169 274
170 321
171 371
172 365
173 403
174 406
175 505
176 504
177 543
178 611
179 605
180 579
181 669
182 774
183 731
184 782
185 907
186 927
187 947
188 1074
189 1085
190 1137
191 1178
192 1144
193 1356
194 1391
195 1524
196 1585
197 1706
198 1733
199 1738
200 1822
201 1974
202 2110
203 2097
204 2073
205 2179
206 2253
207 2137
208 2302
209 2288
210 2487
211 2343
212 2573
213 2581
214 2472
215 2565
216 2655
217 2722
218 2831
219 2829
220 2697
221 2819
222 2849
223 2921
224 2897
225 2756
226 2980
227 2994
228 2885
229 2819
230 2815
231 2698
232 2689
233 2641
234 2560
235 2576
236 2523
237 2639
238 2585
239 2634
240 2546
241 2621
242 2668
243 2896
244 2903
245 2836
246 2918
247 2933
248 2840
249 2688
250 2710
251 2638
252 2731
253 2684
254 2531
255 2460
256 2251
257 2151
258 2128
259 1939
260 1694
261 1787
262 1732
263 1680
264 1712
265 1671
266 1505
267 1540
268 1436
269 1370
270 1320
271 1273
272 1203
273 1087
274 1087
275 1028
276 994
277 905
278 851
279 823
280 722
281 679
282 705
283 631
284 554
285 593
286 467
287 481
288 480
289 401
290 365
291 380
292 321
293 330
294 267
295 268
296 262
297 232
298 227
299 179
300 174
301 166
302 135
303 109
304 100
305 97
306 80
307 71
308 38
309 56
310 56
311 59
312 39
313 47
314 38
315 39
316 41
317 47
318 34
319 32
320 20
321 20
322 19
323 12
324 17
325 12
326 12
327 8
328 5
329 11
330 12
331 8
332 4
333 6
334 2
335 4
336 2
337 2
