0 0
1 0
2 0
3 0
4 0
5 0
6 0
7 0
8 0
9 0
10 0
11 0
12 0
13 0
14 0
15 0
16 0
17 0
18 0
19 0
20 0
21 0
22 0
23 0
24 0
25 0
26 0
27 0
28 0
29 0
30 0
31 0
32 0
33 0
34 0
35 0
36 0
37 0
38 0
39 0
40 0
41 0
42 0
43 0
44 0
45 0
46 0
47 0
48 0
49 0
50 0
51 0
52 0
53 0
54 0
55 0
56 0
57 0
58 0
59 0
60 0
61 0
62 0
63 0
64 0
65 0
66 0
67 0
68 0
69 0
70 0
71 0
72 0
73 0
74 0
75 0
76 0
77 0
78 0
79 0
80 0
81 0
82 0
83 0
84 0
85 0
86 0
87 0
88 0
89 0
90 0
91 0
92 0
93 0
94 0
95 0
96 0
97 2
98 4
99 9
100 3
101 3
102 9
103 17
104 13
105 41
106 30
107 34
108 49
109 39
110 29
111 54
112 31
113 31
114 28
115 43
116 46
117 35
118 56
119 53
120 58
121 47
122 64
123 52
124 63
125 69
126 54
127 75
128 71
129 65
130 90
131 66
132 96
133 58
134 77
135 58
136 94
137 93
138 64
139 90
140 96
141 99
142 109
143 126
144 215
145 272
146 314
147 332
148 350
149 438
150 562
151 442
152 424
153 419
154 398
155 457
156 398
157 483
158 496
159 630
160 529
161 615
162 623
163 600
164 646
165 657
166 738
167 762
168 778
169 788
170 887
171 810
172 879
173 799
174 913
175 970
176 1028
177 1074
178 1039
179 1071
180 1185
181 1169
182 1255
183 1265
184 1331
185 1306
186 1343
187 1430
188 1460
189 1539
190 1686
191 1662
192 1716
193 1964
194 1930
195 2094
196 1955
197 1996
198 1867
199 1860
200 1982
201 2032
202 2105
203 2083
204 2076
205 2136
206 2131
207 2112
208 2054
209 2143
210 2078
211 2082
212 2153
213 2010
214 2148
215 2188
216 2021
217 2260
218 2258
219 2275
220 2248
221 2070
222 2213
223 2069
224 1956
225 2020
226 1995
227 2075
228 2043
229 2011
230 2149
231 2145
232 2067
233 1944
234 2104
235 2107
236 2072
237 2057
238 2096
239 2073
240 2080
241 2087
242 2056
243 1970
244 1906
245 1755
246 1679
247 1668
248 1597
249 1478
250 1542
251 1457
252 1420
253 1457
254 1364
255 1548
256 1390
257 1409
258 1399
259 1424
260 1411
261 1404
262 1280
263 1196
264 1216
265 1218
266 1145
267 1062
268 1071
269 959
270 975
271 970
272 921
273 907
274 910
275 962
276 943
277 935
278 843
279 809
280 744
281 789
282 682
283 673
284 657
285 690
286 747
287 762
288 742
289 859
290 827
291 881
292 887
293 723
294 718
295 712
296 599
297 614
298 529
299 525
300 438
301 366
302 409
303 404
304 372
305 340
306 391
307 357
308 373
309 383
310 350
311 337
312 288
313 333
314 321
315 297
316 276
317 260
318 317
319 235
320 200
321 255
322 214
323 190
324 203
325 189
326 203
327 134
328 153
329 157
330 152
331 146
332 160
333 153
334 116
335 138
336 115
337 93
338 84
339 80
340 66
341 65
342 56
343 43
344 40
345 29
346 20
347 25
348 22
349 24
350 7
351 11
352 10
353 3
354 8
355 4
356 9
357 5
358 5
359 4
360 2
361 1
362 0
363 1
364 2
365 1
366 0
367 0
368 0
369 1
370 0
371 0
372 0
373 3
374 0
375 0
376 0
377 0
378 0
379 0
380 1
