0 0
1 0
2 0
3 0
4 0
5 0
6 0
7 0
8 0
9 0
10 0
11 0
12 0
13 0
14 0
15 0
16 0
17 0
18 0
19 0
20 0
21 0
22 0
23 0
24 0
25 0
26 0
27 0
28 0
29 0
30 0
31 0
32 0
33 0
34 0
35 0
36 1
37 0
38 0
39 0
40 1
41 0
42 0
43 0
44 0
45 0
46 0
47 0
48 0
49 0
50 0
51 0
52 1
53 0
54 0
55 0
56 0
57 0
58 0
59 1
60 0
61 2
62 0
63 0
64 0
65 0
66 0
67 0
68 2
69 0
70 0
71 0
72 1
73 1
74 0
75 0
76 2
77 0
78 0
79 0
80 0
81 0
82 0
83 0
84 0
85 0
86 0
87 4
88 0
89 0
90 0
91 0
92 0
93 0
94 0
95 0
96 0
97 0
98 1
99 0
100 0
101 0
102 1
103 0
104 0
105 0
106 1
107 0
108 0
109 0
110 0
111 0
112 0
113 3
114 2
115 0
116 0
117 0
118 1
119 2
120 0
121 1
122 1
123 0
124 0
125 4
126 1
127 5
128 4
129 2
130 6
131 6
132 5
133 6
134 0
135 3
136 3
137 1
138 2
139 7
140 8
141 6
142 3
143 3
144 6
145 17
146 8
147 14
148 15
149 11
150 11
151 10
152 14
153 16
154 22
155 34
156 38
157 54
158 53
159 62
160 46
161 72
162 65
163 67
164 67
165 80
166 85
167 111
168 148
169 121
170 138
171 194
172 166
173 168
174 187
175 198
176 241
177 255
178 241
179 256
180 295
181 308
182 330
183 365
184 428
185 477
186 629
187 634
188 729
189 755
190 820
191 860
192 853
193 972
194 960
195 1018
196 981
197 1095
198 1222
199 1126
200 1167
201 1159
202 1169
203 1188
204 1242
205 1320
206 1364
207 1397
208 1408
209 1427
210 1400
211 1408
212 1479
213 1719
214 1816
215 1988
216 2046
217 2157
218 2278
219 2478
220 2567
221 2570
222 2521
223 2365
224 2414
225 2462
226 2413
227 2502
228 2460
229 2365
230 2423
231 2387
232 2415
233 2457
234 2358
235 2379
236 2538
237 2481
238 2562
239 2483
240 2388
241 2450
242 2392
243 2390
244 2333
245 2385
246 2338
247 2340
248 2332
249 2311
250 2621
251 2569
252 2453
253 2356
254 2461
255 2382
256 2288
257 2274
258 2388
259 2323
260 2291
261 2461
262 2359
263 2338
264 2298
265 2208
266 2242
267 2253
268 2192
269 2029
270 1854
271 1726
272 1621
273 1611
274 1463
275 1365
276 1292
277 1366
278 1257
279 1226
280 1201
281 1207
282 1166
283 1205
284 1129
285 1161
286 1318
287 1137
288 1342
289 1228
290 1327
291 1230
292 1187
293 1183
294 1191
295 1151
296 1082
297 1187
298 1129
299 996
300 1033
301 991
302 991
303 900
304 763
305 794
306 624
307 651
308 490
309 494
310 387
311 428
312 375
313 317
314 239
315 236
316 231
317 220
318 173
319 169
320 158
321 161
322 140
323 122
324 130
325 136
326 123
327 100
328 104
329 92
330 91
331 74
332 80
333 99
334 71
335 60
336 66
337 74
338 65
339 56
340 46
341 40
342 43
343 54
344 28
345 26
346 24
347 23
348 19
349 21
350 23
351 6
352 21
353 21
354 13
355 18
356 14
357 20
358 9
359 10
360 8
361 22
362 4
363 2
364 5
365 2
366 2
367 4
368 0
369 0
370 2
371 0
372 0
373 1
