0 0
1 0
2 0
3 0
4 0
5 0
6 0
7 0
8 0
9 0
10 0
11 0
12 0
13 0
14 0
15 0
16 0
17 0
18 0
19 0
20 0
21 0
22 0
23 0
24 0
25 0
26 0
27 0
28 0
29 0
30 0
31 0
32 0
33 0
34 0
35 0
36 0
37 0
38 0
39 0
40 0
41 0
42 0
43 0
44 0
45 0
46 0
47 0
48 0
49 0
50 0
51 0
52 0
53 0
54 0
55 0
56 0
57 0
58 0
59 0
60 0
61 0
62 0
63 0
64 0
65 0
66 0
67 0
68 0
69 0
70 0
71 0
72 0
73 0
74 0
75 0
76 0
77 0
78 0
79 0
80 0
81 1
82 0
83 0
84 0
85 1
86 1
87 0
88 1
89 2
90 1
91 3
92 0
93 5
94 8
95 4
96 4
97 8
98 11
99 10
100 21
101 18
102 22
103 19
104 27
105 30
106 20
107 28
108 28
109 27
110 30
111 28
112 29
113 22
114 31
115 28
116 30
117 29
118 26
119 26
120 34
121 37
122 28
123 39
124 44
125 71
126 75
127 105
128 79
129 88
130 99
131 100
132 105
133 94
134 121
135 104
136 87
137 113
138 104
139 151
140 180
141 157
142 178
143 186
144 214
145 236
146 209
147 192
148 244
149 206
150 268
151 352
152 334
153 333
154 358
155 419
156 427
157 547
158 529
159 602
160 672
161 763
162 788
163 906
164 941
165 1043
166 1083
167 1214
168 1170
169 1316
170 1374
171 1462
172 1532
173 1620
174 1678
175 1801
176 1752
177 1851
178 1896
179 1935
180 1953
181 2009
182 2036
183 2099
184 1959
185 2044
186 2069
187 1883
188 1912
189 1835
190 1908
191 1816
192 1839
193 1939
194 1950
195 1974
196 2056
197 2137
198 2094
199 1970
200 2199
201 2168
202 2246
203 2199
204 2313
205 2386
206 2712
207 2626
208 2456
209 2514
210 2362
211 2396
212 2338
213 2282
214 2318
215 2010
216 2192
217 2019
218 2021
219 1840
220 1866
221 1834
222 1814
223 1772
224 1791
225 1746
226 1819
227 1859
228 1815
229 1828
230 1924
231 1897
232 1951
233 1975
234 1880
235 1942
236 1937
237 1860
238 1847
239 1755
240 1722
241 1721
242 1620
243 1605
244 1602
245 1625
246 1516
247 1490
248 1397
249 1427
250 1328
251 1298
252 1292
253 1291
254 1168
255 1113
256 1010
257 1148
258 1060
259 1106
260 993
261 1009
262 917
263 957
264 1019
265 1034
266 1044
267 996
268 1169
269 1175
270 1121
271 1174
272 1121
273 1082
274 1017
275 1027
276 1054
277 1031
278 1034
279 1002
280 920
281 896
282 811
283 743
284 803
285 758
286 661
287 625
288 493
289 492
290 461
291 497
292 418
293 367
294 316
295 345
296 287
297 303
298 278
299 279
300 239
301 216
302 213
303 224
304 225
305 236
306 214
307 211
308 205
309 204
310 178
311 175
312 166
313 107
314 149
315 134
316 148
317 101
318 118
319 82
320 115
321 79
322 80
323 51
324 87
325 70
326 55
327 45
328 49
329 43
330 21
331 28
332 18
333 25
334 23
335 15
336 29
337 13
338 13
339 18
340 7
341 12
342 13
343 13
344 10
345 6
346 10
347 7
348 14
349 18
350 3
351 1
352 11
353 1
354 5
355 4
356 5
357 5
358 3
359 5
360 4
361 0
362 2
363 2
