0 0
1 0
2 0
3 0
4 0
5 0
6 0
7 0
8 0
9 0
10 0
11 0
12 0
13 0
14 0
15 0
16 0
17 0
18 0
19 0
20 0
21 0
22 0
23 0
24 0
25 0
26 0
27 0
28 0
29 0
30 0
31 0
32 0
33 0
34 0
35 0
36 0
37 0
38 0
39 0
40 0
41 0
42 0
43 0
44 0
45 0
46 0
47 0
48 0
49 0
50 0
51 0
52 0
53 0
54 0
55 0
56 0
57 0
58 0
59 0
60 0
61 0
62 0
63 0
64 0
65 0
66 0
67 0
68 0
69 0
70 0
71 0
72 0
73 0
74 0
75 0
76 0
77 0
78 0
79 0
80 0
81 0
82 0
83 0
84 0
85 0
86 0
87 0
88 0
89 0
90 0
91 0
92 0
93 0
94 0
95 0
96 0
97 1
98 0
99 0
100 0
101 0
102 0
103 0
104 0
105 0
106 0
107 0
108 0
109 0
110 0
111 0
112 0
113 0
114 0
115 0
116 3
117 0
118 0
119 0
120 0
121 0
122 1
123 0
124 3
125 1
126 1
127 0
128 1
129 1
130 2
131 4
132 4
133 3
134 3
135 3
136 4
137 10
138 6
139 8
140 8
141 10
142 14
143 8
144 12
145 16
146 4
147 12
148 5
149 6
150 7
151 8
152 6
153 7
154 22
155 23
156 24
157 15
158 30
159 36
160 31
161 27
162 34
163 45
164 63
165 67
166 94
167 91
168 89
169 121
170 133
171 137
172 159
173 177
174 186
175 239
176 257
177 204
178 268
179 302
180 303
181 359
182 416
183 459
184 530
185 634
186 699
187 740
188 810
189 822
190 932
191 991
192 979
193 1072
194 1166
195 1195
196 1418
197 1401
198 1540
199 1676
200 1709
201 1804
202 1823
203 1948
204 1876
205 2030
206 1986
207 2046
208 2173
209 2370
210 2220
211 2317
212 2441
213 2429
214 2347
215 2488
216 2582
217 2402
218 2579
219 2625
220 2601
221 2646
222 2535
223 2528
224 2496
225 2423
226 2423
227 2363
228 2388
229 2425
230 2367
231 2244
232 2404
233 2504
234 2576
235 2549
236 2557
237 2607
238 2626
239 2699
240 2693
241 2698
242 2521
243 2540
244 2586
245 2510
246 2441
247 2486
248 2496
249 2193
250 2293
251 2183
252 2148
253 2111
254 2074
255 2008
256 1824
257 1903
258 1784
259 1727
260 1744
261 1680
262 1662
263 1612
264 1730
265 1648
266 1574
267 1568
268 1682
269 1757
270 1742
271 1666
272 1688
273 1706
274 1582
275 1542
276 1598
277 1451
278 1492
279 1337
280 1245
281 1159
282 1099
283 1066
284 952
285 999
286 963
287 964
288 939
289 876
290 900
291 855
292 831
293 840
294 767
295 759
296 685
297 647
298 669
299 605
300 495
301 525
302 526
303 503
304 432
305 470
306 368
307 365
308 338
309 326
310 316
311 286
312 317
313 277
314 262
315 240
316 217
317 228
318 228
319 222
320 222
321 208
322 208
323 179
324 210
325 177
326 188
327 175
328 193
329 157
330 139
331 147
332 114
333 100
334 69
335 85
336 80
337 63
338 49
339 55
340 70
341 47
342 58
343 44
344 37
345 36
346 33
347 40
348 33
349 28
350 31
351 22
352 21
353 17
354 13
355 3
356 8
357 5
358 4
359 4
360 8
361 5
362 6
363 10
364 13
365 8
366 7
367 4
368 9
369 5
370 5
371 4
372 3
373 3
374 1
375 2
376 1
377 0
378 0
379 1
