0 0
1 0
2 0
3 0
4 0
5 0
6 0
7 0
8 0
9 0
10 0
11 0
12 0
13 0
14 0
15 0
16 0
17 0
18 0
19 0
20 0
21 0
22 0
23 0
24 0
25 0
26 0
27 0
28 0
29 0
30 0
31 0
32 0
33 0
34 0
35 0
36 0
37 0
38 0
39 0
40 0
41 0
42 0
43 0
44 0
45 0
46 0
47 0
48 0
49 0
50 0
51 0
52 0
53 0
54 0
55 0
56 0
57 0
58 0
59 0
60 0
61 0
62 0
63 0
64 0
65 0
66 0
67 0
68 0
69 0
70 0
71 0
72 0
73 0
74 0
75 0
76 0
77 0
78 0
79 0
80 0
81 0
82 0
83 0
84 0
85 0
86 0
87 0
88 0
89 0
90 0
91 0
92 0
93 0
94 0
95 0
96 0
97 0
98 0
99 0
100 0
101 0
102 0
103 0
104 0
105 2
106 2
107 1
108 0
109 4
110 1
111 8
112 3
113 4
114 6
115 4
116 5
117 7
118 11
119 5
120 4
121 5
122 2
123 6
124 3
125 3
126 5
127 4
128 2
129 3
130 0
131 2
132 3
133 3
134 2
135 0
136 4
137 5
138 5
139 5
140 11
141 14
142 7
143 17
144 16
145 14
146 16
147 14
148 35
149 26
150 43
151 22
152 36
153 34
154 47
155 38
156 60
157 64
158 69
159 53
160 43
161 59
162 52
163 58
164 53
165 83
166 75
167 95
168 94
169 98
170 102
171 105
172 104
173 110
174 105
175 117
176 114
177 156
178 139
179 163
180 170
181 196
182 207
183 250
184 235
185 245
186 309
187 317
188 321
189 342
190 398
191 408
192 451
193 491
194 491
195 582
196 532
197 614
198 663
199 641
200 737
201 720
202 723
203 779
204 772
205 796
206 890
207 903
208 973
209 957
210 1081
211 1199
212 1310
213 1370
214 1541
215 1615
216 1895
217 1929
218 2272
219 2088
220 2123
221 2166
222 2176
223 2188
224 2337
225 2387
226 2413
227 2453
228 2413
229 2357
230 2363
231 2351
232 2374
233 2437
234 2457
235 2257
236 2445
237 2371
238 2398
239 2453
240 2402
241 2347
242 2268
243 2335
244 2369
245 2363
246 2288
247 2219
248 2333
249 2265
250 2312
251 2206
252 2335
253 2355
254 2372
255 2375
256 2436
257 2489
258 2456
259 2461
260 2353
261 2279
262 2224
263 2226
264 2276
265 2183
266 2146
267 2170
268 2161
269 1988
270 2076
271 1959
272 1923
273 1889
274 1771
275 1765
276 1785
277 1881
278 1916
279 1924
280 1864
281 1906
282 1789
283 1695
284 1709
285 1660
286 1514
287 1589
288 1552
289 1569
290 1466
291 1469
292 1375
293 1374
294 1261
295 1238
296 1101
297 1055
298 1038
299 1152
300 1039
301 1075
302 913
303 1133
304 1063
305 1024
306 937
307 830
308 825
309 733
310 730
311 766
312 586
313 665
314 586
315 569
316 488
317 465
318 459
319 456
320 429
321 367
322 360
323 348
324 260
325 266
326 334
327 319
328 346
329 337
330 342
331 369
332 324
333 304
334 340
335 279
336 243
337 184
338 172
339 122
340 102
341 76
342 65
343 59
344 23
345 16
346 17
347 19
348 8
349 8
350 7
351 10
352 9
353 2
354 5
355 11
356 10
357 5
358 5
359 4
360 3
361 0
362 6
363 2
364 3
365 5
366 1
367 0
368 0
369 0
370 0
371 0
372 1
373 0
374 0
375 0
376 0
377 0
378 0
379 0
380 0
381 0
382 0
383 0
384 1
