0 0
1 0
2 0
3 0
4 0
5 0
6 0
7 0
8 0
9 0
10 0
11 0
12 0
13 0
14 0
15 0
16 0
17 0
18 0
19 0
20 0
21 0
22 0
23 0
24 0
25 0
26 0
27 0
28 0
29 0
30 0
31 0
32 0
33 0
34 0
35 0
36 0
37 0
38 0
39 0
40 0
41 0
42 0
43 0
44 0
45 0
46 0
47 0
48 0
49 0
50 0
51 0
52 0
53 0
54 0
55 0
56 0
57 0
58 0
59 0
60 0
61 0
62 0
63 0
64 0
65 0
66 0
67 0
68 0
69 0
70 0
71 0
72 0
73 0
74 0
75 0
76 0
77 0
78 0
79 0
80 0
81 0
82 0
83 0
84 0
85 0
86 0
87 0
88 0
89 0
90 0
91 0
92 0
93 0
94 0
95 0
96 0
97 0
98 0
99 0
100 0
101 0
102 0
103 0
104 0
105 0
106 0
107 0
108 0
109 0
110 0
111 0
112 0
113 0
114 0
115 0
116 0
117 0
118 1
119 0
120 0
121 0
122 0
123 0
124 0
125 0
126 0
127 2
128 0
129 0
130 1
131 2
132 1
133 2
134 7
135 5
136 3
137 5
138 5
139 9
140 10
141 16
142 8
143 14
144 10
145 16
146 24
147 32
148 37
149 41
150 46
151 41
152 43
153 33
154 37
155 39
156 52
157 49
158 64
159 62
160 55
161 76
162 83
163 110
164 85
165 104
166 95
167 139
168 122
169 153
170 172
171 167
172 175
173 198
174 226
175 221
176 224
177 249
178 242
179 238
180 285
181 310
182 331
183 354
184 321
185 336
186 367
187 374
188 363
189 378
190 414
191 395
192 469
193 446
194 483
195 542
196 507
197 508
198 585
199 600
200 664
201 694
202 785
203 660
204 736
205 814
206 770
207 944
208 932
209 972
210 977
211 1037
212 1072
213 969
214 1155
215 1195
216 1141
217 1209
218 1383
219 1450
220 1484
221 1484
222 1663
223 1627
224 1786
225 1601
226 1779
227 1797
228 1841
229 1831
230 1816
231 1701
232 1891
233 1831
234 1896
235 1953
236 2137
237 2200
238 2025
239 2036
240 2370
241 2337
242 2353
243 2562
244 2532
245 2653
246 2671
247 2908
248 2874
249 2979
250 2862
251 2870
252 2734
253 2823
254 2674
255 2750
256 2677
257 2700
258 2568
259 2649
260 2814
261 2835
262 2763
263 2852
264 2739
265 2823
266 2541
267 2494
268 2557
269 2428
270 2485
271 2421
272 2367
273 2345
274 2218
275 2196
276 2315
277 2200
278 2189
279 2089
280 1982
281 1937
282 2011
283 2003
284 1843
285 2014
286 1821
287 1832
288 1942
289 1779
290 1734
291 1747
292 1715
293 1561
294 1614
295 1559
296 1358
297 1354
298 1340
299 1254
300 1171
301 1136
302 1072
303 998
304 955
305 873
306 854
307 743
308 635
309 602
310 535
311 538
312 484
313 443
314 461
315 338
316 349
317 339
318 284
319 278
320 246
321 241
322 194
323 193
324 155
325 158
326 124
327 148
328 120
329 159
330 99
331 91
332 86
333 71
334 58
335 36
336 27
337 34
338 28
339 14
340 15
341 12
342 10
343 18
344 14
345 8
346 6
347 6
348 12
349 5
350 8
351 7
352 7
353 0
354 0
355 2
356 0
357 1
358 3
359 4
360 4
361 0
362 2
363 8
364 0
365 0
366 1
367 0
368 0
369 4
