0 0
1 0
2 0
3 0
4 0
5 0
6 0
7 0
8 0
9 0
10 0
11 0
12 0
13 0
14 0
15 0
16 0
17 0
18 0
19 0
20 0
21 0
22 0
23 0
24 0
25 0
26 0
27 0
28 0
29 0
30 0
31 0
32 0
33 0
34 0
35 0
36 0
37 0
38 0
39 0
40 0
41 0
42 0
43 0
44 0
45 0
46 0
47 0
48 0
49 0
50 0
51 0
52 0
53 0
54 0
55 0
56 0
57 0
58 0
59 0
60 0
61 0
62 0
63 0
64 0
65 0
66 0
67 0
68 0
69 0
70 0
71 0
72 0
73 0
74 0
75 0
76 0
77 0
78 0
79 0
80 0
81 0
82 0
83 0
84 0
85 0
86 0
87 0
88 0
89 0
90 0
91 0
92 0
93 0
94 0
95 0
96 0
97 0
98 0
99 0
100 0
101 0
102 0
103 0
104 0
105 0
106 0
107 0
108 0
109 0
110 0
111 0
112 0
113 0
114 0
115 0
116 4
117 2
118 0
119 10
120 5
121 4
122 24
123 36
124 21
125 40
126 30
127 49
128 55
129 22
130 42
131 59
132 42
133 33
134 40
135 16
136 20
137 25
138 40
139 16
140 33
141 11
142 12
143 30
144 13
145 28
146 17
147 18
148 21
149 38
150 43
151 28
152 62
153 46
154 62
155 69
156 90
157 96
158 72
159 116
160 156
161 167
162 183
163 243
164 237
165 262
166 292
167 300
168 311
169 360
170 392
171 419
172 473
173 439
174 436
175 508
176 543
177 595
178 558
179 598
180 605
181 661
182 816
183 907
184 924
185 969
186 1074
187 1125
188 1274
189 1238
190 1296
191 1387
192 1385
193 1482
194 1428
195 1248
196 1437
197 1429
198 1487
199 1574
200 1590
201 1653
202 1753
203 1838
204 1974
205 2000
206 2023
207 2281
208 2513
209 2546
210 2539
211 2681
212 2699
213 2739
214 2772
215 2706
216 2716
217 2686
218 2696
219 2678
220 2647
221 2650
222 2728
223 2669
224 2755
225 2785
226 2692
227 2697
228 2695
229 2651
230 2779
231 2744
232 2805
233 2813
234 2908
235 2800
236 2821
237 2648
238 2665
239 2629
240 2650
241 2679
242 2621
243 2559
244 2480
245 2368
246 2266
247 2314
248 2319
249 2352
250 2362
251 2391
252 2406
253 2431
254 2250
255 2338
256 2148
257 2067
258 2121
259 1898
260 1801
261 1815
262 1752
263 1669
264 1552
265 1468
266 1494
267 1426
268 1376
269 1355
270 1318
271 1178
272 1104
273 1175
274 1074
275 1121
276 1109
277 986
278 957
279 972
280 869
281 870
282 822
283 797
284 741
285 726
286 666
287 626
288 614
289 582
290 569
291 488
292 390
293 340
294 300
295 303
296 242
297 204
298 212
299 219
300 196
301 189
302 159
303 156
304 131
305 130
306 110
307 137
308 102
309 77
310 86
311 83
312 74
313 70
314 81
315 53
316 79
317 60
318 66
319 29
320 27
321 45
322 30
323 26
324 10
325 20
326 20
327 17
328 11
329 11
330 15
331 11
332 6
333 8
334 9
335 14
336 14
337 5
338 9
339 8
340 2
341 5
342 3
343 4
344 2
345 3
346 4
347 2
348 0
349 2
350 1
351 0
352 1
