0 0
1 0
2 0
3 0
4 0
5 0
6 0
7 0
8 0
9 0
10 0
11 0
12 0
13 0
14 0
15 0
16 0
17 0
18 0
19 0
20 0
21 0
22 0
23 0
24 0
25 0
26 0
27 0
28 0
29 0
30 0
31 0
32 0
33 0
34 0
35 0
36 0
37 0
38 0
39 0
40 0
41 0
42 0
43 0
44 0
45 0
46 0
47 0
48 0
49 0
50 0
51 0
52 0
53 0
54 0
55 0
56 0
57 0
58 0
59 0
60 0
61 0
62 0
63 0
64 0
65 0
66 0
67 0
68 0
69 0
70 0
71 0
72 0
73 0
74 0
75 0
76 0
77 0
78 0
79 0
80 0
81 0
82 0
83 0
84 0
85 0
86 0
87 0
88 0
89 0
90 0
91 0
92 0
93 0
94 0
95 0
96 0
97 0
98 0
99 0
100 0
101 0
102 0
103 0
104 0
105 0
106 0
107 0
108 2
109 0
110 0
111 0
112 1
113 1
114 3
115 0
116 2
117 2
118 7
119 4
120 5
121 4
122 2
123 5
124 6
125 4
126 12
127 7
128 11
129 16
130 15
131 29
132 14
133 29
134 28
135 25
136 39
137 68
138 85
139 115
140 157
141 234
142 318
143 434
144 447
145 476
146 386
147 380
148 326
149 197
150 207
151 134
152 168
153 153
154 150
155 180
156 124
157 133
158 142
159 174
160 176
161 198
162 187
163 181
164 200
165 195
166 178
167 194
168 233
169 231
170 263
171 283
172 326
173 313
174 321
175 425
176 447
177 431
178 458
179 478
180 540
181 496
182 548
183 671
184 627
185 641
186 721
187 711
188 810
189 850
190 770
191 869
192 915
193 957
194 1000
195 1089
196 1144
197 1149
198 1168
199 1134
200 1149
201 1161
202 1243
203 1240
204 1214
205 1212
206 1258
207 1316
208 1332
209 1292
210 1353
211 1353
212 1473
213 1442
214 1484
215 1497
216 1463
217 1464
218 1696
219 1556
220 1757
221 1769
222 1697
223 1812
224 1882
225 1978
226 2012
227 1846
228 1823
229 1818
230 1994
231 2022
232 1957
233 1917
234 1992
235 1934
236 1890
237 2115
238 1896
239 1981
240 1955
241 2109
242 2031
243 2021
244 2036
245 2155
246 2153
247 2204
248 2108
249 2117
250 2139
251 2208
252 2189
253 2224
254 2271
255 2232
256 2198
257 2169
258 2218
259 2256
260 2079
261 2114
262 2059
263 2066
264 1956
265 1842
266 1776
267 1754
268 1619
269 1559
270 1589
271 1568
272 1575
273 1591
274 1607
275 1730
276 1653
277 1661
278 1709
279 1622
280 1657
281 1671
282 1591
283 1406
284 1602
285 1383
286 1477
287 1441
288 1442
289 1338
290 1368
291 1383
292 1370
293 1359
294 1224
295 1431
296 1255
297 1121
298 1175
299 1089
300 1066
301 935
302 836
303 803
304 750
305 795
306 669
307 604
308 674
309 683
310 708
311 632
312 536
313 600
314 474
315 516
316 511
317 467
318 472
319 437
320 459
321 453
322 405
323 484
324 457
325 355
326 354
327 323
328 322
329 334
330 281
331 302
332 300
333 281
334 286
335 310
336 329
337 266
338 239
339 244
340 171
341 144
342 107
343 125
344 112
345 87
346 90
347 46
348 33
349 38
350 30
351 32
352 31
353 38
354 37
355 31
356 20
357 32
358 52
359 47
360 65
361 85
362 86
363 103
364 78
365 65
366 58
367 33
368 26
369 12
370 8
371 10
372 3
373 4
374 1
375 1
376 1
377 0
378 0
379 0
380 0
381 0
382 0
383 0
384 1
