0 0
1 0
2 0
3 0
4 0
5 0
6 0
7 0
8 0
9 0
10 0
11 0
12 0
13 0
14 0
15 0
16 0
17 0
18 0
19 0
20 0
21 0
22 0
23 0
24 0
25 0
26 0
27 0
28 0
29 0
30 0
31 0
32 0
33 0
34 0
35 0
36 0
37 0
38 0
39 0
40 0
41 0
42 0
43 0
44 0
45 0
46 0
47 0
48 0
49 0
50 0
51 0
52 0
53 0
54 0
55 0
56 0
57 0
58 0
59 0
60 0
61 0
62 0
63 0
64 0
65 0
66 0
67 0
68 0
69 0
70 0
71 0
72 0
73 0
74 0
75 0
76 0
77 0
78 0
79 0
80 0
81 0
82 0
83 0
84 0
85 0
86 0
87 0
88 0
89 0
90 0
91 0
92 0
93 0
94 0
95 0
96 0
97 0
98 0
99 0
100 0
101 0
102 0
103 0
104 0
105 0
106 0
107 0
108 0
109 0
110 0
111 0
112 0
113 0
114 0
115 0
116 0
117 0
118 0
119 0
120 0
121 0
122 0
123 0
124 0
125 0
126 0
127 0
128 0
129 0
130 0
131 0
132 1
133 0
134 1
135 0
136 0
137 1
138 0
139 0
140 0
141 3
142 1
143 2
144 7
145 3
146 9
147 5
148 14
149 13
150 14
151 16
152 13
153 18
154 30
155 22
156 31
157 38
158 49
159 52
160 34
161 45
162 44
163 47
164 48
165 42
166 29
167 51
168 48
169 61
170 61
171 43
172 58
173 70
174 81
175 69
176 86
177 60
178 68
179 69
180 85
181 76
182 67
183 83
184 79
185 81
186 87
187 107
188 117
189 116
190 172
191 177
192 159
193 210
194 191
195 209
196 227
197 231
198 305
199 328
200 361
201 459
202 461
203 572
204 532
205 622
206 608
207 758
208 760
209 842
210 1032
211 1086
212 1060
213 1149
214 1082
215 1099
216 1179
217 1200
218 1099
219 1322
220 1218
221 1208
222 1467
223 1494
224 1622
225 1681
226 1977
227 1986
228 1868
229 1995
230 1856
231 2005
232 2020
233 1896
234 1894
235 1938
236 2102
237 2078
238 2296
239 2178
240 2258
241 2320
242 2336
243 2490
244 2503
245 2508
246 2618
247 2517
248 2716
249 2641
250 2801
251 2685
252 2680
253 2856
254 2704
255 2737
256 2611
257 2871
258 2894
259 2800
260 2864
261 2851
262 2864
263 2897
264 3027
265 2904
266 2941
267 2980
268 2882
269 3067
270 2615
271 2701
272 2579
273 2611
274 2631
275 2521
276 2613
277 2504
278 2614
279 2374
280 2313
281 2347
282 2393
283 2204
284 2102
285 2022
286 2001
287 1975
288 1873
289 1732
290 1536
291 1428
292 1460
293 1358
294 1351
295 1283
296 1248
297 1215
298 1193
299 1254
300 1040
301 1098
302 1078
303 1088
304 975
305 1014
306 964
307 867
308 799
309 828
310 687
311 693
312 727
313 613
314 624
315 552
316 576
317 453
318 404
319 406
320 394
321 336
322 344
323 343
324 309
325 322
326 269
327 280
328 301
329 275
330 289
331 252
332 206
333 180
334 168
335 121
336 114
337 98
338 68
339 67
340 51
341 46
342 42
343 42
344 27
345 25
346 14
347 26
348 26
349 18
350 20
351 10
352 15
353 12
354 17
355 4
356 8
357 15
358 13
359 4
360 2
361 7
362 2
363 1
