0 0
1 0
2 0
3 0
4 0
5 0
6 0
7 0
8 0
9 0
10 0
11 0
12 0
13 0
14 0
15 0
16 0
17 0
18 0
19 0
20 0
21 0
22 0
23 0
24 0
25 0
26 0
27 0
28 0
29 0
30 0
31 0
32 0
33 0
34 0
35 0
36 0
37 0
38 0
39 0
40 0
41 0
42 0
43 0
44 0
45 0
46 0
47 0
48 0
49 0
50 0
51 0
52 0
53 0
54 0
55 0
56 0
57 0
58 0
59 0
60 0
61 0
62 0
63 0
64 0
65 0
66 0
67 0
68 0
69 0
70 0
71 0
72 0
73 0
74 0
75 0
76 0
77 0
78 0
79 0
80 0
81 0
82 0
83 1
84 0
85 0
86 0
87 0
88 1
89 1
90 0
91 0
92 3
93 2
94 0
95 1
96 2
97 1
98 1
99 0
100 4
101 0
102 0
103 1
104 1
105 0
106 1
107 0
108 3
109 0
110 1
111 1
112 0
113 0
114 1
115 1
116 0
117 7
118 3
119 3
120 6
121 7
122 1
123 2
124 7
125 6
126 5
127 2
128 9
129 6
130 13
131 17
132 12
133 11
134 20
135 19
136 25
137 23
138 43
139 53
140 67
141 59
142 96
143 75
144 64
145 85
146 110
147 136
148 117
149 152
150 181
151 156
152 224
153 256
154 267
155 288
156 315
157 315
158 362
159 383
160 443
161 473
162 418
163 451
164 515
165 537
166 614
167 583
168 613
169 602
170 689
171 736
172 848
173 865
174 934
175 1019
176 1089
177 1107
178 1159
179 1163
180 1254
181 1304
182 1281
183 1361
184 1430
185 1519
186 1469
187 1535
188 1461
189 1492
190 1591
191 1656
192 1681
193 1718
194 1682
195 1839
196 1747
197 1739
198 1787
199 1936
200 2001
201 2116
202 2199
203 2190
204 2324
205 2344
206 2394
207 2488
208 2751
209 2712
210 2659
211 2821
212 2825
213 2623
214 2689
215 2510
216 2493
217 2390
218 2383
219 2461
220 2295
221 2386
222 2363
223 2450
224 2654
225 2488
226 2540
227 2463
228 2394
229 2391
230 2268
231 2402
232 2181
233 2228
234 2097
235 2021
236 1998
237 1967
238 2013
239 2038
240 2005
241 2089
242 2006
243 2085
244 2014
245 1921
246 1844
247 1895
248 1915
249 1943
250 1744
251 1848
252 1806
253 1648
254 1710
255 1634
256 1573
257 1508
258 1466
259 1407
260 1408
261 1284
262 1461
263 1320
264 1292
265 1222
266 1185
267 1010
268 1030
269 962
270 943
271 904
272 856
273 856
274 806
275 795
276 769
277 752
278 751
279 784
280 729
281 833
282 875
283 879
284 923
285 898
286 825
287 730
288 662
289 631
290 565
291 564
292 536
293 511
294 565
295 482
296 504
297 464
298 447
299 439
300 398
301 362
302 294
303 350
304 320
305 279
306 278
307 261
308 306
309 246
310 212
311 248
312 200
313 219
314 176
315 136
316 189
317 139
318 176
319 169
320 108
321 123
322 150
323 81
324 98
325 69
326 67
327 80
328 70
329 53
330 48
331 50
332 33
333 41
334 47
335 38
336 34
337 20
338 32
339 22
340 26
341 27
342 12
343 13
344 7
345 7
346 5
347 1
348 1
349 6
350 3
351 2
352 6
353 1
354 3
355 4
356 2
357 1
358 7
359 1
360 0
361 0
362 1
363 1
364 0
365 6
366 0
367 0
368 2
369 0
370 1
371 1
372 0
373 2
374 1
375 0
376 1
