0 0
1 0
2 0
3 0
4 0
5 0
6 0
7 0
8 0
9 0
10 0
11 0
12 0
13 0
14 0
15 0
16 0
17 0
18 0
19 0
20 0
21 0
22 0
23 0
24 0
25 0
26 0
27 0
28 0
29 0
30 0
31 0
32 0
33 0
34 0
35 1
36 0
37 2
38 0
39 1
40 0
41 1
42 0
43 0
44 3
45 1
46 1
47 1
48 0
49 0
50 0
51 0
52 1
53 0
54 0
55 0
56 1
57 3
58 4
59 6
60 4
61 0
62 1
63 1
64 3
65 0
66 2
67 0
68 1
69 1
70 0
71 1
72 1
73 1
74 0
75 1
76 0
77 3
78 2
79 1
80 3
81 2
82 0
83 0
84 0
85 1
86 0
87 1
88 3
89 2
90 3
91 1
92 3
93 4
94 2
95 4
96 0
97 5
98 0
99 1
100 2
101 2
102 1
103 2
104 2
105 1
106 3
107 3
108 4
109 2
110 3
111 3
112 4
113 3
114 2
115 5
116 8
117 5
118 7
119 21
120 17
121 15
122 15
123 23
124 17
125 24
126 19
127 33
128 19
129 32
130 24
131 38
132 35
133 24
134 40
135 44
136 49
137 62
138 70
139 56
140 88
141 81
142 85
143 80
144 114
145 96
146 150
147 141
148 141
149 149
150 136
151 166
152 176
153 150
154 171
155 153
156 164
157 166
158 176
159 205
160 213
161 219
162 204
163 203
164 187
165 217
166 231
167 218
168 244
169 259
170 233
171 231
172 220
173 243
174 225
175 195
176 228
177 233
178 243
179 277
180 310
181 326
182 322
183 326
184 385
185 394
186 399
187 395
188 419
189 425
190 428
191 417
192 473
193 487
194 534
195 571
196 635
197 655
198 698
199 765
200 767
201 788
202 889
203 863
204 926
205 959
206 1040
207 1060
208 1060
209 1203
210 1231
211 1319
212 1306
213 1392
214 1466
215 1495
216 1591
217 1793
218 1816
219 1959
220 1990
221 2223
222 2233
223 2325
224 2442
225 2268
226 2289
227 2302
228 2184
229 2370
230 2191
231 2254
232 2138
233 2257
234 2238
235 2264
236 2318
237 2117
238 2181
239 2114
240 2172
241 2039
242 2187
243 2178
244 2061
245 2152
246 2107
247 2063
248 2164
249 2193
250 2246
251 2420
252 2145
253 2295
254 2301
255 2328
256 2389
257 2380
258 2665
259 2565
260 2742
261 2791
262 2858
263 2791
264 2836
265 2744
266 2569
267 2440
268 2272
269 2186
270 2154
271 2137
272 2062
273 2185
274 1999
275 2012
276 1960
277 2068
278 2078
279 2004
280 2004
281 2067
282 1868
283 1861
284 1797
285 1712
286 1713
287 1681
288 1599
289 1526
290 1383
291 1290
292 1233
293 1050
294 1136
295 935
296 866
297 861
298 850
299 736
300 750
301 666
302 690
303 724
304 580
305 572
306 568
307 465
308 480
309 473
310 487
311 457
312 415
313 394
314 369
315 341
316 344
317 363
318 260
319 255
320 234
321 252
322 213
323 164
324 182
325 161
326 163
327 134
328 167
329 131
330 168
331 132
332 135
333 122
334 128
335 109
336 90
337 91
338 60
339 52
340 47
341 43
342 34
343 39
344 19
345 27
346 30
347 28
348 16
349 13
350 13
351 13
352 8
353 8
354 6
355 19
356 12
357 9
358 4
359 2
360 6
361 2
362 3
363 3
364 3
365 4
366 3
367 0
368 0
369 2
370 0
371 2
372 0
373 1
374 0
375 0
376 1
