0 0
1 0
2 0
3 0
4 0
5 0
6 0
7 0
8 0
9 0
10 0
11 0
12 0
13 0
14 0
15 0
16 0
17 0
18 0
19 0
20 0
21 0
22 0
23 0
24 0
25 0
26 0
27 0
28 0
29 0
30 0
31 0
32 0
33 0
34 0
35 0
36 0
37 0
38 0
39 0
40 0
41 0
42 0
43 0
44 0
45 0
46 0
47 0
48 0
49 0
50 0
51 0
52 0
53 0
54 0
55 0
56 0
57 0
58 0
59 0
60 0
61 0
62 0
63 0
64 0
65 0
66 0
67 0
68 0
69 0
70 0
71 0
72 2
73 0
74 0
75 2
76 0
77 0
78 0
79 4
80 0
81 2
82 4
83 2
84 2
85 6
86 4
87 4
88 1
89 8
90 7
91 6
92 13
93 13
94 13
95 17
96 15
97 22
98 33
99 27
100 18
101 18
102 18
103 19
104 28
105 34
106 35
107 33
108 41
109 46
110 43
111 42
112 51
113 68
114 76
115 72
116 71
117 84
118 103
119 102
120 90
121 135
122 155
123 169
124 190
125 217
126 241
127 257
128 313
129 306
130 329
131 388
132 393
133 437
134 441
135 424
136 431
137 444
138 438
139 469
140 504
141 435
142 460
143 451
144 517
145 476
146 461
147 450
148 479
149 479
150 464
151 453
152 492
153 477
154 564
155 512
156 651
157 665
158 734
159 710
160 720
161 842
162 825
163 884
164 824
165 908
166 889
167 883
168 990
169 967
170 1081
171 1078
172 1066
173 1016
174 1119
175 1089
176 1134
177 1168
178 1143
179 1233
180 1328
181 1381
182 1406
183 1559
184 1423
185 1573
186 1586
187 1719
188 1815
189 1813
190 2042
191 1876
192 1958
193 2042
194 2041
195 2005
196 2189
197 2066
198 2139
199 2108
200 2275
201 2076
202 2074
203 2115
204 1947
205 2107
206 1943
207 1990
208 1895
209 2001
210 1910
211 1923
212 1818
213 1772
214 1834
215 1762
216 1800
217 1813
218 1914
219 1882
220 1918
221 1893
222 1839
223 2023
224 2020
225 2102
226 2242
227 2258
228 2218
229 2245
230 2272
231 2458
232 2303
233 2264
234 2305
235 2143
236 2200
237 2099
238 2072
239 2019
240 1999
241 2158
242 1914
243 1928
244 1999
245 1841
246 1763
247 1609
248 1684
249 1704
250 1768
251 1601
252 1640
253 1636
254 1729
255 1824
256 1725
257 1679
258 1614
259 1564
260 1468
261 1429
262 1425
263 1362
264 1278
265 1156
266 1139
267 1116
268 951
269 853
270 878
271 820
272 780
273 701
274 682
275 666
276 704
277 736
278 605
279 654
280 562
281 649
282 529
283 539
284 552
285 478
286 397
287 443
288 370
289 391
290 396
291 332
292 374
293 335
294 361
295 260
296 264
297 287
298 229
299 266
300 235
301 213
302 203
303 207
304 188
305 160
306 144
307 142
308 122
309 126
310 107
311 85
312 110
313 78
314 60
315 62
316 54
317 59
318 48
319 36
320 35
321 47
322 41
323 34
324 18
325 24
326 16
327 27
328 35
329 13
330 17
331 14
332 8
333 14
334 5
335 17
336 12
337 8
338 11
339 7
340 7
341 2
342 1
343 3
344 5
345 8
346 7
347 2
348 5
349 7
350 4
351 1
352 3
353 6
354 7
355 5
356 4
357 0
358 0
359 2
360 1
361 0
362 0
363 0
364 0
365 0
366 0
367 1
