0 0
1 0
2 0
3 0
4 0
5 0
6 0
7 0
8 0
9 0
10 0
11 0
12 0
13 0
14 0
15 0
16 0
17 0
18 0
19 0
20 0
21 0
22 0
23 0
24 0
25 0
26 0
27 0
28 0
29 0
30 0
31 0
32 0
33 0
34 0
35 0
36 0
37 0
38 0
39 0
40 0
41 0
42 0
43 0
44 0
45 0
46 0
47 0
48 0
49 0
50 0
51 0
52 0
53 0
54 0
55 0
56 0
57 0
58 0
59 0
60 0
61 0
62 0
63 0
64 0
65 0
66 0
67 0
68 0
69 0
70 0
71 0
72 0
73 0
74 0
75 0
76 0
77 0
78 0
79 0
80 0
81 0
82 0
83 0
84 0
85 0
86 0
87 0
88 0
89 0
90 0
91 0
92 0
93 0
94 0
95 0
96 0
97 0
98 0
99 0
100 0
101 0
102 0
103 0
104 0
105 0
106 0
107 0
108 0
109 0
110 0
111 0
112 0
113 0
114 0
115 0
116 0
117 0
118 0
119 0
120 0
121 0
122 0
123 0
124 0
125 0
126 0
127 0
128 0
129 0
130 4
131 0
132 1
133 0
134 0
135 2
136 2
137 4
138 0
139 6
140 3
141 1
142 8
143 6
144 7
145 3
146 7
147 10
148 8
149 5
150 4
151 9
152 7
153 13
154 23
155 17
156 24
157 16
158 14
159 21
160 29
161 19
162 44
163 44
164 37
165 51
166 49
167 39
168 65
169 63
170 62
171 83
172 74
173 80
174 77
175 112
176 114
177 127
178 127
179 145
180 148
181 168
182 215
183 205
184 219
185 204
186 289
187 304
188 261
189 353
190 356
191 430
192 548
193 627
194 680
195 753
196 930
197 890
198 901
199 984
200 958
201 840
202 696
203 688
204 605
205 537
206 522
207 453
208 478
209 528
210 469
211 515
212 586
213 526
214 540
215 632
216 587
217 694
218 682
219 695
220 776
221 867
222 893
223 987
224 904
225 992
226 1070
227 1037
228 1049
229 1094
230 1238
231 1165
232 1393
233 1279
234 1344
235 1375
236 1427
237 1545
238 1609
239 1627
240 1738
241 1847
242 1927
243 1876
244 1930
245 1881
246 1999
247 1956
248 1985
249 1948
250 2057
251 2131
252 2115
253 2109
254 2140
255 2179
256 2184
257 2088
258 2393
259 2276
260 2207
261 2381
262 2364
263 2450
264 2506
265 2562
266 2611
267 2556
268 2508
269 2631
270 2632
271 2649
272 2497
273 2736
274 2663
275 2870
276 2836
277 2823
278 2768
279 2876
280 2856
281 2780
282 2630
283 2688
284 2570
285 2510
286 2301
287 2267
288 2189
289 2291
290 2128
291 2026
292 2081
293 2092
294 2103
295 2011
296 2087
297 1993
298 1911
299 1767
300 1568
301 1490
302 1515
303 1469
304 1364
305 1356
306 1081
307 1142
308 1074
309 958
310 1006
311 944
312 836
313 856
314 852
315 836
316 839
317 746
318 790
319 797
320 771
321 759
322 718
323 791
324 728
325 656
326 662
327 608
328 565
329 637
330 538
331 478
332 477
333 439
334 467
335 359
336 424
337 415
338 383
339 347
340 386
341 386
342 320
343 258
344 245
345 210
346 171
347 150
348 132
349 101
350 110
351 63
352 52
353 44
354 41
355 33
356 22
357 17
358 6
359 24
360 17
361 18
362 9
363 14
364 28
365 7
366 31
367 20
368 26
369 8
370 11
371 8
372 17
373 9
374 16
375 10
376 11
377 13
378 21
379 20
380 29
381 10
382 36
383 10
384 18
385 27
386 9
387 11
388 12
389 6
390 13
391 2
392 8
393 0
394 2
395 0
396 2
