0 0
1 0
2 0
3 0
4 0
5 0
6 0
7 0
8 0
9 0
10 0
11 0
12 0
13 0
14 0
15 0
16 0
17 0
18 0
19 0
20 0
21 0
22 0
23 0
24 0
25 0
26 0
27 0
28 0
29 0
30 0
31 0
32 0
33 0
34 0
35 0
36 0
37 0
38 0
39 0
40 0
41 0
42 0
43 0
44 0
45 0
46 0
47 0
48 0
49 0
50 0
51 0
52 0
53 0
54 0
55 0
56 0
57 0
58 0
59 0
60 0
61 0
62 0
63 0
64 0
65 0
66 0
67 0
68 0
69 0
70 0
71 0
72 0
73 0
74 1
75 2
76 1
77 1
78 3
79 3
80 1
81 8
82 8
83 7
84 7
85 8
86 8
87 8
88 10
89 8
90 7
91 3
92 6
93 5
94 0
95 4
96 3
97 2
98 6
99 3
100 6
101 1
102 11
103 10
104 22
105 34
106 51
107 64
108 88
109 113
110 109
111 120
112 116
113 131
114 129
115 123
116 111
117 129
118 127
119 113
120 129
121 143
122 136
123 163
124 161
125 157
126 202
127 232
128 255
129 286
130 366
131 379
132 413
133 441
134 469
135 492
136 451
137 538
138 524
139 510
140 510
141 504
142 688
143 733
144 810
145 889
146 1007
147 1166
148 1223
149 1178
150 1186
151 1160
152 1173
153 1141
154 1460
155 1484
156 1409
157 1467
158 1526
159 1615
160 1684
161 1646
162 1738
163 1688
164 1609
165 1517
166 1599
167 1495
168 1554
169 1529
170 1518
171 1483
172 1489
173 1490
174 1548
175 1453
176 1417
177 1404
178 1372
179 1439
180 1438
181 1552
182 1482
183 1545
184 1537
185 1683
186 1654
187 1743
188 1873
189 1993
190 2030
191 2151
192 2131
193 2080
194 2129
195 2226
196 2111
197 2254
198 2159
199 2180
200 2230
201 2286
202 2312
203 2184
204 2161
205 2157
206 2086
207 2115
208 2164
209 2091
210 2105
211 2057
212 1959
213 1927
214 1974
215 2058
216 2063
217 2047
218 1972
219 1982
220 1837
221 1804
222 1827
223 1725
224 1758
225 1646
226 1835
227 1726
228 1914
229 1932
230 1775
231 1995
232 2085
233 2100
234 2074
235 1813
236 1636
237 1574
238 1481
239 1282
240 1218
241 1185
242 1181
243 1079
244 1108
245 1104
246 955
247 1024
248 1100
249 1035
250 1037
251 1053
252 1068
253 1034
254 1146
255 1065
256 1057
257 1184
258 1094
259 1048
260 1008
261 975
262 1016
263 978
264 943
265 879
266 909
267 904
268 857
269 889
270 798
271 807
272 645
273 685
274 550
275 529
276 468
277 451
278 440
279 400
280 438
281 365
282 335
283 364
284 356
285 335
286 282
287 277
288 214
289 226
290 229
291 193
292 223
293 203
294 195
295 162
296 167
297 142
298 159
299 139
300 108
301 84
302 111
303 84
304 85
305 56
306 81
307 57
308 65
309 82
310 68
311 100
312 98
313 100
314 117
315 145
316 119
317 114
318 105
319 90
320 77
321 54
322 40
323 42
324 32
325 20
326 26
327 20
328 24
329 18
330 14
331 21
332 9
333 8
334 9
335 18
336 7
337 14
338 9
339 10
340 12
341 9
342 4
343 7
344 2
345 2
346 6
347 0
348 4
349 4
350 2
351 3
352 2
353 6
354 1
355 3
356 2
357 2
358 0
359 2
360 3
361 2
362 0
363 0
364 1
365 1
