0 0
1 0
2 0
3 0
4 0
5 0
6 0
7 0
8 0
9 0
10 0
11 0
12 0
13 0
14 0
15 0
16 0
17 0
18 0
19 0
20 0
21 0
22 0
23 0
24 0
25 0
26 0
27 0
28 0
29 0
30 0
31 0
32 0
33 0
34 0
35 0
36 0
37 0
38 0
39 0
40 0
41 0
42 0
43 0
44 0
45 0
46 0
47 0
48 0
49 0
50 0
51 0
52 0
53 0
54 0
55 0
56 0
57 0
58 0
59 0
60 0
61 0
62 0
63 0
64 0
65 0
66 0
67 0
68 0
69 0
70 0
71 0
72 0
73 0
74 0
75 0
76 0
77 0
78 0
79 0
80 0
81 0
82 0
83 0
84 0
85 0
86 0
87 0
88 0
89 0
90 0
91 0
92 0
93 0
94 0
95 0
96 0
97 0
98 0
99 0
100 0
101 0
102 0
103 0
104 0
105 0
106 0
107 0
108 0
109 0
110 0
111 0
112 0
113 2
114 3
115 7
116 10
117 23
118 17
119 30
120 46
121 58
122 69
123 55
124 51
125 83
126 106
127 83
128 93
129 103
130 123
131 78
132 86
133 95
134 150
135 125
136 111
137 128
138 146
139 150
140 144
141 155
142 196
143 197
144 176
145 188
146 172
147 173
148 190
149 204
150 230
151 246
152 293
153 333
154 341
155 392
156 443
157 409
158 526
159 513
160 618
161 641
162 706
163 786
164 803
165 1004
166 1075
167 1098
168 1190
169 1202
170 1157
171 1329
172 1452
173 1537
174 1413
175 1525
176 1512
177 1429
178 1585
179 1503
180 1528
181 1536
182 1408
183 1423
184 1585
185 1697
186 1617
187 1767
188 1818
189 1921
190 1952
191 2074
192 2072
193 2184
194 2282
195 2261
196 2312
197 2135
198 2287
199 2243
200 2396
201 2429
202 2362
203 2323
204 2377
205 2420
206 2326
207 2475
208 2535
209 2620
210 2641
211 2480
212 2620
213 2662
214 2729
215 2741
216 2695
217 2653
218 2637
219 2532
220 2500
221 2361
222 2355
223 2298
224 2178
225 2097
226 2085
227 2131
228 2054
229 2107
230 2174
231 2093
232 2067
233 2187
234 2077
235 1943
236 1921
237 1967
238 1781
239 1816
240 1718
241 1756
242 1825
243 1804
244 1826
245 1784
246 1781
247 1697
248 1660
249 1558
250 1479
251 1285
252 1328
253 1424
254 1282
255 1249
256 1286
257 1283
258 1231
259 1244
260 1227
261 1246
262 1164
263 1221
264 1110
265 1066
266 1020
267 1031
268 931
269 981
270 964
271 861
272 867
273 755
274 778
275 767
276 697
277 629
278 611
279 584
280 543
281 554
282 533
283 564
284 520
285 437
286 426
287 438
288 383
289 424
290 376
291 344
292 316
293 308
294 242
295 311
296 278
297 253
298 255
299 284
300 259
301 200
302 187
303 166
304 142
305 129
306 128
307 132
308 108
309 86
310 76
311 81
312 68
313 57
314 53
315 41
316 25
317 28
318 28
319 31
320 33
321 26
322 37
323 19
324 33
325 25
326 40
327 24
328 30
329 31
330 15
331 20
332 25
333 18
334 7
335 9
336 5
337 6
338 5
339 0
340 1
341 2
342 2
