0 0
1 0
2 0
3 0
4 0
5 0
6 0
7 0
8 0
9 0
10 0
11 0
12 0
13 0
14 0
15 0
16 0
17 0
18 0
19 0
20 0
21 0
22 0
23 0
24 0
25 0
26 0
27 0
28 0
29 0
30 0
31 0
32 0
33 0
34 0
35 0
36 0
37 0
38 0
39 0
40 0
41 0
42 0
43 0
44 0
45 0
46 0
47 0
48 0
49 0
50 0
51 0
52 0
53 0
54 0
55 0
56 0
57 0
58 0
59 0
60 0
61 0
62 0
63 0
64 0
65 0
66 0
67 0
68 0
69 0
70 0
71 0
72 0
73 0
74 0
75 0
76 0
77 0
78 0
79 0
80 0
81 0
82 0
83 0
84 0
85 0
86 0
87 0
88 0
89 0
90 0
91 1
92 1
93 1
94 3
95 1
96 4
97 4
98 2
99 4
100 6
101 4
102 7
103 3
104 5
105 4
106 4
107 11
108 7
109 9
110 12
111 8
112 5
113 7
114 4
115 6
116 9
117 5
118 3
119 8
120 7
121 4
122 2
123 4
124 2
125 2
126 2
127 6
128 2
129 2
130 3
131 6
132 3
133 6
134 3
135 4
136 3
137 4
138 7
139 2
140 3
141 4
142 4
143 5
144 7
145 8
146 7
147 15
148 22
149 30
150 34
151 36
152 47
153 39
154 40
155 54
156 63
157 63
158 71
159 63
160 67
161 74
162 73
163 68
164 61
165 66
166 83
167 93
168 67
169 99
170 83
171 97
172 78
173 94
174 112
175 106
176 120
177 118
178 109
179 128
180 127
181 166
182 202
183 212
184 194
185 245
186 265
187 341
188 306
189 351
190 324
191 395
192 380
193 403
194 418
195 460
196 468
197 434
198 429
199 457
200 415
201 508
202 494
203 544
204 567
205 578
206 577
207 632
208 654
209 612
210 685
211 793
212 849
213 896
214 878
215 980
216 1032
217 1041
218 1151
219 1228
220 1260
221 1256
222 1332
223 1427
224 1555
225 1626
226 1567
227 1784
228 1758
229 1619
230 1797
231 1930
232 1890
233 1876
234 1917
235 1936
236 1959
237 1962
238 2064
239 1993
240 2053
241 2154
242 2132
243 2236
244 2340
245 2363
246 2528
247 2723
248 2934
249 3034
250 3034
251 3013
252 3075
253 2846
254 2773
255 2690
256 2621
257 2629
258 2616
259 2555
260 2560
261 2494
262 2540
263 2742
264 2717
265 2809
266 2737
267 2788
268 2884
269 2709
270 2811
271 2779
272 3006
273 3094
274 3062
275 3037
276 3007
277 2912
278 2751
279 2594
280 2475
281 2314
282 2206
283 2065
284 2002
285 2022
286 1826
287 1846
288 1767
289 1654
290 1612
291 1539
292 1542
293 1438
294 1475
295 1341
296 1236
297 1306
298 1280
299 1269
300 1277
301 1156
302 1164
303 1153
304 1045
305 1015
306 978
307 903
308 888
309 866
310 853
311 835
312 760
313 657
314 585
315 548
316 539
317 426
318 467
319 379
320 352
321 301
322 260
323 221
324 183
325 188
326 156
327 129
328 154
329 129
330 101
331 110
332 89
333 81
334 63
335 57
336 60
337 55
338 43
339 44
340 46
341 16
342 27
343 23
344 20
345 24
346 19
347 19
348 13
349 12
350 22
351 17
352 18
353 10
354 25
355 12
356 13
357 10
358 18
359 4
360 8
361 6
362 16
363 15
364 8
365 12
366 2
367 0
368 0
369 2
