0 1
1 0
2 0
3 0
4 0
5 0
6 0
7 0
8 0
9 0
10 0
11 0
12 0
13 0
14 0
15 0
16 0
17 0
18 0
19 0
20 0
21 0
22 0
23 0
24 0
25 0
26 0
27 0
28 0
29 0
30 0
31 0
32 0
33 0
34 0
35 0
36 0
37 0
38 0
39 0
40 0
41 1
42 0
43 0
44 0
45 0
46 3
47 0
48 0
49 0
50 0
51 0
52 1
53 0
54 1
55 5
56 0
57 1
58 0
59 2
60 4
61 0
62 1
63 0
64 1
65 0
66 0
67 0
68 0
69 0
70 2
71 0
72 4
73 2
74 1
75 7
76 1
77 3
78 4
79 7
80 4
81 2
82 5
83 5
84 6
85 3
86 6
87 7
88 2
89 8
90 5
91 4
92 4
93 3
94 2
95 2
96 5
97 3
98 1
99 3
100 5
101 4
102 3
103 4
104 6
105 2
106 4
107 3
108 4
109 2
110 2
111 8
112 8
113 5
114 11
115 4
116 5
117 10
118 10
119 15
120 15
121 19
122 15
123 17
124 22
125 29
126 27
127 39
128 46
129 48
130 65
131 49
132 40
133 68
134 52
135 72
136 59
137 58
138 49
139 55
140 51
141 62
142 61
143 44
144 77
145 66
146 89
147 75
148 156
149 171
150 234
151 241
152 348
153 321
154 408
155 388
156 419
157 447
158 513
159 523
160 474
161 452
162 472
163 424
164 399
165 341
166 364
167 331
168 375
169 369
170 316
171 423
172 435
173 422
174 488
175 447
176 474
177 492
178 525
179 541
180 600
181 636
182 620
183 813
184 828
185 867
186 1004
187 968
188 1149
189 1230
190 1262
191 1303
192 1429
193 1464
194 1519
195 1645
196 1671
197 1698
198 1865
199 1991
200 1914
201 1954
202 2042
203 1998
204 1946
205 1871
206 1981
207 1985
208 1870
209 2016
210 2142
211 1988
212 2076
213 2123
214 2201
215 2312
216 2159
217 2320
218 2318
219 2354
220 2384
221 2328
222 2360
223 2393
224 2483
225 2324
226 2424
227 2343
228 2389
229 2353
230 2133
231 2164
232 2150
233 2055
234 2122
235 2157
236 2143
237 2175
238 2306
239 2388
240 2339
241 2295
242 2319
243 2255
244 2088
245 2066
246 1970
247 2071
248 1853
249 1824
250 1748
251 1763
252 1722
253 1733
254 1624
255 1578
256 1531
257 1458
258 1479
259 1435
260 1387
261 1441
262 1474
263 1469
264 1324
265 1475
266 1383
267 1315
268 1308
269 1307
270 1323
271 1131
272 1211
273 1062
274 1137
275 1237
276 1111
277 1052
278 1073
279 1089
280 998
281 966
282 1051
283 1063
284 1121
285 1090
286 977
287 946
288 898
289 839
290 805
291 793
292 761
293 787
294 759
295 732
296 729
297 650
298 654
299 581
300 545
301 588
302 594
303 529
304 518
305 497
306 479
307 442
308 423
309 417
310 457
311 399
312 378
313 433
314 389
315 447
316 439
317 449
318 492
319 552
320 478
321 528
322 532
323 457
324 440
325 382
326 350
327 256
328 221
329 182
330 161
331 119
332 127
333 161
334 154
335 127
336 107
337 142
338 113
339 95
340 97
341 98
342 78
343 69
344 51
345 66
346 59
347 25
348 32
349 42
350 27
351 24
352 9
353 17
354 13
355 7
356 1
357 11
358 3
359 4
360 3
