0 0
1 0
2 0
3 0
4 0
5 0
6 0
7 0
8 0
9 0
10 0
11 0
12 0
13 0
14 0
15 0
16 0
17 0
18 0
19 0
20 0
21 0
22 0
23 0
24 0
25 0
26 0
27 0
28 0
29 1
30 0
31 0
32 0
33 0
34 0
35 0
36 0
37 0
38 0
39 0
40 0
41 0
42 0
43 0
44 1
45 0
46 0
47 0
48 0
49 0
50 0
51 0
52 0
53 0
54 0
55 0
56 0
57 0
58 0
59 0
60 0
61 0
62 0
63 0
64 0
65 0
66 0
67 0
68 0
69 1
70 0
71 0
72 0
73 0
74 0
75 0
76 0
77 0
78 0
79 0
80 0
81 0
82 0
83 0
84 0
85 0
86 0
87 1
88 0
89 0
90 0
91 0
92 0
93 0
94 0
95 0
96 0
97 0
98 0
99 0
100 0
101 0
102 0
103 0
104 0
105 0
106 0
107 0
108 0
109 0
110 0
111 0
112 0
113 0
114 0
115 0
116 0
117 0
118 0
119 0
120 0
121 0
122 0
123 0
124 0
125 0
126 0
127 0
128 0
129 0
130 0
131 0
132 0
133 0
134 0
135 0
136 1
137 1
138 1
139 3
140 4
141 2
142 6
143 6
144 8
145 14
146 12
147 20
148 25
149 28
150 22
151 30
152 26
153 53
154 39
155 46
156 62
157 72
158 77
159 98
160 109
161 123
162 145
163 112
164 162
165 175
166 187
167 173
168 225
169 247
170 310
171 368
172 386
173 454
174 447
175 423
176 401
177 510
178 550
179 536
180 553
181 576
182 561
183 607
184 578
185 614
186 697
187 651
188 698
189 737
190 729
191 738
192 830
193 857
194 889
195 947
196 881
197 989
198 1110
199 1105
200 1113
201 1152
202 1212
203 1308
204 1348
205 1225
206 1312
207 1341
208 1327
209 1416
210 1455
211 1379
212 1446
213 1473
214 1521
215 1432
216 1653
217 1580
218 1815
219 1749
220 1774
221 1918
222 2066
223 2043
224 2151
225 2119
226 2115
227 2002
228 2252
229 2293
230 2304
231 2348
232 2465
233 2509
234 2386
235 2380
236 2359
237 2307
238 2310
239 2361
240 2178
241 2147
242 2290
243 2168
244 2203
245 2279
246 2296
247 2257
248 2411
249 2560
250 2575
251 2674
252 2828
253 2766
254 2888
255 2930
256 2849
257 2854
258 2607
259 2620
260 2370
261 2433
262 2265
263 2206
264 2053
265 2148
266 1912
267 1922
268 1942
269 1895
270 1854
271 1811
272 1745
273 1791
274 1637
275 1583
276 1611
277 1604
278 1598
279 1666
280 1533
281 1618
282 1468
283 1393
284 1289
285 1368
286 1336
287 1213
288 1146
289 1109
290 989
291 963
292 945
293 851
294 802
295 739
296 810
297 769
298 698
299 667
300 631
301 611
302 554
303 488
304 439
305 478
306 478
307 513
308 576
309 615
310 753
311 678
312 797
313 834
314 777
315 758
316 711
317 556
318 482
319 440
320 352
321 356
322 249
323 225
324 159
325 153
326 146
327 158
328 128
329 135
330 134
331 180
332 157
333 214
334 187
335 165
336 138
337 103
338 80
339 40
340 33
341 28
342 24
343 42
344 21
345 26
346 37
347 30
348 27
349 35
350 31
351 21
352 24
353 17
354 12
355 5
356 17
357 9
358 20
359 17
360 20
361 31
362 43
363 31
364 40
365 42
366 33
367 31
368 12
369 7
370 2
371 2
372 1
373 1
