0 0
1 0
2 0
3 0
4 0
5 0
6 0
7 0
8 0
9 0
10 0
11 0
12 0
13 0
14 0
15 0
16 0
17 0
18 0
19 0
20 0
21 0
22 0
23 0
24 0
25 0
26 0
27 0
28 0
29 0
30 0
31 0
32 0
33 0
34 0
35 0
36 0
37 0
38 0
39 0
40 0
41 0
42 0
43 0
44 0
45 0
46 0
47 0
48 0
49 0
50 0
51 0
52 0
53 0
54 0
55 0
56 0
57 0
58 0
59 0
60 0
61 0
62 0
63 0
64 0
65 0
66 0
67 0
68 0
69 0
70 0
71 0
72 0
73 0
74 0
75 0
76 0
77 0
78 0
79 0
80 0
81 0
82 0
83 0
84 0
85 0
86 0
87 0
88 0
89 0
90 0
91 0
92 0
93 0
94 0
95 0
96 0
97 0
98 0
99 0
100 0
101 0
102 0
103 0
104 0
105 0
106 0
107 0
108 0
109 0
110 0
111 0
112 0
113 0
114 0
115 0
116 0
117 0
118 0
119 0
120 0
121 1
122 0
123 0
124 0
125 3
126 1
127 3
128 2
129 1
130 7
131 2
132 8
133 14
134 15
135 22
136 43
137 47
138 48
139 61
140 62
141 76
142 75
143 70
144 76
145 83
146 79
147 92
148 87
149 94
150 106
151 116
152 138
153 125
154 154
155 162
156 179
157 155
158 222
159 183
160 199
161 207
162 234
163 262
164 280
165 353
166 406
167 436
168 450
169 579
170 638
171 663
172 703
173 803
174 869
175 966
176 1021
177 1005
178 1187
179 1239
180 1386
181 1386
182 1627
183 1584
184 1581
185 1588
186 1560
187 1589
188 1613
189 1793
190 1809
191 1880
192 2084
193 2075
194 2280
195 2236
196 2264
197 2224
198 2154
199 1981
200 2098
201 2257
202 2223
203 2032
204 2042
205 2050
206 2166
207 2069
208 2168
209 2043
210 2075
211 2276
212 2228
213 2235
214 2481
215 2574
216 2595
217 2807
218 2669
219 2709
220 2805
221 2686
222 2679
223 2669
224 2552
225 2519
226 2382
227 2354
228 2327
229 2303
230 2229
231 2407
232 2271
233 2334
234 2260
235 2160
236 2307
237 2225
238 2154
239 2178
240 2286
241 2385
242 2453
243 2448
244 2378
245 2519
246 2411
247 2292
248 2102
249 2107
250 1826
251 1871
252 1927
253 1850
254 1849
255 1839
256 1755
257 1816
258 1693
259 1581
260 1484
261 1643
262 1507
263 1409
264 1473
265 1376
266 1390
267 1202
268 1265
269 1238
270 1074
271 1051
272 975
273 903
274 839
275 849
276 784
277 724
278 708
279 716
280 634
281 557
282 629
283 638
284 579
285 451
286 471
287 495
288 417
289 416
290 382
291 350
292 341
293 295
294 324
295 259
296 260
297 248
298 212
299 191
300 184
301 178
302 168
303 198
304 182
305 189
306 153
307 155
308 130
309 127
310 113
311 92
312 102
313 78
314 76
315 85
316 93
317 78
318 74
319 54
320 67
321 56
322 99
323 75
324 71
325 62
326 71
327 75
328 79
329 70
330 60
331 49
332 51
333 22
334 22
335 13
336 8
337 4
338 6
339 3
340 3
341 1
342 0
343 0
344 0
345 0
346 0
347 0
348 0
349 1
350 0
351 0
352 0
353 0
354 1
