0 0
1 0
2 0
3 0
4 0
5 0
6 0
7 0
8 0
9 0
10 0
11 0
12 0
13 0
14 0
15 0
16 0
17 0
18 0
19 0
20 0
21 0
22 0
23 0
24 0
25 0
26 0
27 0
28 0
29 0
30 0
31 0
32 0
33 0
34 0
35 0
36 0
37 0
38 0
39 0
40 0
41 0
42 0
43 0
44 0
45 0
46 0
47 0
48 0
49 0
50 0
51 0
52 0
53 0
54 0
55 0
56 0
57 0
58 0
59 0
60 0
61 0
62 0
63 0
64 0
65 0
66 0
67 0
68 0
69 0
70 0
71 0
72 0
73 0
74 0
75 0
76 0
77 0
78 0
79 0
80 0
81 0
82 0
83 0
84 0
85 0
86 0
87 0
88 0
89 0
90 0
91 0
92 0
93 0
94 0
95 0
96 0
97 0
98 0
99 0
100 0
101 0
102 0
103 0
104 0
105 0
106 0
107 0
108 0
109 0
110 0
111 0
112 0
113 0
114 0
115 0
116 0
117 0
118 2
119 5
120 5
121 2
122 7
123 4
124 4
125 5
126 15
127 8
128 8
129 9
130 1
131 4
132 11
133 8
134 13
135 5
136 4
137 17
138 8
139 15
140 16
141 25
142 34
143 46
144 78
145 86
146 121
147 116
148 124
149 194
150 247
151 315
152 426
153 515
154 556
155 598
156 508
157 539
158 557
159 504
160 517
161 501
162 550
163 428
164 503
165 478
166 547
167 546
168 583
169 635
170 675
171 666
172 707
173 761
174 949
175 959
176 1131
177 1142
178 1171
179 1289
180 1079
181 1250
182 1298
183 1301
184 1380
185 1331
186 1484
187 1518
188 1506
189 1644
190 1655
191 1577
192 1702
193 1874
194 1635
195 1815
196 1969
197 2034
198 2085
199 2150
200 2226
201 2320
202 2275
203 2481
204 2546
205 2378
206 2462
207 2452
208 2614
209 2534
210 2449
211 2667
212 2674
213 2436
214 2557
215 2529
216 2540
217 2455
218 2688
219 2659
220 2519
221 2517
222 2475
223 2479
224 2457
225 2427
226 2435
227 2343
228 2513
229 2267
230 2391
231 2478
232 2335
233 2479
234 2429
235 2424
236 2246
237 2148
238 2152
239 2224
240 2159
241 2131
242 1998
243 1920
244 1764
245 1823
246 1732
247 1756
248 1635
249 1553
250 1595
251 1522
252 1500
253 1417
254 1418
255 1446
256 1485
257 1331
258 1326
259 1226
260 1225
261 1217
262 1196
263 1216
264 1138
265 1068
266 1024
267 1071
268 1014
269 1017
270 948
271 918
272 925
273 890
274 860
275 965
276 856
277 889
278 884
279 932
280 894
281 790
282 752
283 683
284 616
285 663
286 606
287 546
288 603
289 517
290 545
291 511
292 470
293 480
294 460
295 460
296 386
297 341
298 375
299 303
300 277
301 286
302 250
303 257
304 244
305 287
306 221
307 241
308 212
309 192
310 219
311 243
312 248
313 238
314 210
315 184
316 234
317 175
318 160
319 159
320 127
321 115
322 115
323 104
324 107
325 95
326 127
327 90
328 117
329 115
330 132
331 133
332 105
333 104
334 98
335 89
336 89
337 77
338 76
339 33
340 32
341 33
342 26
343 31
344 17
345 11
346 14
347 14
348 7
349 10
350 13
351 16
352 5
353 10
354 6
355 4
356 1
357 0
358 0
359 3
