0 0
1 0
2 0
3 0
4 0
5 0
6 0
7 0
8 0
9 0
10 0
11 0
12 0
13 0
14 0
15 0
16 0
17 0
18 0
19 0
20 0
21 0
22 0
23 0
24 0
25 0
26 0
27 0
28 0
29 0
30 0
31 0
32 0
33 0
34 0
35 0
36 0
37 0
38 0
39 0
40 0
41 0
42 0
43 0
44 0
45 0
46 0
47 0
48 0
49 0
50 0
51 0
52 0
53 0
54 0
55 0
56 0
57 0
58 0
59 0
60 0
61 0
62 0
63 0
64 0
65 0
66 0
67 0
68 0
69 0
70 0
71 0
72 0
73 0
74 0
75 0
76 0
77 0
78 0
79 0
80 0
81 0
82 0
83 0
84 0
85 0
86 0
87 0
88 0
89 0
90 1
91 1
92 1
93 3
94 2
95 1
96 1
97 2
98 2
99 2
100 3
101 4
102 5
103 1
104 7
105 9
106 8
107 7
108 7
109 6
110 17
111 14
112 5
113 9
114 5
115 11
116 8
117 13
118 8
119 14
120 12
121 17
122 11
123 19
124 22
125 25
126 23
127 19
128 29
129 28
130 26
131 34
132 33
133 41
134 63
135 45
136 54
137 71
138 85
139 87
140 81
141 91
142 87
143 111
144 128
145 139
146 134
147 167
148 194
149 279
150 232
151 281
152 310
153 344
154 353
155 371
156 458
157 493
158 517
159 603
160 556
161 658
162 779
163 785
164 908
165 878
166 895
167 876
168 952
169 1071
170 1036
171 1104
172 1235
173 1340
174 1424
175 1405
176 1575
177 1699
178 1757
179 1664
180 1909
181 1890
182 1918
183 2003
184 1873
185 1972
186 2032
187 2055
188 1943
189 2031
190 1968
191 1962
192 2119
193 2026
194 2298
195 2440
196 2583
197 2576
198 2338
199 2434
200 2257
201 2177
202 2158
203 2051
204 2013
205 1952
206 1924
207 1830
208 1908
209 1972
210 1874
211 1952
212 2034
213 2138
214 2024
215 2093
216 2212
217 2238
218 2177
219 2206
220 2211
221 2110
222 2091
223 1974
224 1973
225 1819
226 1744
227 1775
228 1818
229 1690
230 1754
231 1770
232 1804
233 1854
234 1846
235 1695
236 1731
237 1767
238 1626
239 1789
240 1639
241 1643
242 1715
243 1516
244 1439
245 1492
246 1541
247 1539
248 1433
249 1458
250 1572
251 1629
252 1566
253 1445
254 1385
255 1341
256 1362
257 1334
258 1278
259 1230
260 1201
261 1268
262 1273
263 1276
264 1247
265 1290
266 1301
267 1256
268 1302
269 1383
270 1242
271 1390
272 1262
273 1148
274 1062
275 993
276 1040
277 988
278 1041
279 969
280 826
281 809
282 816
283 687
284 715
285 711
286 654
287 578
288 593
289 596
290 487
291 445
292 447
293 496
294 484
295 440
296 407
297 415
298 377
299 374
300 337
301 350
302 296
303 294
304 265
305 223
306 226
307 212
308 217
309 189
310 162
311 194
312 220
313 204
314 223
315 183
316 184
317 198
318 134
319 180
320 162
321 161
322 173
323 144
324 128
325 134
326 108
327 130
328 102
329 90
330 95
331 101
332 77
333 61
334 67
335 68
336 68
337 55
338 65
339 44
340 58
341 31
342 46
343 30
344 32
345 39
346 23
347 27
348 31
349 18
350 35
351 15
352 23
353 18
354 22
355 28
356 23
357 13
358 8
359 15
360 6
361 8
362 11
363 8
364 5
365 9
366 3
367 8
368 2
369 1
370 3
371 1
372 2
373 3
374 1
375 4
376 1
377 2
378 2
379 1
380 1
381 1
382 1
383 1
384 0
385 0
386 0
387 0
388 0
389 0
390 0
391 0
392 0
393 1
394 1
