0 0
1 0
2 0
3 0
4 0
5 0
6 0
7 0
8 0
9 0
10 0
11 0
12 0
13 0
14 0
15 0
16 0
17 0
18 0
19 0
20 0
21 0
22 0
23 0
24 0
25 0
26 0
27 0
28 0
29 0
30 0
31 0
32 0
33 0
34 0
35 0
36 0
37 0
38 0
39 0
40 0
41 0
42 0
43 0
44 0
45 0
46 0
47 0
48 0
49 0
50 0
51 0
52 0
53 0
54 0
55 0
56 0
57 0
58 0
59 0
60 0
61 0
62 0
63 0
64 0
65 0
66 0
67 0
68 0
69 0
70 0
71 0
72 0
73 1
74 0
75 0
76 0
77 0
78 0
79 0
80 0
81 0
82 0
83 0
84 1
85 1
86 0
87 0
88 0
89 0
90 3
91 0
92 2
93 0
94 0
95 1
96 2
97 0
98 0
99 0
100 1
101 1
102 1
103 4
104 0
105 3
106 2
107 7
108 4
109 0
110 0
111 4
112 9
113 9
114 17
115 31
116 34
117 57
118 44
119 71
120 83
121 83
122 131
123 125
124 152
125 103
126 143
127 102
128 92
129 138
130 119
131 137
132 126
133 90
134 92
135 115
136 117
137 104
138 108
139 106
140 115
141 128
142 153
143 140
144 136
145 185
146 166
147 202
148 219
149 223
150 213
151 274
152 273
153 307
154 353
155 390
156 404
157 463
158 512
159 646
160 778
161 830
162 1026
163 1059
164 1179
165 1021
166 964
167 883
168 946
169 867
170 910
171 831
172 914
173 915
174 852
175 949
176 1026
177 1017
178 1100
179 1048
180 1081
181 1151
182 1211
183 1076
184 1324
185 1345
186 1520
187 1445
188 1458
189 1479
190 1549
191 1536
192 1549
193 1531
194 1551
195 1726
196 1718
197 1759
198 1619
199 1803
200 1814
201 1779
202 1779
203 1886
204 1920
205 1998
206 1976
207 2022
208 2055
209 1948
210 2024
211 2096
212 2130
213 2262
214 2291
215 2246
216 2373
217 2329
218 2333
219 2478
220 2295
221 2407
222 2398
223 2424
224 2292
225 2399
226 2370
227 2460
228 2352
229 2334
230 2559
231 2329
232 2236
233 2358
234 2351
235 2396
236 2496
237 2388
238 2276
239 2064
240 2129
241 2003
242 1970
243 1960
244 1874
245 1958
246 1738
247 1754
248 1766
249 1751
250 1729
251 1670
252 1745
253 1724
254 1729
255 1630
256 1636
257 1755
258 1612
259 1580
260 1446
261 1423
262 1453
263 1469
264 1439
265 1345
266 1258
267 1233
268 1224
269 1194
270 1070
271 1005
272 951
273 935
274 899
275 770
276 727
277 688
278 750
279 730
280 665
281 674
282 722
283 683
284 808
285 844
286 966
287 945
288 1016
289 872
290 719
291 729
292 603
293 527
294 450
295 474
296 389
297 385
298 276
299 337
300 270
301 277
302 274
303 249
304 229
305 199
306 160
307 203
308 198
309 161
310 179
311 151
312 127
313 112
314 118
315 110
316 109
317 109
318 77
319 63
320 58
321 58
322 50
323 37
324 38
325 33
326 20
327 15
328 17
329 13
330 11
331 8
332 7
333 6
334 14
335 4
336 4
337 5
338 3
339 6
340 2
341 3
342 1
343 0
344 0
345 1
346 0
347 0
348 0
349 1
350 0
351 0
352 0
353 0
354 0
355 0
356 0
357 0
358 0
359 0
360 0
361 0
362 0
363 0
364 1
