0 0
1 0
2 0
3 0
4 0
5 0
6 0
7 0
8 0
9 0
10 0
11 0
12 0
13 0
14 0
15 1
16 0
17 0
18 0
19 0
20 0
21 0
22 0
23 0
24 0
25 0
26 0
27 0
28 0
29 0
30 0
31 0
32 0
33 0
34 0
35 0
36 0
37 0
38 0
39 0
40 0
41 0
42 0
43 0
44 0
45 0
46 0
47 0
48 0
49 0
50 0
51 0
52 0
53 0
54 1
55 1
56 0
57 0
58 0
59 0
60 0
61 0
62 0
63 0
64 0
65 0
66 0
67 0
68 0
69 0
70 0
71 0
72 0
73 1
74 0
75 0
76 0
77 0
78 0
79 0
80 0
81 0
82 0
83 0
84 0
85 0
86 0
87 0
88 0
89 0
90 0
91 0
92 0
93 0
94 0
95 0
96 0
97 0
98 0
99 0
100 0
101 0
102 0
103 0
104 0
105 0
106 0
107 0
108 0
109 0
110 0
111 0
112 0
113 0
114 0
115 0
116 0
117 0
118 0
119 0
120 0
121 0
122 0
123 0
124 0
125 0
126 0
127 0
128 0
129 0
130 0
131 0
132 0
133 1
134 1
135 0
136 4
137 8
138 6
139 4
140 14
141 19
142 15
143 27
144 34
145 48
146 62
147 54
148 43
149 62
150 72
151 81
152 88
153 87
154 136
155 142
156 147
157 138
158 202
159 204
160 216
161 214
162 273
163 314
164 296
165 349
166 341
167 391
168 438
169 540
170 508
171 525
172 587
173 586
174 670
175 705
176 835
177 933
178 928
179 1037
180 1073
181 1068
182 1080
183 1067
184 1145
185 1088
186 1006
187 966
188 1035
189 949
190 1086
191 1079
192 1119
193 1109
194 1090
195 1134
196 1018
197 1099
198 1198
199 1138
200 1142
201 1226
202 1209
203 1245
204 1348
205 1357
206 1434
207 1472
208 1487
209 1530
210 1612
211 1637
212 1709
213 1612
214 1734
215 1690
216 1738
217 1738
218 1803
219 1882
220 1850
221 2006
222 1905
223 2097
224 2192
225 2212
226 2365
227 2262
228 2599
229 2805
230 2670
231 2739
232 2704
233 2724
234 2675
235 2846
236 2629
237 2724
238 2660
239 2555
240 2701
241 2475
242 2492
243 2394
244 2420
245 2417
246 2479
247 2394
248 2228
249 2360
250 2225
251 2382
252 2284
253 2218
254 2319
255 2193
256 2133
257 2091
258 2038
259 1891
260 1874
261 1918
262 1912
263 1916
264 1821
265 1944
266 1843
267 1772
268 1777
269 1761
270 1611
271 1557
272 1413
273 1438
274 1292
275 1225
276 1193
277 1197
278 1169
279 1027
280 1010
281 951
282 915
283 931
284 836
285 878
286 842
287 787
288 742
289 646
290 652
291 662
292 643
293 585
294 613
295 563
296 464
297 499
298 418
299 442
300 414
301 365
302 389
303 417
304 394
305 341
306 391
307 347
308 355
309 390
310 437
311 503
312 554
313 553
314 666
315 819
316 819
317 795
318 908
319 842
320 830
321 733
322 648
323 606
324 403
325 360
326 269
327 175
328 115
329 124
330 67
331 34
332 49
333 34
334 31
335 23
336 22
337 13
338 23
339 28
340 27
341 33
342 24
343 21
344 25
345 31
346 17
347 22
348 20
349 14
350 9
351 8
352 6
353 10
354 7
355 11
356 10
357 1
358 6
359 4
360 11
361 5
362 4
363 6
364 8
365 8
366 9
367 7
368 7
369 4
370 3
371 3
372 1
