0 0
1 0
2 0
3 0
4 0
5 0
6 0
7 0
8 0
9 0
10 0
11 0
12 0
13 0
14 0
15 0
16 0
17 0
18 0
19 0
20 0
21 0
22 0
23 0
24 0
25 0
26 0
27 0
28 0
29 0
30 0
31 0
32 0
33 0
34 0
35 0
36 0
37 0
38 0
39 0
40 0
41 0
42 0
43 0
44 0
45 0
46 0
47 0
48 0
49 0
50 0
51 0
52 0
53 0
54 0
55 0
56 0
57 0
58 0
59 0
60 0
61 0
62 0
63 0
64 0
65 0
66 0
67 0
68 0
69 0
70 0
71 0
72 0
73 0
74 0
75 0
76 0
77 0
78 0
79 0
80 0
81 0
82 0
83 0
84 0
85 0
86 0
87 0
88 0
89 0
90 0
91 0
92 0
93 0
94 0
95 0
96 0
97 0
98 0
99 0
100 0
101 0
102 0
103 0
104 0
105 0
106 0
107 0
108 0
109 0
110 0
111 0
112 0
113 0
114 0
115 0
116 0
117 0
118 0
119 0
120 0
121 0
122 0
123 1
124 4
125 2
126 10
127 2
128 8
129 9
130 16
131 9
132 17
133 16
134 19
135 30
136 29
137 32
138 57
139 44
140 52
141 62
142 47
143 66
144 54
145 60
146 67
147 77
148 87
149 115
150 110
151 103
152 123
153 119
154 131
155 149
156 174
157 158
158 214
159 248
160 258
161 298
162 352
163 404
164 390
165 430
166 475
167 511
168 549
169 589
170 587
171 716
172 641
173 686
174 748
175 685
176 732
177 717
178 697
179 795
180 778
181 825
182 815
183 936
184 882
185 935
186 1014
187 1118
188 1141
189 1200
190 1259
191 1389
192 1398
193 1622
194 1790
195 2038
196 2148
197 2335
198 2346
199 2307
200 2116
201 2171
202 2119
203 2233
204 2177
205 2125
206 2255
207 2382
208 2411
209 2489
210 2301
211 2350
212 2215
213 2214
214 2245
215 2069
216 2045
217 2140
218 2124
219 2110
220 2256
221 2114
222 2160
223 2194
224 2265
225 2313
226 2403
227 2240
228 2239
229 2272
230 2294
231 2164
232 2124
233 2099
234 2066
235 1992
236 2072
237 1936
238 2069
239 2124
240 2020
241 2040
242 2167
243 2030
244 2074
245 2216
246 2167
247 2191
248 2071
249 2138
250 2030
251 2061
252 1996
253 2034
254 1991
255 1811
256 1761
257 1865
258 1777
259 1711
260 1708
261 1790
262 1825
263 1841
264 2026
265 1975
266 1890
267 1825
268 1831
269 1762
270 1756
271 1693
272 1609
273 1362
274 1472
275 1359
276 1371
277 1367
278 1378
279 1413
280 1298
281 1289
282 1326
283 1241
284 1200
285 1097
286 920
287 826
288 735
289 697
290 567
291 515
292 458
293 388
294 427
295 345
296 358
297 321
298 294
299 258
300 243
301 209
302 209
303 167
304 155
305 145
306 134
307 111
308 119
309 115
310 113
311 92
312 90
313 95
314 92
315 101
316 107
317 70
318 60
319 53
320 45
321 32
322 22
323 35
324 22
325 26
326 32
327 12
328 14
329 16
330 10
331 18
332 14
333 17
334 6
335 10
336 21
337 12
338 7
339 7
340 11
341 3
342 12
343 4
344 3
345 4
346 3
347 2
348 0
349 1
350 1
351 0
352 0
353 0
354 1
355 0
356 0
357 0
358 1
