0 0
1 0
2 0
3 0
4 0
5 0
6 0
7 0
8 0
9 0
10 0
11 0
12 0
13 0
14 0
15 0
16 0
17 0
18 0
19 0
20 0
21 0
22 0
23 0
24 0
25 0
26 0
27 0
28 0
29 0
30 0
31 0
32 0
33 0
34 0
35 0
36 0
37 0
38 0
39 0
40 0
41 0
42 0
43 0
44 0
45 0
46 0
47 0
48 0
49 0
50 0
51 0
52 0
53 0
54 0
55 0
56 0
57 0
58 0
59 0
60 0
61 0
62 0
63 0
64 0
65 0
66 0
67 0
68 0
69 0
70 0
71 0
72 0
73 0
74 0
75 0
76 0
77 0
78 0
79 0
80 0
81 0
82 0
83 0
84 0
85 0
86 0
87 0
88 0
89 0
90 0
91 0
92 0
93 0
94 0
95 0
96 0
97 0
98 0
99 0
100 0
101 0
102 0
103 0
104 0
105 0
106 0
107 0
108 0
109 0
110 0
111 0
112 0
113 0
114 0
115 0
116 0
117 0
118 0
119 0
120 0
121 0
122 0
123 0
124 0
125 0
126 0
127 0
128 0
129 0
130 0
131 0
132 0
133 0
134 0
135 0
136 0
137 0
138 0
139 0
140 0
141 0
142 0
143 0
144 1
145 0
146 0
147 1
148 0
149 2
150 3
151 3
152 12
153 17
154 18
155 35
156 29
157 22
158 37
159 34
160 43
161 31
162 32
163 31
164 42
165 29
166 44
167 30
168 44
169 37
170 49
171 43
172 60
173 41
174 52
175 51
176 87
177 72
178 80
179 106
180 100
181 121
182 104
183 134
184 146
185 171
186 127
187 205
188 264
189 253
190 295
191 357
192 335
193 307
194 387
195 344
196 381
197 337
198 427
199 445
200 474
201 465
202 492
203 439
204 424
205 512
206 507
207 514
208 552
209 623
210 724
211 729
212 688
213 775
214 801
215 885
216 1038
217 1085
218 1099
219 1257
220 1207
221 1221
222 1347
223 1319
224 1462
225 1448
226 1441
227 1397
228 1352
229 1507
230 1601
231 1530
232 1686
233 1588
234 1818
235 1777
236 1829
237 1939
238 1959
239 2026
240 2008
241 2052
242 2273
243 2520
244 2546
245 2681
246 2971
247 2949
248 2979
249 2919
250 2977
251 2906
252 2934
253 3058
254 3034
255 3279
256 3253
257 3288
258 3260
259 3290
260 3193
261 3131
262 3061
263 3025
264 3209
265 3086
266 2930
267 2945
268 2807
269 2734
270 2863
271 2867
272 2852
273 2669
274 2624
275 2592
276 2436
277 2376
278 2182
279 2330
280 2245
281 2145
282 2117
283 2174
284 2085
285 1977
286 1894
287 1988
288 1776
289 1896
290 1662
291 1766
292 1734
293 1670
294 1596
295 1572
296 1486
297 1394
298 1336
299 1217
300 1107
301 1161
302 1060
303 980
304 893
305 808
306 831
307 781
308 690
309 663
310 638
311 594
312 532
313 541
314 495
315 532
316 530
317 567
318 527
319 460
320 371
321 382
322 351
323 340
324 355
325 273
326 331
327 241
328 294
329 282
330 248
331 222
332 225
333 204
334 194
335 177
336 144
337 124
338 109
339 102
340 96
341 84
342 67
343 47
344 51
345 43
346 38
347 40
348 46
349 25
350 36
351 34
352 36
353 37
354 24
355 34
356 47
357 27
358 50
359 29
360 32
361 20
362 22
363 25
364 20
365 8
366 8
367 12
368 16
369 5
370 4
371 4
372 4
373 6
374 1
375 2
376 3
377 1
378 2
379 2
380 0
381 2
382 0
383 0
384 0
385 1
386 0
387 0
388 0
389 0
390 0
391 0
392 0
393 0
394 0
395 1
