0 0
1 0
2 0
3 0
4 0
5 0
6 0
7 0
8 0
9 0
10 0
11 0
12 0
13 0
14 0
15 0
16 0
17 0
18 0
19 0
20 0
21 0
22 0
23 0
24 0
25 0
26 0
27 0
28 0
29 0
30 0
31 0
32 0
33 0
34 0
35 0
36 0
37 0
38 0
39 0
40 0
41 0
42 1
43 1
44 0
45 0
46 0
47 0
48 0
49 1
50 0
51 0
52 0
53 0
54 0
55 0
56 0
57 0
58 0
59 0
60 0
61 0
62 0
63 0
64 0
65 0
66 0
67 0
68 0
69 1
70 1
71 1
72 0
73 1
74 0
75 2
76 0
77 0
78 1
79 1
80 0
81 0
82 0
83 1
84 0
85 0
86 1
87 0
88 0
89 1
90 0
91 1
92 1
93 0
94 1
95 0
96 2
97 1
98 0
99 0
100 0
101 0
102 3
103 1
104 2
105 0
106 0
107 3
108 1
109 0
110 1
111 1
112 3
113 1
114 4
115 1
116 3
117 2
118 0
119 1
120 4
121 0
122 1
123 2
124 0
125 1
126 1
127 2
128 1
129 0
130 0
131 0
132 0
133 1
134 0
135 0
136 1
137 0
138 2
139 1
140 0
141 0
142 0
143 0
144 0
145 0
146 2
147 0
148 0
149 1
150 0
151 5
152 0
153 6
154 1
155 8
156 6
157 3
158 6
159 5
160 8
161 14
162 21
163 15
164 32
165 29
166 44
167 40
168 63
169 47
170 65
171 78
172 68
173 86
174 99
175 90
176 87
177 135
178 135
179 151
180 154
181 143
182 180
183 178
184 200
185 199
186 216
187 271
188 307
189 307
190 304
191 363
192 434
193 440
194 546
195 588
196 600
197 710
198 858
199 864
200 896
201 972
202 1020
203 1094
204 1114
205 1061
206 1053
207 1140
208 1229
209 1194
210 1222
211 1283
212 1170
213 1247
214 1272
215 1389
216 1424
217 1491
218 1637
219 1573
220 1705
221 1659
222 1850
223 1899
224 2011
225 2057
226 2226
227 2275
228 2350
229 2323
230 2424
231 2518
232 2326
233 2406
234 2718
235 2644
236 3046
237 2877
238 2874
239 3156
240 3145
241 2974
242 2975
243 2993
244 2991
245 3061
246 2894
247 2788
248 2973
249 2916
250 2897
251 3013
252 2881
253 2798
254 2817
255 2799
256 2697
257 2674
258 2573
259 2532
260 2441
261 2454
262 2272
263 2312
264 2267
265 2230
266 2127
267 2126
268 2098
269 2137
270 2113
271 2243
272 2265
273 2293
274 2256
275 2345
276 2152
277 2115
278 2086
279 1980
280 1760
281 1780
282 1649
283 1619
284 1576
285 1551
286 1531
287 1400
288 1274
289 1266
290 1125
291 1053
292 1138
293 944
294 924
295 898
296 876
297 833
298 745
299 777
300 717
301 679
302 622
303 652
304 639
305 606
306 551
307 518
308 548
309 558
310 513
311 471
312 530
313 484
314 493
315 497
316 462
317 533
318 425
319 392
320 311
321 316
322 278
323 211
324 230
325 192
326 138
327 122
328 112
329 88
330 70
331 79
332 51
333 45
334 43
335 48
336 45
337 48
338 34
339 35
340 38
341 21
342 26
343 15
344 15
345 17
346 13
347 18
348 14
349 14
350 3
351 11
352 13
353 13
354 6
355 3
356 7
357 10
358 2
359 12
360 6
361 2
362 8
363 1
364 2
365 0
366 2
367 0
368 0
369 3
