0 0
1 0
2 0
3 0
4 0
5 0
6 0
7 0
8 0
9 0
10 0
11 0
12 0
13 0
14 0
15 0
16 0
17 0
18 0
19 0
20 0
21 0
22 0
23 0
24 0
25 0
26 0
27 0
28 0
29 0
30 0
31 0
32 0
33 0
34 0
35 0
36 0
37 0
38 0
39 0
40 0
41 0
42 0
43 0
44 0
45 0
46 0
47 0
48 0
49 0
50 0
51 0
52 0
53 0
54 0
55 0
56 0
57 0
58 0
59 0
60 0
61 0
62 0
63 0
64 0
65 0
66 0
67 0
68 0
69 0
70 0
71 0
72 0
73 0
74 0
75 0
76 0
77 0
78 0
79 0
80 0
81 0
82 0
83 0
84 0
85 0
86 0
87 0
88 0
89 0
90 0
91 0
92 0
93 0
94 0
95 0
96 0
97 0
98 0
99 0
100 0
101 0
102 0
103 0
104 0
105 0
106 0
107 0
108 0
109 0
110 2
111 0
112 0
113 1
114 0
115 2
116 1
117 2
118 0
119 5
120 5
121 4
122 5
123 5
124 13
125 7
126 12
127 11
128 15
129 16
130 18
131 14
132 11
133 16
134 20
135 17
136 22
137 11
138 16
139 9
140 25
141 23
142 27
143 33
144 21
145 37
146 38
147 26
148 33
149 52
150 44
151 50
152 46
153 55
154 53
155 61
156 78
157 73
158 80
159 81
160 105
161 135
162 161
163 200
164 220
165 223
166 231
167 276
168 299
169 327
170 309
171 401
172 372
173 493
174 534
175 520
176 616
177 586
178 624
179 582
180 702
181 695
182 744
183 873
184 844
185 917
186 856
187 1012
188 919
189 1031
190 1036
191 1083
192 1126
193 1274
194 1321
195 1418
196 1427
197 1462
198 1559
199 1566
200 1694
201 1663
202 1577
203 1614
204 1681
205 1719
206 1740
207 1727
208 1827
209 1952
210 2097
211 2189
212 2243
213 2507
214 2577
215 2642
216 2822
217 3052
218 2893
219 2904
220 2904
221 2867
222 2868
223 2658
224 2749
225 2897
226 3010
227 3000
228 3143
229 3394
230 3177
231 3128
232 3036
233 2969
234 2825
235 2768
236 2916
237 2720
238 2680
239 2713
240 2686
241 2594
242 2780
243 2639
244 2642
245 2429
246 2444
247 2607
248 2280
249 2278
250 2212
251 2202
252 2169
253 2017
254 2042
255 1981
256 1895
257 1940
258 1748
259 1814
260 1718
261 1647
262 1705
263 1632
264 1615
265 1656
266 1677
267 1553
268 1560
269 1417
270 1499
271 1370
272 1331
273 1216
274 1161
275 1145
276 1014
277 946
278 937
279 901
280 906
281 832
282 829
283 701
284 670
285 696
286 601
287 562
288 520
289 458
290 468
291 425
292 389
293 370
294 368
295 337
296 274
297 277
298 261
299 228
300 216
301 243
302 224
303 240
304 219
305 217
306 183
307 162
308 181
309 212
310 159
311 205
312 169
313 144
314 177
315 194
316 168
317 182
318 171
319 169
320 126
321 136
322 127
323 127
324 110
325 91
326 103
327 73
328 86
329 78
330 104
331 104
332 100
333 81
334 71
335 77
336 78
337 74
338 62
339 49
340 52
341 36
342 29
343 26
344 22
345 8
346 20
347 20
348 19
349 11
350 9
351 16
352 9
353 10
354 8
355 8
356 13
357 4
358 9
359 3
360 5
361 4
362 10
363 7
364 6
365 10
366 5
367 2
368 6
369 4
370 2
371 6
372 8
373 5
374 5
375 1
376 8
377 2
378 5
379 9
380 5
381 7
382 5
383 8
384 2
385 6
386 5
387 9
388 5
389 3
390 3
391 6
392 3
393 2
394 5
395 1
396 2
397 3
398 1
399 0
400 0
401 0
402 0
403 2
