0 0
1 1
2 0
3 0
4 0
5 0
6 0
7 0
8 0
9 0
10 0
11 0
12 0
13 0
14 0
15 0
16 0
17 0
18 0
19 0
20 0
21 0
22 0
23 0
24 0
25 0
26 0
27 0
28 0
29 0
30 0
31 1
32 0
33 0
34 0
35 0
36 0
37 0
38 1
39 0
40 0
41 0
42 1
43 1
44 1
45 1
46 0
47 1
48 1
49 0
50 0
51 0
52 0
53 0
54 0
55 0
56 0
57 1
58 1
59 3
60 3
61 5
62 0
63 2
64 0
65 1
66 1
67 1
68 4
69 1
70 4
71 2
72 0
73 1
74 4
75 0
76 1
77 3
78 6
79 0
80 2
81 1
82 1
83 3
84 2
85 5
86 5
87 2
88 1
89 2
90 3
91 0
92 2
93 1
94 6
95 0
96 0
97 2
98 0
99 0
100 5
101 3
102 2
103 3
104 5
105 1
106 0
107 2
108 0
109 1
110 4
111 1
112 2
113 1
114 4
115 2
116 3
117 9
118 1
119 3
120 9
121 8
122 5
123 13
124 7
125 22
126 18
127 12
128 19
129 15
130 19
131 10
132 23
133 17
134 14
135 19
136 21
137 10
138 22
139 16
140 27
141 30
142 23
143 23
144 34
145 25
146 30
147 38
148 45
149 41
150 52
151 58
152 63
153 91
154 103
155 152
156 143
157 177
158 204
159 232
160 221
161 190
162 223
163 252
164 240
165 235
166 270
167 260
168 288
169 355
170 390
171 519
172 534
173 571
174 635
175 631
176 752
177 787
178 916
179 929
180 973
181 1085
182 1094
183 1119
184 1272
185 1438
186 1566
187 1823
188 1878
189 1968
190 2012
191 2055
192 2048
193 2124
194 2183
195 2160
196 2165
197 2330
198 2376
199 2440
200 2553
201 2399
202 2557
203 2565
204 2611
205 2629
206 2502
207 2408
208 2473
209 2416
210 2490
211 2525
212 2373
213 2325
214 2367
215 2439
216 2378
217 2364
218 2345
219 2418
220 2398
221 2362
222 2239
223 2342
224 2374
225 2512
226 2485
227 2443
228 2484
229 2400
230 2455
231 2352
232 2341
233 2349
234 2238
235 2280
236 2260
237 2305
238 2253
239 2122
240 2302
241 2187
242 2085
243 2120
244 2022
245 1782
246 1801
247 1721
248 1757
249 1680
250 1615
251 1478
252 1564
253 1470
254 1380
255 1362
256 1367
257 1270
258 1270
259 1145
260 1139
261 1054
262 1084
263 1096
264 1004
265 916
266 976
267 1046
268 1044
269 1046
270 1019
271 1072
272 1181
273 1130
274 1047
275 1062
276 932
277 953
278 970
279 978
280 911
281 932
282 916
283 845
284 807
285 801
286 699
287 655
288 652
289 707
290 676
291 671
292 572
293 682
294 640
295 644
296 562
297 590
298 591
299 542
300 524
301 492
302 484
303 463
304 436
305 350
306 319
307 384
308 338
309 293
310 315
311 353
312 306
313 259
314 300
315 252
316 232
317 183
318 190
319 136
320 103
321 133
322 168
323 149
324 100
325 132
326 110
327 109
328 97
329 104
330 111
331 86
332 117
333 70
334 90
335 72
336 65
337 60
338 66
339 74
340 61
341 43
342 39
343 65
344 48
345 28
346 43
347 60
348 31
349 35
350 31
351 26
352 23
353 17
354 26
355 17
356 18
357 14
358 16
359 19
360 15
361 13
362 6
363 3
364 11
365 3
366 3
367 1
368 0
369 1
370 0
371 1
