0 0
1 0
2 0
3 0
4 0
5 0
6 0
7 0
8 0
9 0
10 0
11 0
12 0
13 0
14 0
15 0
16 0
17 0
18 0
19 0
20 0
21 0
22 0
23 0
24 0
25 0
26 0
27 0
28 0
29 0
30 0
31 0
32 0
33 0
34 0
35 0
36 0
37 0
38 0
39 0
40 0
41 0
42 0
43 0
44 0
45 0
46 0
47 0
48 0
49 0
50 0
51 0
52 0
53 0
54 0
55 0
56 0
57 0
58 0
59 0
60 0
61 0
62 0
63 0
64 0
65 0
66 0
67 0
68 0
69 0
70 0
71 0
72 0
73 0
74 0
75 0
76 0
77 0
78 0
79 0
80 0
81 0
82 0
83 0
84 0
85 0
86 0
87 0
88 7
89 2
90 5
91 2
92 1
93 1
94 0
95 5
96 1
97 0
98 0
99 1
100 1
101 2
102 3
103 3
104 6
105 0
106 1
107 3
108 0
109 1
110 0
111 1
112 2
113 2
114 4
115 4
116 8
117 6
118 4
119 7
120 9
121 7
122 8
123 8
124 7
125 9
126 3
127 2
128 12
129 18
130 17
131 22
132 6
133 37
134 25
135 30
136 34
137 45
138 32
139 36
140 35
141 31
142 32
143 31
144 37
145 29
146 29
147 23
148 51
149 36
150 40
151 45
152 47
153 48
154 55
155 80
156 84
157 94
158 96
159 128
160 145
161 141
162 165
163 151
164 143
165 154
166 154
167 211
168 206
169 218
170 265
171 229
172 239
173 289
174 298
175 305
176 341
177 362
178 369
179 362
180 394
181 422
182 424
183 385
184 427
185 440
186 454
187 531
188 495
189 485
190 508
191 601
192 592
193 572
194 632
195 704
196 779
197 849
198 881
199 882
200 913
201 945
202 1019
203 1130
204 1109
205 1251
206 1260
207 1268
208 1282
209 1404
210 1360
211 1368
212 1566
213 1560
214 1599
215 1622
216 1817
217 1846
218 1881
219 1839
220 2048
221 2088
222 1984
223 2083
224 2109
225 2192
226 2286
227 2371
228 2269
229 2360
230 2255
231 2360
232 2222
233 2307
234 2344
235 2397
236 2506
237 2369
238 2452
239 2523
240 2474
241 2481
242 2361
243 2371
244 2391
245 2272
246 2461
247 2316
248 2351
249 2369
250 2402
251 2539
252 2384
253 2502
254 2366
255 2465
256 2463
257 2442
258 2333
259 2306
260 2405
261 2374
262 2487
263 2518
264 2487
265 2625
266 2553
267 2569
268 2635
269 2741
270 2526
271 2658
272 2797
273 2582
274 2596
275 2453
276 2303
277 2241
278 2061
279 2062
280 1993
281 1692
282 1637
283 1370
284 1459
285 1251
286 1209
287 1202
288 1105
289 1033
290 1012
291 977
292 875
293 843
294 833
295 813
296 797
297 789
298 731
299 727
300 782
301 614
302 593
303 607
304 558
305 522
306 511
307 467
308 440
309 373
310 390
311 385
312 329
313 312
314 293
315 235
316 194
317 215
318 194
319 155
320 121
321 122
322 92
323 66
324 74
325 75
326 92
327 91
328 78
329 70
330 76
331 60
332 55
333 37
334 41
335 44
336 37
337 43
338 28
339 37
340 34
341 25
342 17
343 36
344 19
345 16
346 16
347 18
348 8
349 19
350 9
351 5
352 8
353 7
354 11
355 14
356 8
357 11
358 10
359 9
360 5
361 7
362 5
363 7
364 1
365 5
366 3
367 4
368 7
369 6
370 1
371 1
372 2
373 1
374 2
375 0
376 1
377 2
378 2
379 0
380 0
381 0
382 1
383 0
384 0
385 1
