0 0
1 0
2 0
3 0
4 0
5 0
6 0
7 0
8 0
9 0
10 0
11 0
12 0
13 0
14 0
15 0
16 0
17 0
18 0
19 0
20 0
21 0
22 0
23 0
24 0
25 0
26 0
27 0
28 0
29 0
30 0
31 0
32 0
33 0
34 0
35 0
36 0
37 0
38 0
39 0
40 0
41 0
42 0
43 0
44 0
45 0
46 0
47 0
48 0
49 0
50 0
51 0
52 1
53 0
54 0
55 0
56 1
57 0
58 0
59 0
60 0
61 0
62 0
63 1
64 0
65 1
66 0
67 0
68 0
69 0
70 0
71 0
72 0
73 0
74 0
75 2
76 0
77 1
78 0
79 0
80 0
81 0
82 0
83 0
84 0
85 1
86 1
87 0
88 0
89 0
90 1
91 0
92 1
93 1
94 2
95 0
96 1
97 1
98 0
99 0
100 0
101 0
102 0
103 3
104 0
105 0
106 1
107 0
108 2
109 1
110 0
111 1
112 1
113 0
114 1
115 1
116 1
117 1
118 2
119 0
120 2
121 0
122 1
123 0
124 0
125 0
126 0
127 1
128 2
129 5
130 5
131 0
132 5
133 3
134 13
135 1
136 14
137 1
138 27
139 16
140 20
141 32
142 28
143 23
144 30
145 50
146 26
147 19
148 53
149 67
150 77
151 78
152 88
153 100
154 92
155 94
156 110
157 122
158 146
159 132
160 149
161 140
162 137
163 158
164 129
165 136
166 186
167 159
168 152
169 129
170 167
171 150
172 156
173 160
174 179
175 227
176 188
177 232
178 260
179 260
180 284
181 330
182 283
183 305
184 350
185 357
186 352
187 399
188 432
189 466
190 471
191 505
192 575
193 628
194 625
195 682
196 772
197 762
198 856
199 879
200 909
201 855
202 1080
203 1082
204 1051
205 1172
206 1282
207 1121
208 1318
209 1261
210 1231
211 1330
212 1273
213 1289
214 1309
215 1286
216 1342
217 1340
218 1452
219 1372
220 1583
221 1572
222 1628
223 1784
224 1688
225 1765
226 1800
227 1887
228 1933
229 1961
230 2000
231 2159
232 2183
233 2136
234 2211
235 2337
236 2408
237 2355
238 2338
239 2316
240 2302
241 2381
242 2422
243 2548
244 2746
245 2869
246 2735
247 2677
248 2972
249 2945
250 3045
251 2849
252 3037
253 2961
254 2820
255 2995
256 2978
257 2789
258 2932
259 2741
260 2719
261 2662
262 2377
263 2406
264 2153
265 2182
266 2226
267 2089
268 1979
269 2062
270 2037
271 2061
272 1875
273 1969
274 1908
275 1979
276 1919
277 2000
278 1909
279 1958
280 1908
281 1953
282 1966
283 1942
284 1817
285 1796
286 1786
287 1600
288 1415
289 1358
290 1262
291 1212
292 995
293 922
294 917
295 760
296 669
297 680
298 616
299 707
300 673
301 661
302 615
303 662
304 658
305 630
306 653
307 590
308 631
309 598
310 576
311 561
312 527
313 534
314 567
315 541
316 532
317 492
318 443
319 419
320 408
321 341
322 335
323 354
324 292
325 245
326 269
327 250
328 251
329 198
330 191
331 207
332 155
333 112
334 114
335 123
336 104
337 80
338 84
339 84
340 88
341 68
342 77
343 105
344 96
345 79
346 60
347 67
348 78
349 54
350 62
351 48
352 51
353 26
354 16
355 13
356 10
357 12
358 16
359 18
360 13
361 11
362 30
363 13
364 28
365 14
366 6
367 11
368 4
369 2
370 4
371 1
372 0
373 0
374 1
