0 0
1 0
2 0
3 0
4 0
5 0
6 0
7 0
8 0
9 0
10 0
11 0
12 0
13 0
14 0
15 0
16 0
17 0
18 0
19 0
20 0
21 0
22 0
23 0
24 0
25 0
26 0
27 0
28 0
29 0
30 0
31 0
32 0
33 0
34 0
35 0
36 0
37 0
38 0
39 0
40 0
41 0
42 0
43 0
44 0
45 0
46 0
47 0
48 0
49 0
50 0
51 0
52 0
53 1
54 0
55 1
56 2
57 1
58 3
59 1
60 0
61 1
62 0
63 1
64 1
65 1
66 1
67 4
68 0
69 3
70 1
71 3
72 0
73 0
74 1
75 0
76 0
77 1
78 0
79 1
80 2
81 0
82 3
83 1
84 2
85 2
86 0
87 1
88 0
89 2
90 0
91 2
92 1
93 2
94 3
95 0
96 2
97 1
98 2
99 2
100 3
101 1
102 0
103 1
104 1
105 2
106 2
107 3
108 2
109 2
110 6
111 2
112 1
113 1
114 2
115 6
116 2
117 5
118 2
119 3
120 3
121 3
122 4
123 3
124 2
125 4
126 1
127 6
128 5
129 3
130 2
131 2
132 5
133 8
134 4
135 7
136 4
137 5
138 5
139 9
140 7
141 19
142 16
143 12
144 25
145 24
146 27
147 22
148 36
149 40
150 50
151 70
152 77
153 61
154 64
155 74
156 94
157 106
158 123
159 132
160 152
161 160
162 158
163 175
164 202
165 190
166 170
167 209
168 240
169 293
170 288
171 269
172 309
173 324
174 320
175 335
176 342
177 415
178 491
179 454
180 552
181 504
182 637
183 644
184 740
185 879
186 880
187 1023
188 1094
189 1129
190 1172
191 1203
192 1218
193 1321
194 1371
195 1426
196 1400
197 1415
198 1412
199 1567
200 1659
201 1759
202 1953
203 1858
204 1975
205 2132
206 2126
207 2254
208 2415
209 2560
210 2543
211 2626
212 2659
213 2711
214 2804
215 2870
216 3023
217 2991
218 3200
219 3082
220 3250
221 3160
222 3184
223 3195
224 3185
225 3199
226 2998
227 3045
228 2869
229 2988
230 3031
231 2877
232 2734
233 2866
234 2931
235 2928
236 2929
237 3050
238 3113
239 3196
240 3168
241 3271
242 3085
243 2914
244 2739
245 2713
246 2549
247 2489
248 2353
249 2396
250 2270
251 2258
252 2280
253 2076
254 2031
255 1953
256 1969
257 1801
258 1823
259 1806
260 1816
261 1689
262 1675
263 1624
264 1420
265 1316
266 1168
267 1063
268 971
269 1007
270 822
271 941
272 869
273 835
274 839
275 781
276 836
277 838
278 857
279 871
280 740
281 821
282 858
283 755
284 717
285 642
286 703
287 622
288 596
289 608
290 492
291 531
292 417
293 319
294 372
295 296
296 273
297 228
298 235
299 206
300 197
301 149
302 153
303 137
304 126
305 121
306 119
307 96
308 87
309 73
310 82
311 78
312 77
313 50
314 50
315 41
316 48
317 34
318 41
319 22
320 32
321 16
322 17
323 18
324 15
325 11
326 17
327 10
328 7
329 5
330 11
331 7
332 3
333 5
334 5
335 10
336 0
337 3
338 2
339 4
340 4
341 0
342 0
343 0
344 0
345 0
346 0
347 0
348 0
349 1
