0 0
1 0
2 0
3 0
4 0
5 0
6 0
7 0
8 0
9 0
10 0
11 0
12 0
13 0
14 0
15 0
16 0
17 0
18 0
19 0
20 0
21 0
22 0
23 0
24 0
25 0
26 0
27 0
28 0
29 0
30 0
31 0
32 0
33 0
34 0
35 0
36 0
37 0
38 0
39 0
40 0
41 0
42 0
43 0
44 0
45 0
46 0
47 0
48 0
49 0
50 0
51 0
52 0
53 0
54 0
55 0
56 0
57 0
58 0
59 0
60 0
61 0
62 0
63 0
64 0
65 0
66 0
67 0
68 0
69 0
70 0
71 0
72 0
73 0
74 0
75 0
76 0
77 0
78 0
79 0
80 0
81 0
82 0
83 0
84 0
85 0
86 0
87 0
88 0
89 0
90 0
91 0
92 0
93 0
94 0
95 0
96 0
97 0
98 0
99 0
100 0
101 0
102 0
103 0
104 0
105 0
106 0
107 0
108 0
109 0
110 0
111 0
112 0
113 0
114 0
115 0
116 0
117 0
118 0
119 0
120 2
121 0
122 4
123 1
124 0
125 0
126 2
127 2
128 4
129 2
130 2
131 10
132 9
133 8
134 15
135 4
136 11
137 12
138 4
139 5
140 18
141 9
142 9
143 4
144 14
145 9
146 6
147 12
148 15
149 19
150 21
151 28
152 23
153 39
154 29
155 49
156 57
157 63
158 91
159 82
160 84
161 125
162 128
163 147
164 177
165 150
166 207
167 191
168 201
169 219
170 198
171 216
172 242
173 239
174 275
175 278
176 325
177 274
178 334
179 279
180 335
181 372
182 381
183 472
184 490
185 595
186 709
187 673
188 878
189 952
190 915
191 1090
192 1047
193 990
194 1051
195 1113
196 1183
197 1215
198 1279
199 1320
200 1388
201 1494
202 1395
203 1521
204 1506
205 1578
206 1739
207 1619
208 1743
209 1846
210 1735
211 1927
212 1728
213 1858
214 1980
215 2069
216 2165
217 2253
218 2388
219 2558
220 2598
221 2906
222 3035
223 3193
224 2980
225 2797
226 2801
227 2731
228 2647
229 2580
230 2664
231 2632
232 2724
233 2512
234 2687
235 2660
236 2838
237 2772
238 2813
239 2651
240 2807
241 2779
242 2702
243 2627
244 2732
245 2700
246 2636
247 2585
248 2517
249 2529
250 2455
251 2401
252 2164
253 2120
254 2075
255 1989
256 1942
257 1955
258 1848
259 1843
260 1733
261 1725
262 1709
263 1784
264 1655
265 1628
266 1730
267 1717
268 1696
269 1688
270 1707
271 1736
272 1684
273 1700
274 1751
275 1731
276 1670
277 1511
278 1328
279 1394
280 1342
281 1249
282 1172
283 1129
284 990
285 1052
286 969
287 900
288 866
289 906
290 796
291 846
292 841
293 779
294 691
295 702
296 633
297 637
298 573
299 579
300 515
301 467
302 463
303 487
304 477
305 396
306 372
307 366
308 389
309 349
310 316
311 287
312 282
313 225
314 231
315 207
316 227
317 211
318 221
319 183
320 175
321 147
322 137
323 127
324 116
325 98
326 102
327 80
328 68
329 73
330 52
331 73
332 74
333 60
334 61
335 68
336 65
337 71
338 48
339 51
340 57
341 56
342 54
343 49
344 69
345 33
346 43
347 37
348 34
349 38
350 27
351 22
352 31
353 24
354 21
355 19
356 21
357 15
358 10
359 11
360 13
361 11
362 8
363 10
364 16
365 8
366 5
367 11
368 8
369 7
370 6
371 5
372 2
373 3
374 4
375 0
376 0
377 2
378 1
