0 0
1 0
2 0
3 0
4 0
5 0
6 0
7 0
8 0
9 0
10 0
11 0
12 0
13 0
14 0
15 0
16 0
17 0
18 0
19 0
20 0
21 0
22 0
23 0
24 0
25 0
26 0
27 0
28 0
29 0
30 0
31 0
32 0
33 0
34 0
35 0
36 0
37 0
38 0
39 0
40 0
41 0
42 0
43 0
44 0
45 0
46 0
47 0
48 0
49 0
50 0
51 0
52 0
53 0
54 1
55 0
56 1
57 0
58 0
59 0
60 0
61 0
62 1
63 0
64 0
65 0
66 0
67 0
68 0
69 0
70 0
71 0
72 1
73 1
74 2
75 1
76 5
77 1
78 0
79 0
80 1
81 0
82 5
83 0
84 1
85 2
86 0
87 2
88 2
89 0
90 2
91 1
92 4
93 1
94 3
95 2
96 0
97 5
98 8
99 2
100 2
101 3
102 3
103 6
104 4
105 3
106 5
107 2
108 4
109 10
110 13
111 13
112 9
113 12
114 12
115 18
116 21
117 14
118 19
119 18
120 20
121 14
122 17
123 24
124 36
125 40
126 33
127 51
128 51
129 54
130 95
131 92
132 84
133 99
134 86
135 89
136 90
137 68
138 92
139 108
140 121
141 132
142 148
143 173
144 187
145 241
146 210
147 289
148 297
149 333
150 360
151 366
152 360
153 434
154 457
155 437
156 485
157 494
158 402
159 417
160 402
161 383
162 370
163 376
164 388
165 436
166 463
167 493
168 493
169 454
170 442
171 542
172 483
173 559
174 637
175 651
176 685
177 680
178 753
179 702
180 723
181 833
182 853
183 917
184 1048
185 1128
186 1283
187 1402
188 1590
189 1701
190 1800
191 1903
192 1857
193 2105
194 2148
195 2286
196 2196
197 2432
198 2271
199 2200
200 2208
201 2226
202 2117
203 2047
204 2010
205 2103
206 2003
207 2042
208 2189
209 2238
210 2321
211 2307
212 2406
213 2409
214 2439
215 2516
216 2604
217 2508
218 2393
219 2447
220 2386
221 2191
222 2359
223 2283
224 2290
225 2232
226 2194
227 2152
228 2189
229 2245
230 2191
231 2225
232 2247
233 2269
234 2378
235 2253
236 2374
237 2251
238 2312
239 2346
240 2315
241 2385
242 2465
243 2484
244 2579
245 2622
246 2410
247 2242
248 2288
249 2244
250 2140
251 2113
252 2148
253 2137
254 2058
255 1984
256 1942
257 1987
258 1791
259 1800
260 1604
261 1590
262 1556
263 1511
264 1583
265 1395
266 1271
267 1274
268 1158
269 1127
270 1011
271 986
272 930
273 922
274 823
275 800
276 768
277 654
278 672
279 520
280 576
281 502
282 521
283 480
284 519
285 475
286 440
287 488
288 494
289 425
290 449
291 481
292 461
293 433
294 379
295 402
296 389
297 309
298 334
299 325
300 272
301 242
302 235
303 197
304 186
305 161
306 132
307 137
308 112
309 126
310 130
311 112
312 103
313 86
314 101
315 89
316 101
317 116
318 90
319 105
320 140
321 98
322 89
323 95
324 86
325 78
326 67
327 63
328 53
329 38
330 41
331 28
332 22
333 26
334 14
335 19
336 15
337 16
338 7
339 18
340 12
341 11
342 8
343 13
344 7
345 14
346 7
347 6
348 9
349 9
350 10
351 5
352 7
353 4
354 7
355 6
356 9
357 5
358 7
359 15
360 7
361 9
362 14
363 8
364 11
365 13
366 10
367 14
368 2
369 12
370 9
371 3
372 6
373 2
374 5
375 6
376 1
377 5
378 5
379 3
380 6
381 5
382 6
383 4
384 6
385 5
386 1
387 2
388 3
389 4
390 1
391 3
392 3
393 1
394 3
395 3
396 4
397 2
398 0
399 2
400 2
401 1
402 1
403 2
