0 0
1 0
2 0
3 0
4 0
5 0
6 0
7 0
8 0
9 0
10 0
11 0
12 0
13 1
14 0
15 0
16 0
17 0
18 0
19 0
20 1
21 0
22 0
23 0
24 0
25 1
26 1
27 0
28 0
29 1
30 1
31 1
32 0
33 2
34 0
35 0
36 4
37 1
38 4
39 1
40 0
41 3
42 2
43 4
44 4
45 1
46 4
47 4
48 3
49 6
50 1
51 4
52 6
53 3
54 3
55 2
56 6
57 6
58 6
59 4
60 7
61 5
62 1
63 1
64 1
65 2
66 4
67 4
68 6
69 5
70 2
71 8
72 2
73 5
74 5
75 2
76 5
77 1
78 1
79 6
80 6
81 4
82 5
83 3
84 4
85 5
86 3
87 5
88 4
89 1
90 6
91 2
92 2
93 5
94 9
95 3
96 5
97 5
98 2
99 2
100 2
101 4
102 7
103 3
104 0
105 4
106 1
107 8
108 4
109 8
110 4
111 5
112 6
113 7
114 6
115 3
116 6
117 2
118 4
119 3
120 7
121 4
122 4
123 3
124 5
125 3
126 8
127 3
128 4
129 3
130 6
131 5
132 1
133 4
134 3
135 5
136 12
137 11
138 5
139 7
140 5
141 9
142 13
143 2
144 18
145 10
146 11
147 24
148 7
149 29
150 40
151 36
152 27
153 40
154 37
155 53
156 32
157 47
158 38
159 33
160 56
161 46
162 45
163 51
164 62
165 44
166 64
167 68
168 87
169 69
170 81
171 58
172 76
173 74
174 82
175 81
176 83
177 106
178 105
179 114
180 129
181 119
182 148
183 161
184 154
185 191
186 164
187 204
188 260
189 289
190 299
191 346
192 387
193 434
194 433
195 466
196 491
197 514
198 525
199 524
200 554
201 622
202 576
203 649
204 594
205 668
206 782
207 717
208 900
209 893
210 990
211 970
212 1092
213 1121
214 1331
215 1160
216 1270
217 1310
218 1358
219 1439
220 1668
221 1624
222 1738
223 1780
224 1717
225 1783
226 1699
227 1673
228 1822
229 1771
230 1889
231 1758
232 1822
233 1802
234 1888
235 1848
236 1763
237 1890
238 1873
239 1856
240 1884
241 1915
242 1941
243 1975
244 2085
245 2116
246 2260
247 2388
248 2402
249 2462
250 2428
251 2546
252 2558
253 2475
254 2519
255 2571
256 2514
257 2595
258 2580
259 2653
260 2622
261 2590
262 2641
263 2636
264 2615
265 2687
266 2845
267 2660
268 2455
269 2549
270 2605
271 2450
272 2362
273 2418
274 2360
275 2284
276 2277
277 2240
278 2012
279 2006
280 2029
281 1918
282 1871
283 1855
284 1727
285 1626
286 1710
287 1793
288 1663
289 1764
290 1726
291 1799
292 1712
293 1704
294 1641
295 1892
296 1716
297 1600
298 1619
299 1566
300 1439
301 1334
302 1335
303 1316
304 1201
305 1273
306 1089
307 992
308 1025
309 966
310 869
311 766
312 775
313 738
314 637
315 588
316 569
317 581
318 503
319 471
320 423
321 452
322 409
323 373
324 364
325 332
326 346
327 291
328 342
329 267
330 267
331 280
332 249
333 243
334 282
335 259
336 275
337 219
338 183
339 165
340 140
341 111
342 79
343 77
344 86
345 66
346 66
347 34
348 26
349 20
350 14
351 16
352 5
353 6
354 5
355 3
356 2
357 2
358 1
359 2
360 3
361 0
362 0
363 0
364 0
365 0
366 0
367 1
