0 0
1 0
2 0
3 0
4 0
5 0
6 0
7 0
8 0
9 0
10 0
11 0
12 0
13 0
14 0
15 0
16 0
17 0
18 0
19 0
20 0
21 0
22 0
23 0
24 0
25 0
26 0
27 0
28 0
29 0
30 0
31 0
32 0
33 0
34 0
35 0
36 0
37 0
38 0
39 0
40 0
41 0
42 0
43 0
44 0
45 0
46 0
47 0
48 0
49 0
50 0
51 0
52 0
53 0
54 0
55 0
56 0
57 0
58 0
59 0
60 0
61 0
62 0
63 0
64 0
65 0
66 0
67 0
68 0
69 0
70 0
71 0
72 0
73 0
74 0
75 0
76 0
77 0
78 0
79 0
80 0
81 0
82 0
83 0
84 0
85 0
86 0
87 0
88 0
89 0
90 0
91 0
92 0
93 0
94 0
95 0
96 0
97 0
98 0
99 0
100 0
101 0
102 0
103 0
104 0
105 0
106 0
107 0
108 0
109 0
110 0
111 0
112 0
113 0
114 0
115 2
116 0
117 0
118 0
119 2
120 0
121 2
122 4
123 0
124 3
125 2
126 3
127 5
128 3
129 9
130 6
131 12
132 11
133 6
134 12
135 7
136 4
137 7
138 2
139 8
140 11
141 15
142 8
143 15
144 13
145 16
146 20
147 17
148 27
149 41
150 51
151 62
152 82
153 116
154 136
155 150
156 184
157 193
158 217
159 321
160 334
161 365
162 467
163 557
164 587
165 601
166 571
167 535
168 527
169 474
170 518
171 472
172 497
173 541
174 514
175 571
176 606
177 683
178 689
179 666
180 730
181 671
182 781
183 700
184 725
185 767
186 714
187 845
188 775
189 876
190 939
191 939
192 1027
193 1118
194 1142
195 1199
196 1097
197 1240
198 1150
199 1231
200 1282
201 1207
202 1301
203 1200
204 1256
205 1313
206 1305
207 1372
208 1395
209 1540
210 1663
211 1654
212 1797
213 1884
214 1761
215 1802
216 1884
217 1908
218 2026
219 2023
220 2027
221 2101
222 2127
223 2157
224 2097
225 2051
226 2199
227 2255
228 2223
229 2261
230 2302
231 2293
232 2140
233 2342
234 2331
235 2381
236 2310
237 2321
238 2567
239 2569
240 2750
241 2821
242 2669
243 2631
244 2671
245 2708
246 2520
247 2490
248 2515
249 2390
250 2384
251 2304
252 2422
253 2244
254 2324
255 2335
256 2282
257 2275
258 2236
259 2217
260 2175
261 2114
262 2078
263 1981
264 2031
265 1934
266 1861
267 1767
268 1791
269 1824
270 1717
271 1705
272 1743
273 1630
274 1508
275 1549
276 1415
277 1366
278 1283
279 1270
280 1138
281 1102
282 1113
283 1128
284 1152
285 1051
286 977
287 953
288 985
289 830
290 922
291 845
292 762
293 785
294 837
295 720
296 726
297 728
298 784
299 776
300 748
301 787
302 759
303 696
304 669
305 642
306 583
307 500
308 458
309 423
310 343
311 278
312 280
313 270
314 253
315 196
316 202
317 203
318 195
319 176
320 162
321 143
322 113
323 108
324 117
325 139
326 111
327 126
328 117
329 114
330 124
331 93
332 80
333 85
334 70
335 65
336 50
337 40
338 36
339 37
340 43
341 34
342 27
343 29
344 26
345 27
346 28
347 31
348 40
349 27
350 35
351 37
352 22
353 19
354 25
355 16
356 7
357 3
358 9
359 3
360 5
361 2
362 2
363 4
364 2
365 8
366 6
367 7
368 2
369 4
370 2
371 1
372 2
373 1
