0 0
1 0
2 0
3 0
4 0
5 0
6 0
7 0
8 0
9 0
10 0
11 0
12 0
13 0
14 0
15 0
16 0
17 0
18 0
19 0
20 0
21 0
22 0
23 0
24 0
25 0
26 0
27 0
28 0
29 0
30 0
31 0
32 0
33 0
34 0
35 0
36 1
37 0
38 0
39 0
40 0
41 0
42 3
43 0
44 0
45 2
46 3
47 3
48 1
49 1
50 0
51 1
52 0
53 1
54 1
55 1
56 1
57 3
58 3
59 0
60 1
61 2
62 0
63 3
64 0
65 1
66 1
67 0
68 0
69 5
70 0
71 2
72 2
73 2
74 2
75 0
76 0
77 1
78 0
79 2
80 2
81 1
82 0
83 0
84 0
85 6
86 2
87 0
88 0
89 1
90 1
91 0
92 2
93 0
94 0
95 0
96 3
97 3
98 0
99 2
100 0
101 0
102 2
103 0
104 2
105 3
106 3
107 2
108 2
109 0
110 0
111 0
112 5
113 0
114 0
115 5
116 0
117 3
118 3
119 6
120 1
121 2
122 4
123 0
124 8
125 9
126 4
127 6
128 24
129 10
130 12
131 21
132 20
133 30
134 36
135 39
136 78
137 69
138 95
139 93
140 122
141 122
142 124
143 109
144 145
145 153
146 154
147 151
148 160
149 166
150 144
151 123
152 155
153 170
154 210
155 224
156 289
157 315
158 300
159 391
160 458
161 487
162 544
163 601
164 650
165 694
166 784
167 799
168 1007
169 995
170 1080
171 1170
172 1252
173 1273
174 1394
175 1382
176 1403
177 1656
178 1809
179 1780
180 1796
181 1905
182 1917
183 1983
184 1862
185 2046
186 1915
187 1915
188 1925
189 1856
190 1986
191 1887
192 1964
193 1932
194 2020
195 1968
196 2021
197 2123
198 2145
199 2168
200 2242
201 2277
202 2362
203 2407
204 2556
205 2648
206 2759
207 2836
208 2723
209 2795
210 2797
211 2659
212 2599
213 2520
214 2507
215 2440
216 2242
217 2324
218 2132
219 1976
220 2092
221 1996
222 1953
223 2055
224 2088
225 2049
226 2157
227 2259
228 2216
229 2285
230 2261
231 2228
232 2242
233 2137
234 2086
235 2101
236 2292
237 2185
238 2060
239 2050
240 2015
241 2038
242 1820
243 1864
244 1749
245 1680
246 1541
247 1606
248 1692
249 1621
250 1462
251 1458
252 1489
253 1389
254 1381
255 1359
256 1404
257 1463
258 1372
259 1230
260 1240
261 1211
262 1095
263 1081
264 960
265 1043
266 991
267 989
268 1013
269 1047
270 1041
271 891
272 1015
273 969
274 917
275 909
276 859
277 809
278 753
279 736
280 621
281 658
282 551
283 621
284 639
285 577
286 525
287 534
288 487
289 532
290 548
291 582
292 457
293 469
294 486
295 402
296 418
297 339
298 317
299 321
300 259
301 246
302 198
303 175
304 161
305 152
306 139
307 125
308 88
309 73
310 84
311 71
312 68
313 51
314 52
315 47
316 45
317 51
318 22
319 39
320 28
321 31
322 24
323 23
324 16
325 14
326 7
327 8
328 6
329 8
330 12
331 11
332 3
333 4
334 6
335 8
336 2
337 1
338 3
339 1
340 1
341 2
342 1
343 0
344 0
345 0
346 0
347 1
348 1
