0 0
1 0
2 0
3 0
4 0
5 0
6 0
7 0
8 0
9 0
10 0
11 0
12 0
13 0
14 0
15 0
16 0
17 0
18 0
19 0
20 0
21 0
22 0
23 0
24 0
25 0
26 0
27 0
28 0
29 0
30 0
31 0
32 2
33 0
34 0
35 0
36 0
37 0
38 1
39 0
40 0
41 0
42 0
43 2
44 1
45 0
46 1
47 0
48 4
49 0
50 2
51 3
52 1
53 1
54 2
55 3
56 1
57 3
58 2
59 3
60 1
61 1
62 3
63 3
64 0
65 1
66 2
67 0
68 3
69 5
70 1
71 4
72 2
73 2
74 2
75 0
76 2
77 1
78 0
79 1
80 3
81 4
82 0
83 1
84 1
85 4
86 4
87 1
88 0
89 0
90 3
91 2
92 2
93 2
94 2
95 2
96 3
97 1
98 1
99 1
100 1
101 4
102 1
103 1
104 2
105 0
106 0
107 0
108 0
109 2
110 1
111 2
112 2
113 1
114 3
115 0
116 3
117 1
118 2
119 2
120 0
121 8
122 10
123 2
124 6
125 5
126 6
127 3
128 3
129 6
130 15
131 15
132 9
133 12
134 15
135 21
136 17
137 15
138 24
139 8
140 28
141 28
142 31
143 31
144 33
145 36
146 40
147 35
148 55
149 61
150 66
151 67
152 77
153 112
154 111
155 133
156 162
157 168
158 210
159 258
160 319
161 338
162 434
163 474
164 485
165 574
166 621
167 515
168 597
169 582
170 539
171 568
172 577
173 637
174 610
175 689
176 739
177 797
178 728
179 861
180 865
181 1010
182 1042
183 1242
184 1409
185 1330
186 1495
187 1485
188 1761
189 1900
190 1819
191 1883
192 1885
193 2069
194 2137
195 2269
196 2176
197 2172
198 2227
199 2164
200 2280
201 2391
202 2312
203 2299
204 2338
205 2351
206 2352
207 2345
208 2347
209 2366
210 2451
211 2481
212 2452
213 2373
214 2413
215 2366
216 2539
217 2542
218 2629
219 2572
220 2619
221 2508
222 2560
223 2581
224 2646
225 2465
226 2446
227 2470
228 2583
229 2425
230 2503
231 2323
232 2216
233 2160
234 2275
235 2152
236 2130
237 2200
238 2001
239 1949
240 1931
241 1923
242 1789
243 1873
244 1711
245 1652
246 1552
247 1480
248 1378
249 1383
250 1235
251 1180
252 1178
253 1149
254 1111
255 1065
256 1091
257 1045
258 1062
259 1023
260 1099
261 1030
262 1048
263 1075
264 1045
265 1115
266 1053
267 1066
268 978
269 1031
270 951
271 933
272 903
273 838
274 870
275 889
276 842
277 934
278 910
279 962
280 954
281 960
282 906
283 898
284 1017
285 935
286 992
287 1037
288 999
289 908
290 775
291 813
292 781
293 778
294 734
295 789
296 686
297 648
298 611
299 623
300 650
301 602
302 595
303 592
304 546
305 497
306 519
307 472
308 483
309 441
310 405
311 443
312 427
313 419
314 351
315 418
316 339
317 350
318 346
319 269
320 320
321 282
322 295
323 194
324 225
325 184
326 181
327 162
328 159
329 148
330 141
331 103
332 108
333 95
334 97
335 111
336 92
337 95
338 80
339 72
340 76
341 71
342 58
343 63
344 51
345 78
346 89
347 55
348 62
349 59
350 53
351 37
352 38
353 34
354 13
355 18
356 9
357 25
358 14
359 9
360 3
361 3
362 3
363 6
364 2
365 3
366 6
367 0
368 7
