0 0
1 0
2 0
3 0
4 0
5 0
6 0
7 0
8 0
9 0
10 0
11 0
12 0
13 0
14 0
15 0
16 0
17 0
18 0
19 0
20 0
21 0
22 0
23 0
24 0
25 0
26 0
27 0
28 0
29 0
30 0
31 0
32 0
33 0
34 0
35 0
36 0
37 0
38 0
39 0
40 0
41 0
42 0
43 0
44 0
45 0
46 0
47 0
48 0
49 0
50 0
51 0
52 0
53 0
54 0
55 0
56 0
57 0
58 0
59 0
60 0
61 0
62 0
63 0
64 0
65 0
66 0
67 0
68 0
69 0
70 0
71 0
72 0
73 0
74 0
75 0
76 0
77 0
78 0
79 0
80 0
81 0
82 0
83 0
84 0
85 0
86 0
87 0
88 0
89 0
90 0
91 0
92 0
93 0
94 0
95 0
96 0
97 0
98 0
99 0
100 0
101 0
102 0
103 0
104 0
105 0
106 0
107 0
108 0
109 0
110 0
111 0
112 0
113 0
114 0
115 0
116 0
117 0
118 0
119 0
120 0
121 0
122 0
123 0
124 0
125 0
126 3
127 0
128 3
129 7
130 4
131 1
132 12
133 23
134 25
135 27
136 33
137 58
138 64
139 76
140 75
141 95
142 98
143 97
144 96
145 126
146 108
147 112
148 140
149 127
150 181
151 242
152 260
153 287
154 367
155 400
156 482
157 581
158 689
159 760
160 806
161 874
162 826
163 951
164 853
165 921
166 922
167 874
168 990
169 915
170 945
171 953
172 919
173 1115
174 1063
175 1104
176 1224
177 1225
178 1391
179 1550
180 1815
181 1896
182 2116
183 2023
184 2037
185 1877
186 1944
187 1957
188 2031
189 1944
190 2121
191 2118
192 2152
193 2300
194 2250
195 2241
196 2235
197 2192
198 2217
199 2324
200 2274
201 2244
202 2283
203 2267
204 2311
205 2411
206 2340
207 2345
208 2362
209 2361
210 2367
211 2249
212 2391
213 2473
214 2324
215 2301
216 2354
217 2300
218 2395
219 2311
220 2370
221 2211
222 2212
223 2194
224 2235
225 2037
226 2177
227 1969
228 1840
229 1921
230 1864
231 1892
232 1817
233 1812
234 1747
235 1913
236 1816
237 1947
238 1873
239 1866
240 1823
241 1873
242 1908
243 1858
244 1854
245 1758
246 1762
247 1766
248 1646
249 1626
250 1565
251 1514
252 1578
253 1498
254 1574
255 1378
256 1365
257 1480
258 1387
259 1265
260 1259
261 1169
262 1114
263 1082
264 1067
265 977
266 912
267 967
268 905
269 914
270 824
271 838
272 748
273 808
274 737
275 720
276 670
277 688
278 620
279 676
280 669
281 661
282 606
283 548
284 520
285 571
286 499
287 538
288 466
289 447
290 503
291 468
292 457
293 488
294 503
295 522
296 497
297 570
298 570
299 526
300 638
301 592
302 510
303 511
304 441
305 331
306 297
307 236
308 226
309 188
310 169
311 170
312 128
313 121
314 124
315 98
316 86
317 95
318 78
319 96
320 101
321 78
322 81
323 80
324 75
325 72
326 65
327 60
328 48
329 43
330 53
331 40
332 29
333 37
334 39
335 33
336 27
337 19
338 15
339 23
340 21
341 14
342 9
343 13
344 8
345 6
346 2
347 4
348 0
349 0
350 0
351 3
