0 0
1 0
2 0
3 0
4 0
5 0
6 0
7 0
8 0
9 0
10 0
11 2
12 0
13 0
14 0
15 0
16 2
17 3
18 0
19 3
20 5
21 2
22 9
23 1
24 10
25 8
26 6
27 8
28 15
29 13
30 24
31 6
32 16
33 18
34 16
35 6
36 2
37 4
38 8
39 0
40 1
41 5
42 8
43 6
44 7
45 7
46 15
47 11
48 18
49 24
50 27
51 9
52 24
53 24
54 38
55 44
56 29
57 24
58 43
59 26
60 29
61 19
62 30
63 17
64 16
65 28
66 17
67 20
68 30
69 21
70 27
71 28
72 33
73 38
74 40
75 29
76 23
77 33
78 34
79 59
80 44
81 47
82 49
83 30
84 52
85 43
86 26
87 36
88 28
89 21
90 29
91 38
92 21
93 20
94 32
95 51
96 22
97 27
98 25
99 30
100 25
101 16
102 12
103 30
104 3
105 22
106 19
107 8
108 7
109 9
110 15
111 3
112 1
113 11
114 9
115 2
116 14
117 15
118 23
119 12
120 4
121 11
122 7
123 8
124 13
125 4
126 16
127 3
128 9
129 23
130 6
131 8
132 9
133 15
134 7
135 10
136 12
137 12
138 6
139 8
140 16
141 43
142 21
143 37
144 44
145 31
146 40
147 53
148 39
149 41
150 34
151 25
152 50
153 49
154 57
155 49
156 59
157 40
158 62
159 79
160 85
161 100
162 82
163 110
164 111
165 93
166 155
167 152
168 159
169 190
170 206
171 228
172 227
173 260
174 278
175 310
176 340
177 424
178 343
179 364
180 491
181 494
182 493
183 512
184 536
185 542
186 606
187 589
188 639
189 697
190 760
191 804
192 862
193 1018
194 1011
195 1010
196 1202
197 1184
198 1437
199 1515
200 1573
201 1742
202 1736
203 1769
204 1853
205 1882
206 1857
207 1906
208 1877
209 1821
210 1888
211 1951
212 1965
213 1932
214 2024
215 1982
216 2060
217 1976
218 2004
219 1951
220 1965
221 2018
222 2042
223 1970
224 2055
225 2156
226 2215
227 2310
228 2387
229 2472
230 2370
231 2496
232 2425
233 2350
234 2466
235 2560
236 2508
237 2385
238 2672
239 2602
240 2741
241 2745
242 2887
243 3053
244 2790
245 3111
246 3031
247 2938
248 2842
249 3021
250 2974
251 2869
252 2586
253 2525
254 2450
255 2387
256 2282
257 2425
258 2253
259 2194
260 2302
261 2205
262 2120
263 2077
264 2087
265 1812
266 1999
267 1787
268 1716
269 1624
270 1468
271 1411
272 1223
273 1258
274 1229
275 1205
276 1272
277 1240
278 1293
279 1238
280 1196
281 1255
282 1085
283 1125
284 1029
285 1024
286 1042
287 896
288 736
289 742
290 727
291 719
292 628
293 650
294 593
295 520
296 559
297 533
298 457
299 427
300 424
301 453
302 458
303 490
304 492
305 526
306 667
307 654
308 708
309 675
310 545
311 538
312 466
313 521
314 381
315 270
316 270
317 235
318 132
319 106
320 84
321 89
322 60
323 54
324 42
325 37
326 48
327 50
328 49
329 39
330 43
331 38
332 28
333 16
334 13
335 13
336 10
337 5
338 2
339 4
340 4
341 4
342 7
343 2
344 1
345 5
346 4
347 0
348 0
349 2
350 1
351 7
352 1
353 1
354 3
355 0
356 0
357 0
358 1
359 0
360 1
