0 0
1 0
2 0
3 0
4 0
5 0
6 0
7 0
8 0
9 0
10 0
11 0
12 0
13 0
14 0
15 0
16 0
17 0
18 0
19 2
20 3
21 3
22 3
23 0
24 0
25 4
26 1
27 2
28 0
29 2
30 2
31 0
32 2
33 0
34 2
35 0
36 0
37 1
38 4
39 1
40 3
41 2
42 6
43 1
44 4
45 1
46 0
47 4
48 4
49 5
50 4
51 6
52 8
53 7
54 5
55 7
56 8
57 9
58 3
59 6
60 7
61 6
62 3
63 1
64 6
65 2
66 3
67 0
68 0
69 4
70 7
71 1
72 2
73 0
74 7
75 1
76 6
77 7
78 2
79 6
80 10
81 7
82 13
83 5
84 7
85 4
86 18
87 19
88 11
89 16
90 20
91 16
92 15
93 14
94 18
95 13
96 23
97 12
98 23
99 33
100 24
101 14
102 19
103 16
104 19
105 18
106 12
107 13
108 8
109 24
110 18
111 20
112 20
113 21
114 21
115 18
116 30
117 31
118 40
119 32
120 22
121 17
122 25
123 23
124 30
125 27
126 31
127 40
128 52
129 52
130 55
131 74
132 73
133 90
134 100
135 98
136 98
137 103
138 127
139 112
140 137
141 125
142 142
143 173
144 182
145 203
146 175
147 248
148 235
149 261
150 299
151 316
152 392
153 423
154 426
155 419
156 467
157 508
158 570
159 639
160 693
161 674
162 704
163 748
164 743
165 749
166 786
167 726
168 773
169 729
170 695
171 724
172 675
173 614
174 629
175 654
176 629
177 607
178 654
179 658
180 644
181 703
182 649
183 656
184 706
185 693
186 672
187 768
188 756
189 800
190 743
191 767
192 888
193 904
194 971
195 1044
196 1022
197 1183
198 1230
199 1297
200 1382
201 1401
202 1493
203 1423
204 1504
205 1685
206 1604
207 1582
208 1552
209 1599
210 1596
211 1585
212 1640
213 1627
214 1683
215 1736
216 1591
217 1704
218 1761
219 1848
220 1951
221 2076
222 2026
223 2293
224 2209
225 2378
226 2301
227 2343
228 2334
229 2232
230 2357
231 2299
232 2150
233 2003
234 2086
235 2023
236 2023
237 1978
238 1796
239 1842
240 1910
241 1868
242 1939
243 1898
244 1768
245 1818
246 1800
247 1901
248 1798
249 1659
250 1721
251 1671
252 1714
253 1785
254 1805
255 1734
256 1880
257 1862
258 1963
259 1877
260 1929
261 2039
262 1943
263 2168
264 2046
265 1975
266 2022
267 1895
268 1836
269 1904
270 1753
271 1666
272 1758
273 1768
274 1684
275 1582
276 1659
277 1678
278 1524
279 1555
280 1469
281 1547
282 1425
283 1486
284 1415
285 1233
286 1342
287 1236
288 1219
289 1147
290 1075
291 1039
292 967
293 896
294 870
295 823
296 826
297 706
298 730
299 658
300 649
301 600
302 587
303 577
304 532
305 545
306 548
307 519
308 502
309 508
310 483
311 451
312 417
313 353
314 361
315 323
316 297
317 265
318 233
319 208
320 188
321 169
322 142
323 127
324 108
325 132
326 122
327 111
328 89
329 60
330 83
331 79
332 74
333 70
334 67
335 66
336 61
337 49
338 62
339 28
340 46
341 26
342 21
343 20
344 17
345 18
346 19
347 6
348 4
349 7
350 0
351 0
352 1
353 3
354 1
355 1
356 0
357 0
358 0
359 0
360 2
361 0
362 0
363 1
