0 0
1 0
2 0
3 0
4 0
5 0
6 0
7 0
8 0
9 0
10 0
11 0
12 0
13 0
14 0
15 0
16 0
17 0
18 0
19 0
20 0
21 0
22 0
23 0
24 0
25 0
26 0
27 0
28 0
29 0
30 0
31 0
32 0
33 0
34 0
35 0
36 0
37 0
38 0
39 0
40 1
41 0
42 0
43 0
44 0
45 0
46 0
47 0
48 0
49 0
50 0
51 0
52 0
53 0
54 0
55 0
56 0
57 0
58 0
59 0
60 0
61 0
62 0
63 0
64 0
65 0
66 0
67 0
68 0
69 0
70 0
71 0
72 0
73 0
74 0
75 0
76 0
77 0
78 1
79 1
80 0
81 0
82 0
83 0
84 0
85 0
86 0
87 0
88 0
89 0
90 0
91 0
92 1
93 0
94 1
95 4
96 0
97 1
98 0
99 1
100 0
101 0
102 0
103 0
104 0
105 0
106 0
107 0
108 0
109 0
110 0
111 0
112 0
113 0
114 0
115 0
116 0
117 0
118 0
119 0
120 0
121 3
122 3
123 6
124 9
125 5
126 8
127 20
128 25
129 24
130 26
131 38
132 34
133 20
134 25
135 17
136 28
137 31
138 16
139 16
140 27
141 20
142 26
143 23
144 29
145 29
146 47
147 55
148 52
149 48
150 76
151 68
152 99
153 81
154 128
155 146
156 141
157 132
158 154
159 207
160 244
161 235
162 244
163 294
164 354
165 450
166 452
167 542
168 588
169 571
170 600
171 655
172 626
173 627
174 548
175 621
176 566
177 637
178 697
179 729
180 699
181 802
182 796
183 803
184 953
185 901
186 910
187 1005
188 1040
189 1088
190 1123
191 1243
192 1332
193 1443
194 1548
195 1661
196 1708
197 1782
198 1963
199 2090
200 2355
201 2418
202 2385
203 2393
204 2392
205 2525
206 2396
207 2552
208 2702
209 2594
210 2638
211 2563
212 2804
213 2797
214 2703
215 2717
216 2830
217 2757
218 2745
219 2780
220 2932
221 3309
222 3230
223 3281
224 3198
225 3376
226 3290
227 3270
228 3246
229 3124
230 2980
231 2953
232 3085
233 2688
234 2807
235 2518
236 2295
237 2355
238 2259
239 2194
240 2240
241 2255
242 1969
243 1966
244 2002
245 1964
246 1887
247 1944
248 2109
249 1905
250 2096
251 1937
252 1977
253 2016
254 1846
255 1801
256 1835
257 1686
258 1624
259 1639
260 1576
261 1586
262 1384
263 1392
264 1269
265 1294
266 1207
267 1312
268 1167
269 1109
270 1165
271 1091
272 1061
273 938
274 917
275 994
276 895
277 767
278 797
279 705
280 774
281 708
282 711
283 677
284 664
285 588
286 599
287 556
288 526
289 458
290 462
291 410
292 324
293 408
294 312
295 281
296 243
297 263
298 276
299 273
300 260
301 182
302 204
303 175
304 201
305 159
306 177
307 116
308 139
309 118
310 122
311 100
312 105
313 94
314 83
315 63
316 74
317 50
318 65
319 43
320 27
321 27
322 27
323 30
324 17
325 26
326 21
327 20
328 4
329 12
330 13
331 23
332 13
333 1
334 2
335 3
336 1
337 6
338 1
339 8
340 0
341 0
342 2
343 2
