0 0
1 0
2 0
3 0
4 0
5 0
6 0
7 0
8 0
9 0
10 0
11 0
12 0
13 0
14 0
15 0
16 0
17 0
18 0
19 0
20 0
21 0
22 0
23 0
24 0
25 0
26 0
27 0
28 0
29 0
30 0
31 0
32 0
33 0
34 0
35 0
36 0
37 0
38 0
39 0
40 0
41 0
42 0
43 0
44 0
45 0
46 0
47 0
48 0
49 0
50 0
51 0
52 0
53 0
54 0
55 0
56 0
57 0
58 0
59 0
60 0
61 0
62 0
63 0
64 0
65 0
66 1
67 0
68 1
69 0
70 0
71 2
72 2
73 3
74 0
75 0
76 2
77 0
78 0
79 2
80 1
81 1
82 2
83 1
84 2
85 0
86 0
87 3
88 3
89 5
90 1
91 5
92 2
93 3
94 3
95 3
96 4
97 1
98 1
99 9
100 3
101 2
102 2
103 2
104 2
105 2
106 4
107 4
108 2
109 10
110 2
111 6
112 15
113 4
114 3
115 1
116 6
117 0
118 5
119 1
120 6
121 8
122 5
123 2
124 2
125 1
126 5
127 2
128 7
129 4
130 7
131 9
132 5
133 11
134 17
135 15
136 13
137 15
138 24
139 27
140 23
141 22
142 22
143 31
144 20
145 18
146 22
147 38
148 25
149 29
150 41
151 68
152 57
153 87
154 108
155 127
156 165
157 221
158 212
159 353
160 352
161 402
162 477
163 461
164 497
165 618
166 637
167 707
168 725
169 709
170 630
171 638
172 626
173 623
174 660
175 628
176 670
177 687
178 704
179 729
180 671
181 765
182 788
183 919
184 870
185 916
186 976
187 970
188 993
189 1008
190 1048
191 1143
192 1245
193 1314
194 1420
195 1473
196 1338
197 1452
198 1432
199 1402
200 1567
201 1574
202 1505
203 1555
204 1654
205 1610
206 1766
207 1583
208 1794
209 1862
210 1907
211 1777
212 1889
213 1899
214 2058
215 2045
216 2076
217 2163
218 2224
219 2321
220 2338
221 2416
222 2454
223 2601
224 2724
225 2835
226 2687
227 2727
228 2655
229 2549
230 2926
231 2805
232 2780
233 2845
234 2858
235 2979
236 2817
237 2747
238 2823
239 2657
240 2499
241 2484
242 2423
243 2376
244 2378
245 2368
246 2279
247 2424
248 2376
249 2247
250 2294
251 2155
252 2065
253 2154
254 2069
255 2078
256 2063
257 1917
258 1870
259 1836
260 1777
261 1754
262 1805
263 1587
264 1483
265 1408
266 1378
267 1290
268 1195
269 1080
270 1124
271 967
272 990
273 1020
274 909
275 962
276 955
277 967
278 970
279 947
280 943
281 971
282 781
283 866
284 894
285 950
286 881
287 833
288 783
289 770
290 737
291 796
292 798
293 766
294 800
295 721
296 695
297 683
298 732
299 686
300 616
301 527
302 562
303 493
304 513
305 503
306 469
307 431
308 397
309 419
310 355
311 340
312 304
313 282
314 269
315 248
316 250
317 211
318 222
319 183
320 138
321 107
322 123
323 106
324 91
325 88
326 85
327 70
328 68
329 55
330 51
331 45
332 35
333 39
334 36
335 20
336 28
337 27
338 16
339 13
340 18
341 13
342 10
343 7
344 6
345 2
346 2
347 1
348 1
349 1
350 2
351 0
352 2
353 1
354 2
355 1
