0 0
1 0
2 0
3 0
4 0
5 0
6 0
7 0
8 0
9 0
10 0
11 0
12 0
13 0
14 0
15 0
16 0
17 0
18 0
19 0
20 0
21 0
22 1
23 0
24 1
25 0
26 0
27 1
28 0
29 1
30 4
31 2
32 2
33 1
34 2
35 9
36 3
37 2
38 3
39 1
40 2
41 1
42 3
43 2
44 1
45 3
46 2
47 1
48 1
49 0
50 1
51 1
52 1
53 0
54 4
55 1
56 3
57 2
58 0
59 0
60 1
61 1
62 0
63 2
64 0
65 0
66 1
67 2
68 2
69 1
70 0
71 0
72 2
73 1
74 3
75 2
76 0
77 1
78 5
79 0
80 0
81 2
82 1
83 0
84 6
85 5
86 2
87 1
88 7
89 0
90 9
91 2
92 7
93 4
94 4
95 6
96 5
97 2
98 4
99 3
100 2
101 5
102 9
103 7
104 6
105 6
106 9
107 4
108 9
109 13
110 14
111 10
112 15
113 19
114 18
115 36
116 26
117 38
118 51
119 40
120 60
121 43
122 74
123 66
124 121
125 109
126 99
127 115
128 152
129 160
130 137
131 134
132 160
133 183
134 166
135 223
136 171
137 198
138 212
139 217
140 286
141 325
142 357
143 360
144 398
145 440
146 426
147 487
148 523
149 581
150 509
151 596
152 616
153 636
154 744
155 774
156 682
157 852
158 865
159 817
160 736
161 829
162 829
163 861
164 911
165 906
166 1036
167 995
168 988
169 1158
170 1176
171 1208
172 1238
173 1305
174 1373
175 1510
176 1548
177 1550
178 1728
179 1761
180 1910
181 1864
182 1890
183 1797
184 1808
185 1976
186 1904
187 2195
188 2317
189 2403
190 2371
191 2411
192 2457
193 2391
194 2474
195 2542
196 2772
197 2711
198 2489
199 2637
200 2542
201 2532
202 2569
203 2633
204 2627
205 2625
206 2667
207 2761
208 2815
209 2864
210 2873
211 2866
212 2816
213 2861
214 2786
215 2817
216 2692
217 2482
218 2501
219 2409
220 2266
221 2214
222 2146
223 2156
224 2103
225 2102
226 2116
227 2049
228 2150
229 1932
230 1999
231 1959
232 1967
233 1940
234 1927
235 1989
236 2068
237 1806
238 1876
239 1667
240 1585
241 1493
242 1403
243 1272
244 1284
245 1096
246 1105
247 1095
248 1104
249 1077
250 1135
251 1043
252 1154
253 1213
254 1073
255 1193
256 1117
257 1152
258 1154
259 1090
260 1098
261 1115
262 1118
263 1016
264 1151
265 1015
266 992
267 1034
268 973
269 980
270 921
271 808
272 648
273 648
274 461
275 443
276 358
277 330
278 270
279 266
280 206
281 202
282 224
283 172
284 193
285 133
286 168
287 143
288 162
289 166
290 123
291 145
292 145
293 129
294 150
295 131
296 105
297 100
298 111
299 105
300 75
301 77
302 83
303 68
304 52
305 53
306 62
307 53
308 40
309 26
310 24
311 26
312 25
313 21
314 18
315 17
316 13
317 24
318 9
319 12
320 13
321 12
322 8
323 10
324 3
325 4
326 1
327 1
328 1
329 2
330 2
331 0
332 0
333 0
334 0
335 0
336 1
