0 0
1 0
2 0
3 0
4 0
5 0
6 0
7 0
8 0
9 0
10 0
11 0
12 0
13 0
14 0
15 0
16 2
17 0
18 1
19 0
20 1
21 0
22 0
23 4
24 5
25 4
26 14
27 9
28 8
29 5
30 3
31 10
32 7
33 5
34 6
35 2
36 4
37 8
38 7
39 1
40 7
41 6
42 15
43 2
44 5
45 4
46 7
47 7
48 2
49 10
50 3
51 6
52 3
53 3
54 6
55 11
56 8
57 15
58 6
59 3
60 6
61 1
62 4
63 3
64 2
65 0
66 2
67 4
68 3
69 2
70 2
71 0
72 5
73 0
74 8
75 2
76 0
77 0
78 1
79 6
80 4
81 5
82 6
83 3
84 9
85 6
86 1
87 5
88 5
89 6
90 6
91 8
92 9
93 6
94 5
95 6
96 4
97 3
98 3
99 2
100 3
101 0
102 0
103 0
104 2
105 0
106 0
107 2
108 2
109 0
110 3
111 10
112 13
113 17
114 15
115 30
116 32
117 30
118 49
119 57
120 64
121 63
122 62
123 121
124 114
125 104
126 137
127 123
128 157
129 156
130 167
131 196
132 250
133 298
134 343
135 461
136 538
137 634
138 701
139 761
140 879
141 759
142 857
143 688
144 697
145 632
146 724
147 598
148 715
149 695
150 737
151 760
152 823
153 774
154 798
155 805
156 852
157 813
158 768
159 788
160 707
161 707
162 785
163 698
164 824
165 806
166 873
167 886
168 947
169 913
170 1028
171 984
172 960
173 1050
174 1148
175 1097
176 1068
177 1109
178 1084
179 1116
180 1108
181 1139
182 1211
183 1239
184 1404
185 1357
186 1401
187 1497
188 1532
189 1595
190 1752
191 1671
192 1676
193 1719
194 1770
195 1795
196 1793
197 1979
198 1748
199 1844
200 1831
201 1782
202 1905
203 1895
204 1899
205 1820
206 1951
207 1879
208 1934
209 1923
210 1931
211 1954
212 1908
213 2014
214 1928
215 1974
216 2006
217 2080
218 2065
219 2124
220 1911
221 2115
222 2130
223 2220
224 2138
225 2242
226 2224
227 2101
228 2299
229 2329
230 2250
231 2402
232 2392
233 2379
234 2489
235 2632
236 2630
237 2648
238 2776
239 2729
240 2683
241 2656
242 2735
243 2589
244 2447
245 2219
246 2162
247 2072
248 1844
249 1789
250 1676
251 1460
252 1471
253 1485
254 1358
255 1476
256 1243
257 1246
258 1189
259 1220
260 1191
261 1215
262 1257
263 1246
264 1259
265 1211
266 1071
267 1126
268 1026
269 1068
270 1041
271 911
272 933
273 898
274 798
275 760
276 694
277 579
278 552
279 483
280 432
281 463
282 400
283 346
284 285
285 275
286 265
287 292
288 259
289 264
290 230
291 225
292 247
293 284
294 234
295 232
296 256
297 252
298 208
299 217
300 156
301 148
302 151
303 116
304 119
305 130
306 96
307 85
308 105
309 68
310 71
311 37
312 65
313 53
314 33
315 44
316 28
317 28
318 42
319 31
320 27
321 29
322 27
323 34
324 26
325 26
326 19
327 14
328 22
329 9
330 13
331 13
332 3
333 10
334 8
335 5
336 5
337 2
338 3
339 3
340 2
341 5
342 5
343 1
344 2
345 2
346 2
347 0
348 0
349 0
350 0
351 0
352 0
353 0
354 2
