0 0
1 0
2 0
3 0
4 0
5 0
6 0
7 0
8 0
9 0
10 0
11 0
12 0
13 0
14 0
15 0
16 0
17 0
18 0
19 0
20 0
21 0
22 0
23 0
24 0
25 0
26 0
27 0
28 0
29 0
30 0
31 0
32 0
33 0
34 0
35 0
36 0
37 0
38 0
39 0
40 0
41 0
42 0
43 0
44 0
45 0
46 0
47 0
48 0
49 0
50 0
51 0
52 0
53 0
54 0
55 0
56 0
57 0
58 0
59 0
60 0
61 0
62 0
63 0
64 0
65 0
66 0
67 0
68 0
69 0
70 0
71 0
72 0
73 0
74 0
75 0
76 0
77 0
78 0
79 0
80 0
81 0
82 0
83 0
84 0
85 0
86 0
87 0
88 0
89 0
90 0
91 0
92 0
93 2
94 0
95 0
96 0
97 2
98 2
99 2
100 4
101 2
102 1
103 1
104 2
105 2
106 6
107 7
108 5
109 6
110 10
111 15
112 6
113 12
114 6
115 12
116 3
117 3
118 9
119 3
120 6
121 13
122 8
123 6
124 4
125 4
126 9
127 23
128 9
129 10
130 8
131 18
132 35
133 18
134 28
135 20
136 29
137 18
138 35
139 28
140 32
141 41
142 34
143 26
144 33
145 53
146 60
147 88
148 104
149 122
150 152
151 183
152 210
153 232
154 324
155 388
156 437
157 417
158 508
159 574
160 616
161 578
162 541
163 581
164 574
165 557
166 576
167 547
168 601
169 618
170 677
171 661
172 757
173 753
174 798
175 913
176 840
177 917
178 870
179 980
180 1115
181 1187
182 1129
183 1340
184 1376
185 1413
186 1505
187 1586
188 1609
189 1656
190 1744
191 1842
192 1837
193 1879
194 1898
195 2021
196 1973
197 2161
198 2149
199 2243
200 2355
201 2481
202 2380
203 2552
204 2601
205 2764
206 2696
207 2655
208 2530
209 2513
210 2521
211 2288
212 2294
213 2226
214 2246
215 2198
216 2268
217 2201
218 2290
219 2141
220 2282
221 2152
222 2237
223 2114
224 1962
225 2192
226 2097
227 2382
228 2472
229 2541
230 2739
231 2684
232 2489
233 2251
234 2138
235 2257
236 1961
237 1965
238 1889
239 2067
240 2067
241 1927
242 2020
243 1886
244 2012
245 2124
246 2119
247 2129
248 2146
249 2396
250 2148
251 2149
252 2055
253 1899
254 1860
255 1660
256 1601
257 1439
258 1524
259 1452
260 1402
261 1293
262 1393
263 1285
264 1213
265 1292
266 1273
267 1127
268 1174
269 1101
270 948
271 1013
272 1003
273 951
274 854
275 839
276 747
277 784
278 765
279 751
280 760
281 716
282 690
283 661
284 677
285 596
286 619
287 574
288 582
289 563
290 547
291 493
292 482
293 457
294 448
295 418
296 400
297 320
298 357
299 338
300 276
301 313
302 276
303 289
304 273
305 249
306 301
307 240
308 253
309 258
310 227
311 217
312 228
313 205
314 176
315 195
316 174
317 133
318 154
319 100
320 129
321 89
322 113
323 90
324 76
325 79
326 75
327 59
328 48
329 43
330 40
331 37
332 22
333 27
334 19
335 6
336 20
337 14
338 7
339 11
340 5
341 4
342 7
343 1
344 8
345 6
346 9
347 3
348 2
349 2
350 2
351 1
352 2
353 1
354 0
355 0
356 1
