0 0
1 0
2 0
3 0
4 0
5 0
6 0
7 0
8 0
9 0
10 0
11 0
12 0
13 0
14 0
15 0
16 0
17 0
18 0
19 0
20 0
21 0
22 0
23 0
24 0
25 0
26 0
27 0
28 0
29 0
30 0
31 0
32 0
33 0
34 0
35 0
36 0
37 0
38 0
39 0
40 0
41 0
42 0
43 0
44 0
45 0
46 0
47 0
48 0
49 0
50 0
51 0
52 0
53 0
54 0
55 0
56 0
57 0
58 0
59 0
60 0
61 0
62 0
63 0
64 0
65 0
66 0
67 0
68 0
69 0
70 0
71 0
72 0
73 0
74 0
75 0
76 0
77 0
78 0
79 0
80 0
81 0
82 0
83 0
84 0
85 0
86 0
87 0
88 0
89 0
90 0
91 0
92 2
93 2
94 0
95 0
96 1
97 0
98 1
99 2
100 0
101 1
102 2
103 6
104 2
105 2
106 2
107 10
108 3
109 4
110 7
111 8
112 6
113 5
114 8
115 19
116 16
117 20
118 26
119 33
120 26
121 44
122 31
123 30
124 39
125 29
126 44
127 36
128 34
129 25
130 30
131 36
132 46
133 47
134 28
135 51
136 50
137 53
138 63
139 80
140 90
141 71
142 102
143 116
144 137
145 161
146 214
147 204
148 202
149 238
150 310
151 284
152 368
153 341
154 400
155 441
156 452
157 486
158 566
159 562
160 708
161 775
162 833
163 817
164 983
165 1128
166 1154
167 1330
168 1439
169 1468
170 1523
171 1560
172 1681
173 1845
174 1757
175 1766
176 1904
177 2045
178 2097
179 2106
180 2172
181 2122
182 2021
183 2201
184 2186
185 2164
186 2009
187 1991
188 1941
189 1915
190 1924
191 1955
192 2047
193 2074
194 2073
195 2109
196 2189
197 2222
198 2182
199 2230
200 2214
201 2150
202 2082
203 2236
204 2189
205 2406
206 2426
207 2473
208 2559
209 2572
210 2677
211 2608
212 2572
213 2589
214 2634
215 2508
216 2633
217 2430
218 2398
219 2252
220 2294
221 2261
222 2278
223 2238
224 2065
225 1919
226 2056
227 1924
228 1875
229 1906
230 2035
231 1838
232 1830
233 1914
234 1837
235 1873
236 1783
237 1737
238 1645
239 1719
240 1583
241 1588
242 1490
243 1482
244 1380
245 1387
246 1307
247 1268
248 1150
249 1153
250 1133
251 1072
252 1046
253 1010
254 944
255 1007
256 956
257 901
258 951
259 950
260 878
261 931
262 843
263 899
264 970
265 782
266 782
267 744
268 748
269 729
270 729
271 708
272 699
273 800
274 789
275 782
276 822
277 966
278 765
279 725
280 847
281 776
282 737
283 721
284 714
285 680
286 579
287 641
288 574
289 561
290 554
291 469
292 401
293 389
294 395
295 342
296 310
297 301
298 280
299 262
300 255
301 230
302 232
303 234
304 215
305 233
306 202
307 226
308 199
309 216
310 271
311 199
312 189
313 245
314 218
315 223
316 198
317 219
318 186
319 183
320 156
321 149
322 142
323 105
324 94
325 54
326 64
327 39
328 53
329 46
330 32
331 27
332 44
333 29
334 32
335 26
336 20
337 34
338 25
339 15
340 15
341 24
342 28
343 18
344 26
345 10
346 12
347 12
348 10
349 5
350 9
351 14
352 9
353 8
354 8
355 1
356 10
357 12
358 4
359 8
360 0
361 3
362 4
363 5
364 5
365 3
366 2
367 1
368 1
369 0
370 1
371 1
372 0
373 0
374 2
375 4
376 2
377 2
378 2
379 0
380 0
381 1
