0 0
1 0
2 0
3 0
4 0
5 0
6 0
7 0
8 0
9 0
10 0
11 0
12 0
13 0
14 0
15 0
16 0
17 0
18 0
19 0
20 0
21 0
22 0
23 0
24 0
25 0
26 0
27 0
28 0
29 0
30 0
31 0
32 0
33 0
34 0
35 0
36 0
37 0
38 0
39 0
40 0
41 0
42 0
43 0
44 0
45 0
46 0
47 0
48 0
49 0
50 0
51 0
52 0
53 0
54 0
55 0
56 0
57 0
58 0
59 0
60 0
61 0
62 0
63 0
64 0
65 0
66 0
67 0
68 0
69 0
70 0
71 0
72 0
73 0
74 0
75 0
76 0
77 0
78 0
79 0
80 0
81 0
82 0
83 0
84 0
85 0
86 0
87 0
88 0
89 0
90 0
91 0
92 0
93 0
94 0
95 0
96 0
97 0
98 0
99 1
100 0
101 0
102 0
103 2
104 0
105 0
106 0
107 0
108 0
109 0
110 0
111 0
112 0
113 0
114 0
115 0
116 0
117 0
118 2
119 0
120 0
121 0
122 1
123 1
124 0
125 0
126 1
127 1
128 2
129 2
130 1
131 0
132 2
133 1
134 0
135 1
136 2
137 1
138 3
139 3
140 4
141 1
142 0
143 3
144 5
145 2
146 0
147 2
148 7
149 2
150 6
151 9
152 5
153 3
154 5
155 5
156 12
157 8
158 4
159 4
160 13
161 3
162 9
163 23
164 28
165 25
166 32
167 15
168 28
169 30
170 38
171 73
172 68
173 61
174 65
175 71
176 85
177 71
178 79
179 100
180 108
181 111
182 130
183 114
184 125
185 97
186 142
187 149
188 164
189 175
190 170
191 240
192 219
193 241
194 332
195 407
196 484
197 536
198 644
199 790
200 839
201 911
202 1111
203 1111
204 1270
205 1255
206 1323
207 1347
208 1330
209 1377
210 1338
211 1467
212 1638
213 1691
214 1789
215 1830
216 1839
217 2011
218 2105
219 2102
220 2149
221 2203
222 2219
223 2312
224 2367
225 2396
226 2502
227 2482
228 2539
229 2876
230 2695
231 3006
232 2971
233 3017
234 3091
235 2960
236 3203
237 3185
238 3136
239 3114
240 2990
241 3036
242 3108
243 3070
244 2991
245 3023
246 2976
247 2932
248 2906
249 2763
250 2726
251 2739
252 2699
253 2634
254 2615
255 2579
256 2554
257 2454
258 2481
259 2424
260 2318
261 2374
262 2416
263 2214
264 2232
265 1985
266 2098
267 2065
268 1935
269 1707
270 1801
271 1783
272 1710
273 1759
274 1716
275 1642
276 1577
277 1647
278 1568
279 1457
280 1313
281 1360
282 1224
283 1222
284 1305
285 1233
286 1125
287 993
288 1077
289 931
290 900
291 877
292 832
293 891
294 910
295 906
296 925
297 910
298 862
299 899
300 841
301 838
302 844
303 755
304 685
305 609
306 590
307 523
308 553
309 651
310 498
311 577
312 554
313 457
314 440
315 427
316 353
317 370
318 409
319 305
320 343
321 282
322 277
323 247
324 232
325 233
326 205
327 312
328 246
329 334
330 277
331 264
332 263
333 210
334 254
335 201
336 168
337 199
338 136
339 87
340 82
341 54
342 41
343 19
344 14
345 14
346 15
347 16
348 9
349 12
350 12
351 5
352 8
353 11
354 4
355 3
356 3
357 1
358 1
