0 0
1 0
2 0
3 0
4 0
5 0
6 0
7 0
8 0
9 0
10 0
11 1
12 2
13 0
14 3
15 2
16 4
17 10
18 5
19 3
20 4
21 11
22 11
23 6
24 9
25 10
26 14
27 13
28 15
29 19
30 16
31 22
32 19
33 19
34 24
35 22
36 17
37 16
38 23
39 22
40 22
41 27
42 16
43 21
44 12
45 15
46 11
47 10
48 12
49 13
50 6
51 13
52 9
53 7
54 8
55 11
56 10
57 12
58 9
59 9
60 8
61 12
62 9
63 5
64 7
65 6
66 2
67 5
68 7
69 2
70 3
71 3
72 5
73 3
74 5
75 5
76 6
77 4
78 4
79 5
80 10
81 4
82 13
83 6
84 9
85 7
86 8
87 5
88 7
89 11
90 5
91 5
92 6
93 3
94 7
95 3
96 4
97 5
98 4
99 5
100 6
101 5
102 4
103 5
104 2
105 6
106 4
107 5
108 4
109 8
110 3
111 5
112 7
113 6
114 4
115 6
116 4
117 8
118 6
119 3
120 4
121 7
122 5
123 7
124 12
125 10
126 8
127 5
128 11
129 3
130 10
131 15
132 14
133 22
134 30
135 52
136 91
137 95
138 117
139 93
140 103
141 90
142 85
143 132
144 161
145 140
146 181
147 173
148 129
149 149
150 155
151 87
152 100
153 79
154 96
155 87
156 115
157 115
158 95
159 105
160 139
161 115
162 136
163 133
164 168
165 178
166 205
167 221
168 227
169 267
170 298
171 301
172 294
173 358
174 348
175 340
176 324
177 344
178 277
179 262
180 292
181 298
182 312
183 359
184 320
185 373
186 400
187 390
188 370
189 417
190 421
191 450
192 446
193 430
194 461
195 428
196 506
197 510
198 507
199 558
200 542
201 557
202 604
203 671
204 674
205 680
206 737
207 768
208 792
209 861
210 845
211 970
212 964
213 1013
214 1044
215 1145
216 1244
217 1338
218 1474
219 1539
220 1457
221 1550
222 1666
223 1582
224 1827
225 1757
226 1781
227 1813
228 2018
229 2281
230 2114
231 2401
232 2568
233 2797
234 2831
235 2909
236 2889
237 2892
238 2711
239 2742
240 2551
241 2550
242 2458
243 2505
244 2364
245 2451
246 2534
247 2556
248 2539
249 2637
250 2594
251 2503
252 2436
253 2379
254 2403
255 2380
256 2501
257 2354
258 2508
259 2397
260 2546
261 2559
262 2490
263 2552
264 2395
265 2494
266 2583
267 2450
268 2410
269 2260
270 2163
271 2162
272 2062
273 2007
274 1799
275 1744
276 1800
277 1821
278 1834
279 1698
280 1846
281 1704
282 1743
283 1834
284 1815
285 2057
286 2018
287 2024
288 2034
289 1802
290 1765
291 1678
292 1599
293 1425
294 1427
295 1363
296 1309
297 1293
298 1249
299 1188
300 1128
301 959
302 899
303 794
304 786
305 763
306 593
307 607
308 563
309 510
310 439
311 438
312 426
313 408
314 365
315 306
316 316
317 282
318 204
319 196
320 179
321 149
322 159
323 109
324 119
325 88
326 87
327 93
328 66
329 61
330 61
331 56
332 53
333 75
334 68
335 50
336 56
337 64
338 49
339 43
340 40
341 32
342 47
343 43
344 34
345 29
346 36
347 35
348 45
349 18
350 36
351 27
352 40
353 28
354 30
355 23
356 29
357 18
358 23
359 9
360 14
361 14
362 7
363 10
364 4
365 0
366 2
367 2
