0 0
1 0
2 0
3 0
4 0
5 0
6 0
7 0
8 0
9 0
10 0
11 0
12 0
13 0
14 0
15 0
16 0
17 0
18 0
19 0
20 0
21 0
22 0
23 0
24 0
25 0
26 0
27 0
28 0
29 0
30 0
31 0
32 0
33 0
34 0
35 0
36 0
37 0
38 0
39 0
40 0
41 0
42 0
43 0
44 0
45 0
46 0
47 0
48 0
49 0
50 0
51 0
52 0
53 0
54 0
55 0
56 0
57 0
58 0
59 1
60 0
61 0
62 0
63 0
64 0
65 0
66 0
67 0
68 0
69 0
70 0
71 0
72 0
73 0
74 0
75 0
76 0
77 0
78 0
79 0
80 0
81 0
82 0
83 0
84 0
85 0
86 0
87 0
88 0
89 0
90 0
91 2
92 0
93 0
94 6
95 0
96 1
97 0
98 1
99 7
100 3
101 1
102 5
103 7
104 1
105 4
106 2
107 3
108 0
109 1
110 5
111 5
112 6
113 6
114 5
115 8
116 3
117 2
118 2
119 4
120 7
121 0
122 8
123 3
124 7
125 3
126 7
127 4
128 3
129 5
130 2
131 6
132 7
133 2
134 11
135 11
136 5
137 4
138 7
139 10
140 17
141 10
142 8
143 7
144 18
145 11
146 9
147 13
148 14
149 14
150 31
151 12
152 15
153 22
154 17
155 28
156 35
157 22
158 35
159 31
160 32
161 49
162 41
163 62
164 62
165 64
166 77
167 99
168 108
169 103
170 198
171 178
172 252
173 257
174 306
175 433
176 446
177 461
178 548
179 622
180 604
181 649
182 721
183 833
184 909
185 1003
186 1039
187 1055
188 1101
189 1077
190 1141
191 1038
192 1219
193 1139
194 1116
195 1260
196 1408
197 1462
198 1400
199 1494
200 1640
201 1699
202 1812
203 1789
204 1805
205 1939
206 1892
207 2003
208 2062
209 2032
210 2227
211 2325
212 2512
213 2588
214 2504
215 2673
216 2719
217 2818
218 2884
219 2930
220 3076
221 2980
222 3118
223 3176
224 3129
225 3012
226 3085
227 3089
228 3203
229 3031
230 3003
231 3015
232 2956
233 2646
234 2697
235 2723
236 2561
237 2597
238 2469
239 2540
240 2649
241 2532
242 2405
243 2519
244 2364
245 2285
246 2312
247 2215
248 2140
249 2134
250 1948
251 2059
252 2006
253 1895
254 1907
255 1915
256 1784
257 1821
258 1768
259 1772
260 1887
261 1745
262 1713
263 1679
264 1780
265 1619
266 1527
267 1549
268 1473
269 1357
270 1335
271 1376
272 1192
273 1185
274 1158
275 1152
276 1043
277 1083
278 1081
279 963
280 909
281 948
282 861
283 805
284 796
285 749
286 690
287 604
288 608
289 593
290 544
291 497
292 570
293 540
294 473
295 484
296 440
297 446
298 463
299 430
300 430
301 377
302 384
303 403
304 395
305 354
306 406
307 468
308 361
309 427
310 404
311 385
312 368
313 363
314 341
315 324
316 293
317 280
318 253
319 189
320 197
321 175
322 110
323 97
324 94
325 79
326 60
327 48
328 42
329 53
330 45
331 60
332 75
333 56
334 53
335 56
336 61
337 88
338 56
339 46
340 36
341 35
342 21
343 12
344 5
345 0
346 0
347 1
348 1
349 0
350 0
351 0
352 1
353 0
354 0
355 0
356 0
357 0
358 0
359 0
360 0
361 0
362 0
363 0
364 0
365 1
