0 0
1 0
2 0
3 0
4 0
5 0
6 0
7 0
8 0
9 0
10 0
11 0
12 0
13 0
14 0
15 0
16 2
17 0
18 0
19 0
20 0
21 0
22 0
23 0
24 0
25 2
26 0
27 0
28 2
29 2
30 0
31 0
32 0
33 0
34 1
35 2
36 2
37 0
38 0
39 0
40 2
41 2
42 2
43 0
44 1
45 3
46 2
47 0
48 2
49 0
50 2
51 2
52 1
53 0
54 5
55 0
56 0
57 1
58 0
59 1
60 2
61 0
62 1
63 0
64 4
65 2
66 2
67 2
68 1
69 0
70 0
71 0
72 0
73 2
74 0
75 1
76 0
77 0
78 0
79 0
80 2
81 3
82 3
83 0
84 2
85 0
86 1
87 1
88 2
89 2
90 1
91 4
92 4
93 6
94 2
95 4
96 3
97 2
98 1
99 2
100 7
101 2
102 3
103 3
104 1
105 1
106 6
107 4
108 12
109 8
110 6
111 6
112 2
113 3
114 8
115 14
116 7
117 15
118 7
119 16
120 14
121 16
122 7
123 21
124 24
125 27
126 18
127 20
128 32
129 19
130 28
131 45
132 28
133 51
134 49
135 32
136 34
137 63
138 45
139 40
140 43
141 28
142 55
143 66
144 57
145 80
146 114
147 86
148 171
149 146
150 136
151 183
152 175
153 185
154 199
155 209
156 235
157 264
158 251
159 323
160 323
161 354
162 430
163 446
164 489
165 510
166 492
167 573
168 603
169 620
170 716
171 804
172 916
173 929
174 924
175 1040
176 1169
177 1142
178 1306
179 1274
180 1372
181 1520
182 1528
183 1540
184 1620
185 1539
186 1680
187 1680
188 1710
189 1672
190 1727
191 1850
192 1857
193 1853
194 1976
195 1914
196 1871
197 1937
198 1919
199 2023
200 2053
201 2083
202 2202
203 2286
204 2375
205 2441
206 2445
207 2592
208 2800
209 2908
210 2985
211 3108
212 2960
213 3141
214 2930
215 2923
216 2709
217 2785
218 2842
219 2761
220 2675
221 2662
222 2583
223 2706
224 2633
225 2666
226 2586
227 2536
228 2699
229 2803
230 2650
231 2680
232 2662
233 2626
234 2462
235 2458
236 2514
237 2321
238 2270
239 2099
240 1896
241 1740
242 1623
243 1479
244 1395
245 1300
246 1292
247 1233
248 1119
249 1118
250 1118
251 1096
252 1098
253 991
254 993
255 948
256 880
257 850
258 812
259 823
260 747
261 721
262 733
263 694
264 659
265 672
266 647
267 664
268 736
269 703
270 715
271 762
272 799
273 792
274 856
275 858
276 883
277 899
278 878
279 848
280 828
281 866
282 875
283 842
284 820
285 900
286 866
287 719
288 763
289 784
290 727
291 751
292 693
293 586
294 554
295 476
296 523
297 487
298 476
299 449
300 420
301 417
302 412
303 374
304 371
305 444
306 392
307 330
308 310
309 271
310 241
311 230
312 259
313 249
314 290
315 289
316 274
317 290
318 316
319 297
320 264
321 237
322 239
323 192
324 202
325 167
326 144
327 120
328 130
329 118
330 85
331 109
332 95
333 122
334 85
335 78
336 61
337 58
338 39
339 45
340 23
341 15
342 19
343 9
344 13
345 5
346 0
347 6
348 3
349 2
350 2
351 1
352 0
353 0
354 2
355 0
356 1
357 0
358 1
