0 0
1 0
2 0
3 0
4 0
5 0
6 0
7 0
8 0
9 0
10 0
11 0
12 0
13 0
14 0
15 0
16 0
17 0
18 0
19 0
20 0
21 0
22 0
23 0
24 0
25 0
26 0
27 0
28 0
29 0
30 0
31 0
32 0
33 0
34 0
35 0
36 0
37 0
38 0
39 0
40 0
41 0
42 0
43 0
44 0
45 0
46 0
47 0
48 0
49 0
50 0
51 1
52 0
53 0
54 0
55 0
56 0
57 0
58 0
59 0
60 1
61 0
62 1
63 3
64 4
65 0
66 2
67 1
68 6
69 0
70 3
71 2
72 2
73 3
74 1
75 15
76 3
77 2
78 0
79 12
80 10
81 6
82 9
83 7
84 11
85 15
86 10
87 12
88 18
89 12
90 18
91 18
92 12
93 14
94 9
95 12
96 8
97 11
98 7
99 21
100 9
101 16
102 20
103 23
104 9
105 10
106 12
107 11
108 20
109 8
110 10
111 13
112 15
113 23
114 19
115 10
116 15
117 6
118 16
119 18
120 20
121 15
122 10
123 8
124 16
125 18
126 13
127 12
128 27
129 10
130 28
131 24
132 30
133 29
134 36
135 28
136 20
137 29
138 51
139 42
140 43
141 33
142 37
143 48
144 38
145 54
146 41
147 52
148 57
149 74
150 75
151 72
152 110
153 94
154 111
155 112
156 134
157 153
158 159
159 170
160 227
161 172
162 201
163 285
164 282
165 335
166 395
167 467
168 611
169 538
170 675
171 690
172 681
173 754
174 851
175 850
176 848
177 926
178 922
179 930
180 1064
181 1112
182 1192
183 1233
184 1307
185 1335
186 1309
187 1319
188 1387
189 1312
190 1371
191 1458
192 1438
193 1443
194 1480
195 1489
196 1523
197 1592
198 1683
199 1750
200 1934
201 1770
202 2021
203 1934
204 1985
205 2098
206 2259
207 2199
208 2168
209 2231
210 2241
211 2282
212 2382
213 2352
214 2309
215 2480
216 2605
217 2873
218 2914
219 2930
220 2829
221 2887
222 2806
223 2668
224 2610
225 2555
226 2642
227 2491
228 2598
229 2402
230 2563
231 2482
232 2540
233 2449
234 2305
235 2229
236 2089
237 2280
238 2231
239 2245
240 2250
241 2364
242 2195
243 2175
244 2134
245 2210
246 2162
247 2214
248 2041
249 2085
250 2013
251 1882
252 1724
253 1796
254 1671
255 1604
256 1600
257 1523
258 1438
259 1463
260 1596
261 1463
262 1439
263 1415
264 1399
265 1442
266 1439
267 1456
268 1486
269 1522
270 1574
271 1451
272 1404
273 1342
274 1324
275 1346
276 1267
277 1161
278 1063
279 939
280 868
281 879
282 778
283 882
284 785
285 749
286 816
287 825
288 796
289 817
290 806
291 696
292 734
293 678
294 646
295 688
296 539
297 385
298 304
299 310
300 199
301 243
302 213
303 197
304 148
305 149
306 142
307 131
308 110
309 111
310 132
311 109
312 95
313 88
314 62
315 62
316 58
317 60
318 49
319 60
320 79
321 40
322 49
323 40
324 30
325 39
326 28
327 31
328 27
329 41
330 35
331 34
332 28
333 24
334 20
335 13
336 14
337 30
338 15
339 10
340 11
341 7
342 4
343 6
344 9
345 3
346 6
347 2
348 4
349 6
350 5
351 4
352 0
353 4
354 3
355 1
356 1
357 2
358 0
359 2
360 0
361 0
362 0
363 0
364 1
