0 0
1 0
2 0
3 0
4 0
5 0
6 0
7 0
8 0
9 0
10 0
11 0
12 0
13 0
14 0
15 0
16 0
17 0
18 0
19 0
20 0
21 0
22 0
23 0
24 0
25 0
26 0
27 0
28 0
29 0
30 0
31 0
32 0
33 0
34 0
35 0
36 0
37 0
38 0
39 0
40 0
41 0
42 0
43 0
44 0
45 0
46 0
47 0
48 0
49 0
50 0
51 0
52 0
53 0
54 0
55 0
56 0
57 0
58 0
59 0
60 0
61 0
62 0
63 0
64 0
65 0
66 0
67 0
68 0
69 0
70 0
71 0
72 0
73 0
74 0
75 0
76 0
77 0
78 0
79 0
80 0
81 0
82 0
83 0
84 0
85 0
86 0
87 0
88 0
89 0
90 0
91 0
92 0
93 0
94 0
95 0
96 0
97 0
98 0
99 0
100 0
101 0
102 0
103 0
104 0
105 0
106 0
107 0
108 0
109 0
110 0
111 0
112 0
113 0
114 0
115 0
116 0
117 0
118 0
119 0
120 0
121 0
122 0
123 0
124 2
125 0
126 0
127 0
128 3
129 4
130 1
131 0
132 5
133 0
134 0
135 6
136 1
137 5
138 7
139 10
140 10
141 14
142 3
143 12
144 15
145 11
146 19
147 65
148 36
149 42
150 44
151 69
152 95
153 99
154 104
155 146
156 183
157 183
158 221
159 300
160 341
161 398
162 442
163 567
164 531
165 564
166 619
167 646
168 623
169 602
170 632
171 651
172 733
173 757
174 850
175 1003
176 1082
177 1192
178 1148
179 1142
180 1186
181 1109
182 1144
183 1125
184 1273
185 1214
186 1296
187 1166
188 1200
189 1221
190 1197
191 1311
192 1252
193 1171
194 1239
195 1221
196 1333
197 1322
198 1340
199 1458
200 1403
201 1553
202 1563
203 1681
204 1666
205 1644
206 1733
207 1691
208 1728
209 1751
210 1751
211 1869
212 1888
213 1889
214 1960
215 1831
216 1952
217 1932
218 1941
219 1855
220 2053
221 2072
222 1917
223 1960
224 2066
225 1984
226 1872
227 1910
228 2100
229 1947
230 2109
231 2174
232 2227
233 2101
234 2282
235 2286
236 2309
237 2526
238 2423
239 2366
240 2444
241 2451
242 2564
243 2376
244 2476
245 2284
246 2250
247 2337
248 2374
249 2338
250 2202
251 2156
252 2188
253 2150
254 1967
255 1996
256 2024
257 1996
258 1893
259 1697
260 1762
261 1809
262 1679
263 1789
264 1680
265 1752
266 1695
267 1654
268 1696
269 1720
270 1720
271 1829
272 1731
273 1664
274 1676
275 1652
276 1525
277 1433
278 1230
279 1219
280 1174
281 1121
282 1022
283 912
284 868
285 745
286 752
287 681
288 623
289 653
290 675
291 630
292 636
293 650
294 520
295 541
296 462
297 493
298 426
299 397
300 416
301 389
302 392
303 368
304 372
305 399
306 389
307 468
308 452
309 416
310 495
311 451
312 455
313 440
314 392
315 372
316 302
317 267
318 245
319 267
320 217
321 238
322 218
323 214
324 193
325 214
326 189
327 212
328 194
329 210
330 193
331 136
332 121
333 122
334 108
335 92
336 54
337 58
338 38
339 58
340 37
341 33
342 52
343 44
344 20
345 22
346 20
347 29
348 11
349 16
350 13
351 18
352 13
353 10
354 10
355 10
356 9
357 10
358 10
359 12
360 5
361 6
362 3
363 3
364 0
365 2
366 4
367 6
368 2
369 2
370 2
371 2
372 1
373 0
374 0
375 0
376 0
377 0
378 1
