0 0
1 0
2 0
3 0
4 0
5 0
6 0
7 0
8 0
9 0
10 0
11 0
12 0
13 0
14 0
15 0
16 0
17 0
18 0
19 0
20 0
21 0
22 0
23 0
24 0
25 0
26 0
27 0
28 0
29 0
30 0
31 0
32 0
33 0
34 0
35 0
36 0
37 0
38 0
39 0
40 0
41 0
42 0
43 0
44 0
45 0
46 0
47 0
48 0
49 0
50 0
51 0
52 0
53 0
54 0
55 0
56 0
57 0
58 0
59 0
60 0
61 0
62 0
63 0
64 0
65 0
66 0
67 0
68 0
69 0
70 0
71 0
72 0
73 0
74 0
75 0
76 0
77 0
78 0
79 0
80 0
81 0
82 0
83 0
84 0
85 0
86 0
87 0
88 0
89 0
90 0
91 0
92 0
93 0
94 0
95 0
96 1
97 0
98 0
99 0
100 0
101 0
102 0
103 0
104 0
105 1
106 1
107 2
108 1
109 1
110 1
111 2
112 1
113 5
114 5
115 1
116 3
117 3
118 3
119 5
120 6
121 6
122 2
123 2
124 4
125 5
126 13
127 11
128 11
129 11
130 8
131 17
132 14
133 12
134 16
135 17
136 23
137 18
138 18
139 22
140 36
141 39
142 19
143 22
144 46
145 42
146 52
147 51
148 55
149 56
150 50
151 59
152 73
153 91
154 82
155 87
156 96
157 113
158 89
159 110
160 131
161 134
162 159
163 170
164 193
165 171
166 239
167 218
168 314
169 274
170 312
171 423
172 421
173 476
174 507
175 621
176 621
177 681
178 700
179 873
180 748
181 737
182 941
183 968
184 968
185 1000
186 1071
187 999
188 1142
189 1218
190 1320
191 1328
192 1421
193 1522
194 1490
195 1523
196 1610
197 1651
198 1796
199 1943
200 2074
201 2139
202 2371
203 2509
204 2539
205 2589
206 2568
207 2490
208 2595
209 2430
210 2510
211 2602
212 2706
213 2767
214 2769
215 2668
216 2739
217 2641
218 2435
219 2321
220 2325
221 2467
222 2372
223 2428
224 2368
225 2407
226 2490
227 2378
228 2634
229 2463
230 2552
231 2645
232 2708
233 2625
234 2735
235 2643
236 2435
237 2695
238 2520
239 2640
240 2640
241 2704
242 2554
243 2572
244 2485
245 2318
246 2409
247 2341
248 2191
249 2077
250 2068
251 2021
252 2018
253 1843
254 1858
255 1821
256 1708
257 1625
258 1744
259 1755
260 1697
261 1781
262 1713
263 1748
264 1569
265 1577
266 1469
267 1492
268 1377
269 1430
270 1341
271 1273
272 1235
273 1164
274 1102
275 1105
276 1101
277 979
278 958
279 880
280 858
281 742
282 679
283 622
284 630
285 622
286 538
287 531
288 482
289 491
290 480
291 424
292 356
293 424
294 411
295 378
296 361
297 326
298 373
299 367
300 334
301 365
302 362
303 329
304 260
305 252
306 260
307 226
308 192
309 192
310 157
311 161
312 161
313 157
314 143
315 139
316 165
317 145
318 146
319 148
320 136
321 106
322 106
323 120
324 88
325 58
326 79
327 62
328 37
329 65
330 57
331 48
332 63
333 35
334 56
335 35
336 42
337 33
338 33
339 22
340 18
341 13
342 19
343 17
344 10
345 13
346 16
347 13
348 13
349 13
350 8
351 7
352 4
353 5
354 6
355 4
356 10
357 6
358 3
359 3
360 4
361 2
362 4
363 5
364 3
365 4
366 4
367 4
368 4
369 4
370 5
371 4
372 2
373 2
374 3
375 5
376 1
377 3
378 3
379 3
380 3
381 2
382 5
383 2
384 3
385 6
386 7
387 5
388 3
389 2
390 2
391 0
392 2
393 1
394 0
395 0
396 1
397 0
398 3
399 2
400 1
401 0
402 0
403 0
404 0
405 0
406 2
