0 0
1 0
2 0
3 0
4 0
5 0
6 0
7 0
8 0
9 0
10 0
11 0
12 0
13 0
14 0
15 0
16 0
17 0
18 0
19 0
20 0
21 0
22 0
23 0
24 0
25 0
26 0
27 0
28 0
29 0
30 0
31 0
32 0
33 0
34 0
35 0
36 0
37 0
38 0
39 0
40 1
41 1
42 2
43 0
44 0
45 0
46 0
47 0
48 0
49 0
50 0
51 0
52 1
53 0
54 0
55 0
56 1
57 0
58 0
59 0
60 0
61 0
62 0
63 0
64 0
65 0
66 0
67 0
68 0
69 0
70 0
71 0
72 0
73 0
74 0
75 0
76 0
77 0
78 0
79 1
80 0
81 0
82 0
83 0
84 0
85 0
86 0
87 0
88 0
89 0
90 0
91 1
92 1
93 1
94 0
95 0
96 0
97 0
98 0
99 0
100 0
101 0
102 1
103 0
104 0
105 0
106 0
107 0
108 1
109 0
110 0
111 0
112 3
113 0
114 0
115 1
116 0
117 0
118 0
119 0
120 1
121 0
122 0
123 2
124 0
125 0
126 1
127 0
128 1
129 1
130 0
131 1
132 0
133 4
134 4
135 7
136 10
137 12
138 12
139 16
140 8
141 17
142 16
143 14
144 21
145 18
146 28
147 40
148 42
149 41
150 53
151 53
152 54
153 72
154 62
155 58
156 57
157 49
158 42
159 52
160 57
161 61
162 79
163 80
164 81
165 102
166 133
167 122
168 178
169 194
170 240
171 263
172 291
173 335
174 338
175 348
176 403
177 447
178 435
179 434
180 475
181 495
182 527
183 536
184 586
185 584
186 626
187 674
188 716
189 755
190 808
191 756
192 761
193 855
194 927
195 1022
196 1160
197 1308
198 1284
199 1331
200 1380
201 1455
202 1333
203 1375
204 1426
205 1481
206 1446
207 1579
208 1706
209 1555
210 1673
211 1806
212 2025
213 2077
214 2055
215 2254
216 2342
217 2399
218 2542
219 2536
220 2590
221 2596
222 2780
223 2892
224 2949
225 2941
226 2805
227 2824
228 3006
229 3024
230 2982
231 3039
232 3092
233 3126
234 3169
235 3103
236 3234
237 3187
238 3357
239 3459
240 3160
241 3180
242 3116
243 2960
244 2719
245 2668
246 2410
247 2169
248 2197
249 2167
250 2230
251 2155
252 2125
253 2133
254 2144
255 2170
256 2193
257 2117
258 1992
259 1953
260 1979
261 1857
262 1820
263 1737
264 1650
265 1606
266 1490
267 1328
268 1430
269 1228
270 1339
271 1350
272 1217
273 1244
274 1334
275 1219
276 1244
277 1290
278 1325
279 1327
280 1208
281 1284
282 1129
283 1195
284 1081
285 946
286 917
287 828
288 805
289 782
290 655
291 733
292 617
293 553
294 554
295 525
296 524
297 538
298 499
299 506
300 441
301 465
302 461
303 465
304 363
305 365
306 407
307 411
308 355
309 381
310 357
311 417
312 446
313 393
314 415
315 337
316 305
317 295
318 341
319 280
320 249
321 237
322 270
323 193
324 133
325 107
326 121
327 121
328 111
329 76
330 64
331 48
332 65
333 51
334 36
335 44
336 30
337 35
338 25
339 25
340 23
341 25
342 16
343 15
344 28
345 22
346 21
347 21
348 23
349 16
350 10
351 12
352 8
353 9
354 5
355 6
356 5
357 1
358 3
359 4
360 0
361 2
362 0
363 2
364 0
365 0
366 0
367 0
368 1
