0 0
1 0
2 0
3 0
4 0
5 0
6 0
7 0
8 0
9 0
10 0
11 0
12 0
13 0
14 0
15 0
16 0
17 0
18 0
19 0
20 0
21 0
22 0
23 0
24 0
25 0
26 0
27 0
28 0
29 0
30 0
31 0
32 0
33 0
34 0
35 0
36 0
37 0
38 0
39 0
40 0
41 0
42 0
43 0
44 0
45 0
46 0
47 0
48 0
49 0
50 0
51 0
52 0
53 0
54 0
55 0
56 0
57 0
58 0
59 0
60 0
61 0
62 0
63 0
64 0
65 0
66 0
67 0
68 0
69 0
70 0
71 0
72 0
73 0
74 0
75 0
76 0
77 0
78 0
79 0
80 0
81 0
82 0
83 0
84 0
85 0
86 0
87 0
88 0
89 0
90 0
91 0
92 0
93 0
94 0
95 0
96 0
97 0
98 0
99 0
100 0
101 0
102 0
103 0
104 0
105 0
106 0
107 0
108 0
109 0
110 0
111 0
112 0
113 1
114 1
115 3
116 7
117 6
118 12
119 11
120 25
121 19
122 22
123 30
124 20
125 20
126 37
127 25
128 17
129 28
130 36
131 34
132 68
133 77
134 79
135 113
136 106
137 112
138 127
139 115
140 155
141 152
142 104
143 96
144 102
145 116
146 83
147 119
148 124
149 115
150 116
151 98
152 114
153 144
154 119
155 153
156 121
157 174
158 158
159 176
160 211
161 207
162 283
163 293
164 271
165 337
166 356
167 402
168 440
169 445
170 541
171 503
172 539
173 591
174 715
175 734
176 774
177 860
178 967
179 1049
180 1066
181 907
182 890
183 989
184 1025
185 1058
186 1053
187 966
188 1073
189 1010
190 1194
191 1242
192 1251
193 1399
194 1418
195 1474
196 1598
197 1593
198 1715
199 1650
200 1638
201 1813
202 1693
203 1645
204 1683
205 1817
206 1809
207 1984
208 1814
209 1942
210 1974
211 1992
212 2017
213 2065
214 2212
215 2247
216 2380
217 2412
218 2610
219 2669
220 2886
221 3009
222 2887
223 3036
224 2962
225 2823
226 2728
227 2726
228 2651
229 2597
230 2557
231 2465
232 2628
233 2457
234 2474
235 2483
236 2467
237 2579
238 2508
239 2701
240 2629
241 2877
242 2838
243 2864
244 2679
245 2549
246 2392
247 2298
248 2175
249 2148
250 2094
251 1961
252 1936
253 1761
254 1842
255 1785
256 1793
257 1669
258 1562
259 1581
260 1608
261 1560
262 1373
263 1398
264 1273
265 1179
266 1097
267 1078
268 994
269 965
270 1004
271 996
272 1006
273 919
274 902
275 961
276 912
277 956
278 1069
279 994
280 976
281 940
282 908
283 962
284 850
285 957
286 1003
287 1021
288 980
289 1063
290 1113
291 987
292 860
293 851
294 751
295 663
296 622
297 538
298 507
299 456
300 469
301 384
302 373
303 273
304 321
305 252
306 266
307 227
308 204
309 202
310 186
311 172
312 158
313 193
314 165
315 154
316 118
317 126
318 128
319 106
320 105
321 107
322 78
323 85
324 91
325 70
326 84
327 56
328 59
329 61
330 66
331 40
332 38
333 36
334 34
335 39
336 32
337 17
338 22
339 13
340 27
341 18
342 17
343 13
344 8
345 14
346 6
347 6
348 8
349 6
350 7
351 6
352 2
353 1
354 4
355 3
356 1
357 1
358 1
359 0
360 3
361 0
362 0
363 0
364 0
365 0
366 0
367 0
368 1
