0 0
1 0
2 0
3 0
4 0
5 0
6 0
7 0
8 0
9 0
10 0
11 0
12 0
13 0
14 0
15 0
16 0
17 0
18 0
19 0
20 0
21 0
22 0
23 0
24 0
25 0
26 0
27 0
28 0
29 0
30 0
31 0
32 0
33 0
34 0
35 0
36 0
37 0
38 0
39 0
40 0
41 0
42 0
43 0
44 0
45 0
46 0
47 0
48 0
49 0
50 0
51 0
52 0
53 0
54 0
55 0
56 0
57 0
58 0
59 0
60 0
61 0
62 0
63 0
64 0
65 0
66 0
67 0
68 0
69 0
70 0
71 0
72 0
73 0
74 0
75 0
76 0
77 0
78 0
79 0
80 0
81 0
82 0
83 0
84 0
85 0
86 0
87 0
88 0
89 0
90 0
91 0
92 0
93 0
94 0
95 0
96 0
97 0
98 0
99 0
100 0
101 0
102 0
103 0
104 0
105 0
106 0
107 0
108 1
109 1
110 0
111 0
112 1
113 1
114 0
115 0
116 2
117 1
118 1
119 1
120 0
121 2
122 1
123 2
124 3
125 9
126 17
127 11
128 17
129 39
130 41
131 68
132 72
133 102
134 102
135 117
136 137
137 157
138 190
139 168
140 188
141 170
142 192
143 191
144 274
145 248
146 308
147 294
148 359
149 372
150 454
151 546
152 792
153 831
154 899
155 735
156 737
157 595
158 571
159 590
160 665
161 674
162 765
163 857
164 889
165 1015
166 951
167 1062
168 1073
169 1050
170 1155
171 1029
172 1175
173 1133
174 1127
175 1098
176 1146
177 1165
178 1299
179 1332
180 1459
181 1389
182 1560
183 1537
184 1364
185 1355
186 1464
187 1439
188 1463
189 1549
190 1578
191 1484
192 1534
193 1623
194 1559
195 1594
196 1640
197 1667
198 1817
199 1803
200 1951
201 2088
202 2207
203 2257
204 2199
205 2284
206 2400
207 2210
208 2081
209 2124
210 2107
211 2020
212 1960
213 2099
214 2083
215 2082
216 2050
217 2199
218 2232
219 2297
220 2312
221 2378
222 2441
223 2489
224 2631
225 2659
226 2658
227 2673
228 2654
229 2759
230 2623
231 2710
232 2456
233 2511
234 2386
235 2283
236 2295
237 2303
238 2246
239 2245
240 2190
241 2265
242 2137
243 2082
244 2050
245 1952
246 1808
247 1860
248 1806
249 1748
250 1783
251 1713
252 1641
253 1640
254 1564
255 1630
256 1621
257 1611
258 1688
259 1648
260 1642
261 1626
262 1657
263 1581
264 1405
265 1335
266 1218
267 1377
268 1227
269 1140
270 1256
271 1101
272 951
273 902
274 924
275 800
276 756
277 767
278 671
279 587
280 617
281 610
282 487
283 457
284 434
285 395
286 400
287 316
288 277
289 267
290 198
291 183
292 156
293 149
294 127
295 108
296 138
297 131
298 131
299 128
300 109
301 98
302 92
303 76
304 62
305 84
306 74
307 70
308 75
309 53
310 56
311 45
312 55
313 36
314 40
315 42
316 49
317 31
318 26
319 33
320 28
321 31
322 31
323 19
324 11
325 23
326 14
327 7
328 12
329 6
330 3
331 3
332 1
333 5
334 1
335 2
336 4
337 4
338 1
339 4
340 2
341 2
342 4
343 7
344 1
345 0
346 3
347 0
348 4
349 1
350 3
351 0
352 0
353 1
