0 0
1 0
2 0
3 0
4 0
5 0
6 0
7 0
8 0
9 0
10 0
11 0
12 0
13 0
14 0
15 0
16 0
17 0
18 0
19 0
20 0
21 0
22 0
23 0
24 2
25 0
26 0
27 0
28 0
29 0
30 0
31 0
32 0
33 0
34 0
35 0
36 2
37 0
38 0
39 1
40 1
41 0
42 1
43 0
44 0
45 0
46 0
47 0
48 0
49 0
50 0
51 0
52 0
53 2
54 3
55 0
56 0
57 0
58 0
59 0
60 0
61 0
62 0
63 0
64 0
65 1
66 0
67 0
68 0
69 0
70 3
71 2
72 0
73 0
74 1
75 0
76 0
77 0
78 0
79 1
80 0
81 2
82 0
83 0
84 0
85 0
86 0
87 0
88 0
89 0
90 0
91 0
92 2
93 2
94 0
95 3
96 3
97 0
98 0
99 0
100 3
101 1
102 0
103 0
104 3
105 3
106 0
107 2
108 2
109 1
110 0
111 1
112 7
113 2
114 5
115 2
116 3
117 4
118 4
119 0
120 3
121 6
122 8
123 7
124 4
125 5
126 9
127 5
128 8
129 4
130 7
131 10
132 16
133 8
134 7
135 17
136 12
137 12
138 11
139 11
140 10
141 19
142 13
143 19
144 25
145 24
146 31
147 35
148 47
149 41
150 71
151 68
152 87
153 118
154 114
155 119
156 173
157 162
158 176
159 205
160 239
161 215
162 227
163 284
164 285
165 314
166 358
167 320
168 370
169 412
170 440
171 419
172 463
173 496
174 474
175 460
176 414
177 527
178 510
179 516
180 572
181 527
182 569
183 676
184 695
185 832
186 861
187 921
188 1062
189 1155
190 1218
191 1268
192 1363
193 1364
194 1285
195 1390
196 1405
197 1442
198 1534
199 1484
200 1420
201 1494
202 1528
203 1543
204 1597
205 1551
206 1607
207 1752
208 1808
209 1886
210 2044
211 1949
212 2036
213 2007
214 1964
215 1934
216 2147
217 2170
218 2201
219 2161
220 2244
221 2025
222 2084
223 2107
224 1952
225 1856
226 1857
227 2047
228 1971
229 1832
230 2098
231 2001
232 2004
233 2147
234 2130
235 2046
236 1953
237 2060
238 2105
239 2102
240 2179
241 2109
242 2110
243 2056
244 2034
245 2041
246 1896
247 1953
248 2084
249 2129
250 2133
251 2207
252 2331
253 2270
254 2231
255 2237
256 2274
257 2228
258 2163
259 2242
260 2398
261 2106
262 2162
263 2359
264 2281
265 2227
266 2171
267 2171
268 2058
269 2144
270 2034
271 2045
272 2005
273 1929
274 1886
275 1920
276 1825
277 1801
278 1759
279 1620
280 1634
281 1558
282 1463
283 1388
284 1359
285 1280
286 1197
287 1211
288 1203
289 1156
290 996
291 990
292 903
293 858
294 756
295 757
296 808
297 797
298 718
299 705
300 610
301 602
302 560
303 518
304 454
305 411
306 350
307 337
308 293
309 324
310 251
311 216
312 200
313 152
314 172
315 147
316 143
317 101
318 104
319 133
320 94
321 93
322 78
323 68
324 65
325 53
326 42
327 44
328 45
329 30
330 28
331 24
332 29
333 26
334 13
335 17
336 18
337 22
338 12
339 13
340 7
341 8
342 8
343 6
344 16
345 7
346 8
347 8
348 3
349 5
350 9
351 5
352 3
353 7
354 4
355 4
356 2
357 3
358 1
359 4
360 5
361 2
362 4
363 4
364 1
365 2
366 2
367 0
368 0
369 0
370 0
371 1
