0 0
1 0
2 0
3 0
4 0
5 0
6 0
7 0
8 0
9 0
10 0
11 0
12 0
13 0
14 0
15 0
16 0
17 0
18 0
19 0
20 0
21 0
22 0
23 0
24 0
25 0
26 0
27 0
28 0
29 0
30 0
31 0
32 0
33 0
34 0
35 0
36 0
37 0
38 0
39 0
40 0
41 0
42 0
43 0
44 0
45 0
46 0
47 0
48 0
49 0
50 0
51 0
52 0
53 0
54 0
55 0
56 0
57 0
58 0
59 0
60 0
61 1
62 0
63 0
64 0
65 0
66 0
67 0
68 0
69 0
70 0
71 0
72 1
73 1
74 2
75 0
76 0
77 1
78 1
79 1
80 0
81 0
82 3
83 3
84 1
85 3
86 3
87 2
88 4
89 4
90 3
91 7
92 3
93 5
94 5
95 8
96 9
97 1
98 4
99 4
100 9
101 5
102 4
103 11
104 4
105 8
106 10
107 14
108 9
109 7
110 7
111 10
112 12
113 14
114 24
115 25
116 20
117 32
118 20
119 22
120 38
121 31
122 34
123 33
124 37
125 34
126 30
127 32
128 29
129 60
130 39
131 50
132 57
133 63
134 84
135 81
136 97
137 116
138 123
139 98
140 129
141 145
142 138
143 164
144 156
145 181
146 185
147 180
148 229
149 214
150 216
151 237
152 259
153 281
154 294
155 325
156 363
157 417
158 450
159 561
160 606
161 533
162 589
163 649
164 668
165 680
166 726
167 787
168 843
169 900
170 878
171 977
172 1015
173 1109
174 1158
175 1264
176 1196
177 1411
178 1555
179 1675
180 1831
181 1721
182 1805
183 1709
184 1810
185 1765
186 1747
187 1767
188 1667
189 1721
190 1562
191 1587
192 1545
193 1528
194 1631
195 1539
196 1598
197 1705
198 1697
199 1857
200 1828
201 1957
202 1910
203 2025
204 2029
205 2099
206 2101
207 2092
208 2212
209 2098
210 2225
211 2269
212 2236
213 2198
214 2165
215 2204
216 2307
217 2537
218 2605
219 2425
220 2462
221 2346
222 2340
223 2305
224 2363
225 2244
226 2142
227 1964
228 2022
229 2024
230 1995
231 1904
232 1709
233 1791
234 1811
235 1748
236 1788
237 1790
238 1641
239 1684
240 1601
241 1620
242 1761
243 1797
244 1830
245 1723
246 1887
247 1884
248 1765
249 1824
250 1803
251 1690
252 1621
253 1553
254 1597
255 1478
256 1361
257 1317
258 1419
259 1411
260 1351
261 1310
262 1327
263 1207
264 1327
265 1156
266 1199
267 1143
268 1155
269 1039
270 1050
271 1067
272 1046
273 1051
274 961
275 944
276 951
277 955
278 963
279 985
280 849
281 819
282 970
283 1067
284 1091
285 1106
286 1146
287 1186
288 1010
289 1172
290 1156
291 1100
292 911
293 827
294 735
295 654
296 543
297 461
298 432
299 378
300 295
301 248
302 265
303 223
304 233
305 241
306 199
307 182
308 184
309 162
310 148
311 129
312 176
313 143
314 112
315 108
316 96
317 109
318 92
319 82
320 60
321 94
322 94
323 80
324 74
325 71
326 80
327 55
328 74
329 57
330 68
331 61
332 59
333 59
334 48
335 68
336 47
337 39
338 45
339 59
340 42
341 36
342 49
343 36
344 26
345 52
346 31
347 33
348 36
349 37
350 28
351 16
352 22
353 19
354 15
355 21
356 18
357 13
358 8
359 12
360 7
361 1
362 3
363 4
364 1
365 1
366 2
367 0
368 3
