0 0
1 0
2 0
3 0
4 0
5 0
6 0
7 0
8 1
9 0
10 0
11 0
12 0
13 0
14 0
15 0
16 0
17 0
18 0
19 0
20 0
21 4
22 1
23 1
24 3
25 6
26 0
27 6
28 0
29 0
30 3
31 0
32 7
33 3
34 2
35 2
36 9
37 9
38 6
39 2
40 9
41 5
42 18
43 7
44 9
45 21
46 13
47 8
48 7
49 3
50 10
51 17
52 3
53 7
54 9
55 5
56 14
57 8
58 7
59 8
60 5
61 12
62 7
63 6
64 12
65 7
66 5
67 6
68 14
69 10
70 7
71 13
72 7
73 11
74 4
75 11
76 12
77 6
78 5
79 14
80 9
81 8
82 11
83 7
84 3
85 11
86 7
87 10
88 8
89 9
90 15
91 9
92 10
93 9
94 9
95 7
96 9
97 14
98 13
99 14
100 20
101 20
102 17
103 4
104 11
105 16
106 21
107 27
108 16
109 28
110 24
111 25
112 33
113 19
114 31
115 33
116 24
117 46
118 59
119 66
120 60
121 133
122 128
123 148
124 155
125 119
126 153
127 134
128 131
129 142
130 138
131 182
132 153
133 182
134 174
135 197
136 173
137 227
138 285
139 277
140 341
141 359
142 367
143 365
144 432
145 427
146 448
147 442
148 537
149 529
150 548
151 578
152 629
153 600
154 626
155 633
156 686
157 727
158 873
159 860
160 950
161 975
162 1181
163 1213
164 1178
165 1230
166 1231
167 1280
168 1309
169 1271
170 1338
171 1290
172 1356
173 1328
174 1396
175 1306
176 1401
177 1348
178 1396
179 1496
180 1476
181 1413
182 1568
183 1482
184 1546
185 1673
186 1667
187 1775
188 1942
189 1883
190 1946
191 1973
192 2007
193 2024
194 2087
195 2020
196 2034
197 2151
198 2088
199 2082
200 2055
201 2041
202 2067
203 1984
204 2082
205 2235
206 2179
207 2419
208 2425
209 2463
210 2486
211 2574
212 2671
213 2579
214 2468
215 2537
216 2382
217 2336
218 2247
219 2127
220 2113
221 2050
222 2072
223 2110
224 2024
225 2086
226 2117
227 2111
228 2174
229 2213
230 2273
231 2093
232 1970
233 1941
234 1796
235 1856
236 1558
237 1541
238 1593
239 1402
240 1432
241 1256
242 1281
243 1217
244 1210
245 1165
246 1139
247 1218
248 1201
249 1175
250 1178
251 1125
252 1199
253 1186
254 1164
255 1210
256 1272
257 1210
258 1192
259 1257
260 1192
261 1345
262 1195
263 1235
264 1126
265 1206
266 1099
267 1164
268 1066
269 1015
270 1034
271 996
272 1054
273 1023
274 1033
275 944
276 910
277 859
278 801
279 798
280 727
281 697
282 621
283 554
284 505
285 484
286 410
287 387
288 376
289 369
290 372
291 364
292 351
293 335
294 303
295 310
296 302
297 305
298 290
299 298
300 285
301 245
302 270
303 280
304 271
305 220
306 195
307 170
308 162
309 160
310 137
311 144
312 133
313 101
314 66
315 77
316 65
317 56
318 38
319 57
320 32
321 40
322 33
323 32
324 46
325 34
326 32
327 27
328 27
329 20
330 15
331 13
332 18
333 17
334 10
335 11
336 14
337 7
338 14
339 3
340 7
341 4
342 4
343 4
344 5
345 1
346 2
347 3
348 2
349 2
350 2
351 1
352 1
353 0
354 2
355 1
356 1
