0 0
1 0
2 0
3 0
4 0
5 0
6 0
7 0
8 0
9 0
10 0
11 0
12 0
13 0
14 0
15 0
16 0
17 0
18 0
19 0
20 0
21 0
22 0
23 0
24 0
25 0
26 0
27 0
28 0
29 0
30 0
31 0
32 0
33 0
34 0
35 0
36 0
37 0
38 0
39 0
40 0
41 0
42 0
43 0
44 0
45 0
46 0
47 2
48 0
49 0
50 0
51 2
52 0
53 0
54 0
55 0
56 0
57 2
58 0
59 2
60 2
61 0
62 2
63 4
64 0
65 0
66 2
67 0
68 0
69 2
70 2
71 2
72 0
73 0
74 0
75 0
76 4
77 0
78 0
79 2
80 2
81 0
82 2
83 2
84 0
85 2
86 0
87 8
88 3
89 2
90 0
91 0
92 0
93 0
94 0
95 0
96 0
97 0
98 2
99 0
100 0
101 2
102 3
103 2
104 0
105 0
106 1
107 0
108 0
109 0
110 2
111 0
112 3
113 1
114 0
115 0
116 0
117 2
118 0
119 2
120 0
121 0
122 0
123 1
124 5
125 4
126 3
127 6
128 2
129 3
130 2
131 4
132 0
133 4
134 4
135 3
136 3
137 8
138 1
139 1
140 7
141 7
142 7
143 11
144 7
145 19
146 13
147 17
148 18
149 20
150 18
151 12
152 17
153 15
154 18
155 34
156 25
157 17
158 21
159 19
160 23
161 20
162 28
163 25
164 20
165 43
166 34
167 36
168 28
169 42
170 47
171 36
172 29
173 45
174 64
175 66
176 73
177 74
178 86
179 83
180 102
181 98
182 108
183 115
184 119
185 136
186 133
187 153
188 164
189 137
190 190
191 203
192 202
193 213
194 241
195 274
196 282
197 252
198 296
199 290
200 293
201 318
202 368
203 409
204 409
205 407
206 424
207 435
208 523
209 524
210 517
211 647
212 628
213 617
214 618
215 610
216 619
217 665
218 694
219 711
220 766
221 726
222 868
223 902
224 913
225 958
226 1067
227 1162
228 1183
229 1238
230 1330
231 1447
232 1443
233 1529
234 1589
235 1699
236 1804
237 1839
238 1896
239 2046
240 2024
241 2116
242 2170
243 2420
244 2442
245 2401
246 2404
247 2552
248 2673
249 2544
250 2752
251 3023
252 2814
253 3065
254 3068
255 3205
256 3383
257 3265
258 3237
259 3395
260 3215
261 3361
262 3108
263 3168
264 3080
265 3100
266 3115
267 3097
268 3158
269 2996
270 3106
271 3229
272 3048
273 3102
274 3087
275 3033
276 2928
277 2839
278 2820
279 2647
280 2691
281 2725
282 2723
283 2691
284 2575
285 2433
286 2369
287 2377
288 2263
289 2108
290 2207
291 2058
292 1897
293 1955
294 1843
295 1755
296 1763
297 1666
298 1655
299 1378
300 1329
301 1344
302 1221
303 1163
304 1110
305 1055
306 1057
307 839
308 881
309 768
310 720
311 616
312 540
313 512
314 515
315 436
316 378
317 370
318 336
319 283
320 316
321 261
322 264
323 230
324 241
325 225
326 249
327 184
328 225
329 185
330 183
331 166
332 155
333 141
334 120
335 142
336 137
337 113
338 85
339 90
340 90
341 76
342 70
343 65
344 72
345 59
346 46
347 55
348 49
349 53
350 35
351 25
352 26
353 24
354 18
355 14
356 6
357 4
358 9
359 5
360 5
361 2
362 4
363 1
364 1
365 0
366 0
367 1
368 1
369 2
370 0
371 1
372 0
373 0
374 0
375 0
376 0
377 0
378 0
379 0
380 0
381 1
