0 0
1 0
2 0
3 0
4 0
5 0
6 0
7 0
8 0
9 0
10 0
11 0
12 0
13 0
14 0
15 0
16 0
17 0
18 0
19 0
20 0
21 0
22 0
23 0
24 0
25 0
26 0
27 0
28 0
29 0
30 0
31 0
32 0
33 0
34 0
35 0
36 0
37 0
38 0
39 0
40 0
41 0
42 0
43 0
44 0
45 0
46 1
47 0
48 0
49 0
50 0
51 0
52 0
53 0
54 0
55 0
56 1
57 3
58 0
59 1
60 0
61 1
62 2
63 2
64 4
65 4
66 8
67 6
68 7
69 10
70 8
71 12
72 14
73 16
74 13
75 11
76 15
77 5
78 10
79 13
80 3
81 17
82 10
83 12
84 15
85 17
86 7
87 13
88 9
89 9
90 5
91 5
92 1
93 4
94 3
95 6
96 5
97 2
98 4
99 2
100 5
101 4
102 4
103 4
104 6
105 5
106 9
107 6
108 5
109 9
110 6
111 8
112 2
113 7
114 4
115 9
116 10
117 9
118 11
119 6
120 7
121 11
122 10
123 11
124 13
125 15
126 17
127 19
128 18
129 24
130 24
131 26
132 22
133 35
134 34
135 51
136 49
137 60
138 61
139 71
140 97
141 79
142 116
143 148
144 156
145 213
146 198
147 276
148 283
149 340
150 376
151 430
152 378
153 467
154 394
155 532
156 483
157 509
158 570
159 564
160 640
161 701
162 764
163 713
164 841
165 950
166 876
167 954
168 961
169 1016
170 1018
171 1044
172 1135
173 1025
174 1236
175 1119
176 1179
177 1302
178 1286
179 1464
180 1445
181 1524
182 1540
183 1777
184 1889
185 1882
186 1998
187 1958
188 1801
189 1960
190 1964
191 1996
192 2063
193 2109
194 2127
195 2109
196 2087
197 2327
198 2171
199 2304
200 2251
201 2261
202 2272
203 2386
204 2400
205 2388
206 2485
207 2475
208 2741
209 2544
210 2679
211 2824
212 2802
213 2706
214 2800
215 2692
216 2730
217 2736
218 2647
219 2644
220 2519
221 2643
222 2513
223 2489
224 2526
225 2422
226 2368
227 2342
228 2375
229 2217
230 2160
231 2280
232 2108
233 2062
234 2110
235 2065
236 1998
237 1982
238 1836
239 1702
240 1685
241 1561
242 1512
243 1368
244 1469
245 1432
246 1491
247 1416
248 1520
249 1408
250 1356
251 1325
252 1374
253 1241
254 1240
255 1204
256 1262
257 1221
258 1255
259 1296
260 1283
261 1250
262 1164
263 1154
264 1117
265 1121
266 1179
267 1089
268 1124
269 1124
270 1079
271 1058
272 965
273 945
274 824
275 813
276 726
277 660
278 655
279 599
280 528
281 553
282 483
283 466
284 424
285 514
286 460
287 410
288 451
289 495
290 392
291 409
292 398
293 352
294 364
295 320
296 303
297 288
298 281
299 210
300 175
301 145
302 116
303 96
304 105
305 103
306 84
307 83
308 61
309 82
310 70
311 50
312 88
313 37
314 38
315 36
316 44
317 29
318 33
319 45
320 32
321 32
322 27
323 28
324 19
325 22
326 16
327 21
328 27
329 15
330 11
331 5
332 11
333 14
334 10
335 7
336 6
337 9
338 17
339 6
340 11
341 6
342 3
343 4
344 2
345 7
346 7
347 7
348 8
349 5
350 9
351 8
352 17
353 8
354 24
355 10
356 8
357 6
358 2
359 2
360 0
361 1
