0 0
1 0
2 0
3 0
4 0
5 0
6 0
7 0
8 0
9 0
10 0
11 0
12 0
13 0
14 0
15 0
16 0
17 0
18 0
19 0
20 0
21 0
22 0
23 0
24 0
25 0
26 0
27 0
28 0
29 0
30 0
31 0
32 0
33 0
34 0
35 0
36 0
37 0
38 0
39 0
40 0
41 0
42 0
43 0
44 0
45 0
46 0
47 0
48 0
49 0
50 0
51 0
52 0
53 0
54 0
55 0
56 0
57 0
58 0
59 0
60 0
61 0
62 0
63 0
64 1
65 0
66 0
67 0
68 0
69 1
70 0
71 1
72 1
73 2
74 0
75 2
76 0
77 0
78 2
79 0
80 0
81 0
82 0
83 0
84 0
85 1
86 3
87 0
88 1
89 0
90 0
91 1
92 0
93 0
94 0
95 1
96 0
97 0
98 2
99 2
100 2
101 0
102 2
103 1
104 2
105 3
106 5
107 3
108 8
109 6
110 6
111 6
112 10
113 9
114 8
115 15
116 16
117 13
118 18
119 11
120 8
121 16
122 22
123 27
124 24
125 23
126 25
127 34
128 28
129 30
130 26
131 30
132 34
133 32
134 38
135 40
136 40
137 56
138 51
139 45
140 61
141 51
142 55
143 61
144 84
145 81
146 63
147 73
148 90
149 100
150 87
151 105
152 105
153 138
154 130
155 167
156 203
157 185
158 173
159 204
160 232
161 203
162 201
163 203
164 273
165 262
166 262
167 259
168 276
169 290
170 329
171 404
172 353
173 431
174 455
175 448
176 463
177 534
178 539
179 637
180 664
181 779
182 805
183 868
184 923
185 1017
186 1178
187 1155
188 1145
189 1270
190 1350
191 1424
192 1396
193 1555
194 1580
195 1661
196 1630
197 1890
198 1802
199 1865
200 1756
201 1914
202 1966
203 1860
204 1955
205 1908
206 1981
207 2000
208 2033
209 2115
210 2117
211 2126
212 2227
213 2108
214 2126
215 1980
216 2207
217 1926
218 2021
219 2051
220 2008
221 1983
222 2090
223 2046
224 2113
225 2096
226 2106
227 2352
228 2325
229 2317
230 2417
231 2506
232 2577
233 2506
234 2655
235 2737
236 2747
237 2899
238 2941
239 3012
240 3111
241 2982
242 2720
243 2706
244 2640
245 2392
246 2400
247 2234
248 2306
249 2312
250 2243
251 2046
252 1950
253 1958
254 1937
255 1862
256 1829
257 1826
258 1808
259 1824
260 1864
261 1896
262 1784
263 1796
264 1522
265 1599
266 1463
267 1458
268 1366
269 1290
270 1364
271 1369
272 1266
273 1164
274 1131
275 1107
276 1013
277 1065
278 1039
279 992
280 1044
281 1033
282 919
283 905
284 856
285 792
286 748
287 704
288 705
289 643
290 622
291 590
292 579
293 657
294 590
295 574
296 542
297 490
298 546
299 562
300 496
301 517
302 445
303 496
304 433
305 375
306 394
307 359
308 366
309 378
310 424
311 366
312 352
313 356
314 306
315 326
316 250
317 250
318 255
319 181
320 225
321 159
322 160
323 151
324 157
325 136
326 139
327 119
328 123
329 89
330 107
331 98
332 61
333 93
334 46
335 51
336 43
337 44
338 41
339 23
340 44
341 23
342 20
343 30
344 15
345 29
346 17
347 20
348 14
349 15
350 7
351 4
352 5
353 5
354 9
355 7
356 8
357 0
358 2
359 6
360 1
361 0
362 1
363 0
364 1
365 0
366 3
367 0
368 0
369 1
370 1
371 0
372 0
373 0
374 1
375 1
376 0
377 0
378 1
379 0
380 0
381 0
382 2
383 1
384 0
385 0
386 1
387 1
