0 0
1 0
2 0
3 0
4 0
5 0
6 0
7 0
8 0
9 0
10 0
11 0
12 0
13 0
14 0
15 0
16 0
17 0
18 0
19 6
20 1
21 0
22 3
23 5
24 6
25 1
26 7
27 4
28 5
29 3
30 6
31 6
32 5
33 6
34 9
35 1
36 9
37 5
38 4
39 4
40 11
41 16
42 10
43 8
44 9
45 12
46 8
47 6
48 15
49 7
50 13
51 9
52 16
53 17
54 12
55 11
56 15
57 11
58 4
59 13
60 10
61 7
62 17
63 6
64 8
65 20
66 15
67 4
68 3
69 11
70 11
71 10
72 13
73 7
74 16
75 24
76 11
77 11
78 11
79 14
80 8
81 5
82 5
83 9
84 5
85 10
86 9
87 8
88 8
89 4
90 2
91 5
92 6
93 3
94 7
95 11
96 13
97 12
98 3
99 15
100 9
101 9
102 4
103 10
104 12
105 6
106 11
107 18
108 1
109 15
110 18
111 18
112 14
113 22
114 21
115 24
116 25
117 32
118 39
119 27
120 25
121 26
122 41
123 43
124 56
125 47
126 39
127 46
128 25
129 23
130 31
131 29
132 35
133 31
134 30
135 65
136 41
137 52
138 34
139 50
140 62
141 79
142 77
143 80
144 112
145 142
146 122
147 141
148 156
149 217
150 242
151 254
152 210
153 249
154 305
155 308
156 349
157 398
158 422
159 431
160 487
161 557
162 592
163 571
164 570
165 626
166 683
167 735
168 787
169 792
170 839
171 962
172 936
173 900
174 903
175 968
176 890
177 882
178 846
179 960
180 889
181 927
182 1086
183 1029
184 1127
185 1079
186 1024
187 1148
188 1190
189 1219
190 1199
191 1207
192 1318
193 1448
194 1491
195 1391
196 1535
197 1628
198 1675
199 1820
200 1908
201 1942
202 2017
203 2016
204 2215
205 2176
206 2056
207 2156
208 2034
209 1978
210 1956
211 2027
212 2015
213 1946
214 1826
215 1931
216 1988
217 2000
218 1979
219 1986
220 2088
221 2038
222 2133
223 2160
224 2117
225 2252
226 2340
227 2289
228 2492
229 2584
230 2538
231 2680
232 2631
233 2710
234 2839
235 2851
236 2762
237 2804
238 2995
239 2932
240 2810
241 2743
242 2787
243 2617
244 2726
245 2487
246 2289
247 2254
248 2150
249 1908
250 1909
251 1958
252 1770
253 1868
254 1711
255 1805
256 1657
257 1605
258 1599
259 1406
260 1425
261 1318
262 1236
263 1208
264 1162
265 1057
266 1065
267 969
268 974
269 946
270 951
271 938
272 926
273 885
274 925
275 911
276 924
277 866
278 854
279 807
280 865
281 834
282 788
283 747
284 703
285 753
286 724
287 796
288 752
289 713
290 792
291 706
292 662
293 640
294 531
295 490
296 463
297 467
298 536
299 423
300 421
301 337
302 319
303 284
304 285
305 224
306 229
307 254
308 221
309 216
310 186
311 179
312 204
313 207
314 218
315 150
316 161
317 157
318 168
319 133
320 127
321 147
322 163
323 185
324 161
325 121
326 102
327 105
328 70
329 67
330 69
331 66
332 65
333 63
334 44
335 33
336 25
337 28
338 18
339 25
340 25
341 41
342 13
343 22
344 18
345 15
346 17
347 14
348 8
349 5
350 10
351 4
352 7
353 4
354 3
355 6
356 0
357 1
