0 0
1 0
2 0
3 0
4 0
5 0
6 0
7 0
8 0
9 0
10 0
11 2
12 0
13 4
14 2
15 3
16 4
17 5
18 7
19 8
20 11
21 3
22 9
23 3
24 0
25 2
26 3
27 13
28 13
29 9
30 9
31 8
32 9
33 11
34 10
35 5
36 17
37 2
38 8
39 9
40 4
41 7
42 6
43 1
44 5
45 8
46 1
47 6
48 8
49 2
50 8
51 9
52 3
53 4
54 10
55 5
56 12
57 3
58 8
59 6
60 5
61 11
62 7
63 5
64 6
65 6
66 8
67 8
68 4
69 2
70 13
71 8
72 5
73 6
74 4
75 6
76 6
77 13
78 5
79 7
80 2
81 2
82 6
83 5
84 5
85 1
86 2
87 5
88 10
89 5
90 7
91 7
92 14
93 7
94 5
95 6
96 14
97 6
98 8
99 3
100 6
101 9
102 4
103 7
104 7
105 7
106 16
107 11
108 10
109 7
110 15
111 13
112 11
113 17
114 21
115 17
116 18
117 16
118 14
119 26
120 25
121 15
122 22
123 26
124 27
125 37
126 35
127 35
128 44
129 55
130 53
131 52
132 68
133 76
134 78
135 68
136 104
137 109
138 121
139 149
140 122
141 130
142 139
143 152
144 140
145 141
146 114
147 119
148 119
149 135
150 117
151 157
152 212
153 224
154 209
155 236
156 252
157 246
158 238
159 323
160 334
161 318
162 398
163 335
164 416
165 432
166 355
167 330
168 278
169 323
170 291
171 319
172 293
173 368
174 318
175 325
176 318
177 384
178 397
179 425
180 459
181 504
182 534
183 614
184 610
185 668
186 722
187 804
188 838
189 868
190 911
191 959
192 989
193 1060
194 1086
195 1033
196 1049
197 1103
198 1237
199 1140
200 1167
201 1232
202 1324
203 1349
204 1415
205 1422
206 1418
207 1634
208 1646
209 1667
210 1686
211 1744
212 1754
213 1798
214 1737
215 1837
216 1879
217 1665
218 1628
219 1655
220 1653
221 1614
222 1812
223 1858
224 1845
225 1856
226 1986
227 1890
228 2009
229 2035
230 2081
231 2125
232 2102
233 2069
234 2002
235 2018
236 2079
237 2082
238 2088
239 2241
240 2102
241 2207
242 2286
243 2240
244 2361
245 2306
246 2271
247 2260
248 2089
249 2286
250 2280
251 2335
252 2225
253 2245
254 2388
255 2326
256 2278
257 2266
258 2422
259 2309
260 2410
261 2381
262 2503
263 2477
264 2496
265 2427
266 2459
267 2286
268 2289
269 2317
270 2109
271 2047
272 1850
273 1739
274 1739
275 1662
276 1642
277 1628
278 1589
279 1609
280 1524
281 1463
282 1404
283 1368
284 1325
285 1383
286 1278
287 1150
288 1268
289 1178
290 1211
291 1166
292 1093
293 1126
294 1116
295 1046
296 948
297 833
298 780
299 721
300 663
301 626
302 642
303 581
304 542
305 498
306 434
307 412
308 385
309 362
310 328
311 325
312 289
313 286
314 233
315 206
316 235
317 186
318 209
319 204
320 169
321 165
322 160
323 149
324 155
325 121
326 88
327 71
328 59
329 45
330 41
331 36
332 29
333 24
334 27
335 26
336 15
337 16
338 8
339 14
340 3
341 17
342 10
343 5
344 5
345 3
346 5
347 2
348 6
349 1
350 2
351 0
352 2
353 0
354 1
355 0
356 0
357 0
358 0
359 0
360 0
361 2
362 0
363 0
364 0
365 1
366 1
367 0
368 1
369 0
370 1
371 0
372 0
373 0
374 0
375 0
376 0
377 1
