0 0
1 0
2 0
3 0
4 0
5 0
6 0
7 0
8 3
9 6
10 10
11 15
12 36
13 27
14 64
15 99
16 97
17 107
18 103
19 101
20 91
21 108
22 96
23 105
24 62
25 74
26 38
27 39
28 17
29 21
30 35
31 48
32 33
33 45
34 25
35 20
36 40
37 55
38 47
39 44
40 32
41 37
42 27
43 27
44 37
45 33
46 25
47 36
48 19
49 32
50 20
51 16
52 19
53 27
54 25
55 24
56 13
57 20
58 18
59 25
60 12
61 15
62 12
63 26
64 12
65 23
66 34
67 23
68 20
69 28
70 28
71 28
72 32
73 38
74 14
75 14
76 23
77 12
78 12
79 16
80 19
81 15
82 13
83 19
84 17
85 8
86 26
87 19
88 20
89 14
90 17
91 15
92 11
93 17
94 23
95 14
96 14
97 27
98 19
99 19
100 15
101 15
102 8
103 13
104 21
105 22
106 16
107 30
108 33
109 24
110 26
111 31
112 30
113 28
114 41
115 70
116 44
117 87
118 85
119 116
120 138
121 178
122 232
123 276
124 290
125 307
126 329
127 304
128 321
129 368
130 356
131 358
132 352
133 397
134 379
135 386
136 342
137 336
138 411
139 383
140 368
141 391
142 454
143 439
144 469
145 501
146 549
147 582
148 593
149 684
150 654
151 643
152 731
153 799
154 787
155 880
156 1014
157 917
158 925
159 1143
160 1097
161 1236
162 1278
163 1286
164 1319
165 1350
166 1386
167 1387
168 1407
169 1478
170 1486
171 1477
172 1586
173 1606
174 1579
175 1710
176 1751
177 1796
178 1826
179 1741
180 1856
181 1807
182 1803
183 1881
184 1983
185 1976
186 2180
187 2232
188 2217
189 2228
190 2222
191 2337
192 2521
193 2377
194 2318
195 2449
196 2334
197 2328
198 2199
199 2290
200 2251
201 2256
202 2215
203 2118
204 2105
205 2219
206 2210
207 2028
208 2122
209 2014
210 2127
211 2228
212 2165
213 2083
214 2201
215 2182
216 2189
217 2052
218 2059
219 1930
220 1819
221 1816
222 1823
223 1858
224 1780
225 1926
226 1907
227 1819
228 1801
229 1758
230 1804
231 1786
232 1742
233 1704
234 1831
235 1543
236 1572
237 1505
238 1541
239 1593
240 1480
241 1513
242 1446
243 1494
244 1383
245 1447
246 1228
247 1278
248 1206
249 1068
250 1038
251 1068
252 1003
253 989
254 931
255 889
256 940
257 954
258 803
259 1000
260 912
261 902
262 897
263 855
264 858
265 917
266 913
267 804
268 876
269 882
270 881
271 868
272 897
273 856
274 878
275 827
276 823
277 729
278 679
279 627
280 488
281 343
282 321
283 298
284 248
285 230
286 234
287 153
288 185
289 156
290 187
291 134
292 158
293 136
294 102
295 93
296 105
297 89
298 82
299 70
300 70
301 59
302 62
303 64
304 38
305 54
306 34
307 33
308 32
309 30
310 26
311 25
312 30
313 28
314 22
315 18
316 23
317 22
318 13
319 23
320 18
321 18
322 19
323 11
324 17
325 16
326 14
327 6
328 7
329 11
330 6
331 6
332 8
333 2
334 5
335 1
336 2
337 1
338 6
339 0
340 0
341 4
342 0
343 3
