0 0
1 0
2 0
3 0
4 0
5 0
6 0
7 0
8 0
9 0
10 0
11 0
12 0
13 0
14 0
15 0
16 0
17 0
18 0
19 0
20 0
21 0
22 0
23 1
24 0
25 1
26 1
27 0
28 0
29 1
30 3
31 3
32 2
33 5
34 2
35 1
36 1
37 2
38 3
39 2
40 4
41 1
42 0
43 1
44 1
45 0
46 5
47 1
48 0
49 2
50 0
51 2
52 0
53 3
54 1
55 0
56 2
57 1
58 1
59 1
60 1
61 0
62 1
63 0
64 0
65 1
66 1
67 0
68 4
69 1
70 2
71 2
72 1
73 1
74 0
75 2
76 0
77 2
78 0
79 2
80 0
81 0
82 0
83 2
84 0
85 1
86 0
87 0
88 1
89 1
90 1
91 0
92 0
93 0
94 1
95 1
96 1
97 1
98 0
99 0
100 0
101 0
102 1
103 1
104 0
105 0
106 0
107 0
108 1
109 0
110 0
111 1
112 1
113 1
114 0
115 2
116 0
117 0
118 0
119 1
120 1
121 1
122 4
123 3
124 3
125 3
126 7
127 9
128 7
129 6
130 11
131 8
132 20
133 10
134 16
135 30
136 32
137 39
138 35
139 59
140 47
141 46
142 75
143 78
144 83
145 111
146 100
147 137
148 161
149 194
150 219
151 244
152 294
153 294
154 294
155 246
156 288
157 332
158 310
159 377
160 398
161 416
162 414
163 453
164 486
165 561
166 597
167 667
168 695
169 778
170 720
171 768
172 866
173 810
174 832
175 758
176 842
177 974
178 918
179 972
180 1032
181 1051
182 1167
183 1232
184 1128
185 1235
186 1154
187 1207
188 1303
189 1210
190 1338
191 1410
192 1407
193 1539
194 1520
195 1564
196 1695
197 1648
198 1739
199 1825
200 2038
201 2188
202 2113
203 2218
204 2459
205 2575
206 2523
207 2712
208 2924
209 2812
210 2727
211 2624
212 2432
213 2398
214 2420
215 2400
216 2542
217 2758
218 2786
219 2960
220 2919
221 2939
222 3071
223 2915
224 2957
225 2899
226 2910
227 2751
228 2739
229 2712
230 2492
231 2577
232 2491
233 2384
234 2340
235 2470
236 2457
237 2301
238 2403
239 2449
240 2340
241 2303
242 2312
243 2282
244 2186
245 2042
246 2022
247 2068
248 2037
249 1961
250 2018
251 1896
252 1829
253 1977
254 1893
255 1883
256 1951
257 1866
258 1921
259 1832
260 1679
261 1652
262 1616
263 1438
264 1328
265 1287
266 1234
267 1130
268 963
269 912
270 952
271 771
272 805
273 760
274 707
275 627
276 664
277 597
278 590
279 569
280 621
281 487
282 484
283 535
284 449
285 504
286 443
287 417
288 350
289 374
290 357
291 328
292 301
293 278
294 273
295 221
296 230
297 196
298 233
299 211
300 190
301 180
302 176
303 140
304 148
305 170
306 155
307 145
308 160
309 167
310 160
311 112
312 124
313 121
314 109
315 134
316 127
317 80
318 104
319 81
320 113
321 83
322 70
323 69
324 53
325 65
326 59
327 56
328 46
329 54
330 35
331 20
332 4
333 6
334 7
335 6
336 3
337 9
338 2
339 2
340 1
341 0
342 1
343 2
344 0
345 1
346 0
347 0
348 1
349 0
350 0
351 0
352 1
353 1
