0 0
1 0
2 0
3 0
4 0
5 0
6 0
7 0
8 0
9 0
10 0
11 0
12 0
13 0
14 0
15 0
16 0
17 0
18 1
19 0
20 0
21 0
22 0
23 0
24 0
25 1
26 0
27 0
28 0
29 0
30 0
31 1
32 0
33 0
34 0
35 0
36 0
37 0
38 0
39 0
40 0
41 0
42 2
43 0
44 2
45 0
46 1
47 2
48 1
49 0
50 0
51 1
52 2
53 4
54 0
55 2
56 3
57 3
58 1
59 0
60 5
61 1
62 0
63 4
64 1
65 2
66 4
67 3
68 0
69 3
70 3
71 3
72 0
73 4
74 5
75 3
76 3
77 2
78 5
79 2
80 3
81 0
82 3
83 2
84 3
85 1
86 2
87 2
88 1
89 4
90 6
91 3
92 0
93 2
94 3
95 2
96 5
97 2
98 6
99 6
100 4
101 3
102 1
103 2
104 0
105 4
106 2
107 3
108 6
109 6
110 1
111 2
112 5
113 3
114 2
115 1
116 3
117 6
118 4
119 1
120 2
121 5
122 1
123 4
124 2
125 0
126 6
127 1
128 2
129 0
130 2
131 1
132 7
133 2
134 5
135 4
136 2
137 9
138 6
139 16
140 20
141 28
142 27
143 38
144 31
145 34
146 40
147 48
148 53
149 57
150 66
151 40
152 84
153 65
154 60
155 53
156 85
157 64
158 82
159 88
160 82
161 67
162 82
163 61
164 62
165 82
166 101
167 110
168 104
169 152
170 134
171 168
172 149
173 181
174 227
175 155
176 214
177 271
178 257
179 185
180 280
181 284
182 278
183 244
184 360
185 314
186 329
187 336
188 371
189 382
190 458
191 491
192 557
193 553
194 599
195 663
196 695
197 731
198 721
199 841
200 908
201 917
202 958
203 1106
204 1115
205 1155
206 1321
207 1369
208 1302
209 1270
210 1319
211 1454
212 1496
213 1641
214 1698
215 1755
216 1807
217 1854
218 1844
219 1877
220 1883
221 1869
222 1760
223 1795
224 1864
225 1922
226 1851
227 1776
228 1862
229 1861
230 1785
231 1846
232 1872
233 1898
234 1967
235 2030
236 1931
237 1996
238 2055
239 2065
240 2153
241 2021
242 2199
243 2203
244 2352
245 2601
246 2462
247 2472
248 2540
249 2570
250 2544
251 2567
252 2663
253 2632
254 2533
255 2459
256 2528
257 2344
258 2253
259 2367
260 2185
261 2269
262 2280
263 2257
264 2451
265 2381
266 2483
267 2501
268 2583
269 2675
270 2689
271 2749
272 2808
273 2893
274 2818
275 2963
276 2992
277 2914
278 2798
279 2769
280 2673
281 2539
282 2649
283 2217
284 2049
285 1900
286 1853
287 1739
288 1539
289 1655
290 1530
291 1481
292 1296
293 1244
294 1148
295 1047
296 1054
297 1039
298 895
299 800
300 790
301 638
302 519
303 502
304 422
305 401
306 419
307 329
308 356
309 323
310 320
311 293
312 291
313 276
314 283
315 286
316 220
317 172
318 165
319 148
320 129
321 98
322 77
323 87
324 63
325 54
326 53
327 49
328 45
329 30
330 23
331 39
332 20
333 41
334 30
335 23
336 23
337 18
338 15
339 12
340 13
341 4
342 13
343 8
344 7
345 5
346 1
347 3
348 3
349 3
350 1
351 0
352 1
353 3
354 0
355 1
