0 0
1 0
2 0
3 0
4 0
5 0
6 0
7 0
8 0
9 0
10 0
11 0
12 0
13 0
14 0
15 0
16 0
17 0
18 0
19 0
20 0
21 0
22 0
23 0
24 0
25 0
26 0
27 0
28 0
29 0
30 0
31 0
32 0
33 0
34 0
35 0
36 0
37 0
38 0
39 0
40 0
41 0
42 0
43 1
44 0
45 0
46 0
47 0
48 0
49 0
50 0
51 0
52 0
53 0
54 0
55 0
56 0
57 0
58 0
59 0
60 1
61 1
62 0
63 2
64 2
65 0
66 0
67 0
68 0
69 0
70 0
71 4
72 1
73 0
74 1
75 1
76 0
77 1
78 1
79 1
80 4
81 3
82 0
83 0
84 6
85 0
86 3
87 2
88 6
89 0
90 5
91 1
92 2
93 2
94 3
95 1
96 1
97 5
98 9
99 4
100 9
101 8
102 2
103 6
104 4
105 10
106 4
107 14
108 5
109 13
110 5
111 15
112 15
113 12
114 27
115 33
116 16
117 23
118 25
119 29
120 24
121 30
122 24
123 26
124 32
125 48
126 20
127 38
128 45
129 61
130 70
131 71
132 78
133 85
134 125
135 136
136 149
137 197
138 191
139 247
140 282
141 306
142 334
143 418
144 462
145 453
146 424
147 434
148 406
149 382
150 350
151 434
152 333
153 332
154 330
155 302
156 326
157 292
158 324
159 253
160 219
161 238
162 240
163 197
164 206
165 199
166 189
167 181
168 196
169 218
170 239
171 261
172 311
173 370
174 393
175 429
176 503
177 569
178 563
179 629
180 596
181 653
182 654
183 696
184 731
185 713
186 759
187 864
188 837
189 881
190 930
191 873
192 801
193 848
194 866
195 882
196 874
197 929
198 867
199 908
200 915
201 814
202 864
203 846
204 942
205 1023
206 1028
207 1002
208 1042
209 1025
210 1114
211 1132
212 1151
213 1140
214 1226
215 1217
216 1275
217 1325
218 1381
219 1429
220 1618
221 1591
222 1651
223 1634
224 1756
225 1935
226 1734
227 1718
228 1793
229 1757
230 1776
231 1813
232 1943
233 1845
234 1869
235 2017
236 2070
237 2225
238 2203
239 2027
240 2254
241 2063
242 2109
243 2185
244 2123
245 2189
246 2210
247 2142
248 2027
249 2012
250 2155
251 2182
252 2176
253 2197
254 2143
255 2245
256 2304
257 2299
258 2233
259 2271
260 2179
261 2152
262 2152
263 2140
264 2180
265 2029
266 2162
267 2159
268 2072
269 2053
270 2068
271 2064
272 1973
273 1946
274 1916
275 1858
276 1796
277 1734
278 1723
279 1621
280 1732
281 1781
282 1809
283 1746
284 1544
285 1617
286 1696
287 1653
288 1668
289 1589
290 1565
291 1485
292 1373
293 1315
294 1384
295 1415
296 1327
297 1309
298 1219
299 1209
300 1044
301 1019
302 947
303 854
304 806
305 755
306 661
307 619
308 664
309 617
310 579
311 554
312 552
313 536
314 496
315 456
316 442
317 415
318 377
319 317
320 289
321 278
322 208
323 235
324 206
325 167
326 179
327 144
328 135
329 161
330 145
331 103
332 102
333 96
334 58
335 61
336 43
337 38
338 31
339 24
340 13
341 13
342 16
343 7
344 15
345 21
346 20
347 12
348 8
349 7
350 8
351 18
352 4
353 8
354 7
355 11
356 7
357 5
358 3
359 2
360 6
361 6
362 2
363 11
364 7
365 7
366 6
367 3
368 1
369 3
370 0
371 0
372 1
373 0
374 0
375 0
376 1
377 1
378 1
