0 0
1 0
2 0
3 0
4 0
5 0
6 0
7 0
8 0
9 0
10 0
11 0
12 0
13 0
14 0
15 0
16 0
17 0
18 0
19 0
20 0
21 0
22 0
23 0
24 0
25 0
26 0
27 0
28 0
29 0
30 0
31 2
32 2
33 0
34 0
35 0
36 0
37 2
38 2
39 0
40 0
41 0
42 2
43 0
44 0
45 0
46 4
47 2
48 0
49 0
50 0
51 0
52 0
53 0
54 1
55 1
56 2
57 0
58 3
59 7
60 7
61 6
62 2
63 2
64 0
65 0
66 0
67 2
68 0
69 4
70 0
71 2
72 1
73 2
74 3
75 7
76 1
77 2
78 2
79 2
80 0
81 0
82 1
83 2
84 3
85 16
86 13
87 3
88 6
89 6
90 11
91 11
92 11
93 15
94 4
95 19
96 5
97 7
98 14
99 10
100 13
101 13
102 22
103 22
104 14
105 19
106 18
107 20
108 6
109 14
110 21
111 22
112 25
113 25
114 47
115 58
116 47
117 41
118 41
119 51
120 47
121 58
122 59
123 78
124 78
125 75
126 72
127 97
128 132
129 131
130 140
131 185
132 200
133 246
134 248
135 236
136 284
137 337
138 339
139 324
140 319
141 387
142 373
143 351
144 371
145 409
146 481
147 587
148 622
149 710
150 747
151 799
152 898
153 939
154 1097
155 1192
156 1311
157 1203
158 1185
159 1229
160 1265
161 1434
162 1354
163 1467
164 1579
165 1675
166 1607
167 1620
168 1705
169 1610
170 1678
171 1773
172 1786
173 1936
174 1906
175 1747
176 1808
177 1854
178 1910
179 1928
180 1854
181 1857
182 1787
183 1792
184 1990
185 1936
186 1963
187 2050
188 2097
189 2297
190 2296
191 2209
192 2295
193 2235
194 2409
195 2209
196 2340
197 2297
198 2234
199 2287
200 2447
201 2457
202 2419
203 2421
204 2443
205 2573
206 2550
207 2442
208 2323
209 2313
210 2295
211 2265
212 2214
213 2143
214 2168
215 2248
216 2181
217 2052
218 2148
219 2118
220 2074
221 1893
222 1841
223 1895
224 1825
225 1848
226 1713
227 1769
228 1783
229 1729
230 1830
231 1896
232 1833
233 1810
234 1713
235 1803
236 1775
237 1701
238 1601
239 1521
240 1568
241 1497
242 1418
243 1530
244 1387
245 1268
246 1263
247 1261
248 1289
249 1271
250 1185
251 1174
252 1146
253 1139
254 1180
255 1077
256 953
257 939
258 978
259 866
260 828
261 836
262 808
263 823
264 740
265 730
266 761
267 810
268 788
269 751
270 649
271 639
272 612
273 581
274 507
275 419
276 435
277 432
278 356
279 294
280 236
281 254
282 249
283 239
284 181
285 230
286 229
287 242
288 281
289 233
290 247
291 289
292 224
293 205
294 261
295 224
296 191
297 157
298 148
299 175
300 163
301 139
302 169
303 180
304 131
305 120
306 125
307 144
308 72
309 71
310 47
311 54
312 29
313 49
314 42
315 10
316 34
317 40
318 24
319 31
320 32
321 11
322 14
323 18
324 22
325 31
326 29
327 22
328 15
329 11
330 22
331 2
332 11
333 6
334 5
335 3
336 1
337 0
338 0
339 0
340 0
341 1
