0 0
1 0
2 0
3 0
4 0
5 0
6 0
7 0
8 0
9 0
10 0
11 0
12 0
13 0
14 0
15 0
16 0
17 0
18 0
19 0
20 0
21 0
22 0
23 0
24 0
25 2
26 0
27 6
28 0
29 0
30 2
31 0
32 0
33 1
34 0
35 2
36 0
37 6
38 5
39 0
40 2
41 5
42 1
43 3
44 0
45 9
46 0
47 0
48 0
49 0
50 0
51 1
52 0
53 0
54 2
55 0
56 2
57 8
58 4
59 4
60 2
61 2
62 2
63 0
64 2
65 2
66 2
67 0
68 0
69 2
70 0
71 0
72 1
73 0
74 0
75 2
76 0
77 0
78 0
79 0
80 0
81 2
82 0
83 0
84 2
85 3
86 0
87 1
88 3
89 0
90 0
91 0
92 0
93 2
94 0
95 1
96 6
97 6
98 6
99 8
100 16
101 13
102 15
103 17
104 13
105 18
106 30
107 11
108 24
109 19
110 34
111 34
112 33
113 41
114 42
115 54
116 63
117 57
118 74
119 76
120 98
121 101
122 127
123 109
124 144
125 109
126 117
127 98
128 100
129 122
130 111
131 122
132 122
133 132
134 154
135 157
136 204
137 224
138 249
139 288
140 334
141 390
142 484
143 585
144 616
145 647
146 651
147 581
148 570
149 607
150 558
151 528
152 508
153 488
154 543
155 555
156 627
157 572
158 644
159 635
160 674
161 738
162 876
163 897
164 965
165 991
166 1097
167 1085
168 1082
169 1161
170 1164
171 1275
172 1217
173 1229
174 1277
175 1320
176 1394
177 1309
178 1388
179 1461
180 1439
181 1427
182 1474
183 1471
184 1505
185 1596
186 1529
187 1551
188 1621
189 1634
190 1683
191 1805
192 1729
193 1720
194 1733
195 1713
196 1856
197 1870
198 1777
199 1694
200 1784
201 1725
202 1720
203 1857
204 1846
205 1793
206 1795
207 1928
208 1986
209 2060
210 2097
211 2259
212 2199
213 2124
214 2374
215 2313
216 2310
217 2193
218 2190
219 2396
220 2327
221 2433
222 2407
223 2525
224 2484
225 2497
226 2389
227 2577
228 2619
229 2479
230 2560
231 2502
232 2635
233 2574
234 2598
235 2640
236 2746
237 2650
238 2473
239 2565
240 2460
241 2278
242 2221
243 2164
244 2014
245 1898
246 1920
247 1790
248 1706
249 1600
250 1669
251 1616
252 1506
253 1434
254 1386
255 1245
256 1249
257 1157
258 1180
259 1100
260 967
261 959
262 942
263 869
264 943
265 837
266 828
267 750
268 690
269 704
270 707
271 747
272 688
273 718
274 647
275 703
276 648
277 606
278 572
279 629
280 507
281 575
282 505
283 516
284 513
285 407
286 398
287 384
288 396
289 341
290 292
291 343
292 394
293 444
294 352
295 345
296 334
297 266
298 256
299 307
300 262
301 231
302 192
303 206
304 175
305 151
306 139
307 114
308 88
309 63
310 67
311 42
312 21
313 25
314 23
315 14
316 11
317 9
318 13
319 6
320 8
321 12
322 7
323 11
324 11
325 5
326 9
327 10
328 6
329 3
330 2
331 3
332 1
333 1
334 3
335 3
336 1
337 1
338 0
339 0
340 0
341 0
342 0
343 1
