0 0
1 0
2 0
3 0
4 0
5 0
6 0
7 0
8 0
9 0
10 0
11 0
12 0
13 0
14 0
15 0
16 0
17 0
18 0
19 0
20 0
21 0
22 0
23 0
24 0
25 0
26 0
27 0
28 0
29 0
30 0
31 0
32 1
33 0
34 0
35 0
36 4
37 2
38 0
39 0
40 0
41 1
42 0
43 4
44 0
45 1
46 0
47 0
48 0
49 2
50 1
51 0
52 2
53 2
54 3
55 1
56 5
57 1
58 4
59 2
60 1
61 0
62 1
63 4
64 0
65 3
66 0
67 0
68 3
69 0
70 0
71 3
72 0
73 5
74 1
75 6
76 0
77 4
78 4
79 2
80 5
81 2
82 3
83 3
84 3
85 5
86 2
87 4
88 7
89 8
90 7
91 0
92 2
93 0
94 3
95 3
96 4
97 3
98 9
99 9
100 13
101 7
102 2
103 6
104 11
105 6
106 3
107 4
108 6
109 5
110 4
111 9
112 7
113 8
114 12
115 7
116 11
117 6
118 12
119 14
120 7
121 5
122 12
123 15
124 10
125 19
126 19
127 19
128 38
129 35
130 52
131 50
132 47
133 63
134 70
135 61
136 56
137 62
138 82
139 55
140 91
141 107
142 109
143 71
144 105
145 90
146 93
147 95
148 115
149 101
150 134
151 143
152 149
153 174
154 167
155 214
156 209
157 232
158 198
159 223
160 230
161 250
162 254
163 295
164 296
165 326
166 349
167 335
168 358
169 419
170 378
171 376
172 452
173 468
174 497
175 559
176 530
177 608
178 602
179 616
180 807
181 850
182 924
183 946
184 1034
185 1052
186 1161
187 1199
188 1300
189 1293
190 1199
191 1131
192 1205
193 1184
194 1106
195 1144
196 1281
197 1347
198 1350
199 1421
200 1539
201 1592
202 1625
203 1629
204 1735
205 1792
206 1719
207 1959
208 1819
209 1906
210 1803
211 1809
212 1916
213 1939
214 1994
215 1970
216 2127
217 2127
218 2318
219 2414
220 2561
221 2621
222 2731
223 2808
224 2976
225 2712
226 2836
227 2928
228 2845
229 3045
230 3150
231 3199
232 3240
233 3258
234 3300
235 3344
236 3019
237 2909
238 2805
239 2768
240 2610
241 2474
242 2377
243 2234
244 2188
245 2177
246 2191
247 2027
248 1968
249 2046
250 1939
251 1996
252 1885
253 1830
254 1840
255 1794
256 1703
257 1577
258 1661
259 1577
260 1648
261 1537
262 1516
263 1458
264 1539
265 1484
266 1531
267 1516
268 1596
269 1641
270 1540
271 1579
272 1526
273 1550
274 1454
275 1206
276 1256
277 1195
278 1032
279 1127
280 990
281 983
282 1026
283 1035
284 1018
285 972
286 852
287 838
288 877
289 899
290 746
291 624
292 575
293 584
294 501
295 445
296 402
297 351
298 333
299 383
300 315
301 293
302 316
303 314
304 296
305 336
306 335
307 251
308 300
309 307
310 272
311 258
312 238
313 219
314 204
315 171
316 175
317 148
318 146
319 111
320 101
321 83
322 69
323 67
324 39
325 38
326 32
327 21
328 25
329 27
330 12
331 26
332 20
333 25
334 17
335 12
336 15
337 9
338 21
339 17
340 10
341 5
342 9
343 5
344 9
345 6
346 3
347 1
348 1
349 1
350 1
