0 0
1 0
2 0
3 0
4 0
5 0
6 0
7 0
8 0
9 0
10 0
11 0
12 0
13 0
14 0
15 0
16 0
17 0
18 0
19 0
20 0
21 0
22 0
23 0
24 0
25 0
26 0
27 0
28 0
29 0
30 0
31 0
32 0
33 0
34 0
35 0
36 0
37 0
38 0
39 0
40 0
41 0
42 0
43 0
44 1
45 0
46 2
47 0
48 0
49 0
50 0
51 0
52 0
53 0
54 0
55 0
56 0
57 1
58 2
59 1
60 0
61 0
62 0
63 0
64 0
65 2
66 1
67 1
68 5
69 1
70 0
71 1
72 7
73 3
74 7
75 11
76 8
77 10
78 12
79 23
80 11
81 13
82 17
83 16
84 24
85 8
86 14
87 18
88 23
89 30
90 25
91 30
92 32
93 24
94 34
95 37
96 44
97 43
98 40
99 34
100 39
101 42
102 36
103 34
104 34
105 23
106 28
107 34
108 15
109 35
110 37
111 41
112 40
113 56
114 56
115 43
116 33
117 45
118 36
119 37
120 41
121 34
122 34
123 42
124 41
125 49
126 51
127 51
128 64
129 67
130 78
131 111
132 101
133 129
134 140
135 138
136 182
137 186
138 237
139 267
140 227
141 217
142 271
143 302
144 335
145 322
146 380
147 333
148 340
149 391
150 402
151 443
152 469
153 577
154 564
155 692
156 803
157 766
158 896
159 994
160 1162
161 1134
162 1269
163 1343
164 1311
165 1471
166 1504
167 1638
168 1719
169 1792
170 1909
171 1800
172 1757
173 1991
174 1954
175 1893
176 1917
177 1932
178 1900
179 1851
180 1778
181 1838
182 1822
183 1720
184 1712
185 1848
186 1705
187 1741
188 1719
189 1713
190 1833
191 1952
192 1960
193 2010
194 2137
195 2182
196 2245
197 2316
198 2285
199 2338
200 2405
201 2375
202 2345
203 2348
204 2378
205 2275
206 2189
207 2241
208 2180
209 2131
210 2243
211 2207
212 2168
213 2102
214 2101
215 1994
216 1954
217 1908
218 1934
219 1806
220 1782
221 1908
222 1906
223 2022
224 2083
225 2031
226 1879
227 1997
228 2011
229 1954
230 1916
231 1800
232 1723
233 1620
234 1670
235 1653
236 1559
237 1576
238 1581
239 1591
240 1584
241 1502
242 1486
243 1519
244 1577
245 1510
246 1533
247 1629
248 1655
249 1716
250 1677
251 1642
252 1849
253 1652
254 1492
255 1462
256 1358
257 1236
258 1214
259 1104
260 1127
261 954
262 1021
263 939
264 885
265 929
266 927
267 907
268 957
269 945
270 887
271 741
272 760
273 663
274 712
275 636
276 591
277 514
278 462
279 469
280 423
281 461
282 422
283 452
284 438
285 423
286 402
287 391
288 347
289 385
290 375
291 348
292 365
293 349
294 317
295 300
296 286
297 294
298 275
299 253
300 208
301 211
302 189
303 165
304 158
305 141
306 89
307 103
308 97
309 84
310 72
311 57
312 41
313 53
314 39
315 48
316 47
317 37
318 36
319 38
320 25
321 43
322 40
323 45
324 47
325 44
326 34
327 37
328 26
329 32
330 20
331 27
332 18
333 11
334 9
335 7
336 3
337 1
338 4
339 6
340 1
341 2
342 2
343 1
344 0
345 1
346 0
347 0
348 0
349 0
350 1
351 0
352 0
353 1
354 0
355 1
