0 0
1 0
2 0
3 0
4 0
5 0
6 0
7 0
8 0
9 0
10 0
11 1
12 0
13 3
14 4
15 7
16 2
17 3
18 3
19 7
20 0
21 7
22 3
23 3
24 7
25 14
26 6
27 3
28 8
29 13
30 16
31 12
32 3
33 6
34 1
35 6
36 7
37 1
38 4
39 1
40 4
41 0
42 2
43 2
44 4
45 5
46 6
47 4
48 5
49 11
50 9
51 4
52 12
53 8
54 18
55 8
56 9
57 9
58 5
59 9
60 4
61 14
62 10
63 9
64 17
65 14
66 9
67 9
68 7
69 5
70 8
71 11
72 6
73 3
74 7
75 7
76 4
77 5
78 7
79 12
80 9
81 5
82 2
83 5
84 7
85 3
86 6
87 6
88 3
89 7
90 1
91 4
92 7
93 6
94 4
95 3
96 6
97 6
98 4
99 4
100 6
101 5
102 10
103 2
104 3
105 5
106 6
107 3
108 4
109 4
110 5
111 4
112 9
113 14
114 22
115 21
116 18
117 24
118 20
119 29
120 26
121 45
122 58
123 57
124 61
125 66
126 56
127 81
128 85
129 105
130 94
131 128
132 139
133 156
134 209
135 195
136 280
137 316
138 326
139 355
140 405
141 385
142 391
143 483
144 435
145 427
146 528
147 520
148 508
149 560
150 559
151 630
152 675
153 740
154 765
155 881
156 898
157 975
158 1032
159 1101
160 1178
161 1217
162 1246
163 1171
164 1280
165 1298
166 1230
167 1281
168 1297
169 1252
170 1319
171 1372
172 1461
173 1559
174 1561
175 1589
176 1648
177 1682
178 1619
179 1710
180 1889
181 1892
182 1905
183 2061
184 2022
185 2173
186 2084
187 1961
188 2071
189 2070
190 2041
191 2003
192 1892
193 1863
194 1987
195 1881
196 1865
197 1946
198 1761
199 1748
200 1758
201 1723
202 1751
203 1715
204 1917
205 1772
206 2036
207 2159
208 2296
209 2301
210 2357
211 2401
212 2515
213 2393
214 2351
215 2490
216 2412
217 2432
218 2268
219 2602
220 2468
221 2508
222 2496
223 2416
224 2357
225 2405
226 2300
227 2255
228 2226
229 2293
230 2187
231 2247
232 2225
233 2196
234 2362
235 2089
236 2017
237 1986
238 1881
239 1754
240 1625
241 1623
242 1374
243 1370
244 1210
245 1188
246 1148
247 1084
248 1081
249 1023
250 971
251 942
252 949
253 943
254 1015
255 926
256 830
257 892
258 909
259 876
260 826
261 829
262 841
263 870
264 841
265 846
266 837
267 763
268 802
269 759
270 736
271 696
272 728
273 674
274 752
275 784
276 721
277 677
278 737
279 841
280 834
281 731
282 824
283 733
284 773
285 700
286 628
287 647
288 579
289 485
290 483
291 389
292 337
293 295
294 240
295 197
296 155
297 124
298 129
299 141
300 117
301 100
302 85
303 92
304 81
305 84
306 75
307 80
308 57
309 81
310 58
311 51
312 47
313 55
314 54
315 36
316 45
317 47
318 23
319 27
320 26
321 27
322 27
323 15
324 18
325 16
326 19
327 7
328 14
329 17
330 12
331 5
332 8
333 7
334 9
335 7
336 9
337 2
338 1
339 2
340 2
341 1
342 0
343 0
344 2
345 3
346 0
347 1
348 1
349 0
350 0
351 0
352 0
353 0
354 0
355 0
356 1
