0 0
1 0
2 0
3 0
4 0
5 0
6 0
7 0
8 0
9 0
10 0
11 0
12 0
13 0
14 0
15 0
16 0
17 0
18 0
19 0
20 0
21 0
22 0
23 0
24 0
25 0
26 0
27 0
28 0
29 0
30 0
31 1
32 0
33 1
34 2
35 0
36 0
37 0
38 1
39 0
40 0
41 0
42 0
43 0
44 1
45 0
46 0
47 0
48 0
49 1
50 1
51 1
52 1
53 0
54 2
55 0
56 0
57 0
58 0
59 0
60 1
61 0
62 0
63 0
64 0
65 0
66 1
67 0
68 0
69 0
70 2
71 1
72 2
73 1
74 0
75 2
76 0
77 0
78 0
79 0
80 0
81 1
82 2
83 2
84 2
85 0
86 0
87 2
88 0
89 1
90 1
91 0
92 5
93 1
94 1
95 0
96 2
97 2
98 0
99 0
100 1
101 3
102 0
103 2
104 0
105 0
106 0
107 1
108 0
109 0
110 0
111 1
112 0
113 0
114 0
115 0
116 1
117 0
118 0
119 0
120 1
121 0
122 0
123 0
124 0
125 0
126 0
127 0
128 0
129 0
130 0
131 0
132 0
133 3
134 0
135 0
136 2
137 6
138 3
139 5
140 7
141 14
142 3
143 11
144 28
145 27
146 40
147 46
148 59
149 60
150 62
151 75
152 94
153 88
154 116
155 84
156 103
157 108
158 100
159 106
160 128
161 133
162 156
163 165
164 184
165 157
166 273
167 215
168 311
169 283
170 305
171 387
172 401
173 389
174 435
175 435
176 450
177 496
178 520
179 542
180 618
181 626
182 646
183 723
184 720
185 685
186 683
187 741
188 807
189 841
190 840
191 871
192 1077
193 1051
194 1263
195 1374
196 1571
197 1567
198 1743
199 1800
200 1947
201 1856
202 1952
203 1808
204 1684
205 1695
206 1705
207 1681
208 1776
209 1843
210 1871
211 1897
212 1949
213 2091
214 2017
215 2018
216 2111
217 2182
218 2175
219 2223
220 2283
221 2202
222 2222
223 2087
224 2017
225 2163
226 2045
227 2226
228 2133
229 2173
230 2106
231 2101
232 2337
233 2216
234 2264
235 2223
236 2236
237 2202
238 2159
239 2305
240 2210
241 2297
242 2303
243 2349
244 2325
245 2324
246 2449
247 2174
248 2114
249 2182
250 2083
251 2195
252 2071
253 1987
254 2031
255 2035
256 1927
257 1766
258 1833
259 1873
260 1752
261 1842
262 1802
263 1677
264 1746
265 1653
266 1611
267 1698
268 1521
269 1584
270 1493
271 1488
272 1552
273 1538
274 1467
275 1372
276 1373
277 1244
278 1222
279 1250
280 1045
281 1052
282 1117
283 1025
284 1065
285 1126
286 936
287 1068
288 1076
289 1145
290 995
291 1064
292 1094
293 972
294 1023
295 962
296 911
297 849
298 925
299 770
300 684
301 658
302 553
303 587
304 483
305 456
306 432
307 475
308 386
309 473
310 460
311 411
312 471
313 540
314 536
315 508
316 581
317 561
318 607
319 566
320 504
321 478
322 431
323 365
324 366
325 296
326 306
327 343
328 367
329 361
330 305
331 332
332 348
333 302
334 304
335 299
336 211
337 232
338 208
339 164
340 128
341 104
342 67
343 41
344 34
345 32
346 25
347 24
348 17
349 16
350 8
351 14
352 15
353 5
354 11
355 4
356 7
357 1
358 4
359 5
360 3
361 3
362 3
363 1
364 0
365 0
366 1
367 0
368 1
