0 0
1 0
2 0
3 0
4 0
5 0
6 0
7 0
8 0
9 0
10 0
11 0
12 0
13 0
14 0
15 0
16 0
17 0
18 0
19 0
20 0
21 0
22 0
23 0
24 0
25 0
26 0
27 0
28 0
29 0
30 0
31 0
32 0
33 0
34 0
35 0
36 0
37 0
38 0
39 0
40 0
41 0
42 0
43 0
44 0
45 0
46 0
47 0
48 0
49 0
50 0
51 0
52 0
53 1
54 0
55 0
56 0
57 0
58 1
59 0
60 0
61 0
62 0
63 0
64 1
65 0
66 1
67 0
68 0
69 0
70 0
71 0
72 0
73 0
74 0
75 1
76 0
77 0
78 3
79 1
80 2
81 0
82 0
83 0
84 1
85 3
86 0
87 1
88 4
89 4
90 1
91 0
92 0
93 0
94 1
95 2
96 1
97 0
98 2
99 1
100 3
101 2
102 4
103 4
104 2
105 2
106 4
107 1
108 4
109 7
110 4
111 8
112 13
113 16
114 15
115 15
116 18
117 14
118 22
119 26
120 26
121 20
122 29
123 39
124 27
125 48
126 41
127 36
128 59
129 50
130 61
131 62
132 78
133 85
134 78
135 98
136 96
137 102
138 75
139 100
140 121
141 137
142 138
143 156
144 181
145 171
146 184
147 203
148 190
149 197
150 179
151 170
152 162
153 206
154 235
155 260
156 281
157 343
158 347
159 408
160 457
161 440
162 482
163 486
164 581
165 593
166 666
167 722
168 663
169 751
170 893
171 932
172 959
173 953
174 1062
175 1180
176 1247
177 1271
178 1255
179 1335
180 1433
181 1462
182 1511
183 1447
184 1536
185 1641
186 1634
187 1739
188 1689
189 1934
190 1836
191 1795
192 1828
193 1718
194 1800
195 1772
196 1853
197 1920
198 1939
199 1980
200 2056
201 2007
202 2035
203 2193
204 2409
205 2413
206 2469
207 2742
208 2759
209 2806
210 2796
211 2487
212 2764
213 2670
214 2443
215 2554
216 2458
217 2228
218 2193
219 2271
220 2037
221 2067
222 2134
223 2028
224 1875
225 1858
226 1913
227 1865
228 1945
229 1879
230 1948
231 1895
232 1803
233 1919
234 1888
235 2038
236 2023
237 2114
238 2241
239 2195
240 2296
241 2296
242 2158
243 2228
244 2156
245 2016
246 1791
247 1682
248 1622
249 1536
250 1522
251 1525
252 1430
253 1500
254 1538
255 1548
256 1463
257 1453
258 1340
259 1456
260 1340
261 1338
262 1241
263 1112
264 1179
265 1057
266 982
267 986
268 933
269 1000
270 969
271 996
272 964
273 1041
274 960
275 1006
276 1011
277 904
278 918
279 937
280 938
281 952
282 891
283 774
284 817
285 774
286 717
287 738
288 641
289 579
290 701
291 650
292 675
293 680
294 809
295 823
296 768
297 692
298 658
299 655
300 606
301 421
302 373
303 282
304 302
305 234
306 189
307 206
308 195
309 161
310 144
311 151
312 109
313 130
314 141
315 111
316 85
317 76
318 76
319 76
320 72
321 59
322 80
323 56
324 66
325 57
326 76
327 74
328 51
329 49
330 53
331 48
332 33
333 35
334 49
335 37
336 28
337 35
338 20
339 26
340 16
341 33
342 16
343 25
344 19
345 24
346 19
347 11
348 21
349 5
350 10
351 10
352 11
353 14
354 6
355 5
356 15
357 13
358 13
359 2
360 7
361 10
362 6
363 9
364 6
365 2
366 4
367 2
368 4
369 2
370 3
371 2
372 3
373 2
374 1
375 0
376 2
377 0
378 0
379 1
