0 0
1 0
2 0
3 0
4 0
5 0
6 0
7 0
8 0
9 0
10 0
11 0
12 0
13 0
14 0
15 0
16 0
17 0
18 0
19 0
20 0
21 0
22 0
23 0
24 0
25 0
26 0
27 0
28 0
29 0
30 0
31 0
32 0
33 0
34 0
35 0
36 0
37 0
38 0
39 0
40 0
41 0
42 0
43 0
44 0
45 0
46 0
47 0
48 0
49 0
50 0
51 0
52 0
53 0
54 0
55 0
56 0
57 0
58 0
59 0
60 0
61 0
62 0
63 0
64 0
65 0
66 0
67 0
68 0
69 0
70 0
71 0
72 0
73 0
74 0
75 0
76 0
77 0
78 0
79 0
80 0
81 0
82 0
83 0
84 0
85 0
86 0
87 0
88 0
89 0
90 0
91 0
92 0
93 0
94 0
95 0
96 0
97 0
98 0
99 0
100 0
101 0
102 0
103 0
104 0
105 0
106 0
107 0
108 0
109 0
110 0
111 0
112 0
113 0
114 0
115 0
116 0
117 0
118 0
119 0
120 0
121 0
122 0
123 0
124 0
125 0
126 0
127 0
128 0
129 0
130 0
131 0
132 0
133 0
134 0
135 0
136 0
137 0
138 0
139 0
140 0
141 0
142 0
143 0
144 1
145 2
146 2
147 4
148 4
149 5
150 1
151 2
152 1
153 3
154 1
155 5
156 4
157 4
158 2
159 5
160 10
161 1
162 7
163 2
164 6
165 7
166 8
167 6
168 8
169 4
170 14
171 5
172 18
173 25
174 19
175 27
176 28
177 45
178 42
179 52
180 46
181 48
182 78
183 81
184 94
185 76
186 126
187 142
188 168
189 159
190 189
191 207
192 216
193 275
194 306
195 385
196 385
197 478
198 516
199 543
200 650
201 722
202 882
203 929
204 899
205 1071
206 1044
207 1146
208 1063
209 1198
210 1167
211 1128
212 1240
213 1291
214 1458
215 1588
216 1699
217 1831
218 1914
219 2089
220 2278
221 2358
222 2384
223 2513
224 2513
225 2611
226 2815
227 2865
228 2992
229 3105
230 3034
231 3202
232 3084
233 3219
234 3198
235 3291
236 3432
237 3560
238 3686
239 3680
240 3562
241 3682
242 3711
243 3750
244 4038
245 4024
246 4368
247 3989
248 3932
249 3688
250 3697
251 3603
252 3407
253 3545
254 3344
255 3472
256 3218
257 3224
258 3159
259 3064
260 2946
261 2602
262 2650
263 2501
264 2446
265 2274
266 2073
267 1860
268 2078
269 1860
270 1893
271 1906
272 1787
273 1783
274 1625
275 1686
276 1513
277 1555
278 1444
279 1341
280 1321
281 1179
282 1163
283 1145
284 1138
285 1065
286 988
287 939
288 958
289 841
290 857
291 765
292 716
293 660
294 639
295 512
296 484
297 425
298 412
299 370
300 310
301 286
302 298
303 272
304 180
305 149
306 143
307 139
308 99
309 115
310 93
311 82
312 63
313 60
314 70
315 38
316 57
317 31
318 25
319 19
320 13
321 9
322 7
323 7
324 8
325 0
326 7
327 4
328 2
329 4
330 3
331 5
332 6
333 8
334 7
335 6
336 10
337 8
338 2
339 4
340 5
341 5
342 6
343 1
344 3
345 2
346 6
347 1
348 2
349 2
350 2
351 1
352 0
353 1
354 1
355 2
356 0
357 0
358 2
359 0
360 2
361 0
362 2
