0 0
1 0
2 0
3 0
4 0
5 0
6 0
7 0
8 0
9 0
10 0
11 0
12 0
13 0
14 0
15 0
16 0
17 0
18 0
19 0
20 0
21 0
22 0
23 0
24 0
25 0
26 0
27 0
28 0
29 0
30 0
31 0
32 0
33 0
34 0
35 0
36 0
37 0
38 0
39 0
40 0
41 0
42 0
43 0
44 0
45 0
46 0
47 0
48 0
49 0
50 0
51 0
52 0
53 0
54 0
55 0
56 0
57 0
58 0
59 0
60 0
61 0
62 0
63 0
64 0
65 0
66 0
67 0
68 0
69 0
70 0
71 0
72 0
73 0
74 0
75 0
76 0
77 0
78 0
79 0
80 0
81 0
82 0
83 0
84 0
85 0
86 0
87 0
88 0
89 0
90 0
91 0
92 0
93 0
94 0
95 0
96 0
97 0
98 0
99 0
100 0
101 0
102 0
103 0
104 0
105 0
106 0
107 0
108 0
109 0
110 0
111 0
112 0
113 0
114 0
115 0
116 0
117 0
118 0
119 0
120 0
121 0
122 0
123 0
124 0
125 0
126 0
127 1
128 2
129 1
130 0
131 0
132 0
133 0
134 0
135 0
136 0
137 1
138 0
139 0
140 5
141 2
142 1
143 3
144 12
145 3
146 7
147 13
148 16
149 43
150 42
151 62
152 58
153 74
154 62
155 79
156 83
157 62
158 50
159 83
160 72
161 98
162 78
163 99
164 107
165 131
166 129
167 148
168 153
169 141
170 173
171 180
172 206
173 236
174 295
175 292
176 354
177 374
178 424
179 481
180 527
181 535
182 662
183 740
184 815
185 851
186 1077
187 1049
188 1072
189 1087
190 1115
191 1173
192 1251
193 1202
194 1183
195 1260
196 1193
197 1285
198 1327
199 1409
200 1455
201 1531
202 1498
203 1574
204 1549
205 1599
206 1491
207 1534
208 1542
209 1641
210 1696
211 1858
212 2044
213 2150
214 2016
215 2164
216 2125
217 2308
218 2341
219 2223
220 2402
221 2320
222 2367
223 2334
224 2368
225 2524
226 2516
227 2319
228 2359
229 2429
230 2392
231 2386
232 2524
233 2478
234 2514
235 2570
236 2660
237 2784
238 2900
239 2850
240 2902
241 2824
242 2962
243 2900
244 2985
245 2933
246 2826
247 2744
248 2595
249 2507
250 2649
251 2494
252 2415
253 2485
254 2355
255 2430
256 2201
257 2243
258 2300
259 2156
260 2176
261 2242
262 2158
263 2184
264 2208
265 2185
266 2004
267 2083
268 1948
269 1862
270 1812
271 1714
272 1616
273 1580
274 1504
275 1334
276 1303
277 1363
278 1289
279 1293
280 1265
281 1157
282 1174
283 1273
284 1061
285 1011
286 1041
287 864
288 774
289 809
290 791
291 708
292 713
293 622
294 614
295 551
296 567
297 544
298 442
299 409
300 357
301 294
302 303
303 285
304 259
305 242
306 186
307 222
308 163
309 175
310 149
311 141
312 94
313 96
314 88
315 62
316 74
317 69
318 54
319 61
320 48
321 59
322 50
323 45
324 34
325 45
326 63
327 73
328 60
329 70
330 55
331 55
332 71
333 55
334 75
335 43
336 58
337 39
338 39
339 22
340 21
341 9
342 8
343 7
344 1
345 1
346 0
347 0
348 0
349 0
350 0
351 0
352 0
353 0
354 0
355 0
356 0
357 2
