0 0
1 0
2 0
3 0
4 0
5 0
6 0
7 0
8 0
9 0
10 0
11 0
12 0
13 0
14 0
15 0
16 0
17 0
18 0
19 0
20 0
21 0
22 0
23 2
24 1
25 0
26 1
27 1
28 3
29 0
30 4
31 5
32 7
33 4
34 3
35 5
36 2
37 2
38 7
39 6
40 5
41 2
42 2
43 4
44 7
45 2
46 8
47 4
48 0
49 5
50 3
51 7
52 4
53 5
54 7
55 2
56 3
57 1
58 2
59 8
60 1
61 2
62 6
63 9
64 6
65 5
66 6
67 6
68 8
69 8
70 2
71 8
72 10
73 9
74 6
75 9
76 12
77 14
78 8
79 12
80 9
81 11
82 9
83 10
84 13
85 3
86 6
87 9
88 5
89 5
90 5
91 6
92 4
93 6
94 5
95 5
96 4
97 8
98 1
99 2
100 5
101 2
102 7
103 1
104 4
105 4
106 3
107 2
108 1
109 1
110 3
111 4
112 2
113 4
114 1
115 0
116 1
117 2
118 4
119 2
120 7
121 0
122 6
123 10
124 2
125 2
126 2
127 4
128 4
129 4
130 6
131 9
132 8
133 7
134 11
135 19
136 18
137 23
138 28
139 25
140 50
141 48
142 95
143 64
144 100
145 152
146 157
147 171
148 218
149 229
150 213
151 256
152 290
153 277
154 280
155 358
156 295
157 384
158 357
159 385
160 459
161 482
162 499
163 491
164 529
165 570
166 607
167 661
168 703
169 738
170 808
171 908
172 1058
173 1078
174 1177
175 1207
176 1303
177 1410
178 1369
179 1303
180 1335
181 1283
182 1339
183 1303
184 1321
185 1325
186 1492
187 1490
188 1703
189 1690
190 1861
191 1744
192 1875
193 1952
194 2061
195 1991
196 1998
197 2231
198 2165
199 2224
200 2280
201 2363
202 2247
203 2383
204 2492
205 2466
206 2362
207 2718
208 2661
209 2727
210 2666
211 2743
212 2826
213 2723
214 2728
215 2593
216 2452
217 2667
218 2441
219 2517
220 2404
221 2324
222 2389
223 2492
224 2675
225 2668
226 2850
227 2744
228 2748
229 2698
230 2807
231 2557
232 2619
233 2485
234 2427
235 2426
236 2543
237 2504
238 2539
239 2453
240 2355
241 2333
242 2144
243 2069
244 1984
245 1935
246 1801
247 1784
248 1779
249 1677
250 1601
251 1567
252 1586
253 1513
254 1374
255 1340
256 1341
257 1397
258 1228
259 1155
260 1151
261 1100
262 1102
263 1087
264 1067
265 982
266 991
267 1026
268 987
269 1033
270 1163
271 1070
272 1014
273 996
274 989
275 914
276 998
277 893
278 771
279 796
280 625
281 560
282 511
283 413
284 376
285 345
286 280
287 252
288 229
289 200
290 219
291 192
292 183
293 204
294 168
295 186
296 149
297 175
298 130
299 150
300 168
301 160
302 139
303 191
304 180
305 159
306 126
307 151
308 95
309 80
310 80
311 62
312 67
313 29
314 41
315 37
316 33
317 43
318 25
319 32
320 38
321 21
322 26
323 22
324 25
325 28
326 18
327 18
328 19
329 15
330 7
331 14
332 5
333 7
334 10
335 14
336 8
337 11
338 11
339 11
340 6
341 7
342 4
343 6
344 5
345 8
346 6
347 5
348 5
349 4
350 1
351 2
352 0
353 0
354 0
355 1
356 1
