0 0
1 0
2 0
3 0
4 0
5 0
6 0
7 0
8 0
9 0
10 0
11 0
12 0
13 0
14 0
15 0
16 0
17 0
18 0
19 0
20 0
21 0
22 0
23 0
24 0
25 0
26 0
27 0
28 0
29 0
30 0
31 1
32 0
33 0
34 0
35 0
36 0
37 0
38 0
39 0
40 0
41 0
42 0
43 0
44 0
45 0
46 0
47 0
48 0
49 0
50 0
51 0
52 0
53 0
54 0
55 0
56 0
57 0
58 0
59 1
60 0
61 0
62 0
63 0
64 0
65 0
66 0
67 0
68 0
69 0
70 0
71 0
72 0
73 0
74 0
75 0
76 0
77 0
78 0
79 0
80 2
81 0
82 1
83 0
84 4
85 2
86 1
87 2
88 5
89 7
90 0
91 4
92 3
93 2
94 4
95 3
96 5
97 1
98 4
99 5
100 1
101 3
102 2
103 5
104 3
105 3
106 1
107 1
108 0
109 4
110 1
111 3
112 4
113 3
114 0
115 3
116 1
117 4
118 4
119 1
120 1
121 4
122 5
123 4
124 2
125 3
126 4
127 1
128 5
129 3
130 7
131 5
132 5
133 4
134 5
135 6
136 16
137 6
138 7
139 4
140 6
141 11
142 18
143 11
144 16
145 15
146 12
147 13
148 13
149 17
150 7
151 17
152 15
153 19
154 17
155 38
156 29
157 61
158 39
159 70
160 70
161 63
162 87
163 74
164 106
165 124
166 107
167 121
168 122
169 117
170 137
171 158
172 152
173 146
174 167
175 177
176 191
177 219
178 235
179 268
180 234
181 302
182 298
183 308
184 342
185 366
186 426
187 415
188 482
189 502
190 584
191 644
192 631
193 770
194 748
195 883
196 915
197 919
198 943
199 1044
200 983
201 1120
202 1239
203 1262
204 1335
205 1395
206 1515
207 1685
208 1880
209 1976
210 2127
211 2241
212 2430
213 2499
214 2405
215 2354
216 2551
217 2537
218 2572
219 2617
220 2872
221 2694
222 2708
223 2735
224 2702
225 2632
226 2556
227 2654
228 2594
229 2711
230 2670
231 2619
232 2658
233 2712
234 2582
235 2844
236 2964
237 2952
238 3043
239 3079
240 3185
241 3015
242 2992
243 2920
244 2886
245 2773
246 2596
247 2649
248 2618
249 2696
250 2674
251 2608
252 2471
253 2406
254 2379
255 2557
256 2520
257 2452
258 2577
259 2327
260 2311
261 2171
262 2247
263 2200
264 2180
265 2327
266 2065
267 1952
268 1781
269 1688
270 1525
271 1331
272 1230
273 1223
274 1237
275 1218
276 1241
277 1243
278 1185
279 1174
280 1145
281 1116
282 1075
283 1048
284 993
285 961
286 945
287 961
288 733
289 672
290 709
291 661
292 670
293 653
294 690
295 570
296 557
297 580
298 591
299 580
300 709
301 743
302 729
303 633
304 732
305 619
306 624
307 524
308 541
309 517
310 365
311 315
312 261
313 212
314 190
315 168
316 136
317 141
318 137
319 94
320 95
321 68
322 82
323 74
324 44
325 54
326 64
327 41
328 51
329 33
330 25
331 34
332 42
333 26
334 39
335 15
336 13
337 24
338 27
339 13
340 4
341 14
342 10
343 9
344 11
345 7
346 12
347 5
348 5
349 5
350 5
351 6
352 3
353 5
354 3
355 4
356 1
357 1
358 0
359 3
360 1
361 1
362 3
363 0
364 0
365 0
366 0
367 0
368 0
369 1
370 0
371 0
372 0
373 0
374 0
375 0
376 0
377 0
378 0
379 2
380 0
381 0
382 0
383 0
384 0
385 0
386 1
