0 0
1 0
2 0
3 0
4 0
5 0
6 0
7 0
8 0
9 0
10 0
11 0
12 1
13 0
14 1
15 1
16 0
17 0
18 8
19 5
20 7
21 2
22 2
23 0
24 4
25 4
26 2
27 10
28 3
29 2
30 4
31 8
32 5
33 5
34 7
35 4
36 7
37 2
38 4
39 7
40 6
41 11
42 3
43 4
44 9
45 3
46 4
47 5
48 5
49 10
50 6
51 5
52 2
53 4
54 3
55 4
56 4
57 7
58 12
59 8
60 5
61 17
62 8
63 9
64 12
65 7
66 7
67 7
68 12
69 7
70 6
71 8
72 7
73 8
74 8
75 2
76 3
77 6
78 2
79 11
80 9
81 15
82 4
83 5
84 10
85 6
86 7
87 3
88 10
89 11
90 5
91 14
92 5
93 7
94 8
95 1
96 4
97 6
98 6
99 4
100 1
101 8
102 3
103 6
104 1
105 5
106 4
107 6
108 1
109 3
110 5
111 14
112 9
113 0
114 0
115 5
116 6
117 1
118 5
119 2
120 6
121 3
122 2
123 5
124 1
125 5
126 1
127 4
128 7
129 3
130 11
131 5
132 6
133 7
134 7
135 14
136 20
137 15
138 17
139 27
140 14
141 13
142 13
143 15
144 29
145 22
146 29
147 33
148 21
149 32
150 30
151 31
152 51
153 42
154 43
155 42
156 55
157 49
158 57
159 54
160 48
161 69
162 73
163 91
164 98
165 79
166 86
167 98
168 68
169 85
170 96
171 113
172 82
173 121
174 104
175 123
176 151
177 128
178 141
179 145
180 176
181 188
182 176
183 189
184 234
185 289
186 281
187 329
188 295
189 311
190 324
191 345
192 336
193 382
194 456
195 401
196 442
197 447
198 459
199 468
200 417
201 488
202 502
203 499
204 504
205 585
206 671
207 752
208 727
209 777
210 912
211 943
212 1014
213 1081
214 1141
215 1336
216 1249
217 1303
218 1281
219 1353
220 1402
221 1406
222 1478
223 1515
224 1633
225 1560
226 1791
227 1660
228 1854
229 1780
230 1848
231 1952
232 1991
233 2118
234 2230
235 2233
236 2410
237 2500
238 2656
239 2562
240 2910
241 2947
242 3018
243 3044
244 3077
245 3343
246 3311
247 3284
248 3137
249 3143
250 3041
251 3092
252 2870
253 3117
254 2913
255 3187
256 3083
257 3130
258 3165
259 2908
260 2984
261 2997
262 3062
263 3040
264 3014
265 2912
266 2882
267 2640
268 2567
269 2500
270 2432
271 2302
272 2224
273 2247
274 2336
275 2145
276 2170
277 2229
278 2110
279 2188
280 2076
281 2009
282 1895
283 1832
284 1699
285 1568
286 1533
287 1409
288 1343
289 1168
290 1141
291 1168
292 1201
293 1116
294 1063
295 1114
296 991
297 944
298 963
299 857
300 872
301 932
302 724
303 811
304 834
305 735
306 843
307 748
308 719
309 683
310 663
311 601
312 547
313 462
314 477
315 368
316 344
317 309
318 284
319 255
320 237
321 214
322 228
323 198
324 154
325 123
326 127
327 130
328 115
329 112
330 102
331 93
332 89
333 75
334 51
335 70
336 61
337 40
338 37
339 45
340 37
341 37
342 28
343 23
344 31
345 36
346 34
347 18
348 18
349 21
350 16
351 12
352 9
353 9
354 11
355 4
356 5
357 1
358 6
359 0
360 3
361 1
362 4
363 4
364 0
365 1
366 0
367 2
368 0
369 2
370 0
371 0
372 0
373 0
374 2
