0 0
1 0
2 0
3 0
4 0
5 0
6 0
7 0
8 0
9 0
10 0
11 0
12 0
13 0
14 0
15 0
16 0
17 0
18 0
19 0
20 0
21 0
22 0
23 0
24 0
25 0
26 0
27 0
28 0
29 0
30 0
31 0
32 0
33 0
34 0
35 0
36 0
37 0
38 0
39 0
40 0
41 0
42 0
43 0
44 0
45 0
46 0
47 0
48 0
49 0
50 0
51 0
52 0
53 0
54 0
55 0
56 0
57 0
58 0
59 0
60 0
61 0
62 0
63 0
64 0
65 0
66 0
67 0
68 0
69 0
70 0
71 0
72 0
73 0
74 0
75 0
76 0
77 0
78 0
79 0
80 0
81 0
82 0
83 0
84 0
85 0
86 0
87 0
88 0
89 0
90 0
91 0
92 0
93 0
94 0
95 0
96 0
97 0
98 0
99 0
100 0
101 0
102 0
103 2
104 0
105 1
106 1
107 0
108 0
109 1
110 0
111 1
112 0
113 0
114 0
115 0
116 1
117 2
118 2
119 0
120 2
121 0
122 5
123 2
124 4
125 8
126 7
127 11
128 6
129 7
130 15
131 10
132 12
133 10
134 7
135 16
136 14
137 31
138 22
139 35
140 27
141 39
142 44
143 60
144 58
145 65
146 101
147 66
148 78
149 126
150 104
151 145
152 142
153 158
154 195
155 197
156 248
157 245
158 207
159 204
160 208
161 249
162 250
163 308
164 270
165 326
166 339
167 345
168 330
169 359
170 395
171 419
172 460
173 426
174 447
175 484
176 680
177 688
178 743
179 798
180 835
181 952
182 1048
183 967
184 1076
185 1063
186 1189
187 1131
188 1182
189 1098
190 1127
191 1058
192 1087
193 1066
194 1106
195 1146
196 1213
197 1243
198 1346
199 1403
200 1520
201 1601
202 1680
203 1845
204 1943
205 1918
206 2109
207 2190
208 2292
209 2436
210 2313
211 2457
212 2472
213 2334
214 2234
215 2220
216 2143
217 2200
218 2103
219 1900
220 1927
221 2039
222 1988
223 1997
224 2165
225 2186
226 2119
227 2246
228 2257
229 2168
230 2191
231 2272
232 2388
233 2342
234 2442
235 2372
236 2230
237 2293
238 2289
239 2439
240 2367
241 2690
242 2501
243 2432
244 2400
245 2418
246 2406
247 2214
248 2326
249 2282
250 2359
251 2228
252 2320
253 2222
254 2090
255 1827
256 1752
257 1793
258 1701
259 1714
260 1590
261 1620
262 1745
263 1703
264 1678
265 1732
266 1637
267 1609
268 1604
269 1681
270 1596
271 1745
272 1726
273 1562
274 1445
275 1663
276 1553
277 1664
278 1453
279 1424
280 1402
281 1266
282 1276
283 1228
284 1170
285 1079
286 1078
287 1012
288 940
289 843
290 745
291 692
292 649
293 639
294 605
295 634
296 601
297 527
298 574
299 516
300 521
301 533
302 420
303 481
304 381
305 452
306 401
307 339
308 328
309 289
310 280
311 261
312 227
313 200
314 240
315 189
316 165
317 162
318 152
319 156
320 127
321 122
322 124
323 79
324 85
325 67
326 61
327 48
328 44
329 42
330 38
331 27
332 32
333 29
334 32
335 11
336 14
337 18
338 16
339 13
340 18
341 8
342 12
343 8
344 14
345 14
346 13
347 15
348 8
349 15
350 19
351 17
352 13
353 7
354 19
355 12
356 6
357 10
358 11
359 9
360 11
361 9
362 5
363 3
364 2
365 2
366 1
367 1
368 0
369 1
