0 0
1 0
2 0
3 0
4 0
5 0
6 0
7 0
8 0
9 0
10 0
11 0
12 0
13 0
14 0
15 0
16 0
17 0
18 0
19 0
20 0
21 0
22 0
23 0
24 0
25 0
26 0
27 0
28 0
29 0
30 0
31 0
32 0
33 0
34 0
35 0
36 0
37 0
38 0
39 0
40 0
41 0
42 0
43 0
44 0
45 0
46 0
47 1
48 0
49 0
50 0
51 1
52 0
53 0
54 3
55 1
56 2
57 1
58 0
59 3
60 2
61 3
62 3
63 2
64 6
65 2
66 7
67 5
68 8
69 12
70 12
71 14
72 12
73 16
74 16
75 22
76 12
77 25
78 15
79 18
80 21
81 28
82 15
83 20
84 14
85 12
86 5
87 9
88 13
89 9
90 13
91 4
92 6
93 5
94 2
95 3
96 1
97 2
98 1
99 8
100 4
101 0
102 2
103 3
104 1
105 1
106 2
107 2
108 2
109 0
110 1
111 0
112 1
113 1
114 0
115 1
116 1
117 0
118 1
119 0
120 2
121 0
122 4
123 0
124 2
125 0
126 2
127 5
128 7
129 4
130 8
131 5
132 13
133 13
134 19
135 20
136 21
137 30
138 24
139 21
140 15
141 22
142 16
143 18
144 14
145 10
146 20
147 19
148 20
149 10
150 27
151 26
152 28
153 30
154 29
155 34
156 30
157 53
158 51
159 43
160 41
161 46
162 78
163 55
164 79
165 100
166 120
167 109
168 149
169 157
170 201
171 204
172 264
173 327
174 337
175 410
176 465
177 523
178 575
179 665
180 697
181 792
182 852
183 940
184 1064
185 1025
186 1124
187 1125
188 1138
189 1126
190 1184
191 1253
192 1250
193 1276
194 1280
195 1335
196 1453
197 1416
198 1512
199 1793
200 1816
201 1969
202 2072
203 2316
204 2383
205 2373
206 2781
207 2909
208 3153
209 3084
210 3063
211 3265
212 3002
213 2885
214 3001
215 3060
216 2969
217 3027
218 2954
219 2896
220 2818
221 2758
222 2804
223 2580
224 2674
225 2637
226 2736
227 2543
228 2487
229 2651
230 2445
231 2564
232 2683
233 2699
234 2839
235 2773
236 2816
237 2600
238 2508
239 2709
240 2632
241 2527
242 2484
243 2476
244 2386
245 2429
246 2257
247 2331
248 2337
249 2116
250 2159
251 2112
252 2102
253 2023
254 2078
255 2082
256 1949
257 1863
258 1873
259 1738
260 1625
261 1587
262 1544
263 1503
264 1399
265 1331
266 1372
267 1376
268 1211
269 1194
270 1073
271 1071
272 999
273 999
274 905
275 931
276 921
277 869
278 795
279 841
280 809
281 820
282 802
283 772
284 785
285 744
286 700
287 693
288 666
289 574
290 590
291 577
292 607
293 479
294 467
295 444
296 423
297 404
298 365
299 308
300 257
301 225
302 215
303 204
304 134
305 168
306 174
307 119
308 148
309 127
310 145
311 98
312 95
313 86
314 84
315 96
316 98
317 88
318 74
319 67
320 75
321 75
322 76
323 54
324 59
325 51
326 63
327 35
328 27
329 33
330 25
331 27
332 36
333 29
334 17
335 20
336 21
337 16
338 16
339 24
340 13
341 13
342 15
343 7
344 9
345 3
346 10
347 9
348 4
349 3
350 5
351 3
352 0
353 0
354 2
355 0
356 0
357 0
358 0
359 2
360 1
