0 0
1 0
2 0
3 0
4 0
5 0
6 0
7 0
8 0
9 0
10 0
11 0
12 0
13 0
14 0
15 0
16 0
17 0
18 0
19 0
20 0
21 1
22 0
23 2
24 1
25 0
26 0
27 0
28 2
29 0
30 0
31 0
32 3
33 3
34 4
35 3
36 1
37 3
38 6
39 6
40 5
41 11
42 6
43 6
44 7
45 6
46 9
47 11
48 6
49 8
50 9
51 10
52 8
53 5
54 8
55 7
56 7
57 11
58 8
59 7
60 2
61 12
62 9
63 10
64 10
65 6
66 8
67 6
68 10
69 10
70 7
71 4
72 5
73 3
74 3
75 2
76 3
77 4
78 3
79 4
80 3
81 2
82 2
83 1
84 4
85 3
86 4
87 2
88 1
89 3
90 0
91 1
92 4
93 3
94 1
95 0
96 0
97 0
98 1
99 1
100 0
101 2
102 1
103 1
104 2
105 1
106 0
107 2
108 0
109 1
110 0
111 0
112 0
113 0
114 1
115 0
116 0
117 0
118 0
119 0
120 0
121 0
122 0
123 0
124 2
125 1
126 2
127 1
128 1
129 2
130 4
131 1
132 5
133 1
134 2
135 2
136 10
137 6
138 5
139 13
140 30
141 33
142 45
143 53
144 76
145 88
146 86
147 95
148 110
149 129
150 185
151 181
152 175
153 226
154 214
155 272
156 268
157 299
158 298
159 354
160 387
161 367
162 381
163 363
164 411
165 475
166 500
167 551
168 587
169 637
170 754
171 812
172 870
173 897
174 915
175 871
176 953
177 1054
178 1077
179 1049
180 1111
181 1164
182 1033
183 1185
184 1155
185 1233
186 1217
187 1302
188 1318
189 1311
190 1418
191 1436
192 1406
193 1544
194 1555
195 1502
196 1645
197 1665
198 1855
199 1935
200 1915
201 2117
202 2173
203 2140
204 2206
205 2422
206 2428
207 2378
208 2350
209 2380
210 2350
211 2307
212 2262
213 2400
214 2359
215 2431
216 2544
217 2371
218 2535
219 2456
220 2588
221 2555
222 2517
223 2460
224 2596
225 2467
226 2479
227 2492
228 2486
229 2499
230 2739
231 2615
232 2558
233 2544
234 2381
235 2350
236 2156
237 2207
238 2223
239 2149
240 2022
241 1991
242 1875
243 1980
244 2009
245 1954
246 1936
247 1901
248 1917
249 1892
250 1984
251 1902
252 1868
253 1855
254 1739
255 1825
256 1832
257 1773
258 1613
259 1586
260 1540
261 1501
262 1436
263 1419
264 1314
265 1281
266 1228
267 1075
268 1124
269 1081
270 1085
271 1017
272 906
273 904
274 904
275 897
276 902
277 873
278 896
279 878
280 826
281 777
282 736
283 720
284 741
285 726
286 649
287 633
288 654
289 584
290 603
291 540
292 484
293 505
294 514
295 389
296 443
297 429
298 376
299 522
300 461
301 397
302 339
303 425
304 455
305 364
306 413
307 398
308 336
309 296
310 315
311 274
312 319
313 291
314 256
315 243
316 235
317 256
318 249
319 200
320 178
321 162
322 201
323 146
324 139
325 106
326 102
327 79
328 48
329 46
330 47
331 39
332 64
333 32
334 18
335 33
336 24
337 26
338 12
339 37
340 19
341 11
342 11
343 7
344 7
345 15
346 8
347 5
348 9
349 14
350 9
351 7
352 11
353 8
354 14
355 4
356 5
357 5
358 5
359 4
360 3
361 0
362 5
363 1
364 1
365 0
366 1
367 0
368 0
369 0
370 1
