0 0
1 0
2 0
3 0
4 0
5 0
6 0
7 0
8 0
9 0
10 0
11 0
12 0
13 0
14 0
15 0
16 0
17 0
18 0
19 0
20 0
21 0
22 0
23 0
24 0
25 0
26 0
27 0
28 0
29 0
30 0
31 0
32 0
33 0
34 0
35 0
36 0
37 0
38 0
39 0
40 0
41 0
42 0
43 0
44 0
45 0
46 0
47 1
48 0
49 0
50 0
51 0
52 0
53 0
54 0
55 0
56 1
57 0
58 0
59 0
60 1
61 0
62 0
63 0
64 0
65 0
66 2
67 0
68 1
69 0
70 0
71 0
72 0
73 0
74 0
75 0
76 1
77 0
78 0
79 1
80 1
81 1
82 0
83 0
84 0
85 0
86 1
87 2
88 0
89 0
90 0
91 1
92 0
93 0
94 0
95 1
96 0
97 1
98 1
99 1
100 0
101 1
102 1
103 0
104 0
105 2
106 0
107 0
108 0
109 1
110 1
111 0
112 2
113 0
114 1
115 1
116 0
117 1
118 1
119 3
120 1
121 0
122 1
123 2
124 3
125 1
126 1
127 0
128 3
129 3
130 2
131 10
132 5
133 7
134 6
135 2
136 16
137 17
138 10
139 18
140 31
141 26
142 40
143 33
144 51
145 42
146 40
147 40
148 41
149 49
150 58
151 61
152 76
153 69
154 79
155 84
156 94
157 100
158 129
159 152
160 164
161 184
162 183
163 197
164 278
165 281
166 274
167 363
168 379
169 435
170 370
171 447
172 487
173 499
174 566
175 543
176 613
177 611
178 572
179 604
180 620
181 584
182 695
183 691
184 665
185 726
186 698
187 765
188 782
189 830
190 797
191 936
192 889
193 975
194 1074
195 1134
196 1257
197 1426
198 1468
199 1861
200 1878
201 1946
202 1989
203 1998
204 2081
205 1890
206 1804
207 1927
208 1793
209 1806
210 1875
211 1932
212 1858
213 1820
214 1954
215 1973
216 2066
217 2171
218 2294
219 2329
220 2357
221 2473
222 2621
223 2753
224 2827
225 2917
226 2929
227 2867
228 2870
229 2860
230 2898
231 2745
232 2574
233 2558
234 2668
235 2586
236 2843
237 2843
238 2856
239 2907
240 2833
241 2911
242 3032
243 2932
244 2989
245 2908
246 2872
247 2734
248 2731
249 2695
250 2586
251 2437
252 2452
253 2404
254 2253
255 2142
256 1981
257 1937
258 1874
259 1835
260 1699
261 1737
262 1640
263 1573
264 1425
265 1367
266 1281
267 1270
268 1185
269 1081
270 1050
271 1004
272 945
273 1006
274 949
275 881
276 924
277 1031
278 934
279 929
280 954
281 996
282 934
283 850
284 858
285 888
286 800
287 754
288 716
289 757
290 692
291 621
292 605
293 617
294 654
295 584
296 568
297 507
298 589
299 619
300 430
301 538
302 586
303 528
304 569
305 594
306 611
307 563
308 620
309 569
310 502
311 550
312 475
313 349
314 288
315 212
316 173
317 152
318 178
319 113
320 144
321 122
322 91
323 68
324 75
325 94
326 86
327 32
328 41
329 11
330 28
331 24
332 14
333 11
334 8
335 3
336 6
337 7
338 10
339 6
340 9
341 7
342 1
343 3
344 3
345 2
346 4
347 3
348 7
349 2
350 5
351 0
352 1
353 0
354 3
355 3
356 0
357 3
358 0
359 1
360 3
361 0
362 0
363 2
