0 0
1 0
2 0
3 0
4 0
5 0
6 0
7 0
8 0
9 0
10 0
11 0
12 0
13 0
14 0
15 0
16 0
17 0
18 0
19 0
20 0
21 0
22 0
23 0
24 0
25 0
26 0
27 0
28 0
29 0
30 1
31 0
32 0
33 0
34 0
35 0
36 0
37 0
38 0
39 0
40 0
41 0
42 0
43 0
44 0
45 0
46 1
47 0
48 0
49 0
50 0
51 0
52 6
53 0
54 0
55 0
56 0
57 0
58 0
59 0
60 0
61 0
62 0
63 0
64 0
65 1
66 1
67 0
68 4
69 0
70 0
71 1
72 2
73 0
74 1
75 0
76 1
77 0
78 0
79 2
80 0
81 0
82 0
83 0
84 0
85 0
86 4
87 0
88 0
89 2
90 0
91 5
92 2
93 0
94 0
95 0
96 0
97 0
98 0
99 0
100 0
101 0
102 0
103 0
104 0
105 0
106 1
107 0
108 0
109 1
110 0
111 2
112 0
113 1
114 0
115 5
116 6
117 0
118 5
119 2
120 0
121 2
122 2
123 2
124 5
125 7
126 1
127 0
128 2
129 3
130 3
131 3
132 2
133 1
134 0
135 3
136 7
137 8
138 6
139 6
140 5
141 18
142 5
143 13
144 8
145 16
146 21
147 29
148 17
149 26
150 17
151 19
152 34
153 32
154 38
155 37
156 58
157 77
158 70
159 98
160 90
161 118
162 135
163 171
164 251
165 263
166 298
167 388
168 411
169 528
170 565
171 584
172 683
173 705
174 705
175 756
176 840
177 759
178 875
179 940
180 830
181 996
182 939
183 973
184 1058
185 1057
186 999
187 1093
188 1205
189 1183
190 1359
191 1410
192 1615
193 1804
194 1888
195 2010
196 1968
197 2080
198 1791
199 1847
200 1670
201 1680
202 1608
203 1543
204 1527
205 1559
206 1556
207 1691
208 1708
209 1701
210 1700
211 1765
212 1960
213 2081
214 2105
215 2108
216 2257
217 2400
218 2515
219 2559
220 2620
221 2620
222 2617
223 2547
224 2491
225 2449
226 2418
227 2386
228 2410
229 2275
230 2185
231 2223
232 2149
233 2130
234 2108
235 2119
236 2219
237 2149
238 2364
239 2370
240 2394
241 2290
242 2294
243 2312
244 2397
245 2211
246 2277
247 2315
248 2268
249 2318
250 2293
251 2315
252 2263
253 2354
254 2336
255 2169
256 2170
257 2210
258 2096
259 1987
260 1931
261 1862
262 1795
263 1585
264 1595
265 1400
266 1339
267 1275
268 1287
269 1161
270 1180
271 1133
272 1193
273 1254
274 1135
275 1181
276 1091
277 1077
278 1091
279 965
280 900
281 1025
282 850
283 899
284 801
285 842
286 773
287 678
288 775
289 773
290 697
291 648
292 649
293 616
294 590
295 704
296 622
297 587
298 568
299 583
300 542
301 515
302 550
303 463
304 473
305 425
306 438
307 384
308 367
309 342
310 277
311 303
312 271
313 193
314 225
315 175
316 198
317 246
318 250
319 232
320 218
321 257
322 220
323 222
324 271
325 184
326 212
327 202
328 142
329 203
330 177
331 219
332 202
333 211
334 152
335 161
336 159
337 165
338 162
339 97
340 88
341 78
342 35
343 38
344 35
345 21
346 18
347 25
348 29
349 22
350 16
351 17
352 24
353 21
354 13
355 17
356 18
357 14
358 21
359 19
360 23
361 14
362 14
363 20
364 6
365 6
366 6
367 4
368 3
369 5
370 0
371 2
372 3
373 4
374 5
