0 0
1 0
2 0
3 0
4 0
5 0
6 0
7 0
8 0
9 0
10 0
11 0
12 0
13 0
14 0
15 0
16 0
17 0
18 0
19 0
20 0
21 0
22 0
23 0
24 0
25 0
26 0
27 0
28 0
29 0
30 0
31 0
32 0
33 0
34 0
35 0
36 0
37 0
38 0
39 0
40 0
41 0
42 0
43 0
44 0
45 0
46 0
47 0
48 0
49 0
50 0
51 0
52 0
53 0
54 0
55 0
56 0
57 0
58 0
59 0
60 0
61 0
62 0
63 0
64 0
65 0
66 0
67 0
68 0
69 0
70 0
71 0
72 0
73 0
74 0
75 0
76 0
77 0
78 0
79 0
80 0
81 0
82 0
83 0
84 0
85 0
86 0
87 0
88 0
89 0
90 0
91 0
92 0
93 0
94 0
95 0
96 0
97 0
98 0
99 0
100 0
101 0
102 0
103 0
104 0
105 0
106 0
107 0
108 0
109 0
110 0
111 0
112 0
113 0
114 0
115 0
116 0
117 0
118 0
119 0
120 0
121 3
122 0
123 0
124 0
125 0
126 0
127 0
128 3
129 0
130 0
131 0
132 0
133 2
134 0
135 0
136 0
137 4
138 2
139 4
140 0
141 1
142 2
143 1
144 2
145 4
146 4
147 4
148 1
149 2
150 1
151 5
152 6
153 10
154 10
155 10
156 14
157 15
158 14
159 19
160 28
161 35
162 36
163 22
164 35
165 58
166 40
167 57
168 61
169 85
170 107
171 113
172 110
173 146
174 145
175 150
176 229
177 231
178 285
179 295
180 388
181 373
182 438
183 443
184 510
185 534
186 570
187 603
188 705
189 734
190 776
191 794
192 890
193 925
194 1013
195 1120
196 1218
197 1324
198 1317
199 1421
200 1391
201 1373
202 1509
203 1474
204 1430
205 1395
206 1512
207 1474
208 1575
209 1551
210 1755
211 1778
212 1810
213 2052
214 1985
215 2137
216 2358
217 2443
218 2633
219 2679
220 2520
221 2527
222 2555
223 2573
224 2551
225 2424
226 2454
227 2493
228 2526
229 2639
230 2603
231 2624
232 2631
233 2806
234 2700
235 2857
236 2859
237 3109
238 3375
239 3428
240 3555
241 3762
242 3606
243 3609
244 3537
245 3244
246 3054
247 3027
248 2797
249 2598
250 2656
251 2529
252 2548
253 2574
254 2486
255 2440
256 2551
257 2321
258 2243
259 2037
260 2005
261 1857
262 1759
263 1789
264 1617
265 1669
266 1587
267 1476
268 1445
269 1404
270 1425
271 1392
272 1314
273 1472
274 1480
275 1414
276 1590
277 1552
278 1563
279 1630
280 1519
281 1465
282 1425
283 1395
284 1207
285 1209
286 1032
287 935
288 916
289 781
290 731
291 695
292 594
293 606
294 491
295 465
296 445
297 456
298 383
299 370
300 340
301 332
302 303
303 307
304 270
305 255
306 237
307 216
308 222
309 208
310 189
311 146
312 142
313 182
314 146
315 131
316 147
317 137
318 109
319 131
320 159
321 140
322 125
323 124
324 88
325 115
326 120
327 75
328 122
329 107
330 101
331 109
332 106
333 96
334 93
335 84
336 85
337 50
338 32
339 64
340 46
341 62
342 53
343 38
344 39
345 37
346 24
347 19
348 12
349 7
350 5
351 5
352 1
353 0
354 1
355 2
