0 0
1 0
2 0
3 0
4 0
5 0
6 0
7 0
8 0
9 0
10 0
11 0
12 0
13 0
14 0
15 0
16 0
17 0
18 0
19 0
20 0
21 0
22 0
23 0
24 0
25 0
26 0
27 0
28 0
29 0
30 0
31 0
32 0
33 0
34 0
35 0
36 0
37 0
38 0
39 0
40 0
41 0
42 0
43 0
44 0
45 0
46 0
47 0
48 0
49 0
50 0
51 0
52 0
53 0
54 0
55 0
56 0
57 0
58 0
59 0
60 0
61 0
62 0
63 0
64 0
65 0
66 0
67 0
68 0
69 0
70 0
71 0
72 0
73 0
74 0
75 0
76 0
77 0
78 0
79 0
80 0
81 0
82 0
83 0
84 0
85 0
86 0
87 0
88 0
89 0
90 0
91 0
92 0
93 0
94 0
95 0
96 0
97 0
98 0
99 0
100 0
101 0
102 0
103 0
104 0
105 0
106 0
107 0
108 0
109 0
110 0
111 0
112 0
113 0
114 0
115 0
116 0
117 0
118 0
119 0
120 0
121 0
122 0
123 0
124 0
125 0
126 0
127 0
128 2
129 0
130 0
131 0
132 0
133 0
134 1
135 1
136 3
137 11
138 6
139 5
140 3
141 9
142 7
143 11
144 8
145 6
146 9
147 8
148 10
149 21
150 20
151 13
152 14
153 20
154 35
155 32
156 37
157 57
158 62
159 58
160 64
161 84
162 97
163 107
164 138
165 146
166 174
167 194
168 201
169 321
170 271
171 373
172 419
173 419
174 392
175 443
176 412
177 422
178 447
179 447
180 441
181 508
182 494
183 525
184 482
185 621
186 736
187 825
188 875
189 936
190 1050
191 1203
192 1134
193 1299
194 1273
195 1369
196 1449
197 1417
198 1438
199 1463
200 1487
201 1572
202 1621
203 1800
204 1654
205 1633
206 1774
207 1725
208 1748
209 1759
210 1816
211 2040
212 2080
213 2234
214 2450
215 2387
216 2466
217 2758
218 2535
219 2654
220 2612
221 2704
222 2586
223 2705
224 2703
225 2798
226 2804
227 2931
228 3000
229 2945
230 2962
231 3020
232 3092
233 2986
234 3000
235 2959
236 3089
237 2978
238 2950
239 2944
240 3055
241 2879
242 2934
243 2926
244 2979
245 2854
246 2768
247 2542
248 2450
249 2385
250 2423
251 2372
252 2292
253 2208
254 2142
255 2074
256 2128
257 2120
258 2234
259 2004
260 2156
261 2163
262 2061
263 2004
264 1906
265 1820
266 1656
267 1731
268 1815
269 1593
270 1652
271 1515
272 1543
273 1550
274 1377
275 1352
276 1270
277 1228
278 1248
279 1125
280 1155
281 1085
282 962
283 1018
284 914
285 858
286 777
287 760
288 741
289 749
290 637
291 575
292 564
293 478
294 472
295 426
296 393
297 330
298 263
299 275
300 236
301 204
302 183
303 163
304 145
305 118
306 113
307 85
308 76
309 75
310 67
311 47
312 45
313 44
314 30
315 33
316 21
317 16
318 20
319 18
320 9
321 13
322 6
323 2
324 5
325 3
326 2
327 1
328 3
329 0
330 0
331 0
332 2
333 0
334 3
335 3
