0 0
1 0
2 0
3 0
4 0
5 0
6 0
7 0
8 0
9 0
10 0
11 0
12 0
13 0
14 0
15 0
16 0
17 0
18 0
19 0
20 0
21 0
22 0
23 0
24 0
25 0
26 0
27 0
28 0
29 0
30 0
31 1
32 0
33 1
34 0
35 0
36 2
37 0
38 1
39 0
40 2
41 0
42 0
43 1
44 2
45 1
46 1
47 0
48 0
49 1
50 0
51 2
52 1
53 0
54 2
55 0
56 0
57 1
58 1
59 1
60 1
61 0
62 0
63 1
64 0
65 0
66 1
67 1
68 0
69 0
70 0
71 1
72 0
73 1
74 1
75 1
76 0
77 0
78 0
79 0
80 1
81 0
82 0
83 0
84 0
85 1
86 4
87 3
88 0
89 2
90 0
91 1
92 1
93 1
94 1
95 3
96 0
97 1
98 2
99 0
100 4
101 6
102 0
103 2
104 2
105 6
106 2
107 2
108 0
109 2
110 2
111 1
112 2
113 0
114 2
115 1
116 4
117 4
118 5
119 6
120 14
121 9
122 30
123 49
124 54
125 73
126 92
127 112
128 100
129 104
130 120
131 122
132 138
133 105
134 149
135 186
136 158
137 212
138 170
139 202
140 181
141 153
142 201
143 195
144 220
145 267
146 278
147 275
148 377
149 420
150 519
151 566
152 596
153 614
154 729
155 781
156 799
157 720
158 826
159 672
160 771
161 760
162 828
163 813
164 820
165 923
166 980
167 997
168 949
169 1137
170 1269
171 1380
172 1474
173 1626
174 1642
175 1765
176 1872
177 1998
178 1901
179 2014
180 2027
181 2040
182 2044
183 1990
184 1960
185 1946
186 1979
187 2073
188 2253
189 2201
190 2040
191 2272
192 2298
193 2174
194 2234
195 2344
196 2328
197 2253
198 2301
199 2402
200 2396
201 2269
202 2281
203 2353
204 2262
205 2158
206 2207
207 2086
208 2181
209 2195
210 2104
211 2141
212 2211
213 2133
214 2201
215 2104
216 2109
217 2134
218 2117
219 2109
220 1938
221 2053
222 2120
223 1919
224 1911
225 1924
226 2012
227 2001
228 2004
229 2103
230 1991
231 1923
232 2006
233 1977
234 1915
235 1962
236 1886
237 1960
238 1916
239 1915
240 1894
241 1852
242 1981
243 1984
244 1933
245 1862
246 1925
247 1722
248 1672
249 1628
250 1578
251 1597
252 1346
253 1442
254 1373
255 1305
256 1265
257 1135
258 1147
259 1019
260 1002
261 1035
262 1010
263 1042
264 959
265 1005
266 919
267 964
268 1003
269 887
270 891
271 831
272 788
273 759
274 694
275 635
276 650
277 588
278 640
279 537
280 515
281 540
282 517
283 492
284 430
285 395
286 350
287 374
288 354
289 306
290 301
291 297
292 288
293 256
294 249
295 181
296 229
297 202
298 180
299 162
300 155
301 152
302 139
303 118
304 104
305 99
306 99
307 92
308 97
309 101
310 97
311 107
312 77
313 78
314 76
315 61
316 49
317 52
318 45
319 43
320 30
321 41
322 38
323 23
324 22
325 26
326 13
327 14
328 10
329 20
330 8
331 20
332 10
333 11
334 6
335 6
336 3
337 4
338 2
339 6
340 7
341 0
342 5
343 3
344 1
345 2
