0 0
1 0
2 0
3 0
4 0
5 0
6 0
7 0
8 0
9 0
10 0
11 0
12 0
13 0
14 0
15 0
16 0
17 0
18 0
19 0
20 0
21 0
22 0
23 0
24 0
25 0
26 0
27 0
28 0
29 0
30 0
31 0
32 0
33 0
34 0
35 0
36 0
37 0
38 0
39 0
40 0
41 0
42 0
43 0
44 0
45 0
46 0
47 0
48 0
49 0
50 0
51 0
52 0
53 0
54 0
55 0
56 0
57 0
58 0
59 0
60 0
61 0
62 0
63 0
64 0
65 0
66 0
67 0
68 0
69 0
70 0
71 0
72 0
73 0
74 0
75 0
76 0
77 0
78 0
79 0
80 0
81 0
82 0
83 0
84 0
85 0
86 0
87 0
88 0
89 0
90 0
91 0
92 0
93 0
94 0
95 0
96 0
97 0
98 0
99 0
100 0
101 0
102 0
103 0
104 0
105 0
106 0
107 0
108 0
109 0
110 0
111 0
112 0
113 0
114 0
115 0
116 0
117 0
118 0
119 0
120 0
121 0
122 0
123 0
124 0
125 0
126 0
127 0
128 0
129 0
130 0
131 2
132 0
133 1
134 1
135 2
136 1
137 8
138 3
139 3
140 4
141 2
142 10
143 6
144 9
145 17
146 11
147 31
148 27
149 20
150 27
151 24
152 14
153 33
154 34
155 47
156 47
157 35
158 41
159 50
160 49
161 72
162 74
163 66
164 72
165 88
166 86
167 96
168 94
169 114
170 110
171 123
172 104
173 167
174 155
175 201
176 218
177 255
178 260
179 316
180 299
181 332
182 367
183 354
184 404
185 440
186 497
187 535
188 579
189 674
190 789
191 784
192 843
193 1007
194 1034
195 1113
196 1127
197 1321
198 1446
199 1587
200 1726
201 1909
202 1967
203 1989
204 2084
205 2206
206 2154
207 2278
208 2328
209 2372
210 2252
211 2318
212 2426
213 2610
214 2732
215 2745
216 2945
217 3073
218 2796
219 2782
220 2635
221 2612
222 2588
223 2660
224 2627
225 2590
226 2733
227 2627
228 2874
229 3125
230 3102
231 3268
232 3310
233 3318
234 3553
235 3485
236 3447
237 3385
238 3458
239 3312
240 3239
241 3163
242 3010
243 2957
244 2980
245 2875
246 2833
247 2784
248 2809
249 2732
250 2541
251 2610
252 2579
253 2589
254 2508
255 2432
256 2378
257 2342
258 2264
259 2036
260 1957
261 1830
262 1747
263 1619
264 1556
265 1545
266 1464
267 1450
268 1377
269 1278
270 1380
271 1247
272 1136
273 1088
274 1041
275 1087
276 980
277 978
278 976
279 925
280 859
281 828
282 810
283 820
284 744
285 790
286 743
287 681
288 778
289 600
290 643
291 531
292 495
293 442
294 478
295 348
296 361
297 300
298 258
299 280
300 233
301 229
302 174
303 164
304 124
305 112
306 106
307 84
308 85
309 61
310 57
311 48
312 44
313 35
314 41
315 29
316 22
317 32
318 40
319 27
320 31
321 32
322 15
323 20
324 26
325 25
326 28
327 18
328 17
329 16
330 10
331 14
332 12
333 5
334 3
335 0
336 2
337 2
338 0
339 1
340 0
341 0
342 0
343 0
344 1
345 0
346 2
