0 0
1 0
2 0
3 0
4 0
5 0
6 0
7 0
8 0
9 0
10 0
11 0
12 0
13 0
14 0
15 0
16 0
17 0
18 0
19 0
20 0
21 0
22 0
23 0
24 0
25 0
26 0
27 0
28 0
29 0
30 0
31 0
32 0
33 0
34 0
35 0
36 0
37 0
38 0
39 0
40 0
41 0
42 0
43 0
44 0
45 0
46 0
47 0
48 0
49 0
50 0
51 0
52 0
53 0
54 0
55 0
56 0
57 0
58 0
59 0
60 0
61 0
62 0
63 0
64 0
65 0
66 0
67 0
68 0
69 0
70 0
71 0
72 0
73 0
74 0
75 0
76 0
77 0
78 0
79 0
80 0
81 0
82 0
83 0
84 0
85 0
86 0
87 0
88 0
89 0
90 0
91 0
92 0
93 0
94 0
95 0
96 0
97 0
98 0
99 0
100 0
101 0
102 0
103 0
104 0
105 0
106 0
107 0
108 0
109 0
110 0
111 0
112 0
113 0
114 0
115 0
116 0
117 0
118 0
119 0
120 0
121 0
122 0
123 0
124 0
125 0
126 0
127 0
128 0
129 0
130 0
131 0
132 0
133 0
134 0
135 0
136 0
137 0
138 0
139 1
140 1
141 1
142 3
143 2
144 2
145 5
146 4
147 25
148 21
149 47
150 96
151 103
152 129
153 221
154 255
155 325
156 440
157 437
158 371
159 381
160 455
161 494
162 380
163 459
164 354
165 305
166 206
167 158
168 164
169 128
170 162
171 166
172 218
173 238
174 270
175 242
176 209
177 274
178 275
179 233
180 337
181 318
182 350
183 341
184 431
185 400
186 460
187 471
188 553
189 583
190 588
191 662
192 664
193 814
194 892
195 947
196 1058
197 1152
198 1259
199 1258
200 1307
201 1273
202 1252
203 1268
204 1157
205 1158
206 1290
207 1272
208 1300
209 1333
210 1402
211 1600
212 1537
213 1698
214 1843
215 1886
216 2047
217 2068
218 2185
219 2364
220 2423
221 2289
222 2411
223 2361
224 2437
225 2368
226 2273
227 2449
228 2401
229 2357
230 2412
231 2314
232 2331
233 2449
234 2457
235 2411
236 2466
237 2361
238 2485
239 2539
240 2469
241 2524
242 2468
243 2406
244 2370
245 2393
246 2330
247 2302
248 2370
249 2265
250 2538
251 2563
252 2321
253 2338
254 2324
255 2310
256 2321
257 2352
258 2281
259 2346
260 2406
261 2300
262 2280
263 2339
264 2377
265 2268
266 2246
267 2278
268 2207
269 1980
270 2081
271 2084
272 1830
273 1868
274 1816
275 1767
276 1771
277 1692
278 1615
279 1576
280 1527
281 1441
282 1417
283 1386
284 1340
285 1255
286 1281
287 1126
288 1077
289 1031
290 982
291 959
292 949
293 927
294 786
295 808
296 720
297 760
298 611
299 719
300 600
301 509
302 570
303 560
304 471
305 449
306 460
307 435
308 377
309 359
310 317
311 307
312 299
313 238
314 209
315 231
316 210
317 204
318 187
319 151
320 121
321 139
322 140
323 139
324 119
325 120
326 139
327 127
328 118
329 115
330 93
331 209
332 216
333 180
334 255
335 222
336 262
337 188
338 190
339 118
340 96
341 94
342 65
343 38
344 38
345 35
346 21
347 12
348 5
349 6
350 5
351 3
352 4
353 1
354 1
355 0
356 2
357 3
358 3
359 1
360 4
361 1
362 2
363 1
