0 0
1 0
2 0
3 0
4 0
5 0
6 0
7 0
8 0
9 0
10 0
11 0
12 0
13 0
14 0
15 0
16 0
17 0
18 0
19 0
20 0
21 0
22 0
23 0
24 0
25 0
26 0
27 0
28 0
29 0
30 0
31 0
32 0
33 0
34 0
35 0
36 0
37 0
38 0
39 0
40 0
41 0
42 0
43 0
44 0
45 0
46 0
47 0
48 0
49 0
50 0
51 0
52 0
53 0
54 0
55 0
56 0
57 0
58 0
59 0
60 0
61 0
62 0
63 0
64 0
65 0
66 0
67 0
68 0
69 0
70 0
71 0
72 0
73 0
74 0
75 0
76 0
77 0
78 0
79 0
80 0
81 0
82 0
83 0
84 0
85 0
86 0
87 0
88 1
89 0
90 0
91 0
92 0
93 0
94 0
95 0
96 0
97 0
98 0
99 0
100 0
101 0
102 0
103 1
104 0
105 0
106 1
107 2
108 1
109 2
110 0
111 4
112 2
113 4
114 5
115 0
116 8
117 8
118 12
119 15
120 17
121 8
122 24
123 16
124 19
125 21
126 22
127 30
128 46
129 41
130 41
131 52
132 56
133 56
134 62
135 66
136 82
137 82
138 104
139 122
140 123
141 150
142 169
143 151
144 187
145 218
146 233
147 267
148 338
149 336
150 394
151 387
152 418
153 446
154 523
155 571
156 584
157 688
158 799
159 742
160 827
161 894
162 995
163 958
164 1027
165 1087
166 1023
167 1161
168 1231
169 1297
170 1346
171 1567
172 1630
173 1687
174 1693
175 1903
176 2012
177 2153
178 2333
179 2526
180 2390
181 2401
182 2483
183 2343
184 2267
185 2173
186 2327
187 2268
188 2300
189 2464
190 2344
191 2423
192 2479
193 2354
194 2303
195 2343
196 2289
197 2203
198 2192
199 2132
200 2110
201 2127
202 2224
203 2218
204 2296
205 2199
206 2114
207 2092
208 2036
209 1957
210 1920
211 1979
212 1921
213 1931
214 1901
215 1847
216 1961
217 2010
218 2046
219 2016
220 2085
221 2120
222 2067
223 2117
224 1934
225 1867
226 1935
227 1864
228 1818
229 1830
230 1875
231 1814
232 1669
233 1687
234 1652
235 1644
236 1667
237 1719
238 1753
239 1688
240 1664
241 1578
242 1588
243 1734
244 1648
245 1743
246 1592
247 1616
248 1498
249 1512
250 1498
251 1333
252 1341
253 1251
254 1161
255 1237
256 1186
257 1154
258 1158
259 1178
260 1143
261 1135
262 1057
263 1009
264 1020
265 959
266 984
267 878
268 846
269 887
270 808
271 832
272 695
273 662
274 743
275 620
276 604
277 627
278 575
279 607
280 555
281 458
282 555
283 487
284 425
285 414
286 432
287 412
288 341
289 331
290 325
291 324
292 343
293 338
294 313
295 254
296 263
297 269
298 243
299 302
300 292
301 312
302 286
303 275
304 244
305 247
306 209
307 209
308 245
309 228
310 270
311 190
312 244
313 238
314 205
315 206
316 197
317 178
318 157
319 172
320 128
321 122
322 103
323 87
324 87
325 95
326 61
327 63
328 60
329 44
330 56
331 49
332 35
333 51
334 47
335 55
336 41
337 31
338 38
339 30
340 26
341 18
342 19
343 19
344 17
345 8
346 27
347 3
348 16
349 9
350 4
351 12
352 7
353 4
354 4
355 10
356 5
357 9
358 3
359 9
360 9
361 6
362 6
363 3
364 11
365 5
366 9
367 6
368 9
369 4
370 5
371 5
372 0
373 1
374 1
375 2
376 2
377 1
378 2
379 0
380 1
381 1
382 1
383 0
384 1
385 0
386 0
387 0
388 0
389 0
390 3
391 1
392 2
393 0
394 0
395 2
396 0
397 0
398 1
