0 0
1 0
2 0
3 0
4 0
5 0
6 0
7 0
8 0
9 0
10 0
11 0
12 0
13 0
14 0
15 0
16 0
17 0
18 0
19 0
20 0
21 0
22 0
23 0
24 0
25 0
26 0
27 0
28 0
29 0
30 0
31 0
32 0
33 0
34 0
35 0
36 0
37 0
38 0
39 1
40 0
41 0
42 0
43 1
44 0
45 0
46 1
47 0
48 0
49 0
50 0
51 1
52 0
53 1
54 0
55 0
56 0
57 1
58 1
59 1
60 1
61 2
62 0
63 1
64 4
65 4
66 0
67 6
68 2
69 1
70 1
71 2
72 3
73 1
74 0
75 1
76 0
77 2
78 7
79 1
80 5
81 1
82 3
83 5
84 10
85 5
86 3
87 9
88 4
89 4
90 7
91 4
92 9
93 6
94 8
95 2
96 6
97 7
98 6
99 10
100 4
101 4
102 3
103 7
104 4
105 8
106 5
107 4
108 6
109 4
110 4
111 8
112 4
113 4
114 3
115 10
116 2
117 8
118 8
119 7
120 4
121 1
122 4
123 3
124 4
125 2
126 1
127 7
128 1
129 7
130 3
131 7
132 6
133 7
134 5
135 8
136 5
137 4
138 8
139 9
140 7
141 6
142 13
143 7
144 10
145 6
146 15
147 5
148 11
149 6
150 15
151 18
152 10
153 24
154 30
155 25
156 41
157 50
158 57
159 61
160 77
161 82
162 71
163 83
164 99
165 91
166 110
167 95
168 106
169 95
170 107
171 114
172 87
173 133
174 139
175 103
176 151
177 167
178 189
179 219
180 166
181 242
182 251
183 241
184 225
185 266
186 299
187 313
188 303
189 321
190 411
191 392
192 428
193 458
194 520
195 558
196 624
197 688
198 760
199 792
200 903
201 971
202 971
203 1071
204 1254
205 1222
206 1206
207 1365
208 1536
209 1622
210 1752
211 1973
212 2029
213 2119
214 2244
215 2335
216 2343
217 2632
218 2799
219 2768
220 2863
221 2686
222 2798
223 3008
224 2951
225 2954
226 3138
227 3243
228 3267
229 3187
230 3153
231 3063
232 3091
233 3058
234 3176
235 3155
236 3409
237 3362
238 3354
239 3301
240 3364
241 3335
242 3148
243 3199
244 3107
245 3180
246 2999
247 2899
248 3008
249 3004
250 2893
251 2860
252 2801
253 2868
254 2782
255 2768
256 2531
257 2515
258 2228
259 2259
260 2173
261 2144
262 2079
263 2167
264 2161
265 2198
266 2204
267 2162
268 2113
269 1860
270 1904
271 1730
272 1758
273 1514
274 1401
275 1432
276 1314
277 1210
278 1158
279 1052
280 1030
281 1010
282 923
283 944
284 915
285 897
286 933
287 876
288 881
289 707
290 732
291 693
292 725
293 667
294 577
295 508
296 505
297 475
298 447
299 441
300 420
301 345
302 326
303 307
304 252
305 235
306 177
307 179
308 136
309 112
310 98
311 111
312 70
313 63
314 55
315 52
316 52
317 61
318 47
319 55
320 50
321 37
322 38
323 22
324 19
325 13
326 12
327 11
328 8
329 8
330 10
331 6
332 10
333 6
334 9
335 1
336 1
337 7
338 3
339 1
340 2
341 0
342 5
