0 0
1 0
2 0
3 0
4 0
5 0
6 0
7 0
8 0
9 0
10 0
11 0
12 0
13 0
14 0
15 0
16 0
17 0
18 0
19 0
20 0
21 0
22 0
23 0
24 0
25 0
26 0
27 0
28 0
29 0
30 0
31 0
32 0
33 0
34 0
35 0
36 0
37 0
38 0
39 0
40 0
41 0
42 0
43 0
44 0
45 0
46 0
47 0
48 0
49 0
50 0
51 0
52 0
53 0
54 1
55 0
56 0
57 0
58 0
59 0
60 0
61 0
62 0
63 0
64 0
65 0
66 0
67 0
68 0
69 0
70 0
71 2
72 0
73 0
74 0
75 0
76 0
77 0
78 0
79 0
80 0
81 0
82 0
83 0
84 0
85 0
86 0
87 0
88 0
89 1
90 0
91 0
92 0
93 1
94 0
95 0
96 0
97 0
98 0
99 0
100 0
101 0
102 0
103 0
104 0
105 0
106 0
107 0
108 1
109 0
110 1
111 1
112 0
113 2
114 1
115 0
116 2
117 0
118 0
119 0
120 0
121 2
122 11
123 7
124 12
125 12
126 20
127 30
128 24
129 39
130 39
131 46
132 56
133 97
134 93
135 91
136 92
137 105
138 105
139 101
140 143
141 138
142 161
143 115
144 146
145 158
146 159
147 164
148 139
149 182
150 173
151 213
152 221
153 256
154 257
155 314
156 289
157 325
158 333
159 385
160 396
161 394
162 428
163 418
164 440
165 499
166 468
167 464
168 439
169 509
170 533
171 564
172 492
173 492
174 572
175 557
176 548
177 556
178 615
179 644
180 664
181 748
182 916
183 832
184 953
185 1083
186 998
187 1152
188 1196
189 1304
190 1279
191 1446
192 1405
193 1495
194 1504
195 1675
196 1634
197 1730
198 1859
199 1917
200 2117
201 2330
202 2584
203 2722
204 2714
205 2935
206 2817
207 2962
208 2930
209 2890
210 2753
211 2947
212 2769
213 2628
214 2737
215 2784
216 2802
217 2831
218 2747
219 2965
220 2938
221 2888
222 2902
223 2869
224 2752
225 2706
226 2732
227 2677
228 2642
229 2606
230 2483
231 2442
232 2529
233 2380
234 2580
235 2421
236 2603
237 2602
238 2566
239 2467
240 2508
241 2385
242 2405
243 2374
244 2350
245 2259
246 2343
247 2077
248 2056
249 1882
250 1888
251 1710
252 1717
253 1631
254 1640
255 1618
256 1513
257 1394
258 1445
259 1431
260 1466
261 1455
262 1381
263 1516
264 1335
265 1452
266 1370
267 1411
268 1349
269 1280
270 1229
271 1054
272 1000
273 960
274 906
275 752
276 769
277 704
278 602
279 627
280 551
281 495
282 482
283 427
284 422
285 381
286 379
287 360
288 395
289 371
290 295
291 321
292 265
293 253
294 232
295 224
296 238
297 243
298 222
299 182
300 224
301 218
302 188
303 200
304 162
305 180
306 198
307 154
308 160
309 173
310 158
311 150
312 153
313 134
314 158
315 162
316 124
317 122
318 93
319 80
320 100
321 98
322 93
323 79
324 64
325 63
326 66
327 58
328 71
329 47
330 44
331 55
332 54
333 59
334 47
335 37
336 27
337 28
338 32
339 27
340 16
341 14
342 17
343 8
344 7
345 13
346 11
347 10
348 12
349 5
350 8
351 4
352 3
353 3
354 3
355 2
356 1
357 0
358 2
