0 0
1 0
2 0
3 0
4 0
5 0
6 0
7 0
8 0
9 0
10 0
11 0
12 0
13 0
14 0
15 0
16 0
17 0
18 0
19 0
20 0
21 0
22 0
23 0
24 0
25 0
26 0
27 0
28 0
29 0
30 1
31 0
32 0
33 1
34 0
35 3
36 1
37 0
38 0
39 0
40 0
41 1
42 0
43 0
44 0
45 0
46 0
47 0
48 0
49 0
50 0
51 0
52 0
53 0
54 0
55 0
56 0
57 0
58 0
59 0
60 0
61 0
62 0
63 0
64 0
65 0
66 0
67 0
68 0
69 0
70 0
71 0
72 0
73 0
74 0
75 0
76 0
77 0
78 0
79 0
80 0
81 0
82 1
83 0
84 0
85 0
86 0
87 0
88 1
89 2
90 0
91 1
92 1
93 1
94 1
95 0
96 0
97 1
98 0
99 0
100 0
101 0
102 0
103 1
104 1
105 2
106 0
107 0
108 0
109 0
110 0
111 0
112 1
113 0
114 0
115 2
116 2
117 2
118 2
119 2
120 2
121 0
122 0
123 0
124 2
125 0
126 3
127 2
128 0
129 2
130 1
131 1
132 0
133 2
134 2
135 2
136 3
137 6
138 8
139 11
140 13
141 13
142 13
143 14
144 21
145 8
146 20
147 11
148 13
149 10
150 13
151 22
152 43
153 37
154 43
155 55
156 46
157 47
158 65
159 90
160 79
161 124
162 118
163 142
164 156
165 183
166 152
167 188
168 221
169 188
170 224
171 231
172 237
173 236
174 202
175 248
176 233
177 240
178 269
179 267
180 233
181 280
182 269
183 323
184 344
185 382
186 420
187 547
188 585
189 603
190 705
191 807
192 932
193 1024
194 1053
195 1229
196 1134
197 1186
198 1255
199 1377
200 1354
201 1535
202 1565
203 1569
204 1633
205 1885
206 1855
207 1979
208 2113
209 2142
210 2158
211 2214
212 2312
213 2366
214 2376
215 2440
216 2379
217 2395
218 2397
219 2512
220 2337
221 2501
222 2423
223 2305
224 2432
225 2306
226 2340
227 2415
228 2486
229 2457
230 2426
231 2532
232 2681
233 2644
234 2759
235 2801
236 2818
237 2647
238 2674
239 2542
240 2597
241 2486
242 2470
243 2402
244 2420
245 2347
246 2268
247 2249
248 2235
249 2118
250 1967
251 1978
252 2022
253 1964
254 2064
255 2004
256 1976
257 1954
258 2090
259 2058
260 2047
261 2062
262 1970
263 2038
264 1908
265 2047
266 2082
267 1882
268 1917
269 1837
270 1806
271 1793
272 1539
273 1356
274 1332
275 1210
276 1264
277 1175
278 1033
279 1012
280 1006
281 973
282 959
283 984
284 918
285 949
286 809
287 888
288 905
289 768
290 837
291 763
292 727
293 790
294 767
295 721
296 765
297 734
298 634
299 741
300 727
301 688
302 707
303 672
304 751
305 647
306 655
307 633
308 645
309 604
310 464
311 544
312 420
313 465
314 409
315 334
316 291
317 292
318 367
319 347
320 287
321 301
322 365
323 327
324 360
325 332
326 311
327 293
328 245
329 210
330 196
331 174
332 102
333 102
334 106
335 99
336 92
337 83
338 83
339 83
340 90
341 93
342 96
343 84
344 100
345 86
346 102
347 87
348 96
349 66
350 78
351 59
352 42
353 51
354 41
355 35
356 28
357 24
358 27
359 17
360 18
361 15
362 14
363 17
364 22
365 18
366 13
367 14
368 10
369 7
370 10
371 10
372 11
373 7
374 10
375 8
376 13
377 6
378 12
379 6
380 7
381 1
382 3
383 5
384 1
385 1
386 0
387 0
388 1
389 1
390 1
391 0
392 0
393 2
394 0
395 0
396 0
397 0
398 1
399 0
400 0
401 0
402 1
