0 0
1 0
2 0
3 0
4 0
5 0
6 0
7 0
8 0
9 0
10 0
11 0
12 0
13 0
14 0
15 0
16 0
17 0
18 0
19 0
20 0
21 0
22 0
23 0
24 0
25 0
26 0
27 0
28 0
29 0
30 0
31 0
32 0
33 0
34 0
35 0
36 0
37 0
38 0
39 0
40 0
41 0
42 0
43 0
44 0
45 0
46 0
47 0
48 0
49 0
50 0
51 0
52 0
53 0
54 0
55 0
56 0
57 0
58 0
59 0
60 0
61 0
62 0
63 0
64 0
65 0
66 0
67 0
68 0
69 0
70 0
71 0
72 0
73 0
74 0
75 0
76 0
77 0
78 0
79 0
80 0
81 0
82 0
83 0
84 0
85 0
86 0
87 0
88 0
89 0
90 0
91 0
92 0
93 0
94 0
95 0
96 0
97 0
98 0
99 0
100 0
101 0
102 0
103 0
104 0
105 0
106 0
107 1
108 2
109 0
110 1
111 1
112 1
113 0
114 2
115 3
116 7
117 5
118 2
119 3
120 5
121 4
122 3
123 8
124 9
125 6
126 5
127 4
128 3
129 6
130 9
131 10
132 7
133 13
134 5
135 12
136 17
137 10
138 20
139 14
140 10
141 10
142 25
143 23
144 34
145 36
146 34
147 58
148 54
149 93
150 85
151 85
152 112
153 101
154 127
155 167
156 140
157 112
158 152
159 158
160 180
161 167
162 165
163 146
164 188
165 194
166 199
167 156
168 164
169 201
170 206
171 228
172 233
173 214
174 257
175 294
176 247
177 292
178 284
179 339
180 360
181 393
182 386
183 403
184 507
185 526
186 544
187 554
188 584
189 606
190 602
191 709
192 732
193 750
194 818
195 754
196 872
197 829
198 852
199 908
200 973
201 908
202 960
203 1035
204 1190
205 1211
206 1196
207 1422
208 1408
209 1469
210 1513
211 1557
212 1377
213 1394
214 1470
215 1498
216 1451
217 1499
218 1482
219 1734
220 1656
221 1726
222 1718
223 1752
224 1817
225 1763
226 1759
227 1931
228 1833
229 1902
230 1910
231 1993
232 2096
233 2013
234 2120
235 2261
236 2504
237 2428
238 2605
239 2863
240 2891
241 2857
242 3030
243 2984
244 3177
245 3338
246 3127
247 3189
248 3055
249 3088
250 2873
251 2877
252 2880
253 2811
254 2655
255 2678
256 2597
257 2475
258 2458
259 2396
260 2391
261 2247
262 2346
263 2358
264 2304
265 2334
266 2248
267 2059
268 2147
269 2164
270 2043
271 1961
272 1936
273 1810
274 1739
275 1748
276 1630
277 1538
278 1573
279 1512
280 1489
281 1522
282 1426
283 1329
284 1564
285 1501
286 1569
287 1560
288 1591
289 1581
290 1528
291 1526
292 1345
293 1354
294 1271
295 1252
296 1153
297 1055
298 1035
299 989
300 1038
301 801
302 794
303 710
304 642
305 600
306 502
307 454
308 404
309 335
310 315
311 304
312 247
313 279
314 173
315 194
316 182
317 168
318 132
319 130
320 120
321 128
322 95
323 64
324 71
325 64
326 59
327 65
328 49
329 44
330 54
331 33
332 34
333 17
334 13
335 28
336 9
337 16
338 10
339 17
340 15
341 9
342 11
343 4
344 4
345 1
346 1
347 1
348 2
349 0
350 0
351 1
