0 0
1 0
2 0
3 0
4 0
5 0
6 0
7 0
8 0
9 0
10 0
11 0
12 0
13 0
14 0
15 0
16 0
17 0
18 0
19 1
20 1
21 0
22 0
23 0
24 1
25 0
26 0
27 0
28 0
29 0
30 0
31 1
32 1
33 0
34 2
35 0
36 2
37 1
38 0
39 0
40 2
41 0
42 0
43 0
44 0
45 1
46 0
47 0
48 0
49 1
50 0
51 0
52 0
53 0
54 0
55 1
56 1
57 0
58 0
59 0
60 0
61 0
62 0
63 1
64 0
65 0
66 0
67 1
68 0
69 0
70 0
71 0
72 0
73 0
74 1
75 0
76 0
77 0
78 0
79 0
80 0
81 0
82 1
83 2
84 0
85 3
86 0
87 0
88 0
89 2
90 2
91 0
92 3
93 0
94 1
95 1
96 4
97 1
98 4
99 3
100 1
101 3
102 0
103 2
104 2
105 1
106 2
107 2
108 6
109 20
110 11
111 27
112 26
113 27
114 35
115 34
116 31
117 47
118 45
119 35
120 32
121 34
122 40
123 33
124 58
125 31
126 45
127 42
128 52
129 56
130 99
131 81
132 118
133 123
134 120
135 95
136 125
137 182
138 181
139 159
140 167
141 165
142 166
143 158
144 171
145 186
146 206
147 217
148 201
149 230
150 205
151 275
152 218
153 258
154 254
155 319
156 378
157 338
158 303
159 299
160 323
161 342
162 323
163 335
164 344
165 356
166 436
167 406
168 381
169 429
170 447
171 444
172 430
173 437
174 488
175 528
176 453
177 579
178 570
179 573
180 674
181 601
182 618
183 595
184 730
185 778
186 739
187 770
188 831
189 893
190 1028
191 1099
192 1044
193 1115
194 1337
195 1387
196 1555
197 1635
198 1694
199 1675
200 1924
201 1992
202 2228
203 2266
204 2343
205 2590
206 2568
207 2448
208 2244
209 2269
210 1996
211 2110
212 1940
213 1937
214 1879
215 1970
216 1935
217 1873
218 2077
219 2106
220 2304
221 2322
222 2468
223 2647
224 2601
225 2573
226 2609
227 2540
228 2501
229 2398
230 2554
231 2419
232 2382
233 2583
234 2354
235 2542
236 2403
237 2443
238 2369
239 2221
240 2291
241 2180
242 2326
243 2120
244 2145
245 2118
246 2055
247 1992
248 1947
249 1916
250 1923
251 1916
252 1825
253 1834
254 1816
255 1850
256 1688
257 1531
258 1504
259 1545
260 1438
261 1467
262 1363
263 1368
264 1360
265 1295
266 1274
267 1302
268 1219
269 1140
270 1216
271 1123
272 1089
273 1134
274 1063
275 1002
276 1020
277 903
278 933
279 929
280 852
281 855
282 842
283 944
284 800
285 820
286 805
287 787
288 657
289 716
290 677
291 681
292 624
293 601
294 550
295 602
296 601
297 553
298 608
299 555
300 601
301 637
302 628
303 632
304 731
305 633
306 708
307 778
308 819
309 726
310 715
311 705
312 703
313 711
314 668
315 621
316 561
317 528
318 483
319 428
320 327
321 314
322 254
323 251
324 225
325 222
326 214
327 178
328 211
329 195
330 149
331 165
332 170
333 135
334 117
335 106
336 107
337 67
338 70
339 49
340 45
341 17
342 20
343 30
344 9
345 24
346 16
347 11
348 7
349 11
350 11
351 8
352 6
353 5
354 6
355 4
356 4
357 4
358 0
359 0
360 2
361 2
362 2
363 6
364 0
365 0
366 0
367 0
368 0
369 0
370 0
371 0
372 0
373 0
374 0
375 1
