0 0
1 0
2 0
3 0
4 0
5 0
6 0
7 0
8 0
9 0
10 0
11 0
12 0
13 0
14 0
15 0
16 0
17 0
18 0
19 0
20 0
21 0
22 0
23 0
24 0
25 0
26 0
27 0
28 0
29 0
30 0
31 0
32 0
33 0
34 0
35 0
36 0
37 0
38 0
39 0
40 0
41 0
42 0
43 0
44 0
45 0
46 0
47 0
48 0
49 0
50 0
51 0
52 0
53 0
54 0
55 0
56 0
57 0
58 0
59 0
60 0
61 0
62 0
63 0
64 0
65 0
66 0
67 0
68 0
69 0
70 0
71 0
72 0
73 0
74 0
75 0
76 0
77 0
78 0
79 0
80 0
81 0
82 0
83 0
84 0
85 0
86 0
87 0
88 0
89 0
90 0
91 0
92 0
93 0
94 0
95 0
96 0
97 0
98 0
99 0
100 0
101 0
102 0
103 0
104 0
105 0
106 0
107 0
108 0
109 0
110 0
111 0
112 0
113 0
114 0
115 0
116 0
117 0
118 0
119 0
120 0
121 0
122 0
123 0
124 0
125 0
126 0
127 0
128 0
129 0
130 2
131 0
132 4
133 1
134 3
135 6
136 5
137 6
138 12
139 12
140 17
141 28
142 19
143 28
144 36
145 37
146 41
147 33
148 35
149 37
150 46
151 53
152 50
153 48
154 65
155 55
156 61
157 81
158 56
159 78
160 83
161 78
162 100
163 111
164 134
165 158
166 153
167 163
168 229
169 221
170 255
171 314
172 378
173 416
174 436
175 540
176 546
177 624
178 609
179 709
180 851
181 827
182 924
183 988
184 1153
185 1410
186 1366
187 1585
188 1592
189 1561
190 1750
191 1822
192 1699
193 1889
194 1970
195 1965
196 1975
197 1995
198 2029
199 2062
200 2114
201 2128
202 2422
203 2483
204 2753
205 2931
206 3060
207 3191
208 3344
209 3200
210 3320
211 3452
212 3336
213 3466
214 3444
215 3347
216 3450
217 3402
218 3518
219 3505
220 3611
221 3693
222 3693
223 3646
224 3480
225 3542
226 3322
227 3037
228 3024
229 2977
230 2987
231 2807
232 2708
233 2641
234 2484
235 2366
236 2251
237 2225
238 2165
239 2100
240 2058
241 1910
242 1880
243 1872
244 1858
245 1904
246 1871
247 2001
248 1966
249 2153
250 2107
251 1972
252 1919
253 1871
254 1729
255 1630
256 1516
257 1482
258 1294
259 1271
260 1254
261 1120
262 1072
263 994
264 983
265 953
266 918
267 755
268 691
269 681
270 619
271 598
272 535
273 470
274 497
275 478
276 449
277 492
278 443
279 382
280 370
281 421
282 384
283 416
284 365
285 376
286 346
287 356
288 363
289 342
290 295
291 289
292 277
293 292
294 344
295 310
296 290
297 298
298 286
299 256
300 273
301 278
302 276
303 240
304 174
305 218
306 268
307 187
308 165
309 210
310 189
311 178
312 155
313 159
314 123
315 124
316 115
317 111
318 84
319 73
320 68
321 71
322 104
323 69
324 76
325 60
326 51
327 61
328 56
329 54
330 68
331 39
332 42
333 41
334 31
335 35
336 25
337 31
338 20
339 18
340 13
341 20
342 9
343 8
344 1
345 2
346 0
347 0
348 0
349 0
350 0
351 0
352 0
353 0
354 0
355 0
356 0
357 0
358 2
