0 0
1 0
2 0
3 0
4 0
5 0
6 0
7 0
8 0
9 0
10 0
11 0
12 0
13 0
14 0
15 0
16 0
17 0
18 0
19 0
20 0
21 1
22 2
23 3
24 4
25 10
26 7
27 7
28 19
29 9
30 15
31 21
32 19
33 31
34 13
35 23
36 20
37 10
38 11
39 9
40 15
41 9
42 17
43 13
44 8
45 9
46 15
47 11
48 16
49 30
50 16
51 8
52 14
53 10
54 16
55 13
56 19
57 19
58 14
59 11
60 14
61 16
62 15
63 12
64 23
65 20
66 14
67 15
68 16
69 13
70 14
71 6
72 15
73 7
74 13
75 16
76 17
77 15
78 17
79 11
80 14
81 4
82 11
83 12
84 7
85 6
86 17
87 12
88 21
89 19
90 11
91 15
92 24
93 19
94 22
95 20
96 6
97 38
98 29
99 25
100 27
101 17
102 28
103 31
104 12
105 27
106 16
107 30
108 14
109 28
110 32
111 20
112 15
113 16
114 18
115 23
116 25
117 19
118 31
119 21
120 26
121 17
122 27
123 30
124 32
125 37
126 36
127 43
128 38
129 40
130 54
131 36
132 34
133 57
134 52
135 52
136 92
137 102
138 110
139 144
140 111
141 147
142 164
143 180
144 189
145 254
146 297
147 275
148 261
149 248
150 234
151 203
152 253
153 252
154 238
155 253
156 292
157 242
158 319
159 301
160 297
161 283
162 314
163 406
164 343
165 473
166 435
167 481
168 572
169 587
170 639
171 779
172 890
173 862
174 954
175 1154
176 1362
177 1411
178 1447
179 1692
180 1642
181 1593
182 1742
183 1644
184 1735
185 1832
186 1900
187 2076
188 1934
189 2066
190 2062
191 1950
192 2147
193 2039
194 2041
195 1987
196 1969
197 1897
198 2048
199 1990
200 2096
201 2073
202 1958
203 1852
204 1918
205 1934
206 1893
207 1901
208 2028
209 2043
210 2065
211 2349
212 2360
213 2403
214 2398
215 2496
216 2412
217 2283
218 2455
219 2371
220 2512
221 2476
222 2434
223 2653
224 2628
225 2551
226 2491
227 2385
228 2225
229 2296
230 2168
231 2207
232 2021
233 2066
234 1911
235 2049
236 1855
237 1831
238 1726
239 1769
240 1762
241 1721
242 1651
243 1682
244 1486
245 1577
246 1691
247 1510
248 1521
249 1473
250 1494
251 1453
252 1569
253 1516
254 1507
255 1560
256 1550
257 1496
258 1591
259 1580
260 1465
261 1374
262 1418
263 1308
264 1378
265 1272
266 1241
267 1274
268 1253
269 1322
270 1348
271 1409
272 1364
273 1360
274 1334
275 1334
276 1249
277 1182
278 1201
279 1051
280 965
281 909
282 858
283 728
284 640
285 564
286 617
287 459
288 445
289 471
290 354
291 461
292 386
293 314
294 329
295 343
296 246
297 232
298 204
299 234
300 203
301 199
302 144
303 204
304 180
305 159
306 150
307 155
308 139
309 106
310 108
311 120
312 148
313 119
314 79
315 96
316 126
317 98
318 81
319 88
320 105
321 90
322 94
323 100
324 92
325 75
326 88
327 69
328 47
329 85
330 43
331 53
332 55
333 45
334 41
335 32
336 29
337 42
338 43
339 21
340 25
341 11
342 6
343 4
344 8
345 0
346 3
347 2
348 4
