0 0
1 0
2 0
3 0
4 0
5 0
6 0
7 0
8 0
9 0
10 0
11 0
12 0
13 0
14 0
15 0
16 0
17 0
18 0
19 0
20 0
21 0
22 0
23 0
24 0
25 0
26 0
27 0
28 0
29 0
30 0
31 0
32 0
33 0
34 0
35 2
36 0
37 0
38 0
39 0
40 1
41 0
42 2
43 1
44 1
45 1
46 0
47 0
48 0
49 0
50 2
51 0
52 0
53 3
54 1
55 0
56 2
57 0
58 6
59 1
60 4
61 3
62 1
63 1
64 4
65 4
66 5
67 4
68 4
69 5
70 2
71 5
72 0
73 13
74 5
75 6
76 9
77 12
78 13
79 9
80 8
81 14
82 12
83 8
84 16
85 18
86 11
87 18
88 12
89 10
90 17
91 13
92 5
93 18
94 9
95 10
96 13
97 6
98 21
99 15
100 14
101 10
102 10
103 9
104 17
105 16
106 27
107 17
108 14
109 10
110 15
111 13
112 5
113 10
114 15
115 11
116 9
117 16
118 11
119 14
120 10
121 7
122 9
123 15
124 4
125 3
126 18
127 5
128 5
129 10
130 12
131 16
132 9
133 9
134 15
135 5
136 9
137 9
138 13
139 11
140 20
141 14
142 11
143 5
144 8
145 5
146 12
147 18
148 14
149 14
150 25
151 21
152 18
153 25
154 19
155 12
156 19
157 23
158 39
159 30
160 26
161 30
162 29
163 36
164 31
165 50
166 48
167 54
168 38
169 62
170 41
171 50
172 57
173 91
174 104
175 80
176 104
177 108
178 116
179 144
180 157
181 156
182 161
183 184
184 181
185 189
186 202
187 217
188 284
189 297
190 262
191 280
192 307
193 339
194 374
195 431
196 442
197 513
198 512
199 526
200 514
201 539
202 624
203 588
204 641
205 606
206 676
207 770
208 718
209 771
210 880
211 903
212 953
213 1055
214 1071
215 1122
216 1055
217 1172
218 1239
219 1263
220 1345
221 1339
222 1490
223 1515
224 1423
225 1565
226 1683
227 1709
228 1867
229 1893
230 2118
231 2221
232 2163
233 2221
234 2649
235 2549
236 2881
237 2939
238 2929
239 2715
240 2978
241 2894
242 3070
243 2677
244 2918
245 2890
246 2762
247 2766
248 2578
249 2542
250 2317
251 2392
252 2339
253 2267
254 2203
255 2260
256 2192
257 2147
258 2097
259 2066
260 2036
261 2179
262 2212
263 2273
264 2230
265 2235
266 2158
267 2135
268 2254
269 2213
270 2090
271 2220
272 2205
273 2220
274 2089
275 2181
276 2118
277 2001
278 1980
279 1967
280 1800
281 1847
282 1719
283 1797
284 1760
285 1773
286 1748
287 1812
288 1798
289 1801
290 1835
291 1830
292 1936
293 1878
294 1825
295 1864
296 1824
297 1839
298 1775
299 1620
300 1695
301 1464
302 1438
303 1270
304 1201
305 1140
306 1147
307 1022
308 884
309 981
310 842
311 862
312 770
313 702
314 630
315 609
316 488
317 531
318 399
319 366
320 342
321 270
322 294
323 241
324 211
325 239
326 213
327 211
328 164
329 186
330 168
331 168
332 134
333 127
334 111
335 99
336 86
337 103
338 58
339 71
340 43
341 60
342 33
343 58
344 61
345 48
346 82
347 52
348 57
349 48
350 80
351 60
352 83
353 78
354 60
355 53
356 105
357 82
358 102
359 67
360 89
361 101
362 72
363 67
364 58
365 47
366 44
367 47
368 27
369 30
370 15
371 12
372 15
373 6
374 3
375 5
376 6
377 1
378 1
379 1
380 2
