0 0
1 0
2 0
3 0
4 0
5 0
6 0
7 0
8 0
9 0
10 0
11 0
12 0
13 0
14 1
15 0
16 0
17 0
18 0
19 1
20 2
21 1
22 0
23 0
24 4
25 1
26 3
27 0
28 3
29 0
30 1
31 2
32 2
33 1
34 0
35 0
36 0
37 3
38 1
39 1
40 1
41 4
42 1
43 1
44 1
45 1
46 3
47 3
48 3
49 2
50 0
51 4
52 2
53 1
54 1
55 1
56 0
57 0
58 1
59 0
60 3
61 3
62 2
63 1
64 2
65 1
66 1
67 2
68 0
69 3
70 2
71 0
72 1
73 3
74 3
75 1
76 3
77 2
78 3
79 3
80 2
81 1
82 4
83 3
84 0
85 0
86 2
87 1
88 1
89 4
90 0
91 2
92 2
93 2
94 4
95 1
96 3
97 5
98 4
99 1
100 1
101 1
102 4
103 2
104 1
105 2
106 3
107 0
108 10
109 4
110 5
111 2
112 6
113 10
114 12
115 16
116 14
117 19
118 20
119 17
120 22
121 10
122 9
123 14
124 7
125 20
126 20
127 15
128 15
129 13
130 30
131 16
132 27
133 45
134 32
135 51
136 44
137 47
138 59
139 105
140 104
141 129
142 127
143 129
144 137
145 162
146 145
147 154
148 197
149 185
150 163
151 201
152 207
153 229
154 250
155 245
156 285
157 276
158 244
159 317
160 392
161 319
162 365
163 444
164 490
165 550
166 518
167 511
168 607
169 560
170 612
171 610
172 714
173 714
174 748
175 810
176 814
177 881
178 1004
179 1036
180 1089
181 1073
182 1199
183 1086
184 1241
185 1214
186 1311
187 1300
188 1259
189 1334
190 1428
191 1518
192 1524
193 1543
194 1580
195 1709
196 1690
197 1732
198 1849
199 1857
200 2014
201 2146
202 2104
203 2363
204 2303
205 2363
206 2353
207 2465
208 2405
209 2370
210 2560
211 2526
212 2382
213 2517
214 2449
215 2526
216 2382
217 2395
218 2289
219 2340
220 2031
221 2231
222 2358
223 2347
224 2373
225 2348
226 2368
227 2469
228 2418
229 2367
230 2283
231 2216
232 2317
233 2265
234 2234
235 2344
236 2274
237 2079
238 2167
239 2190
240 2077
241 2175
242 2111
243 2167
244 2151
245 2105
246 2164
247 2094
248 2252
249 2038
250 1996
251 2111
252 1877
253 1818
254 1817
255 1657
256 1697
257 1727
258 1639
259 1539
260 1626
261 1650
262 1594
263 1513
264 1534
265 1394
266 1342
267 1248
268 1221
269 1227
270 1127
271 917
272 987
273 891
274 901
275 909
276 832
277 892
278 909
279 842
280 819
281 732
282 746
283 749
284 784
285 710
286 648
287 673
288 622
289 597
290 542
291 520
292 497
293 498
294 470
295 490
296 424
297 398
298 382
299 460
300 436
301 403
302 372
303 352
304 344
305 314
306 279
307 280
308 255
309 270
310 211
311 271
312 246
313 218
314 239
315 212
316 187
317 172
318 147
319 151
320 141
321 95
322 109
323 91
324 96
325 85
326 89
327 83
328 83
329 71
330 57
331 55
332 38
333 32
334 32
335 21
336 16
337 12
338 17
339 14
340 8
341 9
342 6
343 7
344 4
345 7
346 6
347 3
348 4
349 5
350 3
351 6
352 2
353 1
354 2
355 2
356 2
357 1
358 1
359 2
360 3
361 4
362 1
363 4
364 2
365 2
366 3
367 0
368 0
369 2
370 0
371 0
372 1
373 1
