0 0
1 0
2 0
3 0
4 0
5 0
6 0
7 0
8 0
9 0
10 0
11 0
12 0
13 0
14 1
15 0
16 0
17 1
18 1
19 2
20 2
21 6
22 8
23 10
24 11
25 16
26 12
27 14
28 21
29 23
30 18
31 16
32 17
33 29
34 34
35 21
36 24
37 22
38 27
39 30
40 23
41 23
42 26
43 23
44 29
45 30
46 31
47 16
48 20
49 30
50 28
51 34
52 23
53 27
54 17
55 15
56 17
57 13
58 14
59 13
60 9
61 15
62 9
63 3
64 7
65 2
66 5
67 5
68 6
69 6
70 5
71 12
72 16
73 10
74 12
75 9
76 16
77 7
78 10
79 5
80 7
81 8
82 5
83 4
84 6
85 8
86 6
87 7
88 5
89 7
90 1
91 3
92 1
93 6
94 3
95 1
96 3
97 4
98 0
99 1
100 4
101 3
102 5
103 3
104 5
105 11
106 9
107 9
108 15
109 15
110 14
111 10
112 14
113 16
114 14
115 15
116 14
117 14
118 13
119 14
120 18
121 9
122 14
123 8
124 13
125 15
126 19
127 12
128 17
129 24
130 13
131 21
132 25
133 31
134 33
135 28
136 34
137 42
138 32
139 57
140 58
141 67
142 60
143 59
144 66
145 57
146 59
147 60
148 82
149 73
150 88
151 101
152 67
153 78
154 86
155 96
156 97
157 121
158 137
159 118
160 141
161 124
162 152
163 117
164 169
165 171
166 203
167 178
168 184
169 176
170 192
171 198
172 237
173 223
174 268
175 243
176 248
177 268
178 281
179 245
180 334
181 335
182 435
183 455
184 451
185 586
186 658
187 711
188 791
189 854
190 829
191 863
192 785
193 819
194 869
195 856
196 845
197 909
198 927
199 1045
200 1075
201 1222
202 1307
203 1358
204 1420
205 1499
206 1479
207 1470
208 1590
209 1644
210 1752
211 1686
212 1750
213 1698
214 1748
215 1628
216 1802
217 1758
218 1685
219 1778
220 1792
221 1963
222 1928
223 2113
224 2067
225 2300
226 2146
227 2276
228 2290
229 2164
230 2129
231 2228
232 2271
233 2300
234 2330
235 2371
236 2618
237 2529
238 2656
239 2694
240 2674
241 2669
242 2684
243 2474
244 2325
245 2337
246 2209
247 2207
248 2247
249 2148
250 2136
251 1995
252 2130
253 2156
254 2276
255 2330
256 2511
257 2688
258 2742
259 2834
260 2747
261 2703
262 2645
263 2817
264 2447
265 2361
266 2250
267 2159
268 2021
269 1855
270 1968
271 2008
272 2024
273 2020
274 1936
275 1818
276 1717
277 1757
278 1744
279 1677
280 1582
281 1705
282 1541
283 1457
284 1439
285 1293
286 1348
287 1217
288 1116
289 1149
290 1023
291 1031
292 978
293 1025
294 871
295 868
296 855
297 768
298 681
299 582
300 581
301 560
302 576
303 485
304 437
305 436
306 438
307 364
308 346
309 356
310 317
311 318
312 275
313 256
314 286
315 271
316 206
317 224
318 240
319 171
320 197
321 169
322 139
323 165
324 128
325 100
326 85
327 77
328 87
329 59
330 43
331 56
332 32
333 32
334 46
335 36
336 30
337 17
338 11
339 18
340 13
341 12
342 13
343 11
344 10
345 10
346 3
347 10
348 12
349 8
350 4
351 9
352 8
353 4
354 6
355 5
356 17
357 10
358 16
359 6
360 8
361 4
362 1
363 7
364 6
365 4
366 6
367 2
368 0
369 0
370 1
371 1
372 0
373 0
374 0
375 0
376 1
