0 0
1 0
2 0
3 0
4 0
5 0
6 0
7 0
8 0
9 0
10 0
11 0
12 0
13 0
14 0
15 1
16 0
17 0
18 0
19 0
20 1
21 0
22 0
23 0
24 0
25 0
26 0
27 0
28 0
29 0
30 0
31 0
32 1
33 0
34 0
35 0
36 1
37 0
38 0
39 0
40 0
41 0
42 0
43 0
44 0
45 0
46 0
47 0
48 0
49 1
50 0
51 0
52 0
53 0
54 0
55 0
56 0
57 0
58 0
59 0
60 0
61 0
62 0
63 0
64 0
65 0
66 0
67 0
68 1
69 0
70 0
71 0
72 0
73 2
74 0
75 0
76 0
77 2
78 0
79 2
80 0
81 0
82 0
83 0
84 1
85 0
86 0
87 0
88 0
89 0
90 0
91 5
92 1
93 0
94 0
95 0
96 0
97 0
98 0
99 0
100 0
101 0
102 0
103 0
104 0
105 0
106 1
107 0
108 0
109 0
110 0
111 0
112 0
113 0
114 0
115 0
116 0
117 1
118 0
119 0
120 0
121 0
122 0
123 0
124 0
125 0
126 1
127 1
128 0
129 4
130 0
131 0
132 0
133 3
134 7
135 9
136 7
137 5
138 17
139 7
140 10
141 13
142 28
143 16
144 28
145 40
146 43
147 46
148 54
149 40
150 49
151 47
152 68
153 49
154 68
155 76
156 63
157 79
158 80
159 86
160 101
161 96
162 118
163 122
164 91
165 138
166 115
167 107
168 117
169 116
170 147
171 135
172 125
173 142
174 125
175 142
176 168
177 131
178 159
179 187
180 195
181 193
182 217
183 222
184 261
185 275
186 319
187 320
188 364
189 360
190 389
191 462
192 447
193 469
194 459
195 571
196 579
197 625
198 692
199 731
200 741
201 824
202 819
203 940
204 920
205 1051
206 1001
207 1177
208 1184
209 1206
210 1238
211 1301
212 1397
213 1481
214 1559
215 1541
216 1648
217 1652
218 1735
219 1691
220 1780
221 1766
222 1853
223 1800
224 1782
225 1845
226 1940
227 1943
228 2026
229 2120
230 2160
231 2182
232 2327
233 2486
234 2409
235 2564
236 2448
237 2481
238 2555
239 2476
240 2592
241 2498
242 2495
243 2521
244 2500
245 2576
246 2463
247 2472
248 2463
249 2586
250 2485
251 2454
252 2561
253 2569
254 2689
255 2733
256 2878
257 2722
258 2885
259 2804
260 2663
261 2631
262 2617
263 2467
264 2255
265 2227
266 2298
267 2211
268 2305
269 2150
270 2055
271 2166
272 2274
273 2167
274 2113
275 2106
276 2142
277 2229
278 2276
279 2284
280 2264
281 2227
282 2025
283 2015
284 1949
285 1881
286 1880
287 1780
288 1653
289 1561
290 1457
291 1376
292 1416
293 1260
294 1183
295 1205
296 1128
297 1108
298 1033
299 1022
300 945
301 884
302 837
303 799
304 767
305 652
306 563
307 594
308 512
309 451
310 398
311 342
312 307
313 291
314 272
315 265
316 252
317 213
318 222
319 185
320 201
321 171
322 177
323 163
324 152
325 130
326 99
327 98
328 109
329 101
330 79
331 89
332 67
333 42
334 40
335 40
336 46
337 28
338 58
339 43
340 35
341 26
342 18
343 19
344 30
345 23
346 8
347 16
348 14
349 14
350 16
351 12
352 9
353 19
354 5
355 4
356 5
357 8
358 6
359 8
360 2
361 7
362 8
363 9
364 4
365 2
366 7
367 7
368 3
369 5
370 8
371 4
372 0
373 1
374 6
375 0
376 6
377 0
378 2
379 0
380 2
381 2
382 2
