0 0
1 0
2 0
3 0
4 0
5 0
6 0
7 0
8 0
9 0
10 0
11 0
12 0
13 0
14 0
15 0
16 0
17 1
18 0
19 0
20 0
21 0
22 0
23 0
24 0
25 0
26 0
27 0
28 0
29 0
30 0
31 0
32 0
33 0
34 0
35 0
36 1
37 0
38 0
39 0
40 1
41 0
42 0
43 0
44 0
45 0
46 0
47 0
48 0
49 0
50 0
51 0
52 0
53 0
54 0
55 0
56 0
57 0
58 0
59 0
60 0
61 0
62 0
63 0
64 0
65 0
66 0
67 0
68 0
69 0
70 0
71 0
72 0
73 0
74 0
75 0
76 0
77 0
78 0
79 0
80 0
81 0
82 0
83 0
84 0
85 0
86 0
87 0
88 0
89 0
90 0
91 0
92 0
93 0
94 0
95 0
96 0
97 0
98 0
99 0
100 0
101 0
102 1
103 0
104 0
105 0
106 0
107 0
108 0
109 0
110 0
111 0
112 0
113 0
114 0
115 0
116 0
117 0
118 0
119 1
120 0
121 0
122 0
123 0
124 0
125 0
126 1
127 0
128 0
129 5
130 1
131 4
132 8
133 9
134 14
135 15
136 14
137 16
138 26
139 24
140 34
141 30
142 31
143 44
144 38
145 47
146 41
147 61
148 76
149 55
150 54
151 40
152 49
153 39
154 50
155 67
156 77
157 49
158 57
159 50
160 78
161 78
162 86
163 75
164 105
165 116
166 111
167 121
168 133
169 142
170 192
171 162
172 162
173 210
174 177
175 185
176 217
177 212
178 236
179 262
180 263
181 308
182 308
183 419
184 421
185 477
186 544
187 644
188 756
189 790
190 782
191 925
192 1004
193 1066
194 1129
195 1242
196 1187
197 1234
198 1266
199 1323
200 1388
201 1458
202 1498
203 1553
204 1512
205 1503
206 1646
207 1627
208 1748
209 1752
210 1771
211 1754
212 1670
213 1706
214 1757
215 1723
216 2098
217 2269
218 2332
219 2457
220 2406
221 2432
222 2366
223 2395
224 2310
225 2382
226 2553
227 2426
228 2482
229 2562
230 2768
231 2755
232 2855
233 2966
234 2878
235 2883
236 2958
237 2924
238 2890
239 3021
240 2973
241 2971
242 3087
243 3003
244 3001
245 2841
246 2877
247 2741
248 2780
249 2794
250 2678
251 2811
252 2465
253 2658
254 2532
255 2626
256 2550
257 2466
258 2561
259 2413
260 2423
261 2367
262 2097
263 2033
264 2033
265 2043
266 2070
267 1874
268 1946
269 1785
270 1692
271 1740
272 1539
273 1505
274 1456
275 1478
276 1394
277 1387
278 1238
279 1182
280 1074
281 1048
282 965
283 935
284 932
285 777
286 836
287 801
288 739
289 678
290 730
291 595
292 622
293 636
294 537
295 572
296 489
297 522
298 481
299 400
300 482
301 458
302 427
303 455
304 473
305 412
306 414
307 412
308 373
309 365
310 285
311 311
312 293
313 262
314 235
315 189
316 190
317 162
318 144
319 169
320 133
321 135
322 118
323 116
324 93
325 101
326 82
327 77
328 61
329 54
330 73
331 46
332 67
333 51
334 44
335 34
336 25
337 44
338 40
339 20
340 22
341 15
342 15
343 6
344 5
345 2
346 3
347 2
348 2
349 0
350 7
351 4
352 2
353 0
354 3
355 4
356 3
357 3
358 3
359 1
360 1
361 0
362 0
363 4
364 1
365 1
366 0
367 1
368 3
369 2
370 2
371 4
372 1
373 5
374 2
375 3
376 1
377 1
378 2
379 1
380 0
381 0
382 2
