0 0
1 0
2 0
3 0
4 0
5 0
6 0
7 0
8 0
9 0
10 0
11 0
12 0
13 0
14 0
15 0
16 0
17 0
18 0
19 0
20 0
21 0
22 0
23 0
24 0
25 0
26 0
27 0
28 0
29 0
30 0
31 0
32 0
33 0
34 0
35 0
36 0
37 0
38 0
39 0
40 0
41 0
42 0
43 0
44 1
45 0
46 0
47 0
48 0
49 0
50 0
51 0
52 0
53 0
54 0
55 0
56 0
57 0
58 0
59 0
60 0
61 0
62 0
63 0
64 0
65 0
66 0
67 0
68 0
69 0
70 0
71 0
72 0
73 0
74 0
75 0
76 0
77 0
78 0
79 0
80 0
81 0
82 0
83 0
84 0
85 0
86 0
87 0
88 0
89 0
90 0
91 0
92 0
93 0
94 0
95 0
96 0
97 0
98 0
99 0
100 4
101 2
102 1
103 2
104 3
105 6
106 7
107 6
108 10
109 9
110 20
111 20
112 37
113 31
114 68
115 68
116 42
117 67
118 79
119 99
120 63
121 66
122 70
123 83
124 66
125 93
126 96
127 104
128 99
129 103
130 115
131 152
132 159
133 149
134 213
135 239
136 228
137 252
138 268
139 303
140 395
141 390
142 419
143 444
144 509
145 545
146 567
147 617
148 626
149 721
150 653
151 676
152 709
153 710
154 641
155 611
156 656
157 680
158 621
159 676
160 669
161 694
162 722
163 757
164 748
165 803
166 904
167 894
168 890
169 962
170 1017
171 989
172 1080
173 1123
174 1154
175 1246
176 1301
177 1474
178 1627
179 1750
180 1874
181 1992
182 1902
183 2031
184 1914
185 1958
186 1935
187 2011
188 1982
189 2064
190 2041
191 2032
192 2101
193 2222
194 2363
195 2194
196 2179
197 2248
198 2264
199 2041
200 2075
201 2076
202 2195
203 2069
204 2270
205 2296
206 2307
207 2432
208 2449
209 2421
210 2402
211 2513
212 2362
213 2217
214 2260
215 2175
216 2423
217 2350
218 2239
219 2191
220 2106
221 2275
222 2180
223 2252
224 2096
225 2074
226 1996
227 2046
228 1993
229 1999
230 2039
231 1979
232 1897
233 1963
234 2104
235 1930
236 1924
237 2026
238 2016
239 2011
240 1834
241 1870
242 1946
243 1834
244 1861
245 1819
246 1714
247 1712
248 1569
249 1511
250 1510
251 1397
252 1415
253 1418
254 1294
255 1340
256 1191
257 1218
258 1198
259 1210
260 1143
261 1101
262 1097
263 1075
264 1060
265 1007
266 1018
267 962
268 947
269 899
270 954
271 715
272 833
273 869
274 822
275 741
276 846
277 744
278 659
279 680
280 650
281 622
282 519
283 491
284 460
285 437
286 432
287 365
288 327
289 363
290 322
291 252
292 271
293 246
294 257
295 186
296 209
297 214
298 149
299 163
300 110
301 111
302 113
303 74
304 74
305 73
306 61
307 71
308 43
309 34
310 47
311 37
312 28
313 36
314 16
315 19
316 15
317 17
318 15
319 9
320 18
321 16
322 16
323 7
324 11
325 9
326 6
327 3
328 9
329 9
330 8
331 14
332 7
333 5
334 1
335 7
336 1
337 5
338 2
339 3
340 7
341 3
342 3
343 0
344 0
345 0
346 1
347 2
