0 0
1 0
2 0
3 0
4 0
5 0
6 0
7 0
8 0
9 0
10 0
11 0
12 0
13 0
14 0
15 0
16 0
17 0
18 0
19 0
20 0
21 0
22 0
23 0
24 0
25 0
26 0
27 0
28 0
29 0
30 0
31 0
32 0
33 0
34 0
35 0
36 0
37 0
38 0
39 0
40 0
41 0
42 0
43 0
44 0
45 0
46 0
47 0
48 0
49 0
50 0
51 0
52 0
53 0
54 0
55 0
56 0
57 0
58 0
59 0
60 0
61 0
62 0
63 0
64 0
65 0
66 0
67 0
68 0
69 0
70 0
71 0
72 0
73 0
74 0
75 0
76 0
77 0
78 0
79 0
80 0
81 0
82 0
83 0
84 0
85 0
86 0
87 0
88 0
89 1
90 4
91 4
92 6
93 18
94 13
95 17
96 20
97 34
98 11
99 25
100 22
101 14
102 22
103 27
104 19
105 23
106 42
107 19
108 47
109 48
110 62
111 75
112 73
113 86
114 85
115 130
116 137
117 142
118 144
119 208
120 213
121 242
122 262
123 339
124 304
125 335
126 389
127 493
128 554
129 544
130 591
131 677
132 715
133 781
134 640
135 764
136 719
137 756
138 675
139 745
140 668
141 682
142 609
143 662
144 677
145 672
146 732
147 667
148 676
149 670
150 698
151 676
152 729
153 767
154 786
155 722
156 775
157 808
158 891
159 850
160 1013
161 1007
162 1023
163 1090
164 1049
165 1074
166 1149
167 1088
168 1157
169 1269
170 1354
171 1399
172 1512
173 1637
174 1574
175 1721
176 1831
177 1789
178 1898
179 1805
180 1817
181 2025
182 2037
183 2072
184 1984
185 2055
186 2134
187 2171
188 2268
189 2471
190 2457
191 2498
192 2492
193 2500
194 2608
195 2616
196 2785
197 2590
198 2522
199 2379
200 2324
201 2396
202 2540
203 2330
204 2328
205 2204
206 2104
207 2230
208 2214
209 2147
210 2238
211 2366
212 2355
213 2470
214 2496
215 2562
216 2563
217 2593
218 2516
219 2304
220 2234
221 2164
222 2146
223 2018
224 1854
225 1775
226 1649
227 1704
228 1552
229 1502
230 1449
231 1445
232 1342
233 1192
234 1306
235 1217
236 1244
237 1238
238 1185
239 1203
240 1027
241 1073
242 1026
243 1013
244 1022
245 942
246 985
247 958
248 954
249 1072
250 931
251 1035
252 965
253 1076
254 1097
255 1211
256 1264
257 1260
258 1405
259 1285
260 1183
261 1199
262 1171
263 1125
264 1180
265 1067
266 1039
267 884
268 805
269 697
270 580
271 561
272 558
273 507
274 570
275 498
276 458
277 387
278 389
279 395
280 350
281 322
282 308
283 284
284 256
285 274
286 289
287 255
288 233
289 208
290 191
291 201
292 196
293 161
294 134
295 142
296 127
297 115
298 109
299 99
300 79
301 63
302 52
303 41
304 59
305 40
306 47
307 34
308 30
309 22
310 21
311 31
312 14
313 17
314 13
315 16
316 14
317 20
318 7
319 8
320 8
321 4
322 8
323 6
324 8
325 9
326 8
327 5
328 10
329 10
330 10
331 2
332 3
333 5
334 8
335 3
336 6
337 2
338 2
339 1
340 5
341 6
342 0
343 1
344 2
345 2
346 0
347 1
