0 0
1 0
2 0
3 0
4 0
5 0
6 0
7 0
8 0
9 0
10 0
11 1
12 0
13 0
14 0
15 0
16 0
17 0
18 0
19 0
20 0
21 0
22 0
23 0
24 0
25 0
26 0
27 0
28 0
29 0
30 0
31 0
32 0
33 0
34 0
35 0
36 0
37 0
38 0
39 0
40 0
41 0
42 1
43 0
44 0
45 0
46 0
47 0
48 1
49 0
50 0
51 0
52 0
53 0
54 0
55 0
56 0
57 0
58 0
59 0
60 0
61 0
62 0
63 0
64 0
65 0
66 0
67 1
68 0
69 0
70 0
71 0
72 0
73 0
74 0
75 0
76 1
77 0
78 0
79 0
80 0
81 0
82 0
83 2
84 0
85 0
86 0
87 1
88 1
89 0
90 0
91 0
92 0
93 0
94 0
95 1
96 1
97 0
98 1
99 0
100 0
101 0
102 0
103 0
104 2
105 0
106 1
107 1
108 0
109 1
110 2
111 0
112 1
113 0
114 1
115 0
116 2
117 0
118 3
119 0
120 2
121 1
122 3
123 4
124 1
125 10
126 3
127 9
128 4
129 5
130 3
131 8
132 6
133 12
134 13
135 12
136 12
137 23
138 29
139 35
140 41
141 45
142 61
143 49
144 94
145 123
146 131
147 145
148 150
149 172
150 166
151 157
152 178
153 206
154 179
155 207
156 175
157 188
158 209
159 207
160 149
161 166
162 167
163 209
164 203
165 268
166 316
167 381
168 389
169 422
170 499
171 505
172 540
173 457
174 536
175 515
176 519
177 620
178 662
179 696
180 779
181 909
182 961
183 909
184 991
185 1092
186 1153
187 1018
188 1067
189 1149
190 1072
191 1016
192 1100
193 1103
194 1003
195 887
196 916
197 860
198 811
199 726
200 826
201 779
202 782
203 922
204 995
205 938
206 1078
207 954
208 1133
209 1089
210 1162
211 1051
212 1081
213 1179
214 1105
215 1213
216 1232
217 1180
218 1268
219 1346
220 1334
221 1481
222 1450
223 1539
224 1660
225 1647
226 1548
227 1699
228 1523
229 1698
230 1715
231 1842
232 1768
233 1962
234 1844
235 2067
236 2040
237 1978
238 2134
239 2169
240 2147
241 2227
242 2184
243 2197
244 2319
245 2252
246 2329
247 2172
248 2340
249 2318
250 2318
251 2372
252 2365
253 2380
254 2372
255 2437
256 2476
257 2381
258 2386
259 2517
260 2546
261 2581
262 2440
263 2539
264 2611
265 2432
266 2528
267 2355
268 2337
269 2271
270 2313
271 2301
272 2204
273 2122
274 2144
275 2024
276 1930
277 1871
278 1748
279 1686
280 1614
281 1509
282 1592
283 1415
284 1381
285 1504
286 1388
287 1385
288 1493
289 1573
290 1457
291 1402
292 1393
293 1330
294 1348
295 1328
296 1199
297 1233
298 1057
299 999
300 803
301 805
302 754
303 681
304 693
305 632
306 683
307 625
308 615
309 618
310 578
311 502
312 497
313 492
314 460
315 451
316 420
317 365
318 330
319 309
320 285
321 236
322 220
323 195
324 188
325 166
326 156
327 160
328 171
329 171
330 130
331 132
332 141
333 79
334 112
335 73
336 89
337 76
338 54
339 66
340 56
341 48
342 44
343 45
344 67
345 48
346 49
347 52
348 54
349 36
350 41
351 37
352 23
353 19
354 14
355 16
356 11
357 10
358 12
359 10
360 5
361 8
362 3
363 1
364 4
365 3
366 1
367 0
368 1
369 0
370 1
371 2
372 1
373 1
374 0
375 1
376 0
377 0
378 1
