0 0
1 0
2 0
3 0
4 0
5 0
6 0
7 0
8 0
9 0
10 1
11 0
12 1
13 1
14 0
15 0
16 2
17 3
18 0
19 1
20 2
21 1
22 2
23 3
24 5
25 5
26 5
27 8
28 10
29 3
30 7
31 10
32 9
33 11
34 15
35 18
36 19
37 14
38 8
39 13
40 13
41 18
42 16
43 11
44 8
45 12
46 15
47 13
48 15
49 17
50 11
51 12
52 19
53 5
54 20
55 7
56 7
57 11
58 18
59 7
60 8
61 10
62 14
63 17
64 16
65 11
66 10
67 16
68 8
69 11
70 8
71 11
72 13
73 13
74 16
75 1
76 8
77 6
78 5
79 5
80 10
81 9
82 4
83 13
84 9
85 14
86 9
87 9
88 15
89 7
90 7
91 5
92 9
93 4
94 6
95 8
96 3
97 5
98 6
99 16
100 8
101 10
102 8
103 14
104 12
105 16
106 5
107 15
108 12
109 8
110 15
111 20
112 20
113 17
114 8
115 29
116 27
117 41
118 50
119 34
120 54
121 29
122 68
123 75
124 73
125 65
126 107
127 54
128 93
129 59
130 75
131 60
132 75
133 43
134 80
135 78
136 97
137 105
138 112
139 90
140 129
141 147
142 137
143 169
144 181
145 222
146 230
147 299
148 381
149 398
150 431
151 496
152 486
153 538
154 549
155 665
156 618
157 728
158 848
159 955
160 952
161 1034
162 1068
163 1086
164 1202
165 1221
166 1283
167 1245
168 1287
169 1359
170 1351
171 1526
172 1536
173 1664
174 1689
175 1805
176 1748
177 1828
178 1768
179 1730
180 1804
181 1752
182 1802
183 1909
184 1875
185 1978
186 2023
187 2029
188 2081
189 1954
190 1951
191 2008
192 1974
193 2025
194 2100
195 2161
196 2111
197 2285
198 2217
199 2206
200 2281
201 2254
202 2154
203 2100
204 2099
205 2003
206 2011
207 1926
208 1853
209 1732
210 1897
211 1963
212 1812
213 1786
214 1882
215 1809
216 1836
217 1723
218 1726
219 1778
220 1814
221 1800
222 1827
223 1729
224 1727
225 1763
226 1625
227 1711
228 1659
229 1610
230 1705
231 1608
232 1724
233 1692
234 1557
235 1602
236 1636
237 1594
238 1632
239 1733
240 1626
241 1719
242 1714
243 1521
244 1527
245 1518
246 1376
247 1438
248 1324
249 1385
250 1170
251 1146
252 1101
253 1026
254 1023
255 982
256 1005
257 1095
258 988
259 1024
260 1116
261 1090
262 1259
263 1231
264 1225
265 1219
266 1257
267 1283
268 1280
269 1269
270 1188
271 1108
272 1054
273 1111
274 935
275 954
276 913
277 930
278 920
279 969
280 934
281 826
282 922
283 866
284 860
285 873
286 758
287 700
288 765
289 693
290 715
291 661
292 636
293 591
294 614
295 580
296 571
297 488
298 482
299 440
300 425
301 414
302 389
303 337
304 322
305 326
306 364
307 309
308 308
309 310
310 262
311 195
312 239
313 163
314 141
315 163
316 136
317 107
318 93
319 92
320 66
321 64
322 60
323 57
324 43
325 53
326 44
327 48
328 26
329 41
330 32
331 40
332 28
333 24
334 26
335 24
336 24
337 23
338 24
339 19
340 13
341 15
342 19
343 8
344 16
345 4
346 8
347 21
348 10
349 24
350 12
351 6
352 12
353 9
354 11
355 5
356 11
357 6
358 3
359 9
360 3
361 1
362 5
363 4
364 2
365 6
366 3
367 5
368 2
369 0
370 2
371 1
