0 0
1 0
2 0
3 0
4 0
5 0
6 0
7 0
8 0
9 0
10 0
11 0
12 0
13 0
14 0
15 0
16 0
17 0
18 0
19 0
20 0
21 0
22 0
23 0
24 1
25 1
26 1
27 4
28 2
29 0
30 7
31 9
32 13
33 18
34 34
35 26
36 40
37 40
38 43
39 29
40 33
41 34
42 37
43 40
44 46
45 36
46 40
47 38
48 32
49 33
50 34
51 35
52 34
53 30
54 25
55 23
56 29
57 33
58 21
59 18
60 15
61 25
62 16
63 29
64 28
65 20
66 13
67 13
68 14
69 6
70 3
71 13
72 15
73 8
74 6
75 5
76 7
77 8
78 8
79 16
80 9
81 6
82 8
83 5
84 8
85 6
86 10
87 14
88 7
89 16
90 5
91 8
92 6
93 9
94 8
95 5
96 11
97 10
98 7
99 7
100 9
101 9
102 15
103 5
104 3
105 3
106 9
107 9
108 7
109 4
110 6
111 14
112 26
113 61
114 135
115 133
116 259
117 331
118 475
119 476
120 478
121 335
122 257
123 224
124 215
125 154
126 152
127 106
128 130
129 99
130 88
131 99
132 88
133 92
134 72
135 76
136 93
137 89
138 74
139 83
140 104
141 138
142 154
143 112
144 135
145 158
146 177
147 184
148 199
149 249
150 248
151 284
152 336
153 378
154 451
155 386
156 546
157 592
158 629
159 620
160 632
161 709
162 708
163 722
164 725
165 788
166 718
167 872
168 937
169 913
170 928
171 1017
172 1088
173 1104
174 1175
175 1342
176 1339
177 1364
178 1347
179 1472
180 1394
181 1418
182 1576
183 1598
184 1677
185 1674
186 1807
187 1801
188 1778
189 1847
190 1967
191 1920
192 2070
193 2150
194 2305
195 2358
196 2456
197 2529
198 2530
199 2724
200 2641
201 2590
202 2610
203 2410
204 2418
205 2481
206 2368
207 2404
208 2260
209 2392
210 2251
211 2236
212 2216
213 2101
214 2117
215 2053
216 2139
217 2018
218 2125
219 2054
220 2000
221 2117
222 2081
223 2026
224 2067
225 2179
226 2080
227 2083
228 2122
229 2098
230 2132
231 2034
232 2129
233 2087
234 2027
235 2092
236 2035
237 2010
238 2081
239 1982
240 1880
241 2049
242 1870
243 1815
244 1822
245 1702
246 1568
247 1491
248 1564
249 1448
250 1508
251 1428
252 1537
253 1475
254 1363
255 1359
256 1333
257 1165
258 1160
259 1150
260 1043
261 1036
262 864
263 912
264 825
265 760
266 781
267 714
268 716
269 814
270 698
271 686
272 630
273 652
274 672
275 636
276 567
277 593
278 595
279 591
280 516
281 601
282 557
283 539
284 620
285 713
286 848
287 833
288 810
289 700
290 680
291 592
292 555
293 530
294 493
295 464
296 440
297 420
298 367
299 334
300 307
301 299
302 266
303 246
304 221
305 197
306 184
307 162
308 155
309 131
310 113
311 101
312 105
313 103
314 78
315 68
316 43
317 59
318 40
319 57
320 55
321 46
322 42
323 40
324 29
325 28
326 27
327 20
328 16
329 25
330 24
331 10
332 17
333 6
334 7
335 6
336 4
337 6
338 2
339 2
340 4
341 2
342 1
