0 0
1 0
2 0
3 0
4 0
5 0
6 0
7 0
8 0
9 0
10 0
11 0
12 0
13 0
14 0
15 0
16 0
17 0
18 0
19 0
20 0
21 0
22 0
23 0
24 0
25 0
26 0
27 0
28 0
29 0
30 0
31 0
32 0
33 0
34 0
35 0
36 0
37 0
38 0
39 0
40 0
41 0
42 2
43 0
44 0
45 0
46 0
47 0
48 3
49 0
50 0
51 0
52 2
53 0
54 5
55 2
56 7
57 2
58 5
59 8
60 5
61 0
62 1
63 3
64 2
65 10
66 5
67 5
68 7
69 8
70 6
71 10
72 5
73 3
74 14
75 9
76 3
77 9
78 2
79 10
80 10
81 7
82 11
83 3
84 6
85 11
86 1
87 8
88 5
89 6
90 3
91 1
92 8
93 4
94 4
95 8
96 5
97 10
98 7
99 7
100 11
101 7
102 14
103 10
104 6
105 10
106 5
107 4
108 6
109 4
110 12
111 7
112 11
113 8
114 14
115 2
116 1
117 6
118 10
119 12
120 5
121 17
122 4
123 15
124 4
125 10
126 7
127 7
128 9
129 6
130 4
131 3
132 13
133 11
134 11
135 11
136 13
137 11
138 9
139 13
140 12
141 8
142 9
143 22
144 7
145 6
146 8
147 12
148 4
149 18
150 6
151 7
152 8
153 10
154 18
155 15
156 8
157 26
158 20
159 1
160 15
161 16
162 29
163 19
164 23
165 21
166 23
167 26
168 27
169 19
170 29
171 27
172 50
173 36
174 44
175 56
176 56
177 50
178 72
179 90
180 77
181 71
182 97
183 95
184 122
185 126
186 145
187 145
188 183
189 197
190 213
191 215
192 227
193 233
194 241
195 255
196 253
197 242
198 293
199 316
200 349
201 364
202 375
203 442
204 487
205 567
206 654
207 628
208 631
209 729
210 836
211 915
212 932
213 979
214 1032
215 1107
216 1130
217 1141
218 1250
219 1228
220 1332
221 1440
222 1425
223 1531
224 1488
225 1530
226 1605
227 1785
228 1834
229 1917
230 1899
231 2147
232 2367
233 2437
234 2477
235 2602
236 2633
237 2607
238 2693
239 2621
240 2746
241 2827
242 2929
243 2895
244 3064
245 2999
246 3018
247 2924
248 3123
249 3177
250 2976
251 3020
252 3060
253 2789
254 3032
255 3161
256 3096
257 3235
258 2978
259 3024
260 3060
261 2977
262 3077
263 3015
264 3034
265 3127
266 2979
267 2928
268 2741
269 2780
270 2728
271 2611
272 2496
273 2439
274 2338
275 2318
276 2119
277 1959
278 1956
279 1901
280 1731
281 1874
282 1706
283 1792
284 1682
285 1728
286 1548
287 1585
288 1574
289 1476
290 1378
291 1354
292 1378
293 1290
294 1203
295 1013
296 1050
297 1012
298 982
299 850
300 804
301 705
302 639
303 604
304 606
305 615
306 542
307 531
308 527
309 446
310 455
311 481
312 422
313 385
314 402
315 287
316 329
317 272
318 316
319 284
320 297
321 259
322 253
323 259
324 194
325 228
326 214
327 202
328 197
329 223
330 205
331 259
332 263
333 269
334 257
335 245
336 221
337 181
338 216
339 161
340 184
341 167
342 142
343 118
344 128
345 130
346 133
347 112
348 119
349 116
350 93
351 82
352 100
353 115
354 77
355 75
356 82
357 75
358 66
359 77
360 43
361 49
362 64
363 44
364 50
365 57
366 35
367 34
368 43
369 24
370 15
371 19
372 21
373 15
374 6
375 13
376 8
377 10
378 12
379 6
380 16
381 14
382 1
383 2
384 1
385 1
386 4
387 1
388 1
389 1
390 0
391 1
