0 0
1 0
2 0
3 0
4 0
5 0
6 0
7 0
8 0
9 0
10 0
11 0
12 0
13 0
14 0
15 0
16 0
17 0
18 0
19 0
20 0
21 0
22 0
23 0
24 0
25 0
26 0
27 0
28 0
29 0
30 0
31 0
32 0
33 0
34 0
35 0
36 0
37 0
38 0
39 0
40 0
41 0
42 0
43 0
44 0
45 0
46 0
47 0
48 0
49 0
50 0
51 0
52 0
53 0
54 0
55 0
56 0
57 0
58 0
59 0
60 0
61 0
62 0
63 0
64 0
65 2
66 0
67 2
68 0
69 0
70 0
71 0
72 0
73 0
74 0
75 0
76 0
77 0
78 0
79 0
80 0
81 0
82 0
83 0
84 0
85 0
86 0
87 0
88 0
89 0
90 0
91 0
92 0
93 0
94 0
95 0
96 0
97 0
98 0
99 0
100 3
101 0
102 0
103 0
104 0
105 0
106 0
107 0
108 0
109 0
110 0
111 0
112 0
113 0
114 0
115 0
116 5
117 1
118 0
119 0
120 1
121 1
122 0
123 7
124 1
125 8
126 7
127 2
128 4
129 8
130 1
131 5
132 6
133 9
134 1
135 14
136 6
137 5
138 4
139 1
140 7
141 10
142 5
143 6
144 20
145 17
146 18
147 18
148 31
149 20
150 18
151 21
152 28
153 29
154 48
155 25
156 46
157 40
158 56
159 62
160 55
161 57
162 66
163 95
164 85
165 84
166 139
167 129
168 159
169 211
170 212
171 203
172 228
173 228
174 233
175 309
176 304
177 354
178 364
179 424
180 385
181 431
182 426
183 480
184 468
185 457
186 454
187 522
188 528
189 569
190 509
191 578
192 666
193 662
194 725
195 749
196 841
197 905
198 872
199 966
200 972
201 1074
202 1065
203 1045
204 1128
205 1223
206 1149
207 1248
208 1234
209 1329
210 1312
211 1412
212 1371
213 1330
214 1460
215 1351
216 1336
217 1440
218 1453
219 1574
220 1551
221 1707
222 1757
223 1890
224 1724
225 1995
226 2126
227 2036
228 2301
229 2438
230 2759
231 2884
232 3010
233 3292
234 3229
235 3412
236 3257
237 3120
238 3145
239 2914
240 2694
241 2795
242 2640
243 2506
244 2533
245 2467
246 2517
247 2329
248 2503
249 2441
250 2370
251 2371
252 2348
253 2257
254 2296
255 2226
256 2458
257 2267
258 2209
259 2191
260 2204
261 2192
262 2146
263 2081
264 2232
265 2141
266 2066
267 2145
268 2205
269 2159
270 2208
271 2142
272 2029
273 1891
274 1934
275 1826
276 1865
277 1737
278 1643
279 1629
280 1600
281 1640
282 1532
283 1496
284 1449
285 1366
286 1343
287 1271
288 1270
289 1302
290 1257
291 1263
292 1175
293 1271
294 1188
295 1154
296 1180
297 1094
298 1108
299 1060
300 1036
301 1034
302 968
303 1012
304 917
305 887
306 757
307 657
308 605
309 563
310 504
311 465
312 390
313 354
314 319
315 281
316 248
317 235
318 237
319 235
320 215
321 190
322 163
323 149
324 138
325 103
326 110
327 98
328 70
329 66
330 60
331 36
332 47
333 43
334 28
335 22
336 35
337 23
338 12
339 18
340 21
341 11
342 6
343 11
344 8
345 2
346 4
347 2
348 2
349 2
350 1
351 1
352 0
353 0
354 0
355 0
356 0
357 0
358 0
359 0
360 1
361 0
362 0
363 0
364 0
365 1
