0 0
1 0
2 0
3 0
4 0
5 0
6 0
7 0
8 0
9 0
10 0
11 0
12 0
13 0
14 0
15 0
16 0
17 0
18 0
19 0
20 0
21 0
22 0
23 0
24 0
25 0
26 0
27 0
28 0
29 0
30 0
31 0
32 0
33 0
34 0
35 0
36 0
37 0
38 0
39 0
40 0
41 0
42 0
43 0
44 0
45 0
46 0
47 0
48 0
49 0
50 0
51 0
52 0
53 0
54 0
55 0
56 0
57 0
58 0
59 5
60 0
61 0
62 0
63 3
64 0
65 0
66 0
67 0
68 1
69 6
70 4
71 0
72 6
73 0
74 0
75 0
76 0
77 0
78 0
79 0
80 7
81 0
82 0
83 3
84 2
85 9
86 11
87 0
88 0
89 3
90 0
91 0
92 0
93 3
94 5
95 0
96 0
97 2
98 0
99 13
100 3
101 0
102 1
103 2
104 2
105 3
106 0
107 0
108 0
109 0
110 0
111 4
112 1
113 3
114 6
115 12
116 13
117 16
118 30
119 50
120 43
121 78
122 60
123 88
124 68
125 63
126 75
127 71
128 65
129 78
130 76
131 68
132 73
133 81
134 130
135 111
136 101
137 130
138 168
139 152
140 153
141 195
142 216
143 241
144 240
145 222
146 293
147 334
148 313
149 379
150 314
151 396
152 458
153 450
154 461
155 451
156 482
157 421
158 465
159 533
160 510
161 568
162 559
163 624
164 720
165 794
166 894
167 971
168 996
169 1010
170 1171
171 1193
172 1227
173 1231
174 1233
175 1314
176 1357
177 1442
178 1424
179 1519
180 1485
181 1656
182 1634
183 1658
184 1745
185 1754
186 1675
187 1872
188 1775
189 1860
190 1932
191 2130
192 2139
193 2124
194 2069
195 2207
196 2268
197 2384
198 2367
199 2236
200 2327
201 2284
202 2278
203 2358
204 2168
205 2173
206 2166
207 2080
208 2071
209 2249
210 2266
211 2451
212 2539
213 2582
214 2580
215 2498
216 2619
217 2408
218 2576
219 2737
220 2710
221 2661
222 2762
223 2609
224 2542
225 2567
226 2346
227 2277
228 2417
229 2292
230 2237
231 2153
232 2053
233 2045
234 1967
235 2000
236 1926
237 1797
238 1829
239 1731
240 1712
241 1640
242 1675
243 1505
244 1599
245 1644
246 1564
247 1628
248 1567
249 1473
250 1513
251 1478
252 1558
253 1499
254 1526
255 1410
256 1483
257 1553
258 1502
259 1355
260 1385
261 1293
262 1313
263 1181
264 1212
265 1091
266 1157
267 1153
268 1079
269 1008
270 984
271 1002
272 1029
273 941
274 938
275 921
276 821
277 731
278 696
279 673
280 605
281 511
282 520
283 454
284 429
285 418
286 391
287 302
288 328
289 299
290 272
291 261
292 256
293 252
294 206
295 265
296 208
297 223
298 189
299 226
300 182
301 198
302 138
303 147
304 164
305 129
306 113
307 68
308 77
309 83
310 69
311 66
312 55
313 61
314 46
315 39
316 41
317 24
318 28
319 24
320 24
321 20
322 9
323 11
324 27
325 13
326 9
327 9
328 8
329 6
330 12
331 10
332 11
333 9
334 7
335 1
336 5
337 3
338 14
339 10
340 9
341 9
342 0
343 14
344 7
345 4
346 14
347 7
348 3
349 2
350 0
351 2
