0 0
1 0
2 0
3 0
4 0
5 0
6 0
7 0
8 0
9 0
10 0
11 0
12 3
13 0
14 0
15 0
16 3
17 0
18 0
19 3
20 3
21 7
22 6
23 6
24 0
25 2
26 0
27 0
28 2
29 4
30 2
31 0
32 7
33 4
34 5
35 11
36 11
37 12
38 8
39 7
40 23
41 0
42 3
43 3
44 15
45 9
46 5
47 5
48 10
49 10
50 4
51 0
52 4
53 4
54 2
55 4
56 11
57 18
58 16
59 21
60 13
61 16
62 15
63 13
64 0
65 3
66 0
67 8
68 12
69 23
70 4
71 8
72 18
73 14
74 28
75 8
76 18
77 15
78 33
79 11
80 22
81 17
82 30
83 29
84 21
85 28
86 30
87 38
88 41
89 17
90 35
91 30
92 35
93 21
94 21
95 35
96 41
97 53
98 57
99 45
100 39
101 35
102 47
103 35
104 32
105 21
106 21
107 27
108 25
109 17
110 21
111 22
112 37
113 36
114 4
115 4
116 22
117 28
118 17
119 21
120 16
121 23
122 25
123 32
124 26
125 37
126 33
127 39
128 17
129 13
130 19
131 11
132 15
133 19
134 9
135 13
136 13
137 9
138 3
139 15
140 15
141 24
142 13
143 9
144 11
145 19
146 15
147 10
148 18
149 21
150 13
151 17
152 10
153 18
154 14
155 27
156 28
157 11
158 24
159 13
160 13
161 24
162 43
163 22
164 32
165 45
166 37
167 46
168 38
169 67
170 75
171 67
172 94
173 76
174 93
175 110
176 132
177 122
178 129
179 135
180 136
181 165
182 162
183 170
184 192
185 200
186 217
187 261
188 324
189 327
190 427
191 488
192 544
193 644
194 665
195 746
196 896
197 907
198 1017
199 938
200 1045
201 1099
202 1218
203 1188
204 1177
205 1279
206 1196
207 1273
208 1307
209 1396
210 1401
211 1573
212 1572
213 1637
214 1723
215 1894
216 1992
217 2008
218 2128
219 2138
220 2105
221 2444
222 2331
223 2382
224 2343
225 2418
226 2540
227 2449
228 2519
229 2627
230 2489
231 2484
232 2585
233 2728
234 2667
235 2726
236 2892
237 2904
238 2869
239 2974
240 3115
241 2869
242 2972
243 2902
244 2980
245 2874
246 2774
247 2963
248 2959
249 2731
250 2770
251 2726
252 2695
253 2803
254 2718
255 2666
256 2563
257 2528
258 2441
259 2554
260 2469
261 2357
262 2406
263 2367
264 2303
265 2145
266 2108
267 2006
268 2077
269 1962
270 1950
271 2094
272 2204
273 2117
274 2132
275 2074
276 1953
277 1807
278 1851
279 1864
280 1904
281 1863
282 1934
283 1771
284 1783
285 1958
286 1877
287 1644
288 1538
289 1314
290 1106
291 946
292 823
293 827
294 652
295 629
296 481
297 431
298 419
299 316
300 283
301 266
302 231
303 247
304 229
305 233
306 201
307 151
308 159
309 176
310 128
311 134
312 121
313 107
314 79
315 72
316 72
317 40
318 46
319 43
320 29
321 33
322 25
323 17
324 23
325 19
326 23
327 29
328 23
329 21
330 12
331 9
332 17
333 6
334 7
335 4
336 5
337 3
338 3
339 0
340 0
341 2
342 3
343 1
344 1
345 2
346 1
347 2
348 0
349 0
350 0
351 1
