0 0
1 0
2 0
3 0
4 0
5 0
6 0
7 0
8 0
9 0
10 0
11 0
12 0
13 0
14 0
15 0
16 0
17 0
18 0
19 0
20 0
21 0
22 0
23 0
24 0
25 0
26 0
27 0
28 0
29 0
30 0
31 0
32 0
33 0
34 0
35 2
36 0
37 5
38 4
39 3
40 1
41 8
42 11
43 5
44 12
45 6
46 17
47 14
48 13
49 10
50 5
51 12
52 7
53 6
54 6
55 7
56 5
57 11
58 16
59 18
60 8
61 15
62 20
63 9
64 10
65 19
66 13
67 13
68 10
69 13
70 15
71 10
72 8
73 18
74 9
75 12
76 5
77 9
78 5
79 9
80 16
81 11
82 13
83 10
84 11
85 15
86 12
87 15
88 4
89 9
90 8
91 9
92 12
93 5
94 3
95 3
96 5
97 9
98 5
99 7
100 4
101 14
102 2
103 4
104 3
105 9
106 9
107 13
108 5
109 10
110 16
111 14
112 15
113 14
114 7
115 7
116 9
117 10
118 13
119 8
120 15
121 13
122 7
123 10
124 16
125 20
126 11
127 22
128 18
129 27
130 17
131 26
132 26
133 39
134 49
135 49
136 53
137 49
138 85
139 84
140 84
141 97
142 82
143 91
144 94
145 113
146 94
147 118
148 104
149 143
150 161
151 186
152 155
153 207
154 237
155 229
156 259
157 249
158 221
159 259
160 267
161 259
162 309
163 333
164 380
165 371
166 434
167 459
168 530
169 515
170 614
171 654
172 694
173 667
174 688
175 749
176 751
177 887
178 880
179 1063
180 1007
181 1153
182 1232
183 1274
184 1352
185 1242
186 1452
187 1550
188 1486
189 1594
190 1673
191 1741
192 1695
193 1660
194 1810
195 1731
196 1635
197 1693
198 1676
199 1566
200 1459
201 1648
202 1633
203 1657
204 1680
205 1854
206 1730
207 1792
208 1871
209 1889
210 1828
211 1800
212 1788
213 1739
214 1828
215 1675
216 1695
217 1726
218 1610
219 1680
220 1684
221 1775
222 1624
223 1749
224 1681
225 1697
226 1801
227 1771
228 1867
229 1878
230 1863
231 1906
232 1821
233 1763
234 1787
235 1765
236 1776
237 1702
238 1808
239 1887
240 1902
241 1838
242 1844
243 1920
244 1946
245 1842
246 1810
247 1855
248 1815
249 1764
250 1845
251 1686
252 1691
253 1534
254 1638
255 1631
256 1580
257 1623
258 1663
259 1609
260 1625
261 1561
262 1591
263 1571
264 1504
265 1538
266 1611
267 1702
268 1742
269 1831
270 1758
271 1749
272 1770
273 1808
274 1662
275 1689
276 1568
277 1518
278 1438
279 1543
280 1475
281 1326
282 1326
283 1325
284 1251
285 1132
286 1232
287 1163
288 1081
289 1084
290 1090
291 1018
292 1111
293 998
294 1012
295 928
296 830
297 835
298 831
299 766
300 650
301 625
302 587
303 545
304 584
305 521
306 507
307 521
308 547
309 505
310 523
311 485
312 441
313 435
314 387
315 358
316 340
317 316
318 309
319 351
320 367
321 345
322 385
323 336
324 324
325 248
326 270
327 211
328 174
329 164
330 140
331 143
332 116
333 105
334 95
335 88
336 73
337 74
338 60
339 53
340 56
341 54
342 45
343 41
344 47
345 56
346 36
347 31
348 24
349 32
350 29
351 39
352 36
353 27
354 22
355 24
356 18
357 16
358 10
359 16
360 10
361 13
362 13
363 8
364 6
365 5
366 3
367 3
368 3
369 2
370 2
371 1
372 2
373 1
374 4
375 2
376 3
377 0
378 1
379 1
380 3
