0 0
1 0
2 0
3 0
4 0
5 0
6 0
7 0
8 0
9 0
10 0
11 0
12 0
13 0
14 0
15 0
16 1
17 0
18 0
19 2
20 0
21 0
22 0
23 0
24 2
25 0
26 1
27 0
28 1
29 1
30 2
31 0
32 1
33 5
34 1
35 4
36 5
37 0
38 2
39 9
40 6
41 1
42 6
43 5
44 6
45 6
46 3
47 6
48 2
49 6
50 3
51 2
52 3
53 5
54 3
55 5
56 4
57 6
58 3
59 4
60 2
61 1
62 3
63 4
64 1
65 6
66 2
67 2
68 4
69 4
70 2
71 4
72 2
73 2
74 4
75 2
76 1
77 0
78 2
79 0
80 0
81 0
82 3
83 1
84 0
85 2
86 1
87 2
88 2
89 4
90 2
91 1
92 2
93 2
94 1
95 6
96 3
97 4
98 1
99 1
100 1
101 0
102 3
103 2
104 3
105 15
106 12
107 6
108 3
109 15
110 29
111 22
112 31
113 34
114 20
115 44
116 67
117 57
118 73
119 107
120 116
121 128
122 113
123 123
124 151
125 146
126 128
127 172
128 181
129 186
130 200
131 162
132 205
133 188
134 208
135 211
136 204
137 225
138 208
139 236
140 264
141 266
142 294
143 353
144 475
145 517
146 575
147 661
148 745
149 809
150 846
151 808
152 819
153 834
154 785
155 837
156 845
157 1017
158 1020
159 1034
160 1107
161 1209
162 1180
163 1224
164 1202
165 1305
166 1219
167 1244
168 1389
169 1457
170 1482
171 1446
172 1589
173 1475
174 1591
175 1648
176 1701
177 1697
178 1895
179 1953
180 2103
181 1995
182 1966
183 2042
184 2017
185 2032
186 1999
187 2098
188 2048
189 2303
190 2380
191 2488
192 2686
193 2796
194 2915
195 2923
196 2853
197 2748
198 2715
199 2651
200 2654
201 2630
202 2497
203 2457
204 2438
205 2440
206 2464
207 2355
208 2386
209 2262
210 2243
211 2156
212 2016
213 2029
214 2032
215 2157
216 2220
217 2228
218 2242
219 2168
220 2177
221 2246
222 2097
223 1994
224 2027
225 1904
226 1998
227 1890
228 1884
229 1897
230 1854
231 1786
232 1798
233 1753
234 1713
235 1697
236 1617
237 1596
238 1528
239 1695
240 1353
241 1522
242 1348
243 1295
244 1265
245 1328
246 1416
247 1298
248 1359
249 1437
250 1355
251 1402
252 1360
253 1305
254 1265
255 1155
256 1081
257 1171
258 1128
259 988
260 1027
261 930
262 902
263 746
264 720
265 847
266 699
267 667
268 603
269 581
270 588
271 499
272 499
273 456
274 409
275 401
276 401
277 327
278 320
279 329
280 308
281 280
282 278
283 255
284 222
285 246
286 224
287 237
288 203
289 166
290 209
291 161
292 172
293 142
294 136
295 120
296 117
297 128
298 125
299 116
300 108
301 120
302 95
303 90
304 106
305 87
306 87
307 99
308 92
309 79
310 65
311 65
312 52
313 42
314 51
315 24
316 27
317 23
318 18
319 16
320 10
321 12
322 10
323 11
324 7
325 5
326 4
327 2
328 4
329 3
330 1
