0 0
1 0
2 0
3 0
4 0
5 0
6 0
7 0
8 0
9 0
10 0
11 0
12 0
13 0
14 0
15 0
16 0
17 0
18 0
19 0
20 0
21 0
22 0
23 0
24 0
25 0
26 0
27 2
28 0
29 0
30 0
31 0
32 0
33 1
34 0
35 0
36 1
37 0
38 2
39 10
40 7
41 7
42 11
43 6
44 7
45 6
46 22
47 13
48 12
49 16
50 12
51 14
52 15
53 10
54 15
55 13
56 19
57 19
58 19
59 14
60 12
61 4
62 10
63 9
64 11
65 12
66 16
67 4
68 8
69 2
70 6
71 4
72 3
73 0
74 3
75 2
76 10
77 4
78 3
79 4
80 4
81 5
82 4
83 3
84 2
85 2
86 5
87 2
88 0
89 0
90 6
91 5
92 2
93 7
94 3
95 1
96 0
97 2
98 0
99 2
100 1
101 0
102 0
103 2
104 1
105 1
106 3
107 0
108 1
109 3
110 1
111 0
112 8
113 9
114 12
115 22
116 16
117 32
118 39
119 36
120 67
121 56
122 85
123 95
124 96
125 83
126 88
127 121
128 80
129 88
130 123
131 128
132 112
133 168
134 188
135 218
136 249
137 259
138 302
139 342
140 368
141 378
142 496
143 563
144 829
145 906
146 1096
147 1034
148 1187
149 1066
150 1050
151 934
152 884
153 931
154 956
155 1046
156 1149
157 1120
158 1183
159 1163
160 1181
161 1198
162 1233
163 1092
164 1169
165 1364
166 1277
167 1247
168 1163
169 1141
170 1223
171 1124
172 1192
173 1107
174 1167
175 1133
176 1131
177 1122
178 1256
179 1295
180 1334
181 1338
182 1532
183 1504
184 1551
185 1711
186 1598
187 1773
188 1673
189 1691
190 1789
191 1789
192 1719
193 1739
194 1764
195 1801
196 1792
197 1695
198 1901
199 1787
200 1869
201 1904
202 1915
203 1886
204 1893
205 1873
206 1909
207 1884
208 1873
209 2012
210 1865
211 1925
212 2029
213 2047
214 2022
215 2111
216 2059
217 2093
218 2148
219 2111
220 2133
221 2224
222 2150
223 2203
224 2273
225 2288
226 2222
227 2180
228 2158
229 2177
230 2063
231 2090
232 2112
233 2127
234 1997
235 2031
236 2115
237 1956
238 2071
239 2178
240 2054
241 2071
242 2046
243 2133
244 2019
245 2126
246 2043
247 1877
248 1964
249 1861
250 1836
251 1732
252 1532
253 1495
254 1296
255 1196
256 1166
257 1103
258 1062
259 1062
260 883
261 1009
262 936
263 907
264 985
265 901
266 885
267 874
268 875
269 867
270 820
271 757
272 804
273 827
274 777
275 884
276 828
277 732
278 644
279 620
280 594
281 542
282 591
283 612
284 595
285 526
286 436
287 468
288 405
289 303
290 283
291 248
292 206
293 189
294 155
295 180
296 150
297 165
298 152
299 156
300 140
301 133
302 145
303 121
304 134
305 99
306 100
307 110
308 85
309 84
310 67
311 77
312 68
313 87
314 99
315 79
316 82
317 61
318 48
319 48
320 27
321 35
322 32
323 25
324 23
325 19
326 27
327 24
328 16
329 24
330 16
331 18
332 14
333 14
334 11
335 5
336 8
337 9
338 14
339 8
340 7
341 6
342 5
343 2
344 5
345 2
346 2
347 1
348 1
