0 0
1 0
2 0
3 0
4 0
5 0
6 0
7 0
8 0
9 0
10 0
11 0
12 0
13 0
14 0
15 0
16 0
17 0
18 0
19 0
20 0
21 0
22 0
23 0
24 0
25 0
26 0
27 0
28 0
29 0
30 0
31 0
32 0
33 0
34 0
35 0
36 0
37 0
38 0
39 0
40 0
41 0
42 0
43 0
44 0
45 0
46 0
47 1
48 0
49 0
50 1
51 0
52 1
53 0
54 0
55 0
56 0
57 0
58 0
59 0
60 0
61 0
62 0
63 1
64 0
65 0
66 0
67 0
68 0
69 0
70 0
71 0
72 0
73 0
74 0
75 0
76 0
77 0
78 0
79 0
80 0
81 0
82 0
83 0
84 0
85 1
86 0
87 0
88 0
89 0
90 0
91 0
92 0
93 0
94 0
95 0
96 0
97 0
98 0
99 0
100 0
101 0
102 0
103 0
104 2
105 0
106 0
107 0
108 0
109 0
110 3
111 0
112 0
113 0
114 0
115 0
116 0
117 0
118 3
119 0
120 0
121 0
122 3
123 0
124 0
125 0
126 0
127 3
128 1
129 1
130 0
131 1
132 7
133 14
134 3
135 13
136 3
137 8
138 15
139 22
140 29
141 6
142 20
143 23
144 28
145 23
146 29
147 38
148 44
149 44
150 33
151 32
152 28
153 40
154 45
155 50
156 72
157 59
158 86
159 78
160 98
161 151
162 123
163 129
164 148
165 165
166 197
167 232
168 242
169 236
170 336
171 390
172 373
173 420
174 443
175 543
176 556
177 578
178 638
179 693
180 640
181 660
182 786
183 791
184 817
185 896
186 902
187 892
188 937
189 999
190 1124
191 1246
192 1259
193 1382
194 1362
195 1363
196 1341
197 1381
198 1294
199 1370
200 1449
201 1639
202 1636
203 1755
204 1727
205 1906
206 1896
207 1935
208 1927
209 1957
210 2045
211 1920
212 2012
213 2096
214 2109
215 2110
216 2140
217 1950
218 2186
219 2060
220 2116
221 2090
222 2265
223 2398
224 2425
225 2438
226 2494
227 2650
228 2894
229 2991
230 3068
231 2920
232 2803
233 2674
234 2761
235 2614
236 2713
237 2459
238 2471
239 2473
240 2424
241 2390
242 2256
243 2275
244 2097
245 1958
246 1973
247 1954
248 1959
249 2068
250 1877
251 1864
252 1845
253 1821
254 1729
255 1760
256 1706
257 1735
258 1704
259 1699
260 1629
261 1633
262 1617
263 1593
264 1635
265 1582
266 1547
267 1552
268 1557
269 1573
270 1569
271 1601
272 1481
273 1443
274 1353
275 1328
276 1139
277 1178
278 1148
279 1058
280 1042
281 1107
282 1128
283 972
284 980
285 1001
286 974
287 1002
288 1139
289 1127
290 1148
291 1185
292 1207
293 1131
294 1071
295 1013
296 994
297 829
298 786
299 678
300 652
301 604
302 671
303 580
304 545
305 526
306 494
307 551
308 475
309 486
310 417
311 362
312 387
313 353
314 361
315 282
316 281
317 321
318 285
319 257
320 241
321 243
322 183
323 181
324 229
325 196
326 160
327 151
328 176
329 156
330 139
331 130
332 127
333 90
334 103
335 92
336 60
337 84
338 73
339 68
340 79
341 76
342 79
343 87
344 69
345 91
346 87
347 75
348 85
349 91
350 83
351 89
352 46
353 28
354 29
355 25
356 14
357 19
358 11
359 12
360 11
361 9
362 11
363 11
364 7
365 7
366 3
367 3
368 6
369 5
370 6
371 3
372 2
373 4
374 1
375 1
376 3
377 2
378 5
379 0
380 2
381 1
