0 0
1 0
2 0
3 0
4 0
5 0
6 0
7 0
8 0
9 0
10 0
11 0
12 0
13 0
14 0
15 0
16 0
17 0
18 0
19 0
20 0
21 0
22 0
23 0
24 0
25 0
26 0
27 0
28 0
29 0
30 0
31 0
32 0
33 0
34 0
35 0
36 0
37 0
38 0
39 0
40 0
41 0
42 0
43 0
44 0
45 0
46 0
47 0
48 0
49 0
50 0
51 0
52 0
53 0
54 0
55 0
56 0
57 0
58 0
59 0
60 0
61 0
62 0
63 0
64 0
65 0
66 0
67 0
68 0
69 0
70 0
71 0
72 0
73 0
74 0
75 0
76 0
77 0
78 0
79 0
80 0
81 0
82 0
83 0
84 0
85 0
86 0
87 0
88 0
89 0
90 0
91 0
92 0
93 0
94 0
95 0
96 0
97 0
98 0
99 0
100 1
101 0
102 0
103 0
104 0
105 0
106 0
107 0
108 0
109 0
110 0
111 0
112 0
113 0
114 0
115 0
116 0
117 0
118 0
119 0
120 0
121 0
122 0
123 0
124 0
125 0
126 0
127 0
128 1
129 0
130 0
131 1
132 2
133 1
134 0
135 2
136 1
137 3
138 1
139 1
140 2
141 2
142 2
143 3
144 4
145 7
146 4
147 5
148 5
149 8
150 10
151 11
152 8
153 12
154 7
155 17
156 25
157 23
158 20
159 27
160 36
161 49
162 42
163 70
164 89
165 111
166 136
167 138
168 151
169 144
170 134
171 183
172 149
173 166
174 173
175 179
176 190
177 195
178 166
179 157
180 200
181 215
182 248
183 235
184 257
185 295
186 294
187 451
188 448
189 434
190 551
191 535
192 543
193 512
194 494
195 568
196 590
197 565
198 610
199 571
200 682
201 616
202 669
203 642
204 770
205 798
206 825
207 889
208 933
209 976
210 1112
211 1193
212 1152
213 1315
214 1400
215 1456
216 1417
217 1437
218 1516
219 1528
220 1638
221 1757
222 1699
223 1784
224 1790
225 1941
226 1948
227 1963
228 1987
229 1954
230 1936
231 1947
232 2129
233 2180
234 2223
235 2263
236 2467
237 2500
238 2494
239 2533
240 2387
241 2519
242 2493
243 2415
244 2361
245 2413
246 2262
247 2388
248 2284
249 2389
250 2397
251 2403
252 2552
253 2817
254 2783
255 2993
256 3134
257 2901
258 3023
259 3009
260 2755
261 2677
262 2774
263 2741
264 2868
265 2738
266 2671
267 2747
268 2488
269 2410
270 2193
271 2231
272 2214
273 1999
274 2073
275 2083
276 2069
277 1885
278 1932
279 1961
280 1905
281 1996
282 1923
283 1842
284 1644
285 1648
286 1667
287 1574
288 1560
289 1420
290 1490
291 1281
292 1245
293 1235
294 1157
295 1112
296 1134
297 1107
298 1165
299 1093
300 1023
301 995
302 936
303 849
304 878
305 821
306 834
307 774
308 722
309 669
310 628
311 622
312 609
313 565
314 551
315 531
316 567
317 499
318 469
319 418
320 402
321 375
322 323
323 263
324 247
325 259
326 216
327 187
328 183
329 146
330 144
331 136
332 145
333 110
334 118
335 104
336 104
337 113
338 94
339 136
340 104
341 76
342 114
343 82
344 84
345 62
346 66
347 48
348 55
349 24
350 33
351 25
352 24
353 30
354 20
355 11
356 3
357 1
358 10
359 4
360 4
361 8
362 0
363 8
364 5
365 2
366 6
367 0
368 0
369 0
370 1
