0 0
1 0
2 0
3 0
4 0
5 0
6 0
7 0
8 0
9 0
10 0
11 0
12 0
13 0
14 0
15 0
16 0
17 0
18 0
19 0
20 1
21 0
22 0
23 0
24 0
25 0
26 0
27 0
28 2
29 0
30 0
31 1
32 0
33 4
34 1
35 2
36 2
37 5
38 7
39 5
40 6
41 2
42 7
43 5
44 12
45 8
46 5
47 8
48 5
49 14
50 9
51 12
52 10
53 12
54 8
55 20
56 5
57 12
58 14
59 11
60 12
61 13
62 14
63 9
64 6
65 11
66 11
67 6
68 7
69 3
70 8
71 9
72 7
73 13
74 7
75 9
76 8
77 4
78 2
79 7
80 11
81 7
82 6
83 11
84 14
85 11
86 14
87 10
88 15
89 8
90 7
91 14
92 11
93 11
94 10
95 10
96 17
97 17
98 28
99 23
100 30
101 32
102 35
103 28
104 43
105 24
106 30
107 43
108 45
109 41
110 31
111 38
112 29
113 26
114 33
115 39
116 32
117 60
118 44
119 52
120 48
121 43
122 48
123 65
124 65
125 72
126 62
127 87
128 58
129 87
130 80
131 120
132 93
133 146
134 132
135 151
136 133
137 160
138 172
139 157
140 170
141 208
142 210
143 182
144 227
145 219
146 270
147 260
148 305
149 307
150 321
151 273
152 302
153 311
154 296
155 343
156 335
157 343
158 367
159 371
160 406
161 422
162 461
163 467
164 487
165 541
166 496
167 505
168 624
169 627
170 627
171 670
172 705
173 772
174 794
175 848
176 816
177 812
178 797
179 822
180 835
181 793
182 877
183 939
184 949
185 1050
186 1049
187 1047
188 1118
189 1203
190 1189
191 1133
192 1250
193 1271
194 1235
195 1207
196 1261
197 1360
198 1552
199 1668
200 1643
201 1768
202 1985
203 2130
204 2265
205 2180
206 2332
207 2238
208 2318
209 2272
210 2326
211 2410
212 2280
213 2335
214 2467
215 2545
216 2468
217 2356
218 2441
219 2577
220 2604
221 2617
222 2673
223 2512
224 2664
225 2684
226 2480
227 2492
228 2553
229 2385
230 2401
231 2199
232 2387
233 2380
234 2145
235 2122
236 2076
237 2019
238 1983
239 1855
240 1674
241 1861
242 1667
243 1618
244 1685
245 1662
246 1642
247 1612
248 1522
249 1662
250 1575
251 1599
252 1582
253 1504
254 1418
255 1512
256 1569
257 1527
258 1485
259 1617
260 1565
261 1509
262 1566
263 1538
264 1534
265 1514
266 1407
267 1351
268 1359
269 1292
270 1259
271 1223
272 1237
273 1150
274 1019
275 1079
276 935
277 983
278 1017
279 858
280 976
281 908
282 870
283 770
284 817
285 893
286 841
287 788
288 813
289 805
290 825
291 728
292 903
293 1025
294 966
295 973
296 989
297 999
298 1015
299 884
300 667
301 654
302 619
303 490
304 453
305 420
306 413
307 326
308 254
309 219
310 195
311 216
312 159
313 156
314 158
315 118
316 139
317 127
318 129
319 146
320 132
321 141
322 128
323 119
324 102
325 104
326 105
327 110
328 134
329 93
330 88
331 81
332 52
333 55
334 51
335 41
336 45
337 38
338 32
339 29
340 23
341 22
342 18
343 16
344 17
345 19
346 21
347 16
348 16
349 18
350 9
351 10
352 10
353 13
354 4
355 2
356 12
357 10
358 3
359 3
360 2
361 2
362 4
363 1
364 1
365 1
366 0
367 1
368 1
369 0
370 0
371 1
372 4
373 1
374 0
375 0
376 0
377 1
378 1
379 0
380 0
381 1
382 0
383 0
384 0
385 0
386 0
387 1
388 0
389 1
