0 0
1 0
2 0
3 0
4 0
5 0
6 0
7 0
8 0
9 0
10 0
11 0
12 0
13 0
14 0
15 0
16 0
17 0
18 0
19 0
20 0
21 0
22 0
23 0
24 0
25 0
26 0
27 0
28 0
29 0
30 0
31 0
32 0
33 0
34 0
35 0
36 0
37 0
38 0
39 0
40 0
41 0
42 0
43 0
44 0
45 0
46 0
47 0
48 0
49 0
50 0
51 0
52 0
53 0
54 0
55 0
56 0
57 0
58 0
59 0
60 0
61 0
62 0
63 0
64 0
65 0
66 0
67 0
68 0
69 0
70 0
71 0
72 0
73 0
74 0
75 0
76 0
77 0
78 0
79 0
80 0
81 0
82 0
83 0
84 0
85 0
86 0
87 0
88 0
89 0
90 0
91 0
92 0
93 1
94 0
95 1
96 1
97 0
98 4
99 8
100 5
101 2
102 2
103 4
104 2
105 3
106 2
107 6
108 0
109 1
110 5
111 1
112 6
113 4
114 1
115 5
116 12
117 2
118 7
119 6
120 11
121 10
122 21
123 9
124 11
125 2
126 13
127 13
128 15
129 19
130 17
131 22
132 11
133 28
134 5
135 10
136 18
137 10
138 12
139 16
140 13
141 25
142 31
143 13
144 22
145 45
146 25
147 33
148 17
149 32
150 34
151 36
152 39
153 45
154 35
155 39
156 31
157 50
158 67
159 58
160 63
161 54
162 77
163 113
164 135
165 112
166 110
167 134
168 163
169 236
170 221
171 269
172 271
173 281
174 376
175 443
176 531
177 549
178 546
179 566
180 581
181 580
182 614
183 639
184 610
185 688
186 793
187 807
188 836
189 954
190 1045
191 1147
192 1312
193 1489
194 1609
195 1709
196 1766
197 1846
198 1881
199 1830
200 1947
201 1937
202 1927
203 2111
204 1902
205 2049
206 1870
207 1944
208 2106
209 1998
210 2106
211 2178
212 2090
213 2169
214 2160
215 2143
216 2128
217 2187
218 2119
219 2152
220 2205
221 2298
222 2408
223 2336
224 2515
225 2513
226 2663
227 2682
228 2826
229 2783
230 2704
231 2747
232 2895
233 2880
234 2823
235 2794
236 2839
237 2759
238 2630
239 2638
240 2527
241 2512
242 2371
243 2395
244 2389
245 2390
246 2375
247 2193
248 2381
249 2386
250 2404
251 2459
252 2394
253 2506
254 2357
255 2545
256 2435
257 2444
258 2465
259 2402
260 2464
261 2195
262 2233
263 2024
264 1829
265 1852
266 1776
267 1613
268 1584
269 1476
270 1319
271 1219
272 1187
273 1068
274 1061
275 911
276 926
277 896
278 870
279 808
280 749
281 689
282 597
283 581
284 565
285 485
286 525
287 567
288 513
289 548
290 515
291 533
292 518
293 550
294 585
295 470
296 405
297 414
298 377
299 379
300 374
301 339
302 318
303 306
304 317
305 331
306 319
307 292
308 294
309 286
310 292
311 286
312 288
313 311
314 361
315 278
316 267
317 288
318 282
319 254
320 270
321 243
322 254
323 196
324 231
325 172
326 201
327 152
328 132
329 152
330 136
331 108
332 124
333 138
334 102
335 79
336 114
337 100
338 73
339 74
340 84
341 97
342 64
343 48
344 31
345 42
346 37
347 21
348 25
349 6
350 9
351 9
352 9
353 13
354 8
355 8
356 6
357 6
358 7
359 1
360 0
361 9
362 2
363 3
364 0
365 2
366 2
