0 0
1 0
2 0
3 0
4 0
5 0
6 0
7 0
8 0
9 0
10 0
11 0
12 1
13 0
14 0
15 0
16 0
17 0
18 0
19 1
20 2
21 0
22 0
23 0
24 3
25 2
26 3
27 0
28 0
29 3
30 1
31 3
32 5
33 5
34 6
35 6
36 9
37 8
38 12
39 9
40 14
41 15
42 13
43 29
44 19
45 10
46 18
47 11
48 22
49 22
50 19
51 11
52 11
53 19
54 13
55 12
56 17
57 25
58 30
59 16
60 27
61 20
62 12
63 18
64 24
65 9
66 26
67 12
68 19
69 16
70 24
71 20
72 25
73 15
74 24
75 16
76 18
77 22
78 29
79 20
80 43
81 24
82 37
83 21
84 19
85 19
86 6
87 32
88 15
89 27
90 11
91 13
92 15
93 10
94 12
95 33
96 13
97 17
98 11
99 10
100 15
101 14
102 5
103 23
104 7
105 17
106 14
107 12
108 11
109 7
110 6
111 10
112 12
113 3
114 15
115 4
116 13
117 13
118 6
119 8
120 15
121 13
122 13
123 9
124 9
125 8
126 3
127 21
128 19
129 19
130 31
131 38
132 17
133 37
134 39
135 32
136 33
137 38
138 35
139 35
140 49
141 41
142 47
143 29
144 41
145 51
146 64
147 47
148 72
149 71
150 70
151 79
152 95
153 99
154 89
155 126
156 125
157 119
158 106
159 117
160 122
161 107
162 154
163 142
164 158
165 207
166 186
167 219
168 231
169 253
170 256
171 257
172 245
173 282
174 244
175 310
176 348
177 380
178 454
179 513
180 604
181 720
182 911
183 970
184 948
185 886
186 846
187 976
188 897
189 961
190 1097
191 1092
192 1139
193 1161
194 1146
195 1175
196 1147
197 1169
198 1235
199 1308
200 1484
201 1709
202 1703
203 2017
204 2134
205 2231
206 2241
207 2306
208 2268
209 2260
210 2125
211 2026
212 2133
213 2053
214 2110
215 2153
216 2087
217 2152
218 2357
219 2365
220 2362
221 2452
222 2584
223 2753
224 2700
225 2898
226 2850
227 2792
228 2800
229 2726
230 2688
231 2753
232 2672
233 2643
234 2636
235 2507
236 2561
237 2379
238 2476
239 2350
240 2136
241 2118
242 2281
243 2306
244 2019
245 2121
246 2052
247 2022
248 2005
249 2018
250 1920
251 1872
252 1922
253 1772
254 1749
255 1779
256 1783
257 1743
258 1575
259 1654
260 1691
261 1513
262 1554
263 1634
264 1569
265 1585
266 1552
267 1561
268 1585
269 1591
270 1624
271 1461
272 1391
273 1309
274 1139
275 1128
276 1082
277 1027
278 1000
279 962
280 945
281 1033
282 981
283 992
284 947
285 914
286 852
287 951
288 886
289 850
290 867
291 812
292 832
293 800
294 801
295 732
296 777
297 755
298 870
299 706
300 717
301 693
302 632
303 688
304 638
305 656
306 620
307 537
308 495
309 487
310 461
311 433
312 378
313 333
314 303
315 315
316 280
317 264
318 288
319 266
320 285
321 239
322 212
323 203
324 214
325 199
326 187
327 138
328 166
329 130
330 120
331 107
332 111
333 75
334 90
335 78
336 64
337 51
338 61
339 67
340 61
341 47
342 48
343 45
344 42
345 37
346 35
347 31
348 43
349 30
350 37
351 35
352 24
353 21
354 18
355 8
356 13
357 4
358 1
359 6
360 1
361 3
362 0
363 0
364 0
365 1
366 1
367 0
368 0
369 1
370 0
371 0
372 0
373 1
374 1
