0 0
1 0
2 0
3 0
4 0
5 0
6 0
7 0
8 0
9 0
10 0
11 0
12 0
13 4
14 0
15 5
16 3
17 5
18 5
19 9
20 17
21 29
22 21
23 32
24 25
25 36
26 31
27 29
28 40
29 59
30 36
31 56
32 25
33 43
34 50
35 39
36 45
37 40
38 61
39 40
40 25
41 39
42 44
43 64
44 38
45 32
46 37
47 41
48 21
49 23
50 28
51 49
52 21
53 20
54 25
55 25
56 25
57 20
58 21
59 17
60 7
61 24
62 24
63 30
64 25
65 32
66 26
67 18
68 22
69 18
70 21
71 13
72 21
73 16
74 18
75 13
76 13
77 17
78 6
79 15
80 13
81 4
82 13
83 6
84 4
85 9
86 2
87 3
88 7
89 11
90 12
91 9
92 9
93 10
94 15
95 12
96 12
97 19
98 15
99 17
100 18
101 31
102 11
103 31
104 41
105 38
106 30
107 41
108 58
109 33
110 33
111 67
112 54
113 34
114 50
115 38
116 48
117 53
118 48
119 45
120 38
121 49
122 48
123 55
124 51
125 89
126 118
127 101
128 106
129 99
130 117
131 151
132 136
133 141
134 138
135 161
136 141
137 141
138 151
139 153
140 183
141 201
142 261
143 246
144 229
145 223
146 274
147 304
148 341
149 394
150 448
151 444
152 472
153 476
154 550
155 551
156 624
157 678
158 701
159 753
160 695
161 693
162 750
163 719
164 823
165 797
166 886
167 912
168 924
169 882
170 1029
171 995
172 1036
173 1012
174 1097
175 1075
176 1162
177 1213
178 1352
179 1391
180 1335
181 1265
182 1328
183 1365
184 1377
185 1482
186 1495
187 1387
188 1454
189 1417
190 1483
191 1422
192 1443
193 1507
194 1531
195 1473
196 1581
197 1772
198 1774
199 1875
200 1795
201 1839
202 1949
203 1921
204 1895
205 2137
206 2016
207 2074
208 2356
209 2353
210 2538
211 2571
212 2585
213 2743
214 2730
215 2873
216 3022
217 2978
218 2779
219 2793
220 2925
221 2673
222 2824
223 2723
224 2535
225 2652
226 2589
227 2691
228 2528
229 2627
230 2407
231 2366
232 2199
233 2175
234 2190
235 2042
236 2097
237 1880
238 1891
239 1752
240 1804
241 1634
242 1702
243 1696
244 1645
245 1602
246 1495
247 1349
248 1397
249 1509
250 1310
251 1352
252 1394
253 1474
254 1437
255 1473
256 1366
257 1390
258 1213
259 1226
260 1251
261 1196
262 1184
263 1180
264 1133
265 1156
266 1071
267 1051
268 978
269 913
270 832
271 865
272 798
273 768
274 725
275 633
276 620
277 595
278 558
279 541
280 483
281 493
282 490
283 506
284 490
285 414
286 412
287 399
288 418
289 384
290 347
291 371
292 311
293 353
294 331
295 309
296 268
297 325
298 255
299 316
300 296
301 218
302 226
303 222
304 224
305 211
306 225
307 232
308 205
309 184
310 175
311 198
312 174
313 181
314 188
315 167
316 147
317 210
318 210
319 191
320 231
321 166
322 176
323 185
324 200
325 188
326 123
327 144
328 94
329 98
330 82
331 66
332 49
333 57
334 35
335 42
336 24
337 38
338 26
339 24
340 32
341 18
342 24
343 15
344 31
345 12
346 21
347 11
348 21
349 7
350 9
351 9
352 14
353 11
354 7
355 13
356 14
357 5
358 1
359 11
360 13
361 6
362 4
363 6
364 3
365 0
366 0
367 1
