0 0
1 0
2 0
3 0
4 0
5 0
6 0
7 0
8 0
9 0
10 0
11 0
12 0
13 0
14 0
15 0
16 0
17 0
18 0
19 0
20 0
21 0
22 0
23 0
24 0
25 0
26 0
27 0
28 0
29 0
30 0
31 0
32 0
33 0
34 0
35 0
36 0
37 0
38 0
39 0
40 0
41 3
42 1
43 0
44 0
45 0
46 2
47 0
48 2
49 2
50 1
51 1
52 0
53 1
54 0
55 0
56 3
57 0
58 0
59 0
60 0
61 0
62 0
63 0
64 0
65 0
66 3
67 4
68 1
69 0
70 2
71 0
72 0
73 0
74 0
75 0
76 0
77 0
78 0
79 0
80 0
81 0
82 0
83 0
84 1
85 0
86 0
87 0
88 0
89 0
90 0
91 0
92 0
93 1
94 0
95 0
96 0
97 0
98 1
99 4
100 0
101 0
102 0
103 1
104 0
105 0
106 1
107 0
108 0
109 0
110 0
111 1
112 0
113 0
114 0
115 0
116 3
117 0
118 1
119 5
120 0
121 5
122 3
123 2
124 3
125 12
126 5
127 3
128 0
129 3
130 3
131 3
132 2
133 1
134 3
135 5
136 4
137 7
138 9
139 4
140 3
141 8
142 0
143 4
144 1
145 6
146 5
147 10
148 8
149 6
150 4
151 11
152 18
153 24
154 13
155 38
156 29
157 35
158 24
159 49
160 42
161 46
162 56
163 46
164 45
165 40
166 50
167 59
168 77
169 52
170 68
171 56
172 55
173 41
174 46
175 62
176 71
177 70
178 77
179 93
180 77
181 103
182 130
183 101
184 159
185 124
186 119
187 172
188 179
189 175
190 214
191 205
192 218
193 261
194 307
195 314
196 381
197 424
198 426
199 514
200 561
201 558
202 636
203 640
204 644
205 701
206 686
207 736
208 790
209 765
210 873
211 921
212 864
213 912
214 1000
215 1054
216 1091
217 1260
218 1280
219 1306
220 1413
221 1510
222 1554
223 1637
224 1766
225 1813
226 1982
227 2013
228 2161
229 2208
230 2348
231 2464
232 2443
233 2395
234 2565
235 2637
236 2686
237 2653
238 2788
239 2683
240 2823
241 3006
242 2994
243 2973
244 3287
245 3071
246 3271
247 3217
248 3400
249 3421
250 3401
251 3510
252 3531
253 3611
254 3419
255 3408
256 3430
257 3305
258 3130
259 3142
260 2907
261 2967
262 3000
263 2903
264 2770
265 2878
266 2783
267 2773
268 2611
269 2582
270 2482
271 2469
272 2309
273 2364
274 2234
275 2164
276 1995
277 1864
278 1820
279 1772
280 1758
281 1725
282 1695
283 1613
284 1473
285 1413
286 1259
287 1257
288 1108
289 1073
290 1095
291 983
292 991
293 969
294 868
295 938
296 913
297 932
298 939
299 875
300 856
301 912
302 737
303 698
304 704
305 627
306 587
307 596
308 559
309 518
310 442
311 513
312 478
313 453
314 426
315 346
316 372
317 371
318 320
319 306
320 267
321 212
322 200
323 167
324 201
325 144
326 160
327 152
328 163
329 206
330 205
331 216
332 234
333 278
334 201
335 220
336 183
337 146
338 117
339 97
340 72
341 54
342 49
343 30
344 33
345 35
346 41
347 20
348 22
349 6
350 12
351 20
352 19
353 3
354 15
355 4
356 5
357 1
358 8
359 9
360 2
361 1
362 3
363 0
364 0
365 4
366 0
367 0
368 0
369 0
370 0
371 0
372 3
