0 0
1 0
2 0
3 0
4 0
5 0
6 0
7 0
8 0
9 0
10 0
11 2
12 0
13 1
14 3
15 3
16 3
17 5
18 5
19 1
20 12
21 9
22 22
23 19
24 18
25 22
26 18
27 18
28 24
29 17
30 21
31 25
32 15
33 31
34 19
35 24
36 26
37 30
38 24
39 7
40 21
41 26
42 18
43 12
44 28
45 21
46 9
47 8
48 37
49 23
50 27
51 7
52 6
53 19
54 8
55 22
56 14
57 20
58 24
59 10
60 11
61 26
62 4
63 9
64 18
65 13
66 9
67 6
68 0
69 3
70 6
71 8
72 6
73 2
74 8
75 4
76 6
77 5
78 9
79 12
80 5
81 6
82 8
83 10
84 7
85 9
86 3
87 7
88 14
89 11
90 11
91 5
92 9
93 5
94 4
95 2
96 4
97 11
98 6
99 3
100 18
101 23
102 15
103 9
104 16
105 9
106 3
107 10
108 4
109 7
110 5
111 9
112 13
113 16
114 17
115 14
116 7
117 17
118 28
119 26
120 27
121 19
122 22
123 30
124 33
125 37
126 36
127 32
128 31
129 24
130 32
131 51
132 41
133 51
134 75
135 78
136 82
137 90
138 103
139 138
140 115
141 138
142 157
143 128
144 147
145 163
146 164
147 154
148 228
149 239
150 273
151 292
152 305
153 323
154 319
155 371
156 346
157 433
158 435
159 482
160 505
161 575
162 615
163 599
164 697
165 741
166 835
167 815
168 952
169 1062
170 1167
171 1172
172 1236
173 1312
174 1566
175 1558
176 1613
177 1561
178 1681
179 1707
180 1822
181 1758
182 1810
183 1847
184 1837
185 1857
186 1893
187 1852
188 1811
189 1794
190 2046
191 1989
192 2105
193 2138
194 2280
195 2311
196 2203
197 2239
198 2342
199 2288
200 2338
201 2260
202 2345
203 2377
204 2270
205 2378
206 2302
207 2229
208 2309
209 2399
210 2200
211 2340
212 2146
213 2314
214 2195
215 2425
216 2345
217 2319
218 2330
219 2559
220 2539
221 2623
222 2675
223 2658
224 2668
225 2720
226 2711
227 2544
228 2567
229 2700
230 2587
231 2419
232 2480
233 2394
234 2241
235 2181
236 2144
237 2106
238 2077
239 1895
240 1833
241 1782
242 1752
243 1747
244 1601
245 1660
246 1653
247 1611
248 1630
249 1555
250 1639
251 1675
252 1500
253 1608
254 1584
255 1312
256 1381
257 1285
258 1208
259 1137
260 979
261 957
262 843
263 828
264 897
265 723
266 683
267 729
268 738
269 778
270 662
271 687
272 715
273 681
274 691
275 603
276 568
277 566
278 527
279 515
280 489
281 439
282 427
283 422
284 388
285 382
286 363
287 300
288 360
289 302
290 338
291 291
292 260
293 263
294 298
295 259
296 254
297 245
298 243
299 231
300 194
301 217
302 196
303 162
304 197
305 183
306 205
307 190
308 175
309 156
310 145
311 162
312 149
313 133
314 143
315 112
316 96
317 86
318 59
319 80
320 49
321 56
322 34
323 58
324 34
325 37
326 32
327 22
328 19
329 9
330 15
331 12
332 9
333 17
334 5
335 9
336 4
337 4
338 2
339 6
340 6
341 1
342 0
343 3
344 7
345 4
346 7
347 1
348 3
349 1
350 0
351 1
352 1
353 1
354 1
355 0
356 2
357 1
358 2
359 3
360 3
361 3
362 3
