0 0
1 0
2 0
3 0
4 0
5 0
6 0
7 0
8 0
9 0
10 0
11 0
12 0
13 0
14 0
15 0
16 0
17 0
18 0
19 0
20 0
21 0
22 0
23 0
24 0
25 0
26 0
27 0
28 0
29 0
30 0
31 0
32 0
33 1
34 0
35 0
36 0
37 0
38 0
39 1
40 0
41 0
42 0
43 0
44 0
45 0
46 0
47 0
48 0
49 0
50 0
51 1
52 0
53 0
54 0
55 0
56 0
57 0
58 0
59 1
60 0
61 0
62 0
63 0
64 0
65 0
66 0
67 0
68 0
69 0
70 0
71 0
72 0
73 0
74 0
75 0
76 0
77 0
78 0
79 0
80 0
81 0
82 0
83 1
84 0
85 1
86 1
87 0
88 0
89 0
90 1
91 0
92 0
93 1
94 0
95 2
96 0
97 0
98 1
99 1
100 1
101 0
102 1
103 1
104 1
105 0
106 2
107 2
108 0
109 3
110 1
111 1
112 0
113 1
114 2
115 0
116 0
117 3
118 2
119 2
120 1
121 1
122 5
123 15
124 31
125 48
126 114
127 194
128 287
129 275
130 275
131 271
132 298
133 196
134 223
135 237
136 279
137 229
138 275
139 183
140 199
141 125
142 93
143 107
144 80
145 117
146 117
147 144
148 147
149 167
150 213
151 284
152 280
153 326
154 392
155 405
156 473
157 521
158 513
159 583
160 645
161 703
162 729
163 772
164 814
165 905
166 936
167 1002
168 1034
169 996
170 1004
171 1093
172 1230
173 1188
174 1263
175 1214
176 1253
177 1217
178 1339
179 1270
180 1403
181 1343
182 1424
183 1570
184 1564
185 1615
186 1638
187 1849
188 1848
189 1882
190 1922
191 1767
192 1952
193 2056
194 2069
195 2127
196 2091
197 2062
198 1994
199 2055
200 2151
201 2133
202 2128
203 2133
204 2110
205 2247
206 2152
207 2253
208 2188
209 2230
210 2248
211 2241
212 2331
213 2264
214 2368
215 2436
216 2343
217 2461
218 2484
219 2497
220 2402
221 2437
222 2485
223 2612
224 2637
225 2551
226 2579
227 2521
228 2603
229 2626
230 2570
231 2584
232 2520
233 2541
234 2494
235 2264
236 2403
237 2341
238 2214
239 2277
240 2142
241 2132
242 2000
243 1912
244 2074
245 1836
246 1763
247 1769
248 1795
249 1781
250 1690
251 1595
252 1726
253 1572
254 1486
255 1418
256 1306
257 1325
258 1191
259 1157
260 1089
261 1078
262 1093
263 952
264 962
265 883
266 917
267 818
268 801
269 812
270 690
271 784
272 719
273 692
274 684
275 673
276 537
277 551
278 485
279 457
280 517
281 410
282 446
283 383
284 345
285 330
286 363
287 396
288 328
289 358
290 349
291 431
292 412
293 427
294 363
295 342
296 399
297 378
298 405
299 357
300 320
301 328
302 285
303 349
304 258
305 257
306 165
307 175
308 120
309 124
310 104
311 118
312 127
313 113
314 89
315 72
316 89
317 42
318 44
319 37
320 37
321 32
322 31
323 16
324 28
325 12
326 10
327 14
328 14
329 4
330 8
331 11
332 5
333 2
334 2
335 1
336 1
337 2
338 1
339 0
340 2
341 2
342 0
343 2
344 0
345 0
346 0
347 0
348 1
349 1
350 0
351 0
352 0
353 0
354 0
355 1
