0 0
1 0
2 0
3 0
4 0
5 0
6 0
7 0
8 0
9 0
10 0
11 0
12 0
13 0
14 0
15 0
16 0
17 0
18 0
19 0
20 0
21 0
22 0
23 1
24 0
25 1
26 1
27 1
28 0
29 0
30 0
31 0
32 0
33 1
34 1
35 3
36 0
37 0
38 0
39 0
40 1
41 0
42 2
43 4
44 3
45 4
46 3
47 0
48 0
49 4
50 5
51 4
52 4
53 3
54 7
55 7
56 2
57 6
58 2
59 7
60 0
61 5
62 8
63 3
64 5
65 8
66 5
67 7
68 1
69 0
70 6
71 1
72 0
73 4
74 9
75 3
76 3
77 5
78 1
79 0
80 7
81 0
82 0
83 5
84 2
85 3
86 0
87 0
88 2
89 0
90 0
91 8
92 0
93 0
94 4
95 0
96 7
97 3
98 0
99 3
100 5
101 14
102 0
103 4
104 6
105 0
106 0
107 14
108 2
109 0
110 1
111 1
112 8
113 4
114 0
115 1
116 1
117 1
118 3
119 5
120 3
121 5
122 3
123 2
124 9
125 15
126 30
127 8
128 45
129 51
130 59
131 57
132 55
133 60
134 51
135 84
136 70
137 85
138 111
139 112
140 82
141 95
142 95
143 105
144 134
145 170
146 108
147 132
148 147
149 151
150 192
151 220
152 253
153 285
154 296
155 309
156 350
157 371
158 441
159 390
160 417
161 418
162 412
163 527
164 568
165 546
166 681
167 693
168 696
169 706
170 807
171 854
172 968
173 1034
174 1119
175 1211
176 1212
177 1302
178 1476
179 1582
180 1410
181 1541
182 1575
183 1742
184 1773
185 1854
186 1844
187 2037
188 2095
189 2087
190 2128
191 2301
192 2243
193 2273
194 2279
195 2381
196 2337
197 2515
198 2522
199 2406
200 2424
201 2482
202 2384
203 2525
204 2416
205 2555
206 2562
207 2416
208 2602
209 2677
210 2778
211 2620
212 2724
213 2615
214 2607
215 2530
216 2564
217 2474
218 2577
219 2530
220 2558
221 2546
222 2679
223 2588
224 2626
225 2647
226 2575
227 2390
228 2241
229 2319
230 2124
231 2217
232 2320
233 2230
234 2176
235 2007
236 1874
237 1701
238 1695
239 1658
240 1675
241 1557
242 1526
243 1502
244 1448
245 1419
246 1345
247 1295
248 1346
249 1417
250 1339
251 1294
252 1319
253 1418
254 1390
255 1410
256 1513
257 1437
258 1407
259 1396
260 1328
261 1400
262 1245
263 1210
264 1105
265 1063
266 1065
267 1066
268 1054
269 1021
270 1042
271 1089
272 1035
273 919
274 929
275 737
276 890
277 757
278 708
279 712
280 627
281 606
282 505
283 560
284 485
285 442
286 484
287 519
288 469
289 444
290 479
291 446
292 484
293 403
294 464
295 374
296 290
297 274
298 282
299 245
300 255
301 251
302 227
303 247
304 262
305 251
306 253
307 188
308 173
309 130
310 125
311 93
312 74
313 66
314 87
315 78
316 56
317 50
318 33
319 26
320 26
321 10
322 10
323 3
324 5
325 3
326 7
327 3
328 5
329 1
330 2
331 2
332 2
333 1
334 1
335 4
336 1
337 0
338 0
339 0
340 0
341 0
342 0
343 0
344 0
345 1
346 0
347 0
348 0
349 0
350 0
351 0
352 1
