0 0
1 0
2 0
3 0
4 0
5 0
6 0
7 0
8 0
9 0
10 0
11 0
12 0
13 0
14 0
15 0
16 0
17 0
18 0
19 0
20 0
21 0
22 0
23 0
24 0
25 0
26 0
27 0
28 2
29 0
30 0
31 0
32 0
33 0
34 0
35 0
36 0
37 0
38 0
39 0
40 0
41 0
42 0
43 0
44 0
45 1
46 0
47 0
48 5
49 0
50 9
51 0
52 0
53 0
54 0
55 0
56 4
57 0
58 4
59 1
60 5
61 7
62 0
63 0
64 0
65 10
66 4
67 0
68 5
69 0
70 4
71 5
72 5
73 0
74 0
75 1
76 0
77 0
78 0
79 1
80 2
81 7
82 0
83 0
84 2
85 2
86 2
87 5
88 11
89 2
90 6
91 0
92 8
93 11
94 0
95 5
96 12
97 7
98 6
99 3
100 3
101 5
102 0
103 3
104 3
105 2
106 0
107 3
108 8
109 11
110 7
111 5
112 1
113 3
114 4
115 9
116 4
117 15
118 27
119 13
120 33
121 28
122 23
123 40
124 28
125 29
126 19
127 26
128 49
129 46
130 41
131 54
132 94
133 136
134 122
135 132
136 118
137 144
138 157
139 133
140 127
141 135
142 162
143 122
144 127
145 134
146 146
147 156
148 201
149 197
150 190
151 185
152 206
153 234
154 248
155 269
156 326
157 312
158 376
159 371
160 362
161 413
162 401
163 455
164 495
165 596
166 640
167 682
168 728
169 793
170 874
171 929
172 1013
173 974
174 1024
175 1180
176 1242
177 1217
178 1327
179 1392
180 1354
181 1371
182 1454
183 1453
184 1666
185 1637
186 1724
187 1610
188 1646
189 1827
190 1944
191 1955
192 2153
193 2299
194 2349
195 2263
196 2324
197 2402
198 2329
199 2286
200 2392
201 2350
202 2129
203 2136
204 2039
205 1945
206 1889
207 1940
208 1888
209 1940
210 1973
211 1873
212 1963
213 2078
214 1940
215 2188
216 2228
217 2299
218 2346
219 2385
220 2567
221 2570
222 2496
223 2510
224 2452
225 2419
226 2470
227 2508
228 2595
229 2411
230 2444
231 2566
232 2647
233 2564
234 2482
235 2493
236 2345
237 2276
238 2235
239 2207
240 2089
241 2024
242 1935
243 1984
244 1768
245 1634
246 1594
247 1568
248 1401
249 1393
250 1429
251 1390
252 1505
253 1316
254 1333
255 1394
256 1365
257 1340
258 1282
259 1256
260 1292
261 1314
262 1168
263 1250
264 1132
265 1114
266 1096
267 1122
268 1042
269 1043
270 1060
271 995
272 918
273 911
274 886
275 873
276 940
277 845
278 804
279 869
280 848
281 804
282 857
283 825
284 809
285 769
286 761
287 778
288 710
289 626
290 649
291 630
292 523
293 524
294 453
295 489
296 428
297 401
298 343
299 331
300 318
301 349
302 344
303 301
304 317
305 355
306 269
307 285
308 261
309 209
310 213
311 223
312 183
313 156
314 161
315 124
316 105
317 102
318 80
319 65
320 64
321 49
322 70
323 51
324 36
325 47
326 29
327 36
328 48
329 29
330 19
331 13
332 14
333 14
334 11
335 12
336 2
337 1
338 2
339 4
340 7
341 10
342 5
343 0
344 0
345 2
346 0
347 2
