0 0
1 0
2 0
3 0
4 0
5 0
6 0
7 0
8 0
9 0
10 0
11 0
12 0
13 0
14 0
15 0
16 0
17 0
18 0
19 0
20 0
21 0
22 0
23 0
24 0
25 0
26 0
27 0
28 0
29 0
30 0
31 0
32 0
33 0
34 0
35 0
36 0
37 0
38 0
39 0
40 0
41 0
42 0
43 0
44 0
45 0
46 0
47 0
48 0
49 0
50 0
51 0
52 0
53 0
54 0
55 0
56 0
57 0
58 0
59 0
60 0
61 0
62 0
63 0
64 0
65 0
66 0
67 0
68 0
69 0
70 0
71 0
72 0
73 0
74 0
75 0
76 0
77 0
78 0
79 0
80 0
81 0
82 0
83 0
84 0
85 0
86 0
87 0
88 0
89 0
90 0
91 0
92 0
93 0
94 0
95 0
96 0
97 0
98 0
99 0
100 0
101 0
102 0
103 0
104 0
105 0
106 0
107 0
108 0
109 0
110 2
111 0
112 0
113 0
114 0
115 0
116 0
117 0
118 0
119 0
120 0
121 1
122 4
123 0
124 0
125 0
126 1
127 1
128 1
129 1
130 1
131 0
132 0
133 0
134 1
135 0
136 3
137 5
138 2
139 3
140 0
141 4
142 2
143 3
144 3
145 3
146 2
147 4
148 4
149 4
150 7
151 6
152 6
153 3
154 6
155 8
156 7
157 8
158 7
159 3
160 2
161 5
162 7
163 5
164 15
165 14
166 12
167 5
168 12
169 3
170 14
171 12
172 34
173 20
174 38
175 53
176 85
177 90
178 105
179 133
180 165
181 193
182 190
183 268
184 266
185 324
186 341
187 331
188 293
189 367
190 333
191 340
192 357
193 378
194 432
195 419
196 476
197 518
198 561
199 542
200 678
201 742
202 828
203 897
204 1037
205 1092
206 1044
207 1123
208 1129
209 1223
210 1174
211 1292
212 1336
213 1322
214 1403
215 1521
216 1413
217 1493
218 1410
219 1472
220 1521
221 1559
222 1588
223 1765
224 1800
225 1894
226 1836
227 2138
228 2161
229 2273
230 2475
231 2530
232 2578
233 2670
234 2916
235 2894
236 2950
237 3125
238 3126
239 3157
240 3259
241 3211
242 3335
243 3327
244 3125
245 3230
246 2966
247 3359
248 3236
249 3309
250 3349
251 3380
252 3230
253 3075
254 3175
255 3032
256 2970
257 2731
258 2817
259 2630
260 2654
261 2640
262 2692
263 2567
264 2538
265 2592
266 2673
267 2569
268 2495
269 2429
270 2383
271 2258
272 2139
273 2007
274 2049
275 1908
276 1825
277 1735
278 1702
279 1688
280 1648
281 1542
282 1627
283 1492
284 1491
285 1394
286 1271
287 1339
288 1298
289 1313
290 1266
291 1237
292 1228
293 1102
294 1169
295 975
296 998
297 867
298 1044
299 964
300 964
301 909
302 752
303 669
304 624
305 534
306 491
307 412
308 387
309 338
310 275
311 325
312 299
313 222
314 220
315 222
316 181
317 143
318 135
319 122
320 149
321 144
322 105
323 94
324 74
325 76
326 46
327 49
328 25
329 29
330 32
331 18
332 27
333 18
334 18
335 13
336 8
337 9
338 9
339 5
340 8
341 3
342 1
343 3
344 2
345 2
346 0
347 3
348 0
349 3
350 0
351 0
352 0
353 0
354 1
355 0
356 0
357 1
