0 0
1 0
2 0
3 0
4 0
5 0
6 0
7 0
8 0
9 0
10 0
11 0
12 0
13 0
14 0
15 0
16 0
17 0
18 0
19 0
20 0
21 0
22 0
23 0
24 0
25 0
26 0
27 0
28 0
29 0
30 0
31 0
32 0
33 0
34 0
35 0
36 0
37 0
38 5
39 0
40 0
41 2
42 0
43 0
44 4
45 4
46 2
47 0
48 0
49 0
50 0
51 2
52 0
53 0
54 0
55 0
56 0
57 3
58 2
59 3
60 2
61 3
62 2
63 0
64 0
65 5
66 2
67 0
68 0
69 1
70 0
71 2
72 3
73 0
74 2
75 0
76 6
77 0
78 0
79 0
80 0
81 0
82 0
83 2
84 0
85 0
86 0
87 0
88 3
89 0
90 0
91 0
92 0
93 0
94 0
95 0
96 0
97 0
98 0
99 4
100 1
101 0
102 0
103 0
104 0
105 0
106 0
107 1
108 0
109 1
110 1
111 3
112 3
113 3
114 6
115 6
116 8
117 10
118 6
119 10
120 15
121 10
122 17
123 22
124 28
125 36
126 29
127 32
128 36
129 57
130 54
131 75
132 91
133 84
134 72
135 87
136 82
137 117
138 120
139 129
140 157
141 134
142 158
143 143
144 131
145 147
146 145
147 170
148 176
149 222
150 172
151 255
152 234
153 242
154 282
155 290
156 316
157 364
158 399
159 506
160 518
161 594
162 721
163 890
164 911
165 929
166 1151
167 1203
168 1385
169 1477
170 1505
171 1315
172 1465
173 1386
174 1438
175 1498
176 1499
177 1412
178 1483
179 1499
180 1670
181 1725
182 1677
183 1682
184 1780
185 1858
186 1756
187 1968
188 1890
189 1944
190 2086
191 2046
192 2198
193 2252
194 2365
195 2374
196 2427
197 2415
198 2324
199 2407
200 2253
201 2274
202 2381
203 2435
204 2389
205 2511
206 2393
207 2500
208 2534
209 2461
210 2566
211 2602
212 2613
213 2572
214 2638
215 2731
216 2594
217 2804
218 2772
219 2624
220 2738
221 2638
222 2465
223 2458
224 2481
225 2343
226 2085
227 2115
228 2065
229 1984
230 1893
231 1899
232 1747
233 1777
234 1628
235 1731
236 1677
237 1613
238 1702
239 1572
240 1634
241 1569
242 1568
243 1553
244 1387
245 1329
246 1222
247 1264
248 1298
249 1072
250 1213
251 1141
252 1168
253 1241
254 1288
255 1341
256 1374
257 1326
258 1273
259 1311
260 1257
261 1107
262 1110
263 958
264 986
265 897
266 931
267 828
268 826
269 750
270 749
271 689
272 719
273 702
274 636
275 637
276 662
277 703
278 662
279 605
280 595
281 578
282 650
283 516
284 516
285 458
286 480
287 488
288 459
289 450
290 453
291 482
292 431
293 447
294 450
295 432
296 377
297 435
298 372
299 401
300 399
301 364
302 380
303 338
304 304
305 304
306 302
307 325
308 227
309 247
310 256
311 220
312 226
313 216
314 208
315 191
316 185
317 150
318 170
319 143
320 185
321 145
322 84
323 83
324 77
325 88
326 52
327 59
328 40
329 34
330 39
331 33
332 23
333 34
334 22
335 24
336 25
337 19
338 18
339 18
340 19
341 24
342 30
343 16
344 21
345 12
346 6
347 8
348 8
349 6
350 4
351 2
352 5
353 0
354 1
355 1
356 1
357 0
358 0
359 1
