0 0
1 0
2 0
3 0
4 0
5 0
6 0
7 0
8 0
9 0
10 0
11 0
12 0
13 0
14 0
15 0
16 0
17 0
18 0
19 0
20 0
21 0
22 0
23 0
24 0
25 0
26 0
27 0
28 0
29 0
30 0
31 0
32 0
33 1
34 0
35 0
36 0
37 0
38 1
39 0
40 0
41 1
42 0
43 0
44 3
45 2
46 0
47 8
48 1
49 3
50 2
51 1
52 8
53 2
54 0
55 0
56 0
57 1
58 0
59 1
60 1
61 1
62 0
63 2
64 0
65 3
66 2
67 1
68 2
69 0
70 0
71 3
72 4
73 0
74 0
75 3
76 1
77 1
78 2
79 2
80 5
81 4
82 0
83 2
84 1
85 0
86 1
87 1
88 3
89 0
90 1
91 1
92 1
93 0
94 0
95 0
96 0
97 0
98 3
99 1
100 5
101 1
102 0
103 5
104 6
105 6
106 0
107 3
108 7
109 4
110 1
111 1
112 1
113 2
114 1
115 1
116 5
117 2
118 0
119 4
120 0
121 0
122 5
123 1
124 2
125 4
126 5
127 2
128 3
129 4
130 5
131 3
132 7
133 6
134 8
135 6
136 10
137 8
138 7
139 13
140 5
141 8
142 10
143 10
144 9
145 20
146 14
147 14
148 16
149 13
150 14
151 21
152 11
153 38
154 19
155 26
156 32
157 30
158 51
159 43
160 45
161 54
162 90
163 86
164 99
165 107
166 117
167 132
168 194
169 198
170 233
171 202
172 219
173 220
174 209
175 204
176 208
177 200
178 188
179 209
180 205
181 283
182 238
183 289
184 301
185 379
186 394
187 498
188 523
189 683
190 755
191 876
192 935
193 1068
194 985
195 998
196 1041
197 948
198 896
199 996
200 909
201 977
202 1033
203 1022
204 1101
205 1038
206 1060
207 1099
208 1133
209 1060
210 1062
211 1065
212 1040
213 1070
214 1102
215 1202
216 1109
217 1205
218 1325
219 1422
220 1467
221 1478
222 1545
223 1481
224 1510
225 1551
226 1419
227 1527
228 1550
229 1545
230 1639
231 1656
232 1640
233 1666
234 1598
235 1640
236 1555
237 1614
238 1561
239 1642
240 1495
241 1642
242 1715
243 1703
244 1749
245 2008
246 2127
247 2178
248 2315
249 2464
250 2712
251 2882
252 2835
253 3033
254 2902
255 2849
256 2743
257 2590
258 2501
259 2473
260 2351
261 2316
262 2389
263 2324
264 2431
265 2396
266 2269
267 2388
268 2363
269 2251
270 2277
271 2285
272 2130
273 2283
274 2271
275 2099
276 2146
277 2028
278 2009
279 1977
280 2115
281 1911
282 1893
283 1921
284 2049
285 2101
286 2037
287 1983
288 1970
289 1947
290 1976
291 1808
292 1774
293 1808
294 1630
295 1484
296 1491
297 1401
298 1456
299 1316
300 1280
301 1284
302 1170
303 1130
304 1158
305 950
306 951
307 896
308 1022
309 898
310 825
311 833
312 826
313 731
314 784
315 703
316 680
317 672
318 667
319 634
320 570
321 543
322 435
323 357
324 342
325 261
326 296
327 218
328 186
329 189
330 133
331 111
332 113
333 97
334 86
335 81
336 85
337 78
338 80
339 79
340 65
341 51
342 40
343 27
344 24
345 22
346 12
347 18
348 14
349 9
350 4
351 4
352 4
353 4
354 3
355 1
356 1
357 0
358 0
359 1
360 0
361 0
362 1
363 0
364 0
365 0
366 0
367 0
368 1
369 0
370 0
371 1
