0 0
1 0
2 0
3 0
4 0
5 0
6 1
7 1
8 0
9 0
10 3
11 6
12 3
13 5
14 5
15 4
16 10
17 10
18 9
19 16
20 21
21 11
22 20
23 16
24 25
25 25
26 22
27 17
28 18
29 33
30 28
31 30
32 13
33 18
34 19
35 21
36 17
37 23
38 12
39 16
40 17
41 23
42 9
43 12
44 5
45 15
46 20
47 18
48 25
49 13
50 14
51 24
52 23
53 20
54 29
55 22
56 10
57 11
58 12
59 10
60 7
61 10
62 21
63 18
64 7
65 13
66 19
67 14
68 13
69 26
70 20
71 29
72 26
73 7
74 9
75 13
76 14
77 7
78 10
79 5
80 9
81 9
82 11
83 5
84 4
85 9
86 6
87 4
88 9
89 8
90 5
91 7
92 4
93 15
94 5
95 7
96 16
97 12
98 12
99 10
100 15
101 20
102 31
103 20
104 28
105 38
106 50
107 36
108 32
109 40
110 33
111 28
112 25
113 20
114 33
115 27
116 30
117 24
118 38
119 40
120 40
121 45
122 47
123 56
124 66
125 84
126 75
127 104
128 111
129 113
130 93
131 98
132 95
133 104
134 126
135 110
136 159
137 113
138 123
139 129
140 184
141 177
142 142
143 182
144 190
145 200
146 218
147 245
148 225
149 251
150 288
151 272
152 283
153 329
154 371
155 348
156 371
157 424
158 415
159 423
160 434
161 422
162 442
163 510
164 641
165 641
166 720
167 678
168 872
169 950
170 917
171 1186
172 1345
173 1599
174 1552
175 1720
176 1721
177 1645
178 1457
179 1607
180 1500
181 1449
182 1440
183 1515
184 1634
185 1643
186 1748
187 1715
188 1679
189 1691
190 1719
191 1811
192 1632
193 1745
194 1769
195 1822
196 1889
197 1927
198 1966
199 2100
200 2093
201 2225
202 2169
203 2368
204 2431
205 2294
206 2295
207 2230
208 2299
209 2179
210 2059
211 2056
212 2080
213 1938
214 1985
215 1917
216 1962
217 1806
218 2047
219 1994
220 2045
221 1940
222 2000
223 2028
224 2007
225 2267
226 2007
227 2091
228 2188
229 2112
230 2070
231 2157
232 2102
233 2047
234 2147
235 2090
236 2200
237 2184
238 2218
239 2144
240 2126
241 2127
242 2136
243 2175
244 1944
245 1912
246 1901
247 1854
248 1860
249 1750
250 1740
251 1597
252 1787
253 1630
254 1683
255 1515
256 1583
257 1579
258 1611
259 1679
260 1607
261 1574
262 1418
263 1378
264 1267
265 1231
266 1040
267 1166
268 1046
269 1010
270 1056
271 1045
272 926
273 911
274 785
275 737
276 711
277 626
278 629
279 559
280 501
281 517
282 440
283 446
284 380
285 374
286 403
287 417
288 358
289 370
290 352
291 343
292 326
293 351
294 339
295 310
296 355
297 310
298 321
299 336
300 342
301 374
302 358
303 323
304 310
305 348
306 295
307 247
308 274
309 261
310 233
311 192
312 177
313 204
314 208
315 176
316 138
317 154
318 162
319 124
320 121
321 89
322 105
323 73
324 59
325 64
326 57
327 39
328 53
329 43
330 41
331 30
332 37
333 29
334 29
335 16
336 12
337 27
338 14
339 14
340 26
341 17
342 14
343 5
344 11
345 1
346 9
347 4
348 1
349 1
350 0
351 2
352 5
353 0
354 3
355 6
356 6
357 3
358 2
359 6
360 2
361 5
362 0
363 1
364 1
365 0
366 3
367 0
368 4
369 3
370 0
371 0
372 0
373 3
374 1
375 1
