0 0
1 0
2 0
3 0
4 0
5 0
6 0
7 0
8 0
9 0
10 0
11 0
12 0
13 2
14 0
15 0
16 3
17 2
18 2
19 8
20 1
21 10
22 10
23 10
24 5
25 1
26 6
27 6
28 11
29 5
30 6
31 10
32 15
33 10
34 4
35 5
36 9
37 9
38 18
39 3
40 2
41 3
42 9
43 9
44 1
45 10
46 3
47 8
48 0
49 8
50 2
51 2
52 8
53 6
54 6
55 2
56 4
57 6
58 0
59 3
60 3
61 3
62 4
63 8
64 2
65 8
66 4
67 5
68 0
69 4
70 2
71 0
72 3
73 5
74 3
75 8
76 5
77 4
78 0
79 0
80 2
81 2
82 2
83 1
84 3
85 2
86 2
87 0
88 2
89 2
90 0
91 2
92 0
93 0
94 2
95 0
96 0
97 0
98 0
99 2
100 0
101 1
102 1
103 5
104 5
105 12
106 9
107 9
108 22
109 27
110 16
111 31
112 28
113 40
114 31
115 50
116 39
117 29
118 47
119 41
120 42
121 51
122 74
123 68
124 86
125 97
126 77
127 101
128 81
129 96
130 99
131 119
132 146
133 150
134 183
135 169
136 228
137 213
138 221
139 257
140 255
141 347
142 359
143 380
144 412
145 441
146 486
147 465
148 513
149 539
150 630
151 688
152 701
153 766
154 798
155 871
156 897
157 869
158 1067
159 1092
160 1051
161 1115
162 1055
163 1250
164 1321
165 1371
166 1397
167 1426
168 1311
169 1472
170 1439
171 1567
172 1723
173 2058
174 1969
175 2065
176 1999
177 2206
178 2233
179 2229
180 2115
181 2225
182 2020
183 2104
184 2045
185 2041
186 2025
187 1956
188 2060
189 1897
190 2059
191 1925
192 2077
193 1995
194 2180
195 1999
196 2054
197 2059
198 2001
199 2044
200 2182
201 2140
202 2334
203 2227
204 2267
205 2377
206 2343
207 2285
208 2247
209 2269
210 2266
211 2186
212 2143
213 2142
214 2241
215 2147
216 2260
217 2082
218 2152
219 2059
220 2117
221 2131
222 2121
223 2073
224 2023
225 2142
226 1988
227 1935
228 1845
229 1781
230 1726
231 1754
232 1689
233 1528
234 1506
235 1657
236 1498
237 1484
238 1405
239 1339
240 1408
241 1333
242 1367
243 1392
244 1315
245 1373
246 1468
247 1439
248 1495
249 1542
250 1632
251 1486
252 1489
253 1624
254 1388
255 1386
256 1424
257 1287
258 1116
259 1085
260 1023
261 894
262 865
263 829
264 808
265 754
266 711
267 699
268 634
269 642
270 601
271 617
272 531
273 484
274 554
275 568
276 502
277 485
278 458
279 384
280 396
281 400
282 418
283 409
284 453
285 473
286 367
287 412
288 351
289 369
290 368
291 368
292 303
293 329
294 370
295 350
296 361
297 371
298 370
299 317
300 266
301 218
302 205
303 191
304 170
305 188
306 173
307 139
308 127
309 111
310 118
311 131
312 103
313 105
314 129
315 115
316 114
317 107
318 88
319 58
320 52
321 44
322 30
323 26
324 28
325 16
326 23
327 18
328 21
329 16
330 14
331 12
332 14
333 16
334 10
335 6
336 5
337 7
338 4
339 7
340 0
341 5
342 0
343 0
344 3
345 2
346 0
347 1
348 1
349 0
350 1
351 1
352 0
353 0
354 0
355 0
356 0
357 0
358 0
359 0
360 0
361 0
362 1
363 0
364 0
365 0
366 0
367 0
368 1
