0 0
1 0
2 0
3 0
4 0
5 0
6 0
7 0
8 0
9 0
10 0
11 0
12 0
13 0
14 0
15 0
16 0
17 0
18 0
19 0
20 0
21 0
22 0
23 0
24 0
25 0
26 0
27 0
28 0
29 0
30 0
31 0
32 0
33 0
34 0
35 0
36 1
37 0
38 0
39 0
40 0
41 0
42 0
43 0
44 0
45 0
46 1
47 0
48 0
49 0
50 0
51 0
52 0
53 0
54 0
55 0
56 0
57 0
58 0
59 0
60 0
61 0
62 0
63 0
64 0
65 0
66 0
67 0
68 0
69 0
70 0
71 0
72 0
73 0
74 0
75 1
76 1
77 1
78 0
79 0
80 1
81 0
82 0
83 0
84 0
85 1
86 1
87 0
88 0
89 1
90 1
91 1
92 0
93 0
94 0
95 1
96 1
97 0
98 0
99 1
100 1
101 2
102 1
103 0
104 2
105 0
106 0
107 0
108 1
109 1
110 0
111 0
112 0
113 0
114 0
115 0
116 0
117 1
118 0
119 0
120 0
121 0
122 2
123 0
124 1
125 2
126 0
127 1
128 1
129 2
130 1
131 0
132 0
133 2
134 0
135 0
136 0
137 2
138 0
139 1
140 1
141 0
142 5
143 2
144 2
145 0
146 5
147 10
148 5
149 9
150 3
151 13
152 15
153 14
154 26
155 19
156 30
157 26
158 37
159 29
160 49
161 49
162 73
163 73
164 72
165 66
166 83
167 129
168 137
169 129
170 145
171 127
172 161
173 173
174 147
175 188
176 177
177 235
178 204
179 276
180 280
181 338
182 300
183 364
184 353
185 337
186 323
187 382
188 346
189 414
190 419
191 398
192 505
193 487
194 517
195 495
196 588
197 570
198 623
199 676
200 642
201 700
202 709
203 689
204 807
205 820
206 891
207 956
208 929
209 1051
210 1073
211 1149
212 1176
213 1254
214 1314
215 1366
216 1197
217 1256
218 1357
219 1525
220 1569
221 1658
222 1775
223 1801
224 1864
225 2076
226 2200
227 2367
228 2388
229 2537
230 2600
231 2603
232 2621
233 2433
234 2549
235 2445
236 2456
237 2364
238 2343
239 2260
240 2130
241 2091
242 2128
243 2107
244 2097
245 2046
246 2130
247 2145
248 2240
249 2145
250 2149
251 2295
252 2385
253 2307
254 2342
255 2285
256 2511
257 2404
258 2531
259 2486
260 2603
261 2765
262 2936
263 2936
264 3011
265 3048
266 2874
267 2839
268 2716
269 2723
270 2591
271 2657
272 2480
273 2593
274 2336
275 2318
276 2235
277 2201
278 1947
279 2017
280 1960
281 1819
282 2071
283 1757
284 1711
285 1692
286 1610
287 1547
288 1568
289 1452
290 1455
291 1396
292 1470
293 1353
294 1291
295 1254
296 1186
297 1133
298 1150
299 1124
300 1039
301 1000
302 924
303 929
304 864
305 779
306 736
307 669
308 637
309 557
310 621
311 522
312 556
313 508
314 467
315 432
316 470
317 376
318 305
319 317
320 300
321 314
322 238
323 252
324 172
325 212
326 150
327 170
328 139
329 134
330 128
331 141
332 113
333 92
334 71
335 70
336 46
337 38
338 35
339 38
340 30
341 21
342 27
343 21
344 28
345 13
346 7
347 11
348 11
349 12
350 9
351 9
352 9
353 6
354 6
355 3
356 4
357 1
358 2
