0 0
1 0
2 0
3 0
4 0
5 0
6 0
7 0
8 0
9 0
10 0
11 0
12 0
13 0
14 0
15 0
16 0
17 0
18 0
19 0
20 0
21 0
22 0
23 0
24 0
25 0
26 0
27 0
28 1
29 0
30 1
31 0
32 2
33 2
34 3
35 0
36 1
37 0
38 0
39 0
40 0
41 0
42 0
43 1
44 0
45 1
46 0
47 0
48 0
49 0
50 0
51 1
52 0
53 0
54 0
55 0
56 2
57 3
58 1
59 1
60 0
61 3
62 0
63 2
64 1
65 2
66 0
67 1
68 0
69 2
70 1
71 1
72 0
73 1
74 0
75 1
76 0
77 3
78 0
79 3
80 1
81 0
82 0
83 0
84 1
85 2
86 0
87 0
88 2
89 0
90 0
91 0
92 0
93 0
94 1
95 1
96 1
97 0
98 1
99 1
100 1
101 1
102 0
103 1
104 0
105 0
106 2
107 2
108 0
109 4
110 0
111 0
112 0
113 0
114 0
115 1
116 0
117 3
118 3
119 0
120 1
121 2
122 0
123 2
124 3
125 2
126 4
127 2
128 0
129 4
130 3
131 1
132 5
133 6
134 21
135 12
136 29
137 33
138 59
139 51
140 57
141 58
142 61
143 50
144 72
145 64
146 64
147 62
148 94
149 87
150 93
151 110
152 143
153 123
154 175
155 180
156 208
157 184
158 285
159 280
160 334
161 306
162 371
163 342
164 347
165 364
166 398
167 380
168 422
169 433
170 555
171 629
172 795
173 831
174 943
175 1027
176 1035
177 1061
178 1052
179 994
180 1046
181 952
182 1073
183 1155
184 1128
185 1172
186 1315
187 1314
188 1392
189 1299
190 1464
191 1353
192 1471
193 1505
194 1652
195 1659
196 1855
197 2037
198 2104
199 2098
200 1921
201 1967
202 1932
203 1845
204 1909
205 1984
206 1918
207 2113
208 2103
209 2161
210 2271
211 2231
212 2143
213 2179
214 2258
215 2321
216 2308
217 2293
218 2482
219 2331
220 2328
221 2308
222 2379
223 2393
224 2510
225 2463
226 2544
227 2443
228 2467
229 2558
230 2372
231 2261
232 2310
233 2304
234 2223
235 2333
236 2216
237 2329
238 2238
239 2331
240 2222
241 2403
242 2325
243 2496
244 2293
245 2387
246 2306
247 2294
248 2310
249 2245
250 2162
251 2217
252 2005
253 2077
254 2034
255 1999
256 1968
257 1929
258 1808
259 1811
260 1645
261 1544
262 1580
263 1486
264 1494
265 1393
266 1396
267 1347
268 1338
269 1381
270 1214
271 1173
272 1256
273 1191
274 1118
275 1078
276 1080
277 1140
278 1149
279 1249
280 1086
281 1038
282 1095
283 981
284 898
285 873
286 847
287 659
288 751
289 755
290 697
291 629
292 650
293 552
294 523
295 453
296 363
297 340
298 304
299 241
300 225
301 221
302 212
303 163
304 139
305 176
306 169
307 163
308 129
309 117
310 111
311 118
312 112
313 87
314 87
315 77
316 79
317 70
318 55
319 52
320 53
321 41
322 40
323 41
324 28
325 36
326 31
327 26
328 31
329 27
330 26
331 29
332 17
333 19
334 15
335 21
336 20
337 29
338 18
339 20
340 12
341 12
342 8
343 3
344 2
345 3
346 1
347 3
348 0
349 0
350 0
351 2
