0 0
1 0
2 0
3 0
4 0
5 0
6 0
7 0
8 0
9 0
10 0
11 0
12 0
13 0
14 0
15 0
16 0
17 0
18 2
19 10
20 6
21 4
22 2
23 7
24 4
25 6
26 0
27 3
28 0
29 9
30 8
31 9
32 9
33 19
34 8
35 12
36 9
37 17
38 8
39 14
40 16
41 4
42 9
43 1
44 14
45 13
46 15
47 14
48 13
49 13
50 8
51 12
52 11
53 18
54 5
55 5
56 5
57 13
58 11
59 9
60 14
61 11
62 13
63 13
64 14
65 7
66 7
67 17
68 8
69 8
70 13
71 14
72 17
73 1
74 6
75 9
76 9
77 2
78 12
79 10
80 9
81 5
82 5
83 8
84 13
85 17
86 6
87 11
88 14
89 6
90 18
91 8
92 13
93 7
94 3
95 6
96 11
97 9
98 12
99 16
100 8
101 6
102 7
103 3
104 10
105 9
106 4
107 8
108 16
109 4
110 0
111 3
112 9
113 10
114 10
115 4
116 4
117 9
118 14
119 11
120 6
121 11
122 8
123 14
124 13
125 16
126 5
127 16
128 7
129 7
130 12
131 9
132 10
133 9
134 9
135 11
136 6
137 16
138 26
139 16
140 20
141 22
142 21
143 27
144 23
145 28
146 26
147 37
148 28
149 23
150 26
151 25
152 33
153 40
154 27
155 41
156 37
157 47
158 40
159 48
160 47
161 69
162 54
163 78
164 109
165 109
166 111
167 95
168 98
169 103
170 139
171 129
172 168
173 184
174 139
175 185
176 191
177 148
178 204
179 259
180 313
181 295
182 312
183 362
184 352
185 436
186 468
187 500
188 538
189 546
190 549
191 591
192 635
193 654
194 678
195 710
196 681
197 716
198 762
199 813
200 913
201 917
202 835
203 965
204 999
205 1075
206 1090
207 1109
208 1249
209 1181
210 1200
211 1316
212 1348
213 1427
214 1349
215 1376
216 1393
217 1549
218 1629
219 1666
220 1674
221 1634
222 1714
223 1668
224 1690
225 1679
226 1706
227 1776
228 1808
229 1743
230 1742
231 1891
232 1870
233 2021
234 1869
235 2036
236 1996
237 2121
238 2075
239 2146
240 2154
241 2125
242 2001
243 2131
244 2093
245 2190
246 2257
247 2261
248 2337
249 2474
250 2360
251 2374
252 2331
253 2312
254 2428
255 2250
256 2048
257 2071
258 2038
259 1855
260 1950
261 1932
262 1932
263 1908
264 2026
265 1999
266 2187
267 2115
268 2122
269 2256
270 2326
271 2247
272 2436
273 2345
274 2539
275 2392
276 2634
277 2489
278 2549
279 2483
280 2495
281 2432
282 2270
283 2269
284 2126
285 2206
286 1934
287 1974
288 1938
289 1719
290 1682
291 1592
292 1564
293 1431
294 1392
295 1337
296 1301
297 1197
298 1141
299 1056
300 1086
301 1071
302 992
303 950
304 956
305 874
306 865
307 844
308 741
309 773
310 793
311 694
312 630
313 716
314 605
315 585
316 627
317 505
318 463
319 477
320 366
321 322
322 310
323 293
324 230
325 243
326 189
327 183
328 175
329 192
330 138
331 151
332 132
333 138
334 126
335 136
336 143
337 104
338 100
339 93
340 101
341 89
342 82
343 95
344 69
345 56
346 38
347 42
348 37
349 35
350 23
351 22
352 20
353 17
354 15
355 14
356 9
357 4
358 7
359 6
360 1
361 2
362 3
363 3
364 1
365 2
366 2
367 0
368 1
369 0
370 0
371 1
372 0
373 0
374 0
375 0
376 0
377 0
378 1
