0 0
1 0
2 0
3 0
4 0
5 0
6 0
7 0
8 0
9 0
10 0
11 0
12 0
13 0
14 0
15 2
16 2
17 3
18 0
19 0
20 1
21 1
22 6
23 6
24 6
25 6
26 10
27 15
28 14
29 20
30 4
31 12
32 16
33 5
34 8
35 16
36 9
37 5
38 5
39 10
40 11
41 17
42 8
43 7
44 5
45 3
46 3
47 6
48 2
49 10
50 8
51 12
52 17
53 7
54 10
55 17
56 14
57 26
58 21
59 13
60 16
61 9
62 17
63 22
64 11
65 23
66 17
67 15
68 13
69 12
70 6
71 9
72 9
73 8
74 13
75 8
76 8
77 8
78 10
79 17
80 11
81 5
82 7
83 10
84 24
85 23
86 14
87 20
88 10
89 21
90 11
91 14
92 12
93 19
94 6
95 16
96 6
97 10
98 18
99 8
100 11
101 12
102 14
103 15
104 10
105 7
106 9
107 8
108 16
109 7
110 14
111 9
112 9
113 8
114 20
115 17
116 15
117 28
118 30
119 48
120 28
121 48
122 41
123 44
124 62
125 79
126 94
127 109
128 112
129 160
130 123
131 163
132 170
133 211
134 196
135 295
136 301
137 459
138 596
139 663
140 640
141 734
142 637
143 634
144 603
145 527
146 507
147 610
148 572
149 573
150 627
151 622
152 677
153 644
154 665
155 706
156 672
157 723
158 681
159 781
160 786
161 758
162 788
163 787
164 846
165 865
166 855
167 978
168 959
169 1068
170 1138
171 1186
172 1216
173 1309
174 1303
175 1304
176 1341
177 1295
178 1377
179 1264
180 1492
181 1506
182 1610
183 1755
184 1642
185 1866
186 1931
187 1918
188 2085
189 2039
190 2264
191 2308
192 2262
193 2165
194 2240
195 2173
196 2166
197 2295
198 2179
199 2194
200 2128
201 2083
202 2102
203 2295
204 2171
205 2215
206 2240
207 2255
208 2339
209 2409
210 2419
211 2371
212 2485
213 2243
214 2279
215 2192
216 2264
217 2218
218 2154
219 2237
220 2154
221 2215
222 2207
223 2156
224 2267
225 2242
226 2194
227 2147
228 2122
229 2041
230 1932
231 2136
232 2048
233 2018
234 1834
235 1944
236 1876
237 1915
238 1796
239 1688
240 1675
241 1593
242 1614
243 1583
244 1431
245 1499
246 1498
247 1399
248 1529
249 1531
250 1434
251 1450
252 1366
253 1224
254 1325
255 1077
256 1156
257 1197
258 1186
259 1176
260 1074
261 918
262 1027
263 934
264 875
265 967
266 995
267 1027
268 927
269 858
270 783
271 753
272 792
273 659
274 679
275 689
276 706
277 609
278 640
279 566
280 544
281 512
282 527
283 474
284 485
285 537
286 494
287 442
288 417
289 430
290 385
291 383
292 339
293 307
294 245
295 258
296 228
297 206
298 222
299 180
300 189
301 150
302 148
303 124
304 126
305 106
306 106
307 107
308 83
309 84
310 74
311 81
312 70
313 37
314 49
315 45
316 46
317 55
318 41
319 32
320 28
321 21
322 37
323 16
324 20
325 16
326 23
327 11
328 16
329 6
330 13
331 3
332 8
333 7
334 8
335 7
336 9
337 8
338 6
339 7
340 8
341 2
342 2
343 1
344 1
345 1
