0 0
1 0
2 0
3 0
4 0
5 0
6 0
7 0
8 0
9 0
10 0
11 0
12 0
13 0
14 0
15 0
16 0
17 0
18 0
19 0
20 0
21 0
22 0
23 0
24 0
25 0
26 0
27 0
28 0
29 0
30 0
31 0
32 0
33 0
34 0
35 0
36 0
37 0
38 0
39 0
40 0
41 0
42 0
43 0
44 1
45 0
46 0
47 0
48 0
49 0
50 0
51 0
52 1
53 0
54 0
55 0
56 0
57 0
58 0
59 1
60 0
61 0
62 0
63 0
64 0
65 0
66 2
67 1
68 0
69 2
70 0
71 0
72 0
73 0
74 0
75 0
76 1
77 0
78 2
79 0
80 2
81 0
82 1
83 0
84 0
85 0
86 0
87 0
88 1
89 0
90 0
91 2
92 0
93 1
94 0
95 0
96 0
97 0
98 0
99 0
100 0
101 0
102 0
103 0
104 0
105 0
106 2
107 0
108 0
109 0
110 0
111 1
112 0
113 0
114 0
115 0
116 2
117 0
118 0
119 0
120 0
121 0
122 0
123 0
124 0
125 0
126 0
127 0
128 0
129 1
130 0
131 0
132 0
133 0
134 0
135 0
136 1
137 0
138 0
139 1
140 0
141 0
142 0
143 0
144 0
145 0
146 0
147 0
148 1
149 0
150 0
151 0
152 2
153 4
154 1
155 0
156 0
157 1
158 1
159 1
160 4
161 4
162 4
163 8
164 6
165 18
166 7
167 12
168 20
169 8
170 17
171 17
172 30
173 35
174 37
175 48
176 60
177 46
178 51
179 79
180 79
181 77
182 109
183 112
184 166
185 145
186 171
187 189
188 200
189 212
190 238
191 265
192 244
193 291
194 336
195 382
196 366
197 322
198 471
199 546
200 579
201 593
202 648
203 705
204 697
205 856
206 928
207 923
208 1056
209 1134
210 1221
211 1317
212 1403
213 1527
214 1656
215 1744
216 1904
217 1911
218 2055
219 2158
220 2200
221 2510
222 2448
223 2557
224 2746
225 2834
226 3144
227 2960
228 2919
229 3239
230 3091
231 3218
232 3293
233 3129
234 3241
235 3304
236 3543
237 3335
238 3405
239 3600
240 3639
241 3854
242 3714
243 3878
244 3740
245 3648
246 3707
247 3900
248 3831
249 3706
250 3811
251 3751
252 3825
253 3814
254 3855
255 3470
256 3596
257 3293
258 3361
259 3210
260 3172
261 3175
262 2891
263 2837
264 2551
265 2648
266 2476
267 2477
268 2314
269 2365
270 2060
271 1921
272 1781
273 1659
274 1643
275 1546
276 1415
277 1343
278 1262
279 1164
280 1102
281 1192
282 1066
283 990
284 931
285 842
286 815
287 739
288 719
289 624
290 566
291 588
292 431
293 412
294 360
295 320
296 286
297 220
298 185
299 159
300 171
301 138
302 107
303 87
304 82
305 79
306 31
307 49
308 31
309 44
310 37
311 47
312 33
313 41
314 27
315 15
316 37
317 10
318 11
319 10
320 6
321 14
322 11
323 11
324 6
325 3
326 3
327 4
328 3
329 1
330 4
