0 0
1 0
2 0
3 0
4 0
5 0
6 0
7 0
8 0
9 0
10 0
11 0
12 1
13 0
14 0
15 0
16 0
17 0
18 0
19 0
20 0
21 4
22 0
23 3
24 1
25 0
26 0
27 1
28 0
29 1
30 3
31 0
32 1
33 4
34 0
35 0
36 1
37 5
38 0
39 0
40 0
41 0
42 0
43 0
44 5
45 7
46 5
47 0
48 0
49 0
50 2
51 3
52 11
53 1
54 2
55 0
56 9
57 0
58 0
59 0
60 0
61 2
62 0
63 1
64 1
65 0
66 5
67 0
68 1
69 2
70 0
71 4
72 0
73 0
74 0
75 0
76 0
77 0
78 1
79 1
80 3
81 3
82 0
83 0
84 0
85 0
86 0
87 0
88 1
89 1
90 0
91 0
92 1
93 0
94 0
95 1
96 0
97 0
98 0
99 2
100 0
101 0
102 2
103 0
104 0
105 0
106 0
107 1
108 1
109 0
110 0
111 3
112 1
113 2
114 0
115 5
116 1
117 0
118 1
119 4
120 2
121 4
122 5
123 0
124 0
125 5
126 2
127 0
128 9
129 5
130 7
131 8
132 10
133 10
134 10
135 19
136 6
137 13
138 19
139 24
140 30
141 17
142 25
143 52
144 37
145 28
146 33
147 52
148 47
149 29
150 58
151 68
152 57
153 71
154 80
155 77
156 79
157 91
158 77
159 129
160 159
161 106
162 180
163 162
164 251
165 211
166 274
167 369
168 377
169 416
170 472
171 486
172 510
173 502
174 563
175 587
176 575
177 582
178 736
179 684
180 717
181 795
182 836
183 827
184 886
185 1001
186 1032
187 1122
188 1194
189 1226
190 1310
191 1401
192 1340
193 1371
194 1328
195 1432
196 1464
197 1572
198 1668
199 1639
200 1783
201 1847
202 1945
203 2092
204 2165
205 2183
206 2218
207 2386
208 2377
209 2555
210 2576
211 2507
212 2663
213 2670
214 2660
215 2706
216 2632
217 2550
218 2689
219 2626
220 2665
221 2629
222 2659
223 2735
224 2657
225 2542
226 2447
227 2348
228 2454
229 2495
230 2502
231 2457
232 2770
233 2779
234 3006
235 3093
236 3121
237 3082
238 3283
239 3291
240 3310
241 3247
242 3031
243 3071
244 3018
245 2945
246 2856
247 2803
248 2672
249 2589
250 2410
251 2383
252 2059
253 1931
254 1905
255 1843
256 1720
257 1696
258 1642
259 1573
260 1573
261 1588
262 1420
263 1515
264 1422
265 1305
266 1379
267 1303
268 1186
269 1157
270 1182
271 1047
272 1003
273 1099
274 1080
275 914
276 927
277 907
278 736
279 725
280 724
281 712
282 639
283 698
284 683
285 657
286 626
287 604
288 466
289 537
290 482
291 435
292 408
293 363
294 333
295 278
296 262
297 223
298 221
299 192
300 204
301 156
302 199
303 150
304 110
305 119
306 103
307 83
308 78
309 79
310 70
311 62
312 63
313 79
314 32
315 58
316 36
317 24
318 22
319 38
320 39
321 26
322 27
323 28
324 25
325 23
326 26
327 16
328 13
329 10
330 3
331 7
332 5
333 3
334 4
335 1
336 1
337 3
338 0
339 1
340 0
341 1
