0 0
1 0
2 0
3 0
4 0
5 0
6 0
7 1
8 0
9 0
10 1
11 0
12 0
13 0
14 3
15 3
16 4
17 2
18 3
19 10
20 10
21 11
22 10
23 14
24 6
25 16
26 18
27 21
28 13
29 19
30 27
31 13
32 12
33 16
34 24
35 20
36 20
37 17
38 16
39 8
40 20
41 11
42 8
43 14
44 11
45 12
46 9
47 23
48 9
49 16
50 13
51 14
52 19
53 14
54 19
55 14
56 6
57 18
58 8
59 7
60 7
61 19
62 13
63 17
64 18
65 16
66 17
67 15
68 11
69 4
70 8
71 18
72 14
73 11
74 16
75 11
76 10
77 5
78 11
79 5
80 17
81 5
82 7
83 12
84 10
85 6
86 14
87 7
88 7
89 9
90 13
91 13
92 5
93 14
94 5
95 3
96 13
97 19
98 17
99 11
100 26
101 9
102 19
103 11
104 19
105 14
106 15
107 17
108 15
109 15
110 17
111 25
112 20
113 14
114 14
115 21
116 11
117 7
118 11
119 9
120 7
121 14
122 14
123 12
124 11
125 19
126 23
127 13
128 15
129 9
130 11
131 15
132 32
133 18
134 20
135 15
136 29
137 20
138 16
139 34
140 25
141 47
142 47
143 39
144 60
145 53
146 113
147 107
148 106
149 149
150 173
151 199
152 168
153 195
154 203
155 184
156 210
157 233
158 227
159 243
160 253
161 331
162 429
163 473
164 450
165 632
166 648
167 660
168 695
169 701
170 823
171 873
172 810
173 912
174 976
175 910
176 952
177 1040
178 1071
179 1067
180 1007
181 981
182 982
183 1010
184 1067
185 1074
186 1170
187 1234
188 1235
189 1318
190 1379
191 1423
192 1382
193 1442
194 1415
195 1357
196 1469
197 1495
198 1403
199 1577
200 1403
201 1471
202 1451
203 1587
204 1531
205 1647
206 1618
207 1677
208 1725
209 1774
210 1954
211 2008
212 2212
213 2042
214 2074
215 1909
216 1875
217 1791
218 1774
219 1834
220 1765
221 1719
222 1802
223 1783
224 1909
225 2000
226 1867
227 1955
228 1959
229 2094
230 2054
231 2126
232 2205
233 2148
234 2165
235 2361
236 2345
237 2270
238 2523
239 2424
240 2621
241 2621
242 2649
243 2547
244 2513
245 2469
246 2423
247 2503
248 2459
249 2331
250 2260
251 2256
252 2175
253 2202
254 2129
255 2112
256 2069
257 2036
258 1929
259 1938
260 1832
261 1975
262 1942
263 1859
264 1919
265 1828
266 1845
267 1800
268 1765
269 1769
270 1678
271 1470
272 1430
273 1279
274 1325
275 1195
276 1283
277 1188
278 1139
279 1111
280 1063
281 1006
282 899
283 903
284 844
285 737
286 785
287 804
288 754
289 609
290 653
291 566
292 536
293 447
294 512
295 433
296 402
297 467
298 406
299 356
300 341
301 351
302 306
303 285
304 297
305 287
306 255
307 308
308 280
309 253
310 251
311 236
312 190
313 168
314 182
315 158
316 148
317 173
318 152
319 131
320 128
321 132
322 166
323 157
324 163
325 157
326 218
327 167
328 166
329 108
330 100
331 116
332 82
333 89
334 64
335 57
336 34
337 48
338 38
339 22
340 28
341 20
342 23
343 10
344 10
345 8
346 6
347 14
348 7
349 6
350 4
351 1
352 2
353 6
354 0
355 1
