0 0
1 0
2 0
3 0
4 0
5 0
6 0
7 0
8 0
9 0
10 0
11 0
12 0
13 0
14 0
15 0
16 0
17 0
18 0
19 0
20 0
21 0
22 0
23 0
24 0
25 0
26 0
27 0
28 0
29 0
30 0
31 0
32 0
33 1
34 0
35 0
36 0
37 0
38 0
39 0
40 0
41 0
42 1
43 0
44 0
45 2
46 0
47 0
48 0
49 0
50 0
51 0
52 0
53 0
54 1
55 0
56 0
57 0
58 0
59 0
60 1
61 0
62 1
63 0
64 1
65 0
66 0
67 0
68 1
69 0
70 0
71 0
72 1
73 0
74 0
75 0
76 0
77 0
78 0
79 0
80 0
81 1
82 1
83 0
84 0
85 0
86 0
87 0
88 0
89 0
90 0
91 0
92 0
93 0
94 0
95 0
96 0
97 0
98 0
99 0
100 0
101 2
102 0
103 1
104 0
105 1
106 1
107 0
108 1
109 0
110 2
111 1
112 0
113 1
114 1
115 0
116 1
117 1
118 4
119 2
120 6
121 2
122 3
123 3
124 4
125 4
126 5
127 7
128 1
129 13
130 23
131 20
132 45
133 72
134 108
135 227
136 293
137 385
138 307
139 354
140 316
141 287
142 245
143 284
144 290
145 283
146 317
147 283
148 250
149 250
150 191
151 207
152 209
153 213
154 242
155 258
156 313
157 334
158 384
159 397
160 401
161 388
162 428
163 472
164 555
165 610
166 702
167 850
168 906
169 1007
170 1073
171 1161
172 1290
173 1366
174 1458
175 1538
176 1648
177 1663
178 1645
179 1761
180 1771
181 1780
182 1720
183 1773
184 1696
185 1918
186 1790
187 1908
188 1901
189 1864
190 2008
191 1982
192 2012
193 1886
194 1958
195 2009
196 2019
197 2028
198 2001
199 2092
200 2239
201 2168
202 2272
203 2291
204 2425
205 2497
206 2516
207 2429
208 2440
209 2511
210 2284
211 2273
212 2307
213 2250
214 2279
215 2307
216 2276
217 2265
218 2403
219 2369
220 2312
221 2259
222 2427
223 2481
224 2336
225 2409
226 2246
227 2372
228 2343
229 2205
230 2258
231 2286
232 2202
233 2045
234 2135
235 2286
236 2139
237 2132
238 2170
239 2066
240 2061
241 2049
242 1920
243 2049
244 1947
245 2008
246 1986
247 2038
248 1998
249 1893
250 1958
251 1741
252 1810
253 1750
254 1664
255 1668
256 1616
257 1495
258 1518
259 1424
260 1331
261 1197
262 1100
263 1079
264 989
265 949
266 861
267 804
268 734
269 754
270 630
271 656
272 583
273 552
274 583
275 508
276 519
277 486
278 444
279 417
280 372
281 383
282 403
283 352
284 353
285 330
286 386
287 380
288 426
289 387
290 363
291 430
292 415
293 411
294 404
295 406
296 382
297 342
298 352
299 326
300 366
301 262
302 262
303 244
304 191
305 152
306 115
307 95
308 113
309 109
310 105
311 93
312 98
313 70
314 102
315 55
316 70
317 60
318 72
319 75
320 83
321 90
322 64
323 83
324 58
325 52
326 29
327 32
328 44
329 40
330 18
331 24
332 12
333 10
334 14
335 15
336 5
337 5
338 6
339 1
340 3
341 2
342 0
343 1
344 3
345 0
346 1
347 0
348 2
349 2
350 0
351 0
352 1
353 1
354 0
355 0
356 0
357 0
358 0
359 0
360 1
