0 0
1 0
2 0
3 0
4 0
5 0
6 0
7 0
8 0
9 0
10 0
11 0
12 0
13 0
14 0
15 0
16 0
17 0
18 0
19 0
20 0
21 0
22 0
23 0
24 0
25 0
26 0
27 0
28 0
29 0
30 0
31 0
32 0
33 0
34 0
35 0
36 0
37 0
38 0
39 0
40 0
41 0
42 0
43 0
44 0
45 0
46 0
47 0
48 0
49 0
50 0
51 0
52 0
53 0
54 0
55 0
56 0
57 0
58 0
59 0
60 0
61 0
62 0
63 0
64 0
65 0
66 0
67 0
68 0
69 0
70 0
71 0
72 0
73 0
74 0
75 0
76 0
77 0
78 0
79 0
80 0
81 0
82 0
83 0
84 0
85 0
86 0
87 0
88 0
89 0
90 0
91 0
92 0
93 0
94 0
95 0
96 0
97 0
98 0
99 0
100 0
101 0
102 0
103 1
104 1
105 3
106 3
107 8
108 5
109 9
110 16
111 8
112 14
113 6
114 8
115 9
116 4
117 13
118 5
119 11
120 13
121 17
122 9
123 15
124 29
125 17
126 11
127 25
128 14
129 34
130 33
131 38
132 40
133 48
134 59
135 64
136 87
137 104
138 142
139 221
140 219
141 263
142 340
143 364
144 412
145 417
146 513
147 559
148 582
149 740
150 823
151 805
152 923
153 1020
154 1001
155 1071
156 1116
157 1001
158 1036
159 1017
160 1017
161 1008
162 1128
163 1199
164 1177
165 1211
166 1225
167 1358
168 1453
169 1426
170 1506
171 1480
172 1513
173 1595
174 1566
175 1631
176 1708
177 1586
178 1773
179 1958
180 1912
181 1957
182 1974
183 2136
184 2188
185 2150
186 2151
187 2143
188 2265
189 2127
190 2337
191 2307
192 2219
193 2408
194 2367
195 2451
196 2574
197 2585
198 2585
199 2518
200 2484
201 2529
202 2409
203 2286
204 2389
205 2330
206 2160
207 2212
208 2155
209 2100
210 2138
211 1994
212 2045
213 1964
214 1981
215 1935
216 1994
217 2119
218 2019
219 2053
220 2263
221 2168
222 2067
223 2121
224 2031
225 1950
226 1940
227 1881
228 1866
229 1878
230 1797
231 1854
232 1804
233 1722
234 1791
235 1753
236 1639
237 1596
238 1586
239 1606
240 1616
241 1650
242 1640
243 1661
244 1618
245 1753
246 1765
247 1816
248 1766
249 1810
250 1656
251 1579
252 1425
253 1461
254 1505
255 1382
256 1350
257 1140
258 1163
259 1057
260 989
261 924
262 857
263 800
264 820
265 781
266 814
267 795
268 807
269 751
270 719
271 685
272 619
273 636
274 615
275 603
276 472
277 472
278 389
279 438
280 328
281 327
282 335
283 292
284 268
285 281
286 333
287 287
288 293
289 246
290 220
291 218
292 228
293 205
294 234
295 227
296 207
297 224
298 202
299 172
300 172
301 108
302 135
303 91
304 84
305 76
306 61
307 46
308 43
309 44
310 27
311 32
312 36
313 33
314 20
315 23
316 17
317 21
318 17
319 19
320 20
321 25
322 14
323 21
324 15
325 16
326 9
327 15
328 10
329 8
330 9
331 7
332 4
333 5
334 1
335 1
336 7
337 0
338 2
339 1
340 0
341 2
342 0
343 0
344 1
345 0
346 4
347 1
