0 0
1 0
2 0
3 0
4 0
5 0
6 0
7 0
8 0
9 0
10 0
11 0
12 0
13 0
14 0
15 0
16 0
17 0
18 0
19 0
20 0
21 0
22 0
23 1
24 0
25 0
26 3
27 0
28 0
29 1
30 2
31 0
32 0
33 0
34 1
35 0
36 0
37 0
38 0
39 3
40 0
41 0
42 0
43 0
44 0
45 0
46 1
47 0
48 0
49 1
50 1
51 0
52 0
53 0
54 3
55 2
56 0
57 0
58 2
59 0
60 0
61 0
62 0
63 0
64 4
65 0
66 0
67 0
68 2
69 1
70 1
71 0
72 0
73 2
74 3
75 0
76 0
77 2
78 0
79 0
80 3
81 0
82 0
83 2
84 5
85 0
86 0
87 0
88 1
89 0
90 0
91 4
92 0
93 1
94 1
95 0
96 0
97 0
98 0
99 0
100 2
101 0
102 1
103 0
104 0
105 0
106 0
107 2
108 1
109 2
110 1
111 2
112 1
113 0
114 0
115 0
116 3
117 0
118 0
119 0
120 0
121 1
122 0
123 0
124 0
125 1
126 3
127 0
128 0
129 1
130 1
131 1
132 5
133 0
134 2
135 3
136 3
137 3
138 1
139 5
140 4
141 11
142 5
143 8
144 6
145 4
146 12
147 9
148 13
149 20
150 20
151 16
152 20
153 32
154 31
155 47
156 36
157 52
158 69
159 47
160 58
161 63
162 69
163 66
164 86
165 80
166 92
167 120
168 138
169 124
170 103
171 129
172 113
173 155
174 131
175 138
176 149
177 154
178 133
179 148
180 129
181 150
182 187
183 156
184 146
185 158
186 188
187 182
188 172
189 189
190 235
191 261
192 268
193 238
194 306
195 286
196 320
197 313
198 365
199 355
200 396
201 432
202 400
203 504
204 489
205 494
206 488
207 498
208 531
209 625
210 662
211 636
212 652
213 707
214 713
215 704
216 763
217 887
218 828
219 1021
220 931
221 1041
222 1041
223 1143
224 1141
225 1153
226 1180
227 1199
228 1308
229 1340
230 1461
231 1636
232 1739
233 1743
234 1810
235 1850
236 1910
237 1978
238 2030
239 2025
240 2171
241 2031
242 2110
243 1980
244 2065
245 1992
246 2193
247 2303
248 2171
249 2228
250 2414
251 2469
252 2506
253 2473
254 2454
255 2425
256 2424
257 2451
258 2506
259 2452
260 2326
261 2400
262 2234
263 2322
264 2341
265 2286
266 2321
267 2299
268 2294
269 2391
270 2503
271 2500
272 2430
273 2462
274 2434
275 2447
276 2270
277 2292
278 2385
279 2247
280 2244
281 2171
282 2157
283 2154
284 2038
285 2145
286 2245
287 2298
288 2375
289 2231
290 2244
291 2144
292 1939
293 1981
294 1828
295 1816
296 1877
297 1645
298 1724
299 1580
300 1605
301 1565
302 1562
303 1509
304 1408
305 1442
306 1315
307 1258
308 1244
309 1180
310 1019
311 1039
312 1080
313 999
314 946
315 968
316 926
317 957
318 850
319 872
320 880
321 825
322 781
323 689
324 748
325 608
326 620
327 592
328 557
329 590
330 516
331 532
332 502
333 478
334 514
335 457
336 414
337 382
338 336
339 292
340 264
341 211
342 232
343 188
344 174
345 175
346 164
347 136
348 137
349 133
350 113
351 83
352 62
353 50
354 52
355 36
356 24
357 30
358 20
359 25
360 22
361 29
362 20
363 27
364 21
365 14
366 19
367 26
368 37
369 27
370 19
371 28
372 25
373 20
374 26
375 10
376 22
377 23
378 16
379 18
380 29
381 9
382 6
383 8
384 1
385 4
386 0
387 0
388 0
389 0
390 4
