0 0
1 0
2 0
3 0
4 0
5 0
6 0
7 0
8 0
9 0
10 0
11 0
12 0
13 0
14 0
15 0
16 0
17 0
18 0
19 0
20 0
21 0
22 1
23 0
24 0
25 0
26 0
27 2
28 0
29 0
30 0
31 1
32 0
33 1
34 0
35 1
36 0
37 1
38 2
39 0
40 0
41 1
42 6
43 0
44 1
45 0
46 1
47 1
48 1
49 0
50 1
51 0
52 2
53 1
54 2
55 0
56 0
57 1
58 0
59 0
60 1
61 1
62 0
63 0
64 1
65 3
66 0
67 0
68 0
69 1
70 1
71 1
72 1
73 0
74 2
75 0
76 0
77 1
78 0
79 0
80 0
81 0
82 0
83 0
84 0
85 0
86 0
87 0
88 0
89 0
90 0
91 0
92 0
93 0
94 0
95 0
96 0
97 0
98 0
99 0
100 0
101 0
102 0
103 0
104 1
105 0
106 0
107 0
108 0
109 0
110 0
111 1
112 0
113 0
114 1
115 0
116 0
117 0
118 0
119 2
120 0
121 1
122 0
123 0
124 0
125 0
126 0
127 0
128 0
129 0
130 0
131 0
132 1
133 1
134 2
135 5
136 0
137 2
138 7
139 1
140 1
141 4
142 4
143 0
144 5
145 5
146 3
147 15
148 15
149 29
150 15
151 20
152 36
153 30
154 40
155 33
156 54
157 49
158 49
159 54
160 59
161 60
162 56
163 83
164 65
165 71
166 75
167 102
168 85
169 122
170 118
171 83
172 108
173 125
174 137
175 125
176 139
177 158
178 153
179 162
180 175
181 196
182 218
183 225
184 240
185 204
186 222
187 287
188 283
189 307
190 326
191 337
192 370
193 393
194 383
195 410
196 429
197 471
198 466
199 537
200 610
201 737
202 674
203 825
204 903
205 999
206 894
207 998
208 916
209 929
210 892
211 971
212 947
213 1027
214 1096
215 1170
216 1273
217 1320
218 1378
219 1572
220 1655
221 1620
222 1640
223 1625
224 1794
225 1885
226 1853
227 1869
228 1812
229 1959
230 1990
231 2042
232 2128
233 2324
234 2250
235 2414
236 2437
237 2735
238 2727
239 2828
240 2909
241 3109
242 3184
243 3224
244 3254
245 3268
246 3449
247 3464
248 3434
249 3253
250 3234
251 3321
252 3253
253 3011
254 2925
255 2916
256 2695
257 2570
258 2630
259 2572
260 2557
261 2435
262 2262
263 2274
264 2227
265 2235
266 2220
267 2100
268 2097
269 2036
270 2028
271 1951
272 1939
273 1765
274 1728
275 1712
276 1694
277 1690
278 1673
279 1672
280 1782
281 1672
282 1638
283 1557
284 1611
285 1516
286 1557
287 1389
288 1428
289 1300
290 1302
291 1176
292 1167
293 1092
294 1180
295 1132
296 1113
297 1032
298 918
299 1001
300 899
301 889
302 841
303 856
304 828
305 840
306 797
307 702
308 758
309 699
310 760
311 667
312 713
313 681
314 720
315 734
316 627
317 606
318 614
319 546
320 545
321 474
322 439
323 464
324 414
325 348
326 277
327 291
328 265
329 240
330 224
331 209
332 172
333 230
334 240
335 199
336 253
337 204
338 197
339 167
340 106
341 84
342 73
343 84
344 69
345 97
346 90
347 92
348 45
349 48
350 43
351 25
352 20
353 10
354 5
355 7
356 3
357 2
358 2
359 0
360 0
361 2
362 1
