0 0
1 0
2 0
3 0
4 0
5 0
6 0
7 0
8 0
9 0
10 0
11 0
12 0
13 0
14 0
15 0
16 0
17 1
18 0
19 0
20 0
21 0
22 0
23 0
24 1
25 0
26 0
27 1
28 0
29 0
30 0
31 1
32 0
33 0
34 2
35 0
36 0
37 1
38 1
39 1
40 2
41 0
42 1
43 0
44 2
45 1
46 2
47 1
48 0
49 1
50 2
51 0
52 2
53 2
54 2
55 2
56 2
57 1
58 1
59 2
60 0
61 1
62 1
63 2
64 5
65 2
66 0
67 1
68 2
69 2
70 3
71 3
72 3
73 3
74 2
75 1
76 3
77 2
78 3
79 4
80 3
81 2
82 2
83 2
84 2
85 1
86 4
87 1
88 2
89 1
90 1
91 4
92 2
93 5
94 7
95 2
96 3
97 2
98 2
99 1
100 3
101 2
102 2
103 1
104 1
105 0
106 1
107 5
108 7
109 1
110 6
111 1
112 4
113 4
114 7
115 10
116 5
117 8
118 8
119 13
120 25
121 28
122 25
123 66
124 34
125 55
126 72
127 96
128 65
129 106
130 77
131 90
132 121
133 53
134 108
135 99
136 69
137 55
138 59
139 43
140 53
141 26
142 39
143 47
144 54
145 70
146 46
147 45
148 58
149 36
150 64
151 50
152 37
153 37
154 45
155 45
156 76
157 55
158 62
159 63
160 58
161 98
162 98
163 107
164 131
165 118
166 140
167 179
168 235
169 293
170 366
171 485
172 563
173 696
174 746
175 727
176 737
177 748
178 722
179 721
180 674
181 649
182 649
183 663
184 635
185 621
186 658
187 697
188 651
189 648
190 670
191 674
192 708
193 776
194 777
195 844
196 934
197 948
198 937
199 914
200 1061
201 1061
202 1130
203 1134
204 1231
205 1314
206 1296
207 1318
208 1423
209 1366
210 1494
211 1445
212 1598
213 1732
214 1901
215 1949
216 2041
217 2137
218 2214
219 2299
220 2520
221 2589
222 2544
223 2635
224 2535
225 2676
226 2579
227 2639
228 2519
229 2459
230 2415
231 2431
232 2464
233 2734
234 2645
235 2707
236 2801
237 2810
238 2742
239 2649
240 2742
241 2840
242 2716
243 2547
244 2603
245 2453
246 2442
247 2397
248 2304
249 2173
250 2181
251 2110
252 2098
253 1979
254 2071
255 2024
256 1967
257 1999
258 1936
259 1930
260 1889
261 1932
262 1870
263 1910
264 1870
265 1892
266 1713
267 1739
268 1644
269 1675
270 1658
271 1654
272 1626
273 1613
274 1500
275 1459
276 1429
277 1334
278 1409
279 1307
280 1330
281 1257
282 1370
283 1296
284 1245
285 1262
286 1271
287 1326
288 1359
289 1276
290 1256
291 1244
292 1063
293 1081
294 980
295 909
296 813
297 793
298 765
299 709
300 573
301 575
302 548
303 527
304 471
305 515
306 452
307 414
308 455
309 429
310 452
311 408
312 446
313 397
314 362
315 351
316 322
317 276
318 250
319 280
320 222
321 152
322 171
323 195
324 136
325 159
326 161
327 116
328 134
329 126
330 70
331 73
332 77
333 86
334 75
335 59
336 56
337 49
338 38
339 41
340 30
341 22
342 32
343 22
344 15
345 20
346 9
347 17
348 21
349 12
350 7
351 14
352 3
353 8
354 7
355 4
356 9
357 4
358 11
359 3
360 6
361 6
362 3
363 2
364 2
365 6
366 0
367 6
368 0
369 2
370 3
371 1
372 1
373 0
374 0
375 0
376 0
377 0
378 0
379 1
