0 0
1 0
2 0
3 0
4 0
5 0
6 0
7 0
8 0
9 0
10 0
11 0
12 0
13 0
14 0
15 0
16 0
17 0
18 0
19 0
20 1
21 0
22 0
23 0
24 0
25 0
26 0
27 0
28 0
29 0
30 0
31 0
32 0
33 0
34 0
35 0
36 0
37 0
38 0
39 0
40 2
41 0
42 0
43 1
44 0
45 0
46 0
47 0
48 0
49 1
50 0
51 1
52 0
53 8
54 2
55 5
56 0
57 5
58 0
59 0
60 2
61 0
62 0
63 0
64 0
65 0
66 0
67 5
68 0
69 1
70 0
71 4
72 0
73 1
74 3
75 1
76 5
77 5
78 3
79 2
80 1
81 2
82 2
83 2
84 6
85 2
86 6
87 2
88 2
89 4
90 1
91 2
92 5
93 0
94 4
95 3
96 2
97 3
98 3
99 4
100 2
101 2
102 1
103 0
104 1
105 2
106 6
107 0
108 1
109 7
110 6
111 6
112 2
113 3
114 2
115 0
116 2
117 1
118 1
119 6
120 1
121 1
122 6
123 2
124 8
125 3
126 9
127 0
128 5
129 4
130 2
131 2
132 4
133 6
134 8
135 18
136 3
137 9
138 13
139 21
140 25
141 19
142 32
143 20
144 33
145 53
146 57
147 74
148 58
149 104
150 109
151 103
152 130
153 166
154 126
155 111
156 153
157 153
158 151
159 146
160 183
161 133
162 194
163 195
164 190
165 220
166 238
167 228
168 226
169 239
170 266
171 239
172 241
173 306
174 302
175 335
176 389
177 441
178 480
179 564
180 561
181 616
182 635
183 677
184 767
185 748
186 850
187 919
188 909
189 1015
190 1029
191 1034
192 1010
193 1123
194 1091
195 979
196 1046
197 1120
198 1140
199 1087
200 1160
201 1266
202 1236
203 1328
204 1348
205 1483
206 1457
207 1526
208 1495
209 1727
210 1682
211 1862
212 1862
213 1841
214 1919
215 2054
216 2095
217 2024
218 2069
219 2133
220 2294
221 2290
222 2500
223 2295
224 2520
225 2598
226 2583
227 2720
228 2863
229 3001
230 3256
231 3403
232 3313
233 3045
234 2981
235 2763
236 2820
237 2607
238 2561
239 2527
240 2462
241 2419
242 2465
243 2350
244 2240
245 2364
246 2438
247 2386
248 2520
249 2354
250 2438
251 2631
252 2510
253 2466
254 2525
255 2618
256 2491
257 2494
258 2223
259 2180
260 1997
261 1915
262 1740
263 1647
264 1662
265 1569
266 1770
267 1652
268 1556
269 1594
270 1605
271 1680
272 1529
273 1498
274 1565
275 1560
276 1583
277 1461
278 1401
279 1346
280 1365
281 1421
282 1294
283 1258
284 1298
285 1210
286 1091
287 1075
288 987
289 992
290 816
291 900
292 842
293 710
294 716
295 635
296 607
297 630
298 523
299 490
300 499
301 410
302 397
303 377
304 352
305 365
306 312
307 322
308 274
309 280
310 220
311 262
312 232
313 218
314 168
315 176
316 154
317 153
318 143
319 128
320 135
321 110
322 82
323 94
324 71
325 54
326 90
327 67
328 72
329 68
330 63
331 61
332 73
333 57
334 34
335 51
336 26
337 23
338 18
339 17
340 12
341 12
342 9
343 13
344 3
345 4
346 3
347 3
348 1
349 2
350 5
351 1
352 3
353 1
354 2
355 1
356 1
357 0
358 0
359 1
