0 0
1 0
2 0
3 0
4 0
5 0
6 0
7 0
8 0
9 0
10 0
11 0
12 0
13 0
14 0
15 0
16 0
17 0
18 0
19 0
20 0
21 1
22 1
23 0
24 0
25 1
26 1
27 1
28 4
29 1
30 0
31 8
32 2
33 3
34 7
35 1
36 8
37 7
38 8
39 15
40 8
41 5
42 4
43 5
44 9
45 10
46 11
47 9
48 12
49 10
50 7
51 9
52 6
53 17
54 6
55 10
56 22
57 11
58 13
59 26
60 16
61 10
62 13
63 11
64 6
65 9
66 7
67 4
68 5
69 0
70 3
71 4
72 3
73 5
74 8
75 9
76 13
77 6
78 7
79 8
80 6
81 8
82 5
83 5
84 5
85 9
86 7
87 3
88 5
89 9
90 4
91 5
92 7
93 8
94 7
95 12
96 5
97 5
98 6
99 0
100 4
101 4
102 5
103 0
104 1
105 7
106 0
107 7
108 2
109 7
110 4
111 4
112 2
113 1
114 0
115 5
116 2
117 8
118 4
119 0
120 7
121 4
122 4
123 3
124 3
125 2
126 6
127 3
128 10
129 3
130 5
131 7
132 4
133 4
134 3
135 9
136 7
137 7
138 11
139 11
140 11
141 11
142 18
143 28
144 25
145 36
146 27
147 38
148 26
149 53
150 43
151 46
152 49
153 59
154 60
155 70
156 83
157 57
158 65
159 53
160 70
161 53
162 52
163 64
164 46
165 60
166 59
167 52
168 62
169 61
170 76
171 67
172 49
173 78
174 57
175 90
176 84
177 107
178 111
179 145
180 127
181 158
182 160
183 195
184 139
185 187
186 166
187 206
188 217
189 239
190 270
191 270
192 254
193 309
194 314
195 315
196 365
197 367
198 401
199 448
200 450
201 534
202 533
203 578
204 579
205 650
206 672
207 747
208 841
209 781
210 884
211 947
212 1038
213 1115
214 1157
215 1208
216 1296
217 1355
218 1427
219 1413
220 1469
221 1428
222 1576
223 1620
224 1714
225 1783
226 1759
227 1836
228 1945
229 1854
230 1935
231 1819
232 2034
233 2003
234 2041
235 2158
236 2135
237 2239
238 2179
239 2287
240 2301
241 2408
242 2560
243 2707
244 2792
245 2845
246 2881
247 3029
248 3040
249 3022
250 3154
251 3353
252 3208
253 3346
254 3366
255 3411
256 3323
257 3181
258 3222
259 3095
260 2936
261 2913
262 2994
263 2792
264 2667
265 2659
266 2772
267 2717
268 2654
269 2724
270 2668
271 2421
272 2428
273 2448
274 2189
275 2221
276 2245
277 2159
278 2240
279 2166
280 2029
281 2124
282 1905
283 1767
284 1835
285 1910
286 1791
287 1565
288 1557
289 1473
290 1401
291 1264
292 1243
293 1096
294 1072
295 988
296 897
297 918
298 944
299 842
300 785
301 707
302 619
303 656
304 692
305 666
306 667
307 677
308 613
309 685
310 606
311 665
312 754
313 654
314 699
315 631
316 651
317 573
318 568
319 460
320 476
321 344
322 334
323 269
324 208
325 211
326 170
327 192
328 154
329 133
330 121
331 97
332 78
333 88
334 83
335 71
336 88
337 80
338 85
339 72
340 47
341 56
342 60
343 40
344 43
345 27
346 22
347 14
348 26
349 16
350 12
351 8
352 6
353 8
354 8
355 4
356 4
357 2
358 7
359 5
360 7
361 8
362 0
363 0
364 1
365 2
366 1
367 0
368 0
369 0
370 0
371 0
372 3
