0 0
1 0
2 0
3 1
4 0
5 0
6 0
7 0
8 0
9 3
10 1
11 2
12 0
13 0
14 4
15 2
16 4
17 3
18 3
19 1
20 2
21 1
22 5
23 4
24 4
25 5
26 0
27 5
28 6
29 3
30 3
31 6
32 5
33 6
34 8
35 9
36 13
37 11
38 9
39 5
40 12
41 6
42 6
43 17
44 9
45 8
46 11
47 6
48 4
49 5
50 4
51 4
52 6
53 7
54 3
55 5
56 7
57 2
58 8
59 6
60 8
61 5
62 7
63 5
64 8
65 6
66 7
67 7
68 2
69 2
70 5
71 3
72 3
73 6
74 5
75 4
76 10
77 4
78 8
79 4
80 4
81 2
82 0
83 6
84 2
85 1
86 5
87 5
88 1
89 1
90 1
91 1
92 0
93 2
94 2
95 2
96 1
97 1
98 3
99 2
100 1
101 0
102 0
103 2
104 2
105 4
106 7
107 0
108 0
109 5
110 1
111 2
112 5
113 6
114 4
115 0
116 1
117 0
118 0
119 3
120 0
121 5
122 0
123 3
124 1
125 10
126 9
127 14
128 9
129 3
130 8
131 7
132 6
133 10
134 0
135 6
136 2
137 3
138 9
139 12
140 13
141 12
142 15
143 21
144 26
145 14
146 55
147 35
148 38
149 51
150 56
151 75
152 110
153 128
154 193
155 218
156 218
157 245
158 366
159 317
160 379
161 422
162 491
163 628
164 692
165 732
166 894
167 945
168 910
169 740
170 657
171 667
172 593
173 613
174 531
175 527
176 635
177 571
178 568
179 648
180 657
181 712
182 659
183 716
184 661
185 718
186 718
187 742
188 819
189 820
190 866
191 908
192 1036
193 959
194 987
195 1112
196 1039
197 1110
198 1196
199 1233
200 1234
201 1275
202 1213
203 1359
204 1398
205 1417
206 1462
207 1411
208 1624
209 1564
210 1584
211 1731
212 1736
213 1842
214 1869
215 1826
216 1864
217 2042
218 2169
219 2231
220 2337
221 2488
222 2686
223 2646
224 2792
225 2954
226 2834
227 2757
228 2675
229 2504
230 2529
231 2361
232 2257
233 2594
234 2564
235 2575
236 2673
237 2735
238 2682
239 2695
240 2627
241 2568
242 2524
243 2458
244 2241
245 2288
246 2181
247 2126
248 2007
249 2017
250 2042
251 2015
252 1925
253 1936
254 1957
255 1908
256 2020
257 1900
258 1955
259 1853
260 1798
261 1727
262 1713
263 1762
264 1707
265 1660
266 1677
267 1603
268 1603
269 1444
270 1641
271 1406
272 1479
273 1379
274 1430
275 1401
276 1429
277 1421
278 1529
279 1399
280 1509
281 1450
282 1471
283 1372
284 1303
285 1299
286 1198
287 1187
288 1096
289 1094
290 1011
291 1102
292 836
293 946
294 829
295 814
296 728
297 721
298 588
299 610
300 511
301 473
302 448
303 423
304 405
305 381
306 340
307 278
308 288
309 285
310 236
311 231
312 219
313 176
314 156
315 197
316 209
317 178
318 195
319 166
320 191
321 129
322 173
323 166
324 143
325 140
326 130
327 121
328 110
329 62
330 90
331 77
332 48
333 38
334 36
335 26
336 19
337 24
338 14
339 16
340 12
341 7
342 8
343 7
344 3
345 9
346 1
347 0
348 1
349 2
350 1
