0 0
1 0
2 0
3 0
4 0
5 0
6 0
7 0
8 0
9 0
10 0
11 0
12 0
13 0
14 0
15 0
16 0
17 0
18 0
19 0
20 0
21 0
22 0
23 0
24 0
25 0
26 0
27 0
28 0
29 0
30 0
31 0
32 0
33 0
34 0
35 0
36 0
37 0
38 0
39 0
40 0
41 0
42 0
43 0
44 0
45 0
46 0
47 0
48 0
49 0
50 0
51 0
52 0
53 0
54 0
55 0
56 0
57 0
58 0
59 0
60 0
61 0
62 0
63 0
64 0
65 0
66 0
67 0
68 0
69 0
70 0
71 0
72 0
73 0
74 0
75 0
76 0
77 0
78 0
79 0
80 0
81 0
82 0
83 0
84 0
85 0
86 0
87 0
88 0
89 0
90 0
91 0
92 0
93 0
94 0
95 0
96 0
97 0
98 0
99 0
100 0
101 0
102 0
103 0
104 0
105 0
106 0
107 0
108 0
109 0
110 0
111 0
112 0
113 0
114 0
115 0
116 0
117 0
118 0
119 0
120 0
121 1
122 0
123 0
124 0
125 0
126 0
127 0
128 0
129 2
130 0
131 0
132 1
133 1
134 3
135 2
136 1
137 4
138 5
139 0
140 3
141 7
142 3
143 8
144 7
145 10
146 8
147 12
148 16
149 10
150 12
151 20
152 29
153 30
154 36
155 30
156 35
157 51
158 66
159 46
160 48
161 52
162 71
163 76
164 71
165 83
166 76
167 92
168 77
169 107
170 120
171 109
172 145
173 131
174 140
175 157
176 146
177 159
178 160
179 184
180 205
181 205
182 219
183 212
184 258
185 242
186 267
187 280
188 294
189 283
190 322
191 328
192 296
193 378
194 384
195 353
196 441
197 420
198 390
199 433
200 450
201 468
202 417
203 483
204 460
205 519
206 554
207 533
208 536
209 515
210 553
211 619
212 471
213 559
214 586
215 663
216 632
217 674
218 682
219 679
220 709
221 752
222 839
223 820
224 904
225 919
226 937
227 1008
228 998
229 921
230 1023
231 1063
232 1095
233 1151
234 1201
235 1180
236 1375
237 1316
238 1391
239 1499
240 1508
241 1734
242 1838
243 1824
244 1992
245 1975
246 1915
247 1920
248 1865
249 2045
250 2110
251 2182
252 2149
253 2349
254 2456
255 2357
256 2500
257 2609
258 2595
259 2600
260 2586
261 2830
262 2959
263 2970
264 3086
265 3321
266 3542
267 3573
268 3790
269 3399
270 3394
271 3213
272 3171
273 3203
274 2903
275 3027
276 3102
277 3158
278 3143
279 3214
280 3071
281 3068
282 2990
283 2801
284 2902
285 2935
286 2830
287 2720
288 2737
289 2600
290 2593
291 2410
292 2314
293 2242
294 2136
295 2059
296 1914
297 1783
298 1655
299 1490
300 1399
301 1418
302 1254
303 1228
304 1143
305 1109
306 1041
307 913
308 847
309 828
310 829
311 688
312 706
313 682
314 667
315 643
316 662
317 657
318 632
319 552
320 639
321 603
322 561
323 565
324 521
325 538
326 442
327 425
328 384
329 353
330 291
331 208
332 211
333 157
334 130
335 101
336 101
337 76
338 55
339 50
340 50
341 56
342 50
343 53
344 37
345 40
346 41
347 24
348 34
349 29
350 18
351 26
352 10
353 11
354 12
355 8
356 12
357 7
358 4
359 2
360 1
361 2
362 1
363 0
364 0
365 0
366 1
