0 0
1 0
2 0
3 0
4 0
5 0
6 0
7 0
8 0
9 0
10 0
11 0
12 0
13 0
14 0
15 0
16 0
17 0
18 0
19 0
20 0
21 0
22 0
23 0
24 0
25 0
26 0
27 0
28 0
29 0
30 0
31 0
32 0
33 0
34 0
35 0
36 0
37 0
38 0
39 0
40 0
41 0
42 0
43 0
44 0
45 2
46 0
47 0
48 0
49 0
50 0
51 0
52 0
53 0
54 0
55 0
56 0
57 0
58 0
59 0
60 0
61 0
62 0
63 0
64 0
65 0
66 0
67 2
68 0
69 0
70 0
71 0
72 0
73 0
74 1
75 0
76 0
77 0
78 0
79 0
80 1
81 0
82 0
83 0
84 0
85 0
86 0
87 2
88 0
89 0
90 1
91 0
92 1
93 1
94 0
95 0
96 0
97 0
98 0
99 0
100 0
101 0
102 2
103 0
104 0
105 0
106 2
107 0
108 3
109 0
110 5
111 0
112 6
113 1
114 2
115 0
116 2
117 0
118 0
119 0
120 6
121 1
122 2
123 0
124 4
125 6
126 4
127 5
128 4
129 6
130 10
131 6
132 7
133 7
134 8
135 13
136 10
137 20
138 8
139 12
140 7
141 4
142 12
143 12
144 18
145 10
146 16
147 6
148 12
149 17
150 17
151 4
152 9
153 10
154 21
155 9
156 12
157 13
158 24
159 18
160 15
161 17
162 17
163 18
164 27
165 24
166 35
167 55
168 33
169 66
170 72
171 67
172 79
173 90
174 114
175 126
176 125
177 121
178 173
179 180
180 200
181 232
182 266
183 256
184 263
185 317
186 352
187 313
188 379
189 430
190 465
191 463
192 526
193 586
194 607
195 610
196 692
197 764
198 787
199 885
200 942
201 1003
202 1080
203 1073
204 1173
205 1198
206 1343
207 1326
208 1422
209 1569
210 1646
211 1749
212 1829
213 1940
214 2208
215 2146
216 2347
217 2437
218 2471
219 2577
220 2489
221 2518
222 2675
223 2587
224 2671
225 2920
226 3055
227 3212
228 3236
229 3429
230 3350
231 3520
232 3618
233 3570
234 3765
235 3565
236 3564
237 3379
238 3414
239 3429
240 3426
241 3359
242 3203
243 3427
244 3331
245 3089
246 3178
247 3051
248 2885
249 2683
250 2540
251 2523
252 2433
253 2361
254 2267
255 2357
256 2051
257 2031
258 1876
259 1905
260 1872
261 1778
262 1736
263 1725
264 1712
265 1547
266 1571
267 1624
268 1622
269 1608
270 1658
271 1512
272 1556
273 1447
274 1508
275 1487
276 1415
277 1448
278 1375
279 1403
280 1233
281 1299
282 1217
283 1195
284 1128
285 1099
286 1070
287 962
288 875
289 936
290 843
291 843
292 713
293 772
294 748
295 733
296 696
297 663
298 602
299 582
300 585
301 517
302 496
303 460
304 480
305 448
306 426
307 389
308 427
309 413
310 452
311 463
312 399
313 372
314 374
315 278
316 269
317 244
318 162
319 127
320 103
321 70
322 58
323 42
324 56
325 26
326 29
327 38
328 39
329 30
330 22
331 17
332 14
333 21
334 12
335 7
336 22
337 9
338 8
339 14
340 7
341 14
342 7
343 6
344 7
345 3
346 0
347 0
348 5
349 2
350 2
351 1
352 0
353 2
354 0
355 0
356 1
357 2
358 2
359 1
360 0
361 0
362 1
363 0
364 0
365 0
366 0
367 0
368 0
369 0
370 0
371 0
372 1
