0 0
1 0
2 0
3 0
4 0
5 0
6 0
7 0
8 0
9 0
10 0
11 0
12 0
13 0
14 0
15 0
16 0
17 0
18 0
19 0
20 0
21 0
22 0
23 0
24 0
25 0
26 0
27 0
28 0
29 0
30 0
31 0
32 0
33 0
34 0
35 0
36 0
37 0
38 0
39 0
40 0
41 0
42 0
43 0
44 0
45 0
46 0
47 0
48 0
49 0
50 0
51 0
52 0
53 0
54 0
55 0
56 0
57 0
58 0
59 0
60 0
61 0
62 0
63 0
64 0
65 0
66 0
67 0
68 0
69 0
70 0
71 0
72 0
73 0
74 0
75 0
76 0
77 0
78 0
79 0
80 0
81 0
82 0
83 0
84 0
85 0
86 0
87 0
88 0
89 0
90 0
91 0
92 0
93 0
94 0
95 0
96 0
97 0
98 0
99 0
100 0
101 0
102 0
103 0
104 0
105 0
106 0
107 0
108 0
109 0
110 0
111 0
112 0
113 0
114 0
115 0
116 0
117 0
118 0
119 0
120 0
121 0
122 0
123 0
124 0
125 0
126 0
127 0
128 0
129 0
130 0
131 0
132 0
133 0
134 0
135 0
136 0
137 0
138 0
139 0
140 1
141 0
142 0
143 1
144 1
145 2
146 0
147 1
148 0
149 2
150 4
151 5
152 5
153 6
154 10
155 12
156 15
157 39
158 36
159 56
160 52
161 76
162 89
163 117
164 127
165 147
166 142
167 143
168 151
169 206
170 190
171 239
172 255
173 305
174 311
175 278
176 289
177 358
178 329
179 330
180 308
181 357
182 393
183 426
184 447
185 462
186 460
187 449
188 554
189 532
190 510
191 672
192 670
193 628
194 679
195 762
196 801
197 854
198 911
199 925
200 870
201 975
202 1147
203 1072
204 1082
205 1165
206 1416
207 1487
208 1582
209 1727
210 1643
211 1918
212 2041
213 2012
214 2141
215 2093
216 2254
217 2187
218 2211
219 2333
220 2243
221 2423
222 2288
223 2425
224 2416
225 2531
226 2708
227 2793
228 2937
229 3112
230 3166
231 3219
232 3283
233 3326
234 3361
235 3283
236 3300
237 3337
238 3307
239 3288
240 3193
241 3079
242 2969
243 3017
244 2894
245 2873
246 2760
247 2629
248 2641
249 2399
250 2300
251 2296
252 2374
253 2268
254 2325
255 2250
256 2327
257 2182
258 2200
259 2265
260 2088
261 2025
262 1919
263 1908
264 1862
265 1882
266 1965
267 1991
268 1939
269 1991
270 1981
271 1992
272 1992
273 1985
274 1992
275 1943
276 1977
277 1776
278 1539
279 1527
280 1479
281 1367
282 1331
283 1241
284 1221
285 1165
286 1091
287 1046
288 978
289 939
290 856
291 829
292 759
293 756
294 781
295 677
296 657
297 599
298 488
299 432
300 397
301 371
302 305
303 301
304 299
305 211
306 249
307 253
308 259
309 233
310 214
311 241
312 203
313 145
314 148
315 130
316 126
317 127
318 104
319 92
320 91
321 90
322 68
323 45
324 40
325 37
326 22
327 13
328 11
329 10
330 7
331 4
332 3
333 1
334 7
335 3
336 0
337 0
338 1
