0 0
1 0
2 0
3 0
4 0
5 0
6 0
7 0
8 0
9 0
10 0
11 0
12 0
13 0
14 0
15 0
16 0
17 0
18 0
19 0
20 0
21 0
22 0
23 0
24 0
25 0
26 0
27 0
28 0
29 0
30 0
31 0
32 0
33 0
34 0
35 0
36 0
37 0
38 0
39 0
40 0
41 0
42 0
43 0
44 0
45 0
46 0
47 0
48 0
49 0
50 0
51 0
52 0
53 0
54 0
55 0
56 0
57 0
58 0
59 0
60 0
61 0
62 0
63 0
64 0
65 0
66 0
67 0
68 0
69 0
70 0
71 0
72 0
73 0
74 0
75 0
76 0
77 0
78 0
79 0
80 0
81 0
82 0
83 0
84 0
85 0
86 0
87 0
88 0
89 0
90 0
91 0
92 0
93 0
94 0
95 0
96 0
97 0
98 0
99 0
100 0
101 0
102 0
103 0
104 0
105 0
106 0
107 0
108 0
109 2
110 0
111 0
112 1
113 2
114 1
115 2
116 1
117 1
118 3
119 2
120 3
121 3
122 6
123 4
124 9
125 14
126 6
127 7
128 0
129 7
130 6
131 12
132 11
133 19
134 4
135 4
136 8
137 14
138 0
139 3
140 7
141 6
142 7
143 10
144 15
145 15
146 27
147 21
148 21
149 49
150 40
151 52
152 50
153 70
154 76
155 83
156 131
157 129
158 136
159 202
160 198
161 187
162 186
163 194
164 234
165 250
166 233
167 242
168 211
169 214
170 218
171 238
172 334
173 319
174 347
175 388
176 486
177 496
178 487
179 542
180 570
181 703
182 680
183 796
184 875
185 949
186 951
187 1027
188 1186
189 1201
190 1283
191 1320
192 1447
193 1480
194 1535
195 1674
196 1618
197 1737
198 1467
199 1416
200 1485
201 1421
202 1337
203 1500
204 1550
205 1569
206 1731
207 1825
208 1976
209 2014
210 2175
211 2216
212 2350
213 2356
214 2504
215 2567
216 2623
217 2709
218 2742
219 2604
220 2777
221 2795
222 2824
223 2751
224 2672
225 2670
226 2682
227 2696
228 2541
229 2707
230 2792
231 2748
232 2803
233 2718
234 2767
235 2548
236 2610
237 2672
238 2541
239 2536
240 2455
241 2356
242 2401
243 2404
244 2331
245 2305
246 2389
247 2234
248 2170
249 2172
250 2049
251 1980
252 1888
253 1970
254 1892
255 1851
256 1813
257 1957
258 1883
259 1948
260 1849
261 1753
262 1708
263 1721
264 1702
265 1742
266 1472
267 1554
268 1399
269 1386
270 1426
271 1414
272 1240
273 1322
274 1184
275 1140
276 1097
277 980
278 1001
279 993
280 1032
281 915
282 906
283 800
284 778
285 765
286 721
287 610
288 662
289 587
290 554
291 492
292 524
293 484
294 547
295 434
296 425
297 387
298 404
299 409
300 436
301 438
302 463
303 464
304 463
305 517
306 467
307 448
308 397
309 322
310 320
311 280
312 235
313 235
314 200
315 219
316 226
317 216
318 215
319 195
320 205
321 231
322 230
323 206
324 231
325 237
326 209
327 267
328 194
329 234
330 202
331 213
332 235
333 227
334 198
335 203
336 214
337 186
338 185
339 131
340 130
341 115
342 88
343 84
344 70
345 56
346 51
347 44
348 41
349 21
350 20
351 11
352 11
353 5
354 5
355 8
356 17
357 6
358 2
359 8
360 0
361 4
362 11
363 0
364 6
365 1
366 0
367 0
368 0
369 0
370 1
371 0
372 0
373 7
374 2
375 0
376 1
377 0
378 5
379 1
380 2
381 10
382 5
383 1
384 0
385 1
386 0
387 6
