0 0
1 0
2 0
3 0
4 0
5 0
6 0
7 0
8 0
9 0
10 0
11 0
12 0
13 0
14 0
15 0
16 0
17 0
18 0
19 0
20 0
21 0
22 0
23 0
24 0
25 0
26 0
27 0
28 0
29 0
30 0
31 0
32 0
33 0
34 2
35 0
36 0
37 0
38 0
39 0
40 0
41 1
42 0
43 0
44 0
45 0
46 0
47 0
48 0
49 0
50 0
51 0
52 0
53 0
54 0
55 1
56 0
57 0
58 2
59 0
60 4
61 2
62 3
63 0
64 0
65 4
66 1
67 2
68 1
69 1
70 2
71 2
72 1
73 0
74 2
75 0
76 0
77 4
78 5
79 0
80 4
81 4
82 0
83 4
84 2
85 1
86 3
87 4
88 0
89 6
90 1
91 2
92 2
93 5
94 4
95 0
96 4
97 0
98 2
99 3
100 2
101 2
102 0
103 1
104 3
105 1
106 3
107 0
108 2
109 2
110 8
111 1
112 2
113 1
114 5
115 3
116 0
117 0
118 0
119 1
120 0
121 2
122 4
123 2
124 3
125 2
126 3
127 1
128 4
129 0
130 0
131 3
132 0
133 4
134 2
135 2
136 2
137 1
138 1
139 0
140 2
141 6
142 2
143 5
144 5
145 11
146 13
147 9
148 12
149 6
150 31
151 23
152 43
153 27
154 27
155 41
156 49
157 35
158 34
159 55
160 65
161 54
162 54
163 80
164 78
165 99
166 84
167 96
168 103
169 131
170 131
171 131
172 142
173 152
174 182
175 177
176 189
177 206
178 240
179 219
180 281
181 310
182 324
183 342
184 325
185 361
186 380
187 429
188 463
189 482
190 444
191 534
192 676
193 621
194 672
195 610
196 692
197 802
198 796
199 749
200 890
201 962
202 1022
203 1080
204 1174
205 1162
206 1427
207 1354
208 1500
209 1453
210 1608
211 1687
212 1769
213 1821
214 1936
215 2011
216 2073
217 2056
218 2039
219 2169
220 2222
221 2199
222 2220
223 2352
224 2400
225 2430
226 2514
227 2556
228 2614
229 2504
230 2547
231 2632
232 2609
233 2538
234 2840
235 2686
236 2766
237 2834
238 2908
239 3175
240 3021
241 3137
242 3113
243 3149
244 3222
245 3280
246 3245
247 3453
248 3587
249 3496
250 3519
251 3532
252 3325
253 3262
254 3220
255 3037
256 2842
257 2844
258 2640
259 2707
260 2619
261 2488
262 2332
263 2347
264 2311
265 2205
266 2243
267 2235
268 2235
269 2013
270 1888
271 1945
272 1691
273 1757
274 1630
275 1525
276 1437
277 1446
278 1338
279 1295
280 1202
281 1147
282 1119
283 1048
284 1060
285 953
286 929
287 831
288 836
289 789
290 752
291 728
292 617
293 607
294 592
295 578
296 539
297 549
298 510
299 490
300 488
301 418
302 408
303 417
304 394
305 381
306 367
307 307
308 296
309 258
310 205
311 211
312 205
313 186
314 146
315 170
316 142
317 103
318 111
319 89
320 78
321 34
322 35
323 38
324 40
325 40
326 22
327 24
328 17
329 26
330 22
331 27
332 23
333 26
334 31
335 24
336 28
337 38
338 38
339 28
340 22
341 31
342 24
343 28
344 23
345 25
346 19
347 26
348 25
349 19
350 14
351 13
352 12
353 7
354 9
355 6
356 5
357 7
358 11
359 6
360 3
361 3
362 4
363 2
364 0
365 2
