0 0
1 0
2 0
3 0
4 0
5 0
6 0
7 0
8 0
9 0
10 0
11 0
12 0
13 0
14 0
15 0
16 0
17 0
18 0
19 0
20 0
21 0
22 0
23 0
24 1
25 0
26 0
27 0
28 0
29 0
30 0
31 0
32 0
33 1
34 0
35 0
36 0
37 0
38 0
39 0
40 1
41 0
42 0
43 0
44 0
45 0
46 0
47 1
48 1
49 0
50 0
51 1
52 0
53 0
54 0
55 0
56 0
57 0
58 0
59 0
60 0
61 0
62 0
63 0
64 0
65 0
66 0
67 0
68 0
69 0
70 0
71 0
72 0
73 0
74 0
75 0
76 0
77 0
78 0
79 1
80 0
81 0
82 0
83 0
84 0
85 0
86 0
87 0
88 0
89 0
90 0
91 1
92 0
93 0
94 0
95 0
96 0
97 0
98 0
99 0
100 0
101 0
102 0
103 0
104 0
105 0
106 0
107 0
108 0
109 0
110 0
111 0
112 0
113 0
114 0
115 0
116 0
117 0
118 0
119 0
120 0
121 0
122 0
123 0
124 0
125 0
126 0
127 0
128 1
129 1
130 0
131 1
132 0
133 0
134 0
135 0
136 0
137 0
138 0
139 0
140 0
141 0
142 0
143 0
144 0
145 0
146 1
147 1
148 1
149 2
150 0
151 1
152 1
153 4
154 3
155 1
156 3
157 4
158 13
159 9
160 14
161 24
162 17
163 28
164 32
165 48
166 71
167 78
168 88
169 104
170 102
171 128
172 208
173 135
174 217
175 283
176 336
177 364
178 426
179 371
180 469
181 482
182 485
183 488
184 608
185 572
186 695
187 747
188 837
189 966
190 1008
191 1075
192 1204
193 1178
194 1371
195 1393
196 1423
197 1298
198 1413
199 1452
200 1506
201 1561
202 1645
203 1641
204 1599
205 1819
206 1877
207 1634
208 1869
209 1890
210 2008
211 1874
212 1885
213 2061
214 2262
215 2097
216 2308
217 2366
218 2521
219 2500
220 2658
221 2805
222 2833
223 3122
224 2747
225 2951
226 2977
227 3054
228 3119
229 2946
230 2884
231 3071
232 2805
233 2931
234 2970
235 2917
236 3043
237 2967
238 3103
239 2966
240 2893
241 3010
242 2903
243 2879
244 3010
245 2860
246 2967
247 2862
248 2749
249 2930
250 2604
251 2860
252 2814
253 2759
254 2621
255 2529
256 2647
257 2472
258 2495
259 2511
260 2433
261 2514
262 2364
263 2208
264 2251
265 1976
266 1905
267 1827
268 1782
269 1649
270 1600
271 1713
272 1461
273 1313
274 1304
275 1298
276 1112
277 1076
278 936
279 913
280 907
281 860
282 708
283 688
284 700
285 636
286 584
287 573
288 501
289 527
290 453
291 465
292 449
293 443
294 333
295 300
296 288
297 263
298 245
299 203
300 184
301 203
302 167
303 148
304 119
305 140
306 97
307 93
308 75
309 57
310 69
311 58
312 55
313 47
314 46
315 48
316 35
317 40
318 28
319 16
320 20
321 18
322 17
323 12
324 10
325 14
326 8
327 9
328 9
329 11
330 8
331 2
332 4
333 7
334 0
335 4
336 1
337 2
338 0
339 1
340 0
341 0
342 0
343 0
344 2
345 0
346 0
347 0
348 0
349 0
350 0
351 2
352 0
353 0
354 1
355 0
356 0
357 0
358 0
359 2
360 0
361 0
362 0
363 2
