0 0
1 0
2 0
3 0
4 0
5 0
6 0
7 0
8 0
9 0
10 0
11 0
12 0
13 0
14 0
15 0
16 0
17 0
18 0
19 0
20 0
21 0
22 0
23 0
24 0
25 0
26 0
27 0
28 0
29 0
30 0
31 0
32 0
33 0
34 0
35 0
36 0
37 0
38 0
39 0
40 0
41 0
42 0
43 0
44 0
45 0
46 0
47 0
48 0
49 0
50 0
51 0
52 0
53 0
54 0
55 0
56 0
57 0
58 0
59 0
60 0
61 0
62 0
63 0
64 0
65 0
66 0
67 0
68 0
69 0
70 0
71 0
72 1
73 0
74 0
75 0
76 0
77 0
78 0
79 1
80 0
81 0
82 0
83 1
84 0
85 0
86 0
87 0
88 0
89 0
90 0
91 0
92 0
93 0
94 0
95 0
96 0
97 0
98 0
99 0
100 0
101 0
102 0
103 0
104 0
105 0
106 0
107 0
108 0
109 0
110 1
111 0
112 0
113 0
114 0
115 0
116 0
117 0
118 0
119 0
120 0
121 1
122 0
123 3
124 1
125 1
126 1
127 3
128 3
129 3
130 4
131 1
132 4
133 1
134 4
135 3
136 1
137 4
138 3
139 6
140 4
141 4
142 3
143 6
144 1
145 7
146 6
147 2
148 8
149 1
150 6
151 6
152 9
153 8
154 14
155 10
156 12
157 14
158 12
159 25
160 27
161 28
162 32
163 54
164 40
165 74
166 60
167 61
168 75
169 94
170 76
171 111
172 112
173 108
174 115
175 153
176 200
177 195
178 189
179 207
180 188
181 185
182 219
183 205
184 231
185 249
186 248
187 249
188 292
189 288
190 315
191 368
192 412
193 390
194 478
195 512
196 565
197 600
198 619
199 628
200 574
201 674
202 693
203 707
204 791
205 828
206 805
207 878
208 996
209 1075
210 1080
211 1241
212 1352
213 1609
214 1808
215 2064
216 2265
217 2264
218 2292
219 2351
220 2422
221 2386
222 2276
223 2466
224 2464
225 2570
226 2700
227 2719
228 2738
229 2680
230 2781
231 2814
232 2796
233 2615
234 2644
235 2767
236 2601
237 2679
238 2646
239 2741
240 2758
241 2891
242 2761
243 2917
244 2959
245 2897
246 2866
247 2921
248 3164
249 3035
250 3073
251 3004
252 3108
253 3111
254 3048
255 3072
256 2940
257 2726
258 2780
259 2819
260 2836
261 2610
262 2723
263 2873
264 2998
265 2957
266 3024
267 3057
268 2901
269 2766
270 2449
271 2522
272 2487
273 2153
274 2053
275 1902
276 1902
277 1685
278 1638
279 1537
280 1548
281 1337
282 1216
283 1228
284 1158
285 1057
286 1001
287 1010
288 893
289 836
290 818
291 729
292 706
293 686
294 636
295 609
296 609
297 491
298 492
299 525
300 443
301 437
302 436
303 417
304 389
305 360
306 381
307 394
308 349
309 364
310 349
311 276
312 269
313 204
314 198
315 198
316 180
317 167
318 177
319 143
320 141
321 119
322 90
323 128
324 90
325 72
326 67
327 56
328 54
329 39
330 32
331 34
332 25
333 26
334 31
335 26
336 16
337 10
338 8
339 16
340 7
341 6
342 8
343 1
344 18
345 15
346 10
347 12
348 15
349 2
350 7
351 11
352 6
353 7
354 5
355 7
356 6
357 1
358 7
359 3
360 2
361 1
