0 0
1 0
2 0
3 0
4 0
5 0
6 0
7 0
8 0
9 0
10 0
11 0
12 0
13 0
14 0
15 0
16 0
17 0
18 0
19 0
20 0
21 0
22 0
23 0
24 0
25 0
26 0
27 0
28 0
29 0
30 0
31 0
32 0
33 2
34 0
35 0
36 0
37 2
38 0
39 2
40 0
41 0
42 0
43 2
44 0
45 2
46 0
47 0
48 0
49 0
50 0
51 1
52 1
53 0
54 0
55 0
56 0
57 0
58 0
59 0
60 0
61 0
62 0
63 0
64 0
65 1
66 0
67 1
68 0
69 0
70 0
71 0
72 0
73 0
74 0
75 0
76 0
77 0
78 0
79 1
80 0
81 0
82 2
83 0
84 0
85 0
86 0
87 0
88 0
89 0
90 0
91 0
92 0
93 2
94 0
95 0
96 0
97 0
98 0
99 0
100 0
101 0
102 0
103 2
104 2
105 0
106 2
107 0
108 0
109 0
110 0
111 0
112 0
113 0
114 0
115 0
116 0
117 0
118 1
119 1
120 3
121 3
122 5
123 2
124 4
125 2
126 3
127 7
128 3
129 7
130 4
131 4
132 2
133 10
134 13
135 10
136 13
137 27
138 18
139 16
140 33
141 28
142 59
143 79
144 107
145 130
146 162
147 167
148 180
149 198
150 181
151 181
152 206
153 213
154 197
155 204
156 189
157 232
158 215
159 245
160 161
161 246
162 264
163 242
164 263
165 348
166 333
167 337
168 351
169 417
170 410
171 449
172 445
173 447
174 468
175 503
176 570
177 714
178 644
179 644
180 648
181 734
182 711
183 735
184 767
185 785
186 690
187 745
188 801
189 846
190 910
191 914
192 945
193 932
194 1033
195 1050
196 1209
197 1229
198 1206
199 1344
200 1420
201 1524
202 1690
203 1754
204 1864
205 1910
206 1996
207 2118
208 2218
209 2057
210 2143
211 2250
212 2303
213 2282
214 2470
215 2340
216 2456
217 2670
218 2437
219 2625
220 2693
221 2605
222 2739
223 2627
224 2690
225 2673
226 2671
227 2553
228 2776
229 2816
230 2746
231 2766
232 2820
233 2711
234 2838
235 2887
236 2785
237 2853
238 2990
239 3005
240 2916
241 2896
242 2689
243 2444
244 2430
245 2325
246 2306
247 2199
248 2139
249 2190
250 2189
251 2094
252 2046
253 2002
254 2069
255 1976
256 1968
257 1949
258 1939
259 2064
260 2017
261 1958
262 1977
263 1981
264 1758
265 1711
266 1698
267 1666
268 1484
269 1370
270 1321
271 1390
272 1369
273 1244
274 1198
275 1123
276 1084
277 1059
278 1034
279 939
280 918
281 854
282 844
283 782
284 765
285 691
286 653
287 656
288 664
289 741
290 801
291 842
292 767
293 782
294 762
295 714
296 567
297 507
298 465
299 494
300 435
301 396
302 377
303 319
304 246
305 271
306 226
307 185
308 168
309 182
310 192
311 142
312 154
313 138
314 130
315 115
316 96
317 86
318 92
319 78
320 74
321 81
322 89
323 66
324 51
325 58
326 53
327 39
328 45
329 32
330 29
331 33
332 36
333 38
334 30
335 27
336 30
337 29
338 21
339 16
340 23
341 14
342 11
343 12
344 17
345 13
346 15
347 7
348 11
349 4
350 9
351 6
352 8
353 5
354 7
355 7
356 1
357 5
358 2
359 5
360 3
361 5
362 0
363 4
364 0
365 0
366 0
367 2
