0 0
1 0
2 0
3 0
4 0
5 0
6 0
7 0
8 0
9 0
10 0
11 0
12 0
13 0
14 0
15 0
16 0
17 0
18 0
19 0
20 0
21 0
22 0
23 0
24 0
25 0
26 0
27 0
28 0
29 0
30 0
31 0
32 0
33 0
34 0
35 0
36 0
37 0
38 0
39 0
40 0
41 0
42 0
43 0
44 0
45 0
46 0
47 0
48 0
49 0
50 0
51 0
52 0
53 0
54 0
55 0
56 0
57 0
58 0
59 0
60 0
61 0
62 0
63 0
64 0
65 0
66 0
67 0
68 0
69 0
70 0
71 0
72 0
73 0
74 0
75 0
76 0
77 0
78 0
79 0
80 0
81 0
82 0
83 0
84 0
85 0
86 0
87 0
88 0
89 0
90 0
91 0
92 0
93 0
94 0
95 0
96 0
97 0
98 0
99 0
100 0
101 0
102 0
103 0
104 0
105 0
106 0
107 0
108 0
109 0
110 0
111 0
112 0
113 0
114 0
115 0
116 0
117 0
118 0
119 0
120 0
121 0
122 0
123 0
124 0
125 0
126 0
127 0
128 0
129 0
130 0
131 0
132 0
133 0
134 0
135 0
136 0
137 0
138 0
139 0
140 0
141 0
142 0
143 0
144 0
145 0
146 0
147 0
148 0
149 0
150 0
151 1
152 0
153 0
154 0
155 0
156 0
157 0
158 2
159 2
160 3
161 4
162 4
163 9
164 11
165 6
166 6
167 22
168 20
169 20
170 20
171 34
172 23
173 30
174 41
175 27
176 31
177 64
178 71
179 77
180 89
181 104
182 112
183 176
184 224
185 269
186 346
187 299
188 378
189 527
190 477
191 564
192 673
193 635
194 731
195 850
196 881
197 933
198 1013
199 1103
200 1202
201 1276
202 1346
203 1384
204 1463
205 1491
206 1494
207 1511
208 1664
209 1745
210 1779
211 1867
212 1955
213 2052
214 2132
215 2237
216 2224
217 2267
218 2401
219 2400
220 2599
221 2472
222 2520
223 2452
224 2353
225 2671
226 2667
227 2785
228 3002
229 3035
230 3186
231 3023
232 3104
233 3025
234 2842
235 2817
236 2811
237 2687
238 2852
239 2939
240 2963
241 3215
242 3177
243 3343
244 3301
245 3432
246 3662
247 3686
248 3569
249 3668
250 3828
251 3873
252 3829
253 3915
254 3568
255 3575
256 3411
257 3225
258 3191
259 3036
260 2845
261 2800
262 2671
263 2442
264 2408
265 2375
266 2237
267 2039
268 2054
269 1982
270 1817
271 1734
272 1778
273 1607
274 1640
275 1494
276 1330
277 1223
278 1131
279 1075
280 1016
281 937
282 895
283 859
284 731
285 638
286 600
287 533
288 496
289 416
290 364
291 316
292 279
293 257
294 254
295 211
296 179
297 180
298 153
299 163
300 148
301 79
302 121
303 71
304 72
305 92
306 86
307 55
308 43
309 34
310 30
311 27
312 39
313 20
314 16
315 15
316 17
317 8
318 6
319 7
320 5
321 5
322 2
323 3
324 3
325 6
326 6
327 3
328 4
329 1
330 0
331 1
332 2
333 1
334 1
