0 0
1 0
2 0
3 0
4 0
5 0
6 0
7 0
8 0
9 0
10 0
11 0
12 0
13 0
14 0
15 0
16 0
17 0
18 0
19 2
20 0
21 1
22 1
23 5
24 0
25 7
26 6
27 2
28 4
29 4
30 6
31 1
32 1
33 3
34 7
35 5
36 5
37 5
38 6
39 1
40 4
41 2
42 6
43 2
44 4
45 3
46 2
47 7
48 4
49 2
50 2
51 0
52 5
53 7
54 5
55 6
56 11
57 3
58 9
59 1
60 7
61 12
62 10
63 14
64 6
65 5
66 8
67 5
68 1
69 4
70 7
71 4
72 5
73 1
74 12
75 3
76 5
77 7
78 2
79 2
80 6
81 4
82 1
83 12
84 5
85 1
86 1
87 2
88 5
89 0
90 1
91 2
92 0
93 4
94 5
95 3
96 0
97 5
98 5
99 4
100 7
101 6
102 5
103 6
104 5
105 10
106 13
107 13
108 21
109 13
110 12
111 10
112 15
113 33
114 24
115 48
116 31
117 22
118 23
119 14
120 26
121 21
122 20
123 38
124 37
125 32
126 22
127 36
128 35
129 24
130 45
131 41
132 58
133 39
134 37
135 57
136 60
137 63
138 75
139 84
140 57
141 57
142 97
143 94
144 102
145 139
146 114
147 175
148 180
149 169
150 171
151 200
152 260
153 237
154 287
155 285
156 360
157 389
158 378
159 374
160 459
161 478
162 520
163 578
164 604
165 683
166 741
167 704
168 793
169 836
170 904
171 939
172 963
173 1034
174 1060
175 1182
176 1120
177 1202
178 1198
179 1276
180 1278
181 1365
182 1418
183 1514
184 1517
185 1725
186 1684
187 1694
188 1678
189 1718
190 1700
191 1684
192 1724
193 1788
194 1802
195 1838
196 1790
197 1853
198 1826
199 1843
200 1832
201 1868
202 1921
203 1978
204 1907
205 1857
206 1896
207 1998
208 2039
209 2082
210 2111
211 2167
212 2162
213 2234
214 2311
215 2377
216 2415
217 2386
218 2500
219 2528
220 2431
221 2497
222 2633
223 2423
224 2633
225 2627
226 2682
227 2645
228 2538
229 2620
230 2664
231 2558
232 2597
233 2604
234 2626
235 2531
236 2459
237 2450
238 2466
239 2553
240 2317
241 2371
242 2408
243 2188
244 2174
245 2126
246 2012
247 2029
248 2040
249 1864
250 2002
251 1946
252 1738
253 1781
254 1725
255 1568
256 1552
257 1500
258 1314
259 1245
260 1186
261 1226
262 1130
263 1097
264 1000
265 996
266 852
267 793
268 857
269 677
270 833
271 732
272 772
273 735
274 714
275 745
276 730
277 696
278 681
279 626
280 585
281 526
282 539
283 501
284 442
285 530
286 481
287 413
288 448
289 404
290 438
291 387
292 396
293 360
294 397
295 337
296 342
297 402
298 403
299 393
300 383
301 370
302 356
303 299
304 259
305 307
306 265
307 242
308 206
309 268
310 220
311 162
312 179
313 179
314 162
315 114
316 138
317 124
318 147
319 101
320 139
321 97
322 115
323 92
324 94
325 80
326 74
327 68
328 72
329 64
330 50
331 56
332 69
333 53
334 74
335 38
336 57
337 85
338 46
339 66
340 35
341 40
342 55
343 43
344 16
345 19
346 15
347 13
348 11
349 19
350 9
351 14
352 12
353 8
354 11
355 7
356 4
357 2
358 0
359 4
360 5
361 0
362 4
363 1
364 1
365 0
366 3
367 2
368 1
369 0
370 1
