0 0
1 0
2 0
3 0
4 0
5 0
6 0
7 0
8 0
9 0
10 0
11 0
12 0
13 0
14 0
15 0
16 0
17 0
18 0
19 0
20 0
21 0
22 0
23 0
24 0
25 0
26 1
27 0
28 0
29 0
30 0
31 0
32 0
33 0
34 0
35 0
36 0
37 2
38 0
39 1
40 0
41 0
42 0
43 0
44 0
45 0
46 0
47 1
48 0
49 0
50 0
51 0
52 0
53 1
54 0
55 0
56 0
57 0
58 0
59 0
60 0
61 0
62 0
63 0
64 0
65 0
66 0
67 0
68 0
69 0
70 0
71 0
72 0
73 0
74 0
75 0
76 1
77 1
78 1
79 0
80 0
81 0
82 0
83 0
84 0
85 0
86 0
87 1
88 0
89 0
90 0
91 0
92 0
93 0
94 0
95 0
96 0
97 0
98 0
99 0
100 0
101 0
102 1
103 0
104 0
105 0
106 0
107 0
108 0
109 1
110 0
111 1
112 0
113 1
114 0
115 0
116 0
117 0
118 0
119 0
120 0
121 0
122 1
123 0
124 0
125 1
126 0
127 2
128 2
129 1
130 0
131 2
132 4
133 3
134 5
135 1
136 7
137 3
138 2
139 3
140 4
141 5
142 2
143 0
144 2
145 4
146 5
147 1
148 12
149 8
150 2
151 7
152 3
153 5
154 8
155 14
156 5
157 12
158 10
159 13
160 19
161 21
162 30
163 26
164 28
165 54
166 64
167 63
168 51
169 75
170 89
171 113
172 117
173 141
174 133
175 160
176 186
177 226
178 212
179 299
180 334
181 333
182 382
183 393
184 432
185 448
186 521
187 507
188 547
189 537
190 664
191 657
192 775
193 824
194 891
195 960
196 971
197 1057
198 1126
199 1185
200 1145
201 1184
202 1352
203 1478
204 1531
205 1579
206 1782
207 1857
208 1739
209 1903
210 2120
211 2019
212 2052
213 2190
214 2238
215 2373
216 2504
217 2632
218 2739
219 2806
220 2729
221 2811
222 2735
223 2794
224 3079
225 3137
226 3338
227 3336
228 3441
229 3623
230 3503
231 3478
232 3441
233 3392
234 3507
235 3233
236 3292
237 3138
238 3133
239 3245
240 3284
241 2923
242 2863
243 2724
244 2645
245 2707
246 2705
247 2394
248 2528
249 2483
250 2445
251 2392
252 2366
253 2281
254 2166
255 2210
256 1977
257 2097
258 1889
259 1993
260 1807
261 1828
262 1755
263 1765
264 1726
265 1541
266 1530
267 1578
268 1497
269 1410
270 1310
271 1312
272 1303
273 1289
274 1245
275 1242
276 1084
277 1085
278 1034
279 1044
280 917
281 1035
282 957
283 1033
284 1019
285 924
286 900
287 832
288 851
289 796
290 781
291 699
292 644
293 609
294 622
295 618
296 640
297 572
298 565
299 551
300 554
301 488
302 532
303 522
304 481
305 445
306 423
307 396
308 400
309 338
310 330
311 341
312 288
313 313
314 369
315 338
316 330
317 250
318 226
319 176
320 134
321 134
322 96
323 119
324 94
325 73
326 95
327 53
328 45
329 47
330 41
331 27
332 31
333 17
334 15
335 9
336 13
337 4
338 5
339 4
340 3
341 1
342 2
343 1
344 0
345 0
346 0
347 1
348 1
