0 0
1 0
2 0
3 0
4 0
5 1
6 0
7 0
8 0
9 1
10 0
11 0
12 0
13 1
14 1
15 0
16 0
17 1
18 2
19 0
20 1
21 1
22 1
23 3
24 0
25 3
26 1
27 0
28 0
29 2
30 2
31 1
32 7
33 4
34 1
35 1
36 1
37 0
38 2
39 2
40 1
41 1
42 1
43 4
44 1
45 4
46 0
47 3
48 0
49 4
50 2
51 5
52 2
53 3
54 3
55 0
56 3
57 1
58 1
59 3
60 1
61 0
62 1
63 0
64 1
65 0
66 2
67 4
68 0
69 1
70 2
71 1
72 2
73 4
74 1
75 2
76 0
77 3
78 1
79 7
80 0
81 1
82 1
83 1
84 1
85 7
86 1
87 0
88 0
89 2
90 0
91 1
92 0
93 0
94 3
95 1
96 3
97 1
98 0
99 0
100 1
101 0
102 2
103 3
104 6
105 4
106 0
107 9
108 3
109 4
110 6
111 9
112 12
113 8
114 11
115 13
116 13
117 12
118 10
119 19
120 12
121 20
122 17
123 27
124 28
125 37
126 27
127 60
128 57
129 46
130 57
131 63
132 50
133 82
134 92
135 71
136 98
137 126
138 116
139 141
140 134
141 163
142 145
143 191
144 223
145 214
146 189
147 185
148 192
149 226
150 209
151 272
152 285
153 317
154 356
155 374
156 381
157 406
158 426
159 479
160 545
161 498
162 532
163 568
164 583
165 600
166 580
167 578
168 615
169 657
170 676
171 755
172 773
173 804
174 880
175 915
176 1009
177 997
178 970
179 1137
180 1049
181 1053
182 1168
183 1201
184 1309
185 1354
186 1552
187 1618
188 1757
189 1766
190 1917
191 2031
192 2035
193 1988
194 2056
195 2152
196 2146
197 1982
198 2121
199 2376
200 2423
201 2199
202 2391
203 2448
204 2335
205 2460
206 2373
207 2362
208 2421
209 2331
210 2293
211 2355
212 2234
213 2140
214 2253
215 2030
216 2100
217 2036
218 2200
219 2199
220 2047
221 2106
222 2214
223 2093
224 2027
225 2130
226 2050
227 2052
228 1924
229 2109
230 1941
231 1964
232 2042
233 2002
234 2021
235 2159
236 2140
237 2094
238 2123
239 2107
240 2173
241 2088
242 2081
243 1862
244 1839
245 1599
246 1588
247 1571
248 1456
249 1474
250 1362
251 1407
252 1352
253 1335
254 1331
255 1381
256 1293
257 1293
258 1245
259 1247
260 1212
261 1191
262 1132
263 1181
264 1137
265 1072
266 1137
267 1083
268 975
269 996
270 956
271 895
272 806
273 852
274 796
275 810
276 725
277 764
278 789
279 713
280 816
281 828
282 905
283 891
284 906
285 935
286 966
287 967
288 1001
289 1085
290 1008
291 984
292 965
293 965
294 956
295 940
296 898
297 824
298 839
299 719
300 775
301 640
302 617
303 514
304 459
305 439
306 410
307 333
308 316
309 305
310 251
311 199
312 246
313 170
314 192
315 173
316 177
317 158
318 135
319 129
320 125
321 110
322 108
323 93
324 109
325 103
326 100
327 96
328 72
329 61
330 52
331 53
332 57
333 56
334 46
335 62
336 43
337 65
338 55
339 56
340 55
341 45
342 41
343 48
344 40
345 15
346 19
347 12
348 12
349 14
350 15
351 14
352 10
353 6
354 3
355 7
356 8
357 4
358 12
359 3
360 6
361 1
362 2
363 1
364 6
365 0
366 1
367 0
368 0
369 3
370 0
371 1
372 1
373 0
374 0
375 0
376 0
377 0
378 0
379 1
380 0
381 2
382 0
383 1
384 0
385 1
