0 0
1 0
2 0
3 0
4 0
5 0
6 0
7 0
8 0
9 0
10 0
11 0
12 0
13 0
14 0
15 0
16 0
17 0
18 0
19 0
20 0
21 0
22 0
23 0
24 0
25 0
26 0
27 0
28 0
29 0
30 0
31 0
32 0
33 0
34 0
35 0
36 0
37 0
38 0
39 0
40 0
41 0
42 0
43 0
44 0
45 0
46 0
47 0
48 0
49 0
50 0
51 0
52 0
53 0
54 0
55 0
56 0
57 0
58 0
59 0
60 0
61 0
62 0
63 0
64 0
65 0
66 0
67 0
68 0
69 0
70 0
71 0
72 0
73 0
74 0
75 0
76 0
77 0
78 0
79 0
80 0
81 0
82 0
83 0
84 0
85 0
86 0
87 0
88 0
89 0
90 0
91 0
92 0
93 0
94 0
95 0
96 0
97 0
98 0
99 0
100 0
101 0
102 0
103 0
104 0
105 0
106 0
107 0
108 0
109 0
110 0
111 0
112 0
113 0
114 0
115 0
116 0
117 0
118 0
119 0
120 0
121 0
122 1
123 0
124 0
125 3
126 0
127 0
128 4
129 0
130 1
131 4
132 4
133 0
134 3
135 0
136 5
137 0
138 1
139 1
140 2
141 0
142 5
143 3
144 1
145 7
146 12
147 3
148 12
149 9
150 13
151 14
152 14
153 20
154 33
155 33
156 47
157 54
158 53
159 60
160 63
161 59
162 89
163 56
164 73
165 76
166 79
167 79
168 103
169 90
170 146
171 111
172 126
173 151
174 139
175 163
176 176
177 208
178 210
179 243
180 275
181 276
182 322
183 336
184 299
185 389
186 363
187 447
188 450
189 472
190 554
191 599
192 602
193 668
194 792
195 887
196 890
197 935
198 1066
199 1137
200 1205
201 1241
202 1468
203 1467
204 1585
205 1770
206 1859
207 2031
208 2179
209 2104
210 2262
211 2418
212 2451
213 2597
214 2708
215 2931
216 2955
217 2854
218 3113
219 3116
220 2982
221 3256
222 3396
223 3697
224 3587
225 3689
226 3880
227 3730
228 3810
229 3854
230 3796
231 3812
232 3721
233 3606
234 3596
235 3437
236 3297
237 3246
238 3117
239 3173
240 2991
241 2861
242 2815
243 2569
244 2505
245 2426
246 2281
247 2295
248 2290
249 2128
250 2054
251 2031
252 1905
253 1775
254 1710
255 1689
256 1713
257 1744
258 1560
259 1573
260 1576
261 1587
262 1510
263 1483
264 1543
265 1550
266 1557
267 1455
268 1393
269 1312
270 1249
271 1266
272 1141
273 1154
274 1037
275 1114
276 1003
277 970
278 952
279 964
280 952
281 956
282 902
283 912
284 892
285 838
286 767
287 788
288 763
289 603
290 657
291 612
292 582
293 604
294 536
295 506
296 506
297 526
298 502
299 449
300 494
301 415
302 411
303 431
304 394
305 351
306 300
307 304
308 333
309 288
310 287
311 257
312 259
313 304
314 235
315 234
316 225
317 146
318 180
319 143
320 176
321 121
322 136
323 151
324 146
325 157
326 180
327 167
328 180
329 170
330 153
331 159
332 145
333 143
334 99
335 63
336 49
337 28
338 30
339 17
340 27
341 19
342 15
343 15
344 19
345 17
346 23
347 24
348 25
349 34
350 19
351 29
352 37
353 22
354 24
355 32
356 16
357 22
358 7
359 4
360 3
361 0
362 1
363 0
364 0
365 1
366 0
367 0
368 0
369 0
370 0
371 0
372 0
373 0
374 0
375 0
376 0
377 0
378 1
