0 0
1 0
2 0
3 0
4 0
5 0
6 0
7 0
8 0
9 0
10 0
11 0
12 0
13 0
14 0
15 0
16 0
17 0
18 0
19 0
20 0
21 0
22 0
23 0
24 0
25 0
26 0
27 0
28 0
29 0
30 0
31 0
32 0
33 0
34 0
35 0
36 0
37 0
38 0
39 0
40 0
41 0
42 0
43 0
44 0
45 0
46 0
47 0
48 0
49 0
50 0
51 0
52 0
53 0
54 0
55 0
56 0
57 0
58 1
59 0
60 0
61 0
62 0
63 0
64 0
65 0
66 0
67 0
68 1
69 0
70 0
71 0
72 0
73 0
74 0
75 0
76 2
77 0
78 0
79 0
80 0
81 0
82 2
83 0
84 0
85 0
86 0
87 0
88 0
89 0
90 1
91 0
92 0
93 0
94 0
95 0
96 0
97 3
98 0
99 0
100 0
101 0
102 0
103 0
104 2
105 1
106 2
107 0
108 0
109 0
110 0
111 0
112 1
113 0
114 2
115 0
116 0
117 0
118 0
119 0
120 3
121 0
122 0
123 5
124 5
125 5
126 5
127 4
128 7
129 13
130 7
131 14
132 14
133 19
134 12
135 14
136 27
137 10
138 17
139 18
140 14
141 36
142 28
143 20
144 38
145 42
146 57
147 49
148 69
149 67
150 83
151 69
152 73
153 82
154 102
155 128
156 146
157 186
158 207
159 209
160 237
161 269
162 257
163 300
164 365
165 332
166 386
167 417
168 417
169 413
170 451
171 533
172 604
173 616
174 700
175 835
176 866
177 990
178 1024
179 1135
180 1221
181 1183
182 1335
183 1366
184 1470
185 1532
186 1603
187 1783
188 1700
189 1826
190 1998
191 1928
192 1969
193 2077
194 2117
195 2150
196 2081
197 2229
198 2311
199 2193
200 2263
201 2412
202 2508
203 2501
204 2547
205 2480
206 2349
207 2503
208 2378
209 2503
210 2253
211 2366
212 2321
213 2268
214 2409
215 2241
216 2165
217 2238
218 2275
219 2268
220 2319
221 2388
222 2274
223 2376
224 2471
225 2511
226 2479
227 2371
228 2529
229 2372
230 2599
231 2388
232 2360
233 2357
234 2373
235 2159
236 2061
237 2198
238 2256
239 2078
240 2167
241 2270
242 2075
243 2098
244 2156
245 2012
246 1957
247 2142
248 1970
249 1970
250 1911
251 1897
252 1844
253 1776
254 1648
255 1655
256 1601
257 1569
258 1565
259 1471
260 1539
261 1449
262 1466
263 1419
264 1412
265 1301
266 1316
267 1272
268 1245
269 1217
270 1099
271 1166
272 1019
273 915
274 1033
275 949
276 799
277 843
278 817
279 809
280 680
281 694
282 658
283 671
284 569
285 579
286 575
287 568
288 576
289 552
290 573
291 558
292 535
293 522
294 480
295 472
296 425
297 433
298 376
299 335
300 280
301 289
302 300
303 265
304 262
305 209
306 262
307 219
308 193
309 238
310 221
311 229
312 218
313 201
314 164
315 188
316 198
317 157
318 135
319 159
320 146
321 114
322 100
323 86
324 84
325 81
326 75
327 50
328 60
329 49
330 68
331 61
332 50
333 56
334 47
335 45
336 36
337 36
338 20
339 35
340 27
341 41
342 33
343 23
344 20
345 27
346 22
347 16
348 17
349 10
350 11
351 12
352 13
353 7
354 6
355 6
356 6
357 1
358 1
359 3
360 1
361 0
362 3
363 0
364 1
365 1
