0 0
1 0
2 0
3 0
4 0
5 0
6 0
7 0
8 0
9 0
10 0
11 0
12 0
13 0
14 0
15 0
16 0
17 0
18 0
19 0
20 0
21 0
22 0
23 0
24 0
25 0
26 0
27 0
28 0
29 0
30 0
31 0
32 0
33 0
34 0
35 0
36 0
37 0
38 0
39 0
40 0
41 0
42 0
43 0
44 0
45 0
46 0
47 0
48 0
49 0
50 0
51 0
52 0
53 0
54 0
55 0
56 0
57 0
58 0
59 0
60 0
61 0
62 0
63 0
64 0
65 0
66 0
67 0
68 0
69 0
70 0
71 0
72 0
73 0
74 0
75 0
76 0
77 0
78 0
79 0
80 0
81 0
82 0
83 0
84 0
85 0
86 0
87 0
88 0
89 0
90 0
91 0
92 0
93 0
94 0
95 0
96 0
97 0
98 0
99 0
100 0
101 0
102 0
103 0
104 0
105 0
106 0
107 0
108 0
109 0
110 0
111 0
112 0
113 1
114 1
115 3
116 1
117 2
118 3
119 12
120 13
121 16
122 23
123 35
124 37
125 54
126 47
127 62
128 71
129 72
130 75
131 67
132 70
133 63
134 66
135 64
136 60
137 47
138 86
139 72
140 73
141 127
142 132
143 159
144 179
145 209
146 261
147 319
148 287
149 315
150 306
151 397
152 392
153 387
154 447
155 400
156 403
157 481
158 537
159 474
160 550
161 652
162 822
163 888
164 1068
165 1111
166 1360
167 1442
168 1560
169 1473
170 1475
171 1359
172 1415
173 1286
174 1304
175 1394
176 1282
177 1389
178 1345
179 1421
180 1472
181 1455
182 1626
183 1676
184 1548
185 1618
186 1716
187 1744
188 1852
189 1919
190 2026
191 1900
192 1937
193 1980
194 1987
195 2168
196 2036
197 1912
198 2024
199 2229
200 2241
201 2444
202 2363
203 2582
204 2632
205 2527
206 2596
207 2644
208 2672
209 2631
210 2357
211 2308
212 2250
213 2255
214 2343
215 2387
216 2101
217 2248
218 2312
219 2196
220 2286
221 2244
222 2329
223 2341
224 2170
225 2262
226 2334
227 2165
228 2231
229 2206
230 1996
231 1969
232 2199
233 2107
234 1998
235 2051
236 1923
237 1999
238 1971
239 2037
240 2170
241 2013
242 2170
243 2095
244 2065
245 2038
246 1791
247 1703
248 1676
249 1645
250 1561
251 1332
252 1308
253 1278
254 1224
255 1219
256 1279
257 1117
258 1098
259 1133
260 1141
261 994
262 992
263 964
264 1027
265 947
266 889
267 872
268 818
269 829
270 723
271 739
272 701
273 729
274 695
275 740
276 703
277 647
278 693
279 713
280 710
281 655
282 649
283 658
284 605
285 536
286 552
287 500
288 484
289 419
290 445
291 463
292 395
293 385
294 365
295 391
296 385
297 421
298 386
299 358
300 337
301 306
302 264
303 256
304 261
305 229
306 211
307 180
308 136
309 116
310 110
311 85
312 71
313 66
314 51
315 49
316 46
317 24
318 25
319 24
320 25
321 12
322 26
323 13
324 13
325 13
326 2
327 12
328 8
329 5
330 1
331 7
332 4
333 9
334 2
335 5
336 10
337 4
338 5
339 3
340 2
341 4
342 2
343 0
344 4
345 2
346 0
347 1
348 0
349 0
350 0
351 0
352 0
353 0
354 1
