0 0
1 0
2 0
3 0
4 0
5 0
6 0
7 0
8 0
9 0
10 0
11 0
12 7
13 8
14 27
15 26
16 19
17 52
18 28
19 49
20 39
21 50
22 32
23 47
24 81
25 50
26 85
27 65
28 68
29 82
30 61
31 90
32 100
33 70
34 46
35 95
36 77
37 111
38 83
39 68
40 70
41 34
42 31
43 30
44 71
45 48
46 56
47 58
48 32
49 37
50 53
51 57
52 56
53 34
54 84
55 47
56 71
57 60
58 39
59 68
60 67
61 56
62 67
63 76
64 56
65 38
66 48
67 38
68 37
69 41
70 25
71 27
72 29
73 43
74 30
75 40
76 26
77 21
78 14
79 28
80 24
81 16
82 10
83 16
84 24
85 28
86 19
87 31
88 12
89 15
90 12
91 24
92 36
93 15
94 18
95 34
96 25
97 33
98 25
99 42
100 13
101 57
102 35
103 34
104 66
105 27
106 23
107 29
108 26
109 29
110 13
111 32
112 35
113 38
114 35
115 28
116 24
117 16
118 29
119 18
120 37
121 16
122 22
123 27
124 10
125 9
126 13
127 11
128 4
129 3
130 11
131 6
132 9
133 10
134 8
135 22
136 14
137 10
138 22
139 22
140 28
141 25
142 26
143 32
144 31
145 33
146 41
147 35
148 57
149 48
150 47
151 70
152 49
153 71
154 73
155 57
156 83
157 76
158 96
159 85
160 98
161 126
162 153
163 133
164 134
165 139
166 134
167 150
168 198
169 221
170 242
171 249
172 254
173 244
174 315
175 347
176 280
177 337
178 325
179 383
180 377
181 378
182 342
183 413
184 433
185 430
186 524
187 491
188 474
189 508
190 531
191 532
192 624
193 584
194 668
195 667
196 683
197 690
198 741
199 784
200 882
201 876
202 927
203 1033
204 963
205 1066
206 968
207 1098
208 1073
209 1185
210 1192
211 1349
212 1246
213 1266
214 1395
215 1415
216 1418
217 1407
218 1468
219 1522
220 1446
221 1547
222 1640
223 1769
224 1906
225 1987
226 2135
227 2158
228 2224
229 2218
230 2220
231 1915
232 1985
233 1900
234 1855
235 1759
236 1805
237 1645
238 1717
239 1856
240 1854
241 1896
242 1918
243 1909
244 2045
245 2012
246 2015
247 1950
248 2033
249 2051
250 2143
251 2077
252 2227
253 2157
254 2178
255 2240
256 2191
257 2197
258 2228
259 2273
260 2215
261 2340
262 2211
263 2239
264 2253
265 2174
266 2117
267 2062
268 2182
269 2218
270 2258
271 2228
272 2394
273 2230
274 2218
275 2331
276 2260
277 2175
278 2162
279 2163
280 1955
281 2122
282 1852
283 1855
284 1927
285 1877
286 1781
287 1823
288 1710
289 1681
290 1729
291 1725
292 1739
293 1620
294 1594
295 1537
296 1484
297 1380
298 1238
299 1145
300 1071
301 1047
302 951
303 934
304 885
305 802
306 883
307 773
308 724
309 715
310 695
311 670
312 585
313 527
314 495
315 509
316 409
317 387
318 359
319 294
320 287
321 233
322 223
323 210
324 202
325 177
326 156
327 150
328 147
329 123
330 139
331 89
332 93
333 92
334 84
335 71
336 68
337 59
338 48
339 54
340 51
341 60
342 45
343 38
344 31
345 26
346 24
347 28
348 22
349 23
350 23
351 14
352 10
353 17
354 8
355 13
356 8
357 7
358 9
359 3
360 9
361 2
362 10
363 11
364 6
365 2
366 3
367 5
368 4
369 6
370 5
371 3
372 4
373 4
374 6
375 7
376 0
377 2
378 1
379 1
380 3
381 3
382 4
383 3
384 2
385 1
386 3
387 3
388 2
389 2
390 1
391 0
392 0
393 3
394 2
395 1
396 4
397 1
398 2
399 4
400 2
401 1
402 1
403 1
404 1
405 1
406 0
407 0
408 0
409 0
410 0
411 0
412 1
