0 0
1 0
2 0
3 0
4 0
5 0
6 0
7 0
8 0
9 0
10 0
11 0
12 0
13 0
14 0
15 0
16 0
17 0
18 0
19 0
20 0
21 0
22 0
23 0
24 0
25 0
26 0
27 0
28 0
29 0
30 0
31 0
32 0
33 0
34 0
35 0
36 0
37 0
38 0
39 0
40 0
41 0
42 0
43 0
44 0
45 0
46 0
47 0
48 0
49 0
50 0
51 0
52 0
53 0
54 0
55 0
56 0
57 0
58 0
59 0
60 0
61 0
62 0
63 0
64 0
65 0
66 0
67 0
68 0
69 0
70 0
71 0
72 0
73 0
74 0
75 0
76 0
77 0
78 0
79 0
80 0
81 0
82 0
83 0
84 0
85 0
86 0
87 0
88 0
89 0
90 0
91 0
92 0
93 0
94 0
95 0
96 0
97 0
98 0
99 0
100 0
101 0
102 0
103 0
104 0
105 0
106 0
107 0
108 0
109 0
110 0
111 0
112 0
113 0
114 0
115 0
116 0
117 0
118 0
119 1
120 4
121 1
122 3
123 3
124 1
125 1
126 3
127 6
128 1
129 1
130 3
131 3
132 7
133 16
134 9
135 9
136 16
137 14
138 34
139 33
140 55
141 57
142 63
143 80
144 118
145 121
146 100
147 119
148 103
149 127
150 116
151 134
152 139
153 117
154 141
155 121
156 125
157 128
158 98
159 136
160 126
161 144
162 140
163 155
164 161
165 160
166 190
167 187
168 233
169 250
170 312
171 348
172 389
173 410
174 459
175 512
176 470
177 549
178 584
179 634
180 703
181 678
182 767
183 870
184 820
185 975
186 918
187 1025
188 1145
189 1226
190 1242
191 1175
192 1272
193 1289
194 1348
195 1453
196 1506
197 1467
198 1616
199 1722
200 1874
201 1791
202 1929
203 2024
204 2072
205 2293
206 2276
207 2518
208 2750
209 2615
210 2902
211 2706
212 2850
213 2725
214 2721
215 2778
216 2782
217 2737
218 2665
219 2814
220 2819
221 2811
222 2872
223 2916
224 2866
225 2949
226 2823
227 2832
228 2837
229 2776
230 2684
231 2691
232 2652
233 2558
234 2547
235 2393
236 2303
237 2208
238 2213
239 2162
240 2159
241 2141
242 2089
243 2086
244 2043
245 2036
246 2123
247 2031
248 1957
249 2058
250 1930
251 1999
252 1970
253 2013
254 1933
255 1819
256 1784
257 1820
258 1689
259 1708
260 1644
261 1711
262 1605
263 1550
264 1451
265 1463
266 1497
267 1344
268 1292
269 1338
270 1264
271 1281
272 1192
273 1225
274 1106
275 969
276 1025
277 997
278 914
279 935
280 963
281 967
282 973
283 910
284 905
285 747
286 839
287 741
288 766
289 732
290 743
291 635
292 654
293 597
294 533
295 556
296 523
297 545
298 527
299 419
300 453
301 414
302 386
303 394
304 380
305 378
306 332
307 363
308 251
309 297
310 231
311 171
312 197
313 186
314 142
315 132
316 156
317 168
318 155
319 150
320 111
321 132
322 141
323 91
324 96
325 80
326 92
327 84
328 87
329 60
330 82
331 59
332 45
333 36
334 50
335 37
336 41
337 37
338 35
339 24
340 25
341 17
342 27
343 17
344 20
345 18
346 20
347 8
348 7
349 9
350 9
351 7
352 6
353 1
354 4
355 4
356 6
357 6
358 7
359 3
360 3
361 4
362 1
363 1
364 3
365 1
366 0
367 0
368 0
369 1
370 1
371 0
372 0
373 0
374 0
375 0
376 1
377 0
378 1
379 1
