0 0
1 0
2 0
3 0
4 0
5 0
6 0
7 0
8 0
9 0
10 0
11 0
12 0
13 0
14 0
15 0
16 0
17 0
18 0
19 0
20 0
21 0
22 0
23 2
24 1
25 1
26 0
27 0
28 0
29 5
30 0
31 3
32 0
33 0
34 0
35 0
36 5
37 2
38 2
39 0
40 1
41 0
42 1
43 1
44 0
45 4
46 2
47 1
48 0
49 0
50 0
51 2
52 0
53 0
54 4
55 2
56 0
57 1
58 0
59 1
60 0
61 2
62 3
63 0
64 0
65 0
66 1
67 1
68 0
69 0
70 1
71 0
72 0
73 4
74 0
75 0
76 4
77 0
78 2
79 0
80 0
81 3
82 4
83 0
84 0
85 4
86 0
87 3
88 0
89 2
90 1
91 0
92 3
93 0
94 0
95 3
96 0
97 0
98 0
99 4
100 2
101 2
102 0
103 3
104 7
105 2
106 1
107 4
108 2
109 0
110 0
111 0
112 0
113 0
114 6
115 3
116 2
117 0
118 0
119 3
120 3
121 3
122 1
123 3
124 4
125 3
126 2
127 8
128 5
129 4
130 4
131 5
132 0
133 4
134 7
135 7
136 9
137 12
138 14
139 7
140 16
141 7
142 17
143 32
144 34
145 33
146 69
147 70
148 101
149 122
150 102
151 118
152 120
153 185
154 174
155 173
156 224
157 246
158 271
159 303
160 330
161 344
162 295
163 335
164 316
165 370
166 363
167 407
168 438
169 485
170 489
171 492
172 540
173 596
174 671
175 724
176 690
177 751
178 902
179 873
180 964
181 981
182 1070
183 1198
184 1207
185 1353
186 1424
187 1531
188 1627
189 1594
190 1617
191 1632
192 1778
193 1734
194 1762
195 1874
196 1872
197 1933
198 1870
199 1861
200 1971
201 1906
202 1998
203 2073
204 2147
205 1975
206 1991
207 2015
208 2118
209 2181
210 2261
211 2399
212 2663
213 2622
214 2615
215 2799
216 2902
217 2757
218 2836
219 2746
220 2682
221 2584
222 2540
223 2583
224 2283
225 2385
226 2280
227 2384
228 2282
229 2348
230 2161
231 2236
232 2061
233 1879
234 1713
235 1881
236 1873
237 1762
238 1840
239 1880
240 1810
241 2006
242 1885
243 1935
244 2001
245 2045
246 2302
247 2220
248 2351
249 2338
250 2359
251 2301
252 2078
253 2062
254 1978
255 1785
256 1711
257 1621
258 1727
259 1634
260 1551
261 1524
262 1442
263 1401
264 1448
265 1333
266 1330
267 1203
268 1393
269 1391
270 1284
271 1253
272 1238
273 1243
274 1175
275 1124
276 970
277 1036
278 991
279 965
280 932
281 892
282 885
283 857
284 869
285 817
286 838
287 774
288 764
289 762
290 689
291 647
292 609
293 652
294 544
295 598
296 527
297 525
298 491
299 415
300 428
301 401
302 360
303 335
304 309
305 269
306 270
307 225
308 185
309 200
310 165
311 156
312 159
313 148
314 146
315 131
316 125
317 118
318 131
319 112
320 116
321 63
322 79
323 81
324 72
325 72
326 69
327 87
328 44
329 52
330 50
331 59
332 73
333 57
334 79
335 68
336 69
337 75
338 91
339 57
340 56
341 77
342 49
343 51
344 57
345 51
346 41
347 45
348 45
349 32
350 44
351 40
352 22
353 31
354 26
355 26
356 21
357 26
358 16
359 11
360 13
361 5
362 4
363 3
364 3
365 1
366 1
367 1
368 0
369 2
370 0
371 1
